,age,housing,loan,contact,month,day_of_week,duration,campaign,pdays,previous,emp.var.rate,cons.price.idx,cons.conf.idx,euribor3m,nr.employed,y,job_blue-collar,job_entrepreneur,job_housemaid,job_management,job_retired,job_self-employed,job_services,job_student,job_technician,job_unemployed,job_unknown,marital_married,marital_single,marital_unknown,education_basic.6y,education_basic.9y,education_high.school,education_illiterate,education_professional.course,education_university.degree,education_unknown,default_unknown,poutcome_nonexistent,poutcome_success
0,0.4938271604938272,0.0,0.0,1.0,0.22222222222222227,0.0,0.5894268318375645,0.0,1.0,0.0,0.9375,0.6987529228371017,0.6025104602510458,0.9573792790750397,0.8597353497164448,0.0,0.0,0.0,0.0,0.0,0.0,0.0,1.0,0.0,0.0,0.0,0.0,1.0,0.0,0.0,0.0,0.0,1.0,0.0,0.0,0.0,0.0,1.0,1.0,0.0
1,0.48148148148148145,0.0,1.0,1.0,0.22222222222222227,0.0,0.674061144536046,0.0,1.0,0.0,0.9375,0.6987529228371017,0.6025104602510458,0.9573792790750397,0.8597353497164448,0.0,0.0,0.0,0.0,0.0,0.0,0.0,1.0,0.0,0.0,0.0,0.0,1.0,0.0,0.0,0.0,0.0,1.0,0.0,0.0,0.0,0.0,0.0,1.0,0.0
2,0.14814814814814814,0.0,1.0,1.0,0.22222222222222227,0.0,0.5796182238056906,0.0,1.0,0.0,0.9375,0.6987529228371017,0.6025104602510458,0.9573792790750397,0.8597353497164448,0.0,1.0,0.0,0.0,0.0,0.0,0.0,0.0,0.0,0.0,0.0,0.0,0.0,1.0,0.0,0.0,0.0,1.0,0.0,0.0,0.0,0.0,0.0,1.0,0.0
3,0.29629629629629634,1.0,0.0,1.0,0.22222222222222227,0.0,0.6121741045570199,0.0,1.0,0.0,0.9375,0.6987529228371017,0.6025104602510458,0.9573792790750397,0.8597353497164448,0.0,0.0,0.0,0.0,0.0,0.0,0.0,0.0,0.0,1.0,0.0,0.0,0.0,1.0,0.0,0.0,0.0,1.0,0.0,0.0,0.0,0.0,0.0,1.0,0.0
4,0.4567901234567901,1.0,0.0,1.0,0.22222222222222227,0.0,0.6402196209389266,0.0,1.0,0.0,0.9375,0.6987529228371017,0.6025104602510458,0.9573792790750397,0.8597353497164448,0.0,0.0,0.0,0.0,1.0,0.0,0.0,0.0,0.0,0.0,0.0,0.0,1.0,0.0,0.0,0.0,0.0,0.0,0.0,0.0,0.0,0.0,1.0,1.0,0.0
5,0.3333333333333333,1.0,0.0,1.0,0.22222222222222227,0.0,0.6166136936809081,0.0,1.0,0.0,0.9375,0.6987529228371017,0.6025104602510458,0.9573792790750397,0.8597353497164448,0.0,0.0,0.0,0.0,0.0,0.0,0.0,0.0,0.0,0.0,0.0,0.0,1.0,0.0,0.0,0.0,0.0,0.0,0.0,0.0,1.0,0.0,1.0,1.0,0.0
6,0.2716049382716049,0.0,1.0,1.0,0.22222222222222227,0.0,0.6572568311427133,0.0,1.0,0.0,0.9375,0.6987529228371017,0.6025104602510458,0.9573792790750397,0.8597353497164448,0.0,0.0,0.0,1.0,0.0,0.0,0.0,0.0,0.0,0.0,0.0,0.0,1.0,0.0,0.0,0.0,0.0,0.0,0.0,0.0,0.0,0.0,0.0,1.0,0.0
7,0.5308641975308641,0.0,0.0,1.0,0.22222222222222227,0.0,0.6513851442510553,0.0,1.0,0.0,0.9375,0.6987529228371017,0.6025104602510458,0.9573792790750397,0.8597353497164448,0.0,0.0,0.0,0.0,0.0,0.0,0.0,0.0,0.0,0.0,0.0,0.0,1.0,0.0,0.0,0.0,0.0,1.0,0.0,0.0,0.0,0.0,0.0,1.0,0.0
8,0.4444444444444445,0.0,0.0,1.0,0.22222222222222227,0.0,0.6108742554254224,0.0,1.0,0.0,0.9375,0.6987529228371017,0.6025104602510458,0.9573792790750397,0.8597353497164448,0.0,0.0,0.0,0.0,0.0,0.0,0.0,0.0,0.0,0.0,0.0,0.0,0.0,1.0,0.0,0.0,0.0,0.0,0.0,1.0,0.0,0.0,0.0,1.0,0.0
9,0.4691358024691357,0.0,0.0,1.0,0.22222222222222227,0.0,0.6585712040288184,0.02631578947368421,1.0,0.0,0.9375,0.6987529228371017,0.6025104602510458,0.9573792790750397,0.8597353497164448,0.0,1.0,0.0,0.0,0.0,0.0,0.0,0.0,0.0,0.0,0.0,0.0,1.0,0.0,0.0,0.0,0.0,0.0,0.0,0.0,0.0,0.0,1.0,1.0,0.0
10,0.30864197530864196,1.0,0.0,1.0,0.22222222222222227,0.0,0.6006386590863215,0.0,1.0,0.0,0.9375,0.6987529228371017,0.6025104602510458,0.9573792790750397,0.8597353497164448,0.0,1.0,0.0,0.0,0.0,0.0,0.0,0.0,0.0,0.0,0.0,0.0,1.0,0.0,0.0,1.0,0.0,0.0,0.0,0.0,0.0,0.0,1.0,1.0,0.0
11,0.24691358024691357,1.0,0.0,1.0,0.22222222222222227,0.0,0.6317758072704824,0.0,1.0,0.0,0.9375,0.6987529228371017,0.6025104602510458,0.9573792790750397,0.8597353497164448,0.0,0.0,0.0,0.0,0.0,0.0,0.0,0.0,0.0,0.0,0.0,0.0,1.0,0.0,0.0,0.0,0.0,0.0,0.0,0.0,1.0,0.0,1.0,1.0,0.0
12,0.29629629629629634,1.0,0.0,1.0,0.22222222222222227,0.0,0.8661058769931778,0.0,1.0,0.0,0.9375,0.6987529228371017,0.6025104602510458,0.9573792790750397,0.8597353497164448,1.0,1.0,0.0,0.0,0.0,0.0,0.0,0.0,0.0,0.0,0.0,0.0,0.0,0.0,0.0,0.0,0.0,0.0,0.0,0.0,0.0,0.0,1.0,1.0,0.0
13,0.19753086419753085,1.0,0.0,1.0,0.22222222222222227,0.0,0.6849948743751764,0.02631578947368421,1.0,0.0,0.9375,0.6987529228371017,0.6025104602510458,0.9573792790750397,0.8597353497164448,0.0,0.0,0.0,0.0,0.0,0.0,0.0,1.0,0.0,0.0,0.0,0.0,1.0,0.0,0.0,0.0,0.0,1.0,0.0,0.0,0.0,0.0,1.0,1.0,0.0
14,0.39506172839506176,1.0,0.0,1.0,0.22222222222222227,0.0,0.8175474029857139,0.0,1.0,0.0,0.9375,0.6987529228371017,0.6025104602510458,0.9573792790750397,0.8597353497164448,1.0,0.0,1.0,0.0,0.0,0.0,0.0,0.0,0.0,0.0,0.0,0.0,1.0,0.0,0.0,0.0,0.0,0.0,0.0,0.0,1.0,0.0,1.0,1.0,0.0
15,0.1728395061728395,0.0,0.0,1.0,0.22222222222222227,0.0,0.6480977205520548,0.0,1.0,0.0,0.9375,0.6987529228371017,0.6025104602510458,0.9573792790750397,0.8597353497164448,0.0,0.0,0.0,0.0,0.0,0.0,0.0,0.0,0.0,0.0,0.0,0.0,0.0,0.0,0.0,0.0,0.0,1.0,0.0,0.0,0.0,0.0,0.0,1.0,0.0
16,0.39506172839506176,0.0,0.0,1.0,0.22222222222222227,0.0,0.8577550681619903,0.0,1.0,0.0,0.9375,0.6987529228371017,0.6025104602510458,0.9573792790750397,0.8597353497164448,1.0,0.0,0.0,0.0,0.0,0.0,0.0,0.0,0.0,1.0,0.0,0.0,1.0,0.0,0.0,0.0,1.0,0.0,0.0,0.0,0.0,0.0,0.0,1.0,0.0
17,0.34567901234567905,1.0,0.0,1.0,0.22222222222222227,0.0,0.6355447614376443,0.0,1.0,0.0,0.9375,0.6987529228371017,0.6025104602510458,0.9573792790750397,0.8597353497164448,0.0,0.0,0.0,0.0,0.0,0.0,0.0,1.0,0.0,0.0,0.0,0.0,1.0,0.0,0.0,0.0,0.0,0.0,0.0,1.0,0.0,0.0,0.0,1.0,0.0
18,0.4567901234567901,1.0,0.0,1.0,0.22222222222222227,0.0,0.6397092724183482,0.0,1.0,0.0,0.9375,0.6987529228371017,0.6025104602510458,0.9573792790750397,0.8597353497164448,0.0,0.0,0.0,0.0,0.0,0.0,0.0,1.0,0.0,0.0,0.0,0.0,1.0,0.0,0.0,0.0,0.0,0.0,0.0,0.0,0.0,1.0,0.0,1.0,0.0
19,0.5308641975308641,0.0,0.0,1.0,0.22222222222222227,0.0,0.7345335067710294,0.0,1.0,0.0,0.9375,0.6987529228371017,0.6025104602510458,0.9573792790750397,0.8597353497164448,0.0,0.0,0.0,0.0,0.0,1.0,0.0,0.0,0.0,0.0,0.0,0.0,0.0,0.0,0.0,0.0,0.0,0.0,0.0,0.0,1.0,0.0,1.0,1.0,0.0
20,0.1728395061728395,1.0,1.0,1.0,0.22222222222222227,0.0,0.5140006512933829,0.0,1.0,0.0,0.9375,0.6987529228371017,0.6025104602510458,0.9573792790750397,0.8597353497164448,0.0,0.0,0.0,0.0,0.0,0.0,0.0,0.0,0.0,1.0,0.0,0.0,0.0,0.0,0.0,0.0,0.0,0.0,0.0,1.0,0.0,0.0,0.0,1.0,0.0
21,0.29629629629629634,1.0,0.0,1.0,0.22222222222222227,0.0,0.7485157621394414,0.0,1.0,0.0,0.9375,0.6987529228371017,0.6025104602510458,0.9573792790750397,0.8597353497164448,1.0,0.0,0.0,0.0,0.0,0.0,0.0,0.0,0.0,1.0,0.0,0.0,1.0,0.0,0.0,0.0,0.0,0.0,0.0,1.0,0.0,0.0,1.0,1.0,0.0
22,0.34567901234567905,1.0,0.0,1.0,0.22222222222222227,0.0,0.7217580931394421,0.0,1.0,0.0,0.9375,0.6987529228371017,0.6025104602510458,0.9573792790750397,0.8597353497164448,1.0,1.0,0.0,0.0,0.0,0.0,0.0,0.0,0.0,0.0,0.0,0.0,1.0,0.0,0.0,0.0,1.0,0.0,0.0,0.0,0.0,0.0,1.0,1.0,0.0
23,0.2222222222222222,1.0,0.0,1.0,0.22222222222222227,0.0,0.6853423935333421,0.0,1.0,0.0,0.9375,0.6987529228371017,0.6025104602510458,0.9573792790750397,0.8597353497164448,0.0,0.0,0.0,0.0,0.0,0.0,0.0,0.0,0.0,0.0,0.0,0.0,0.0,1.0,0.0,0.0,0.0,1.0,0.0,0.0,0.0,0.0,0.0,1.0,0.0
24,0.48148148148148145,1.0,0.0,1.0,0.22222222222222227,0.0,0.4529126886678098,0.0,1.0,0.0,0.9375,0.6987529228371017,0.6025104602510458,0.9573792790750397,0.8597353497164448,0.0,0.0,1.0,0.0,0.0,0.0,0.0,0.0,0.0,0.0,0.0,0.0,1.0,0.0,0.0,0.0,0.0,0.0,0.0,0.0,0.0,1.0,1.0,1.0,0.0
25,0.4567901234567901,1.0,0.0,1.0,0.22222222222222227,0.0,0.7926435759568536,0.02631578947368421,1.0,0.0,0.9375,0.6987529228371017,0.6025104602510458,0.9573792790750397,0.8597353497164448,0.0,0.0,0.0,0.0,1.0,0.0,0.0,0.0,0.0,0.0,0.0,0.0,0.0,0.0,0.0,0.0,0.0,0.0,0.0,0.0,1.0,0.0,0.0,1.0,0.0
26,0.30864197530864196,0.0,0.0,1.0,0.22222222222222227,0.0,0.6190773470668909,0.0,1.0,0.0,0.9375,0.6987529228371017,0.6025104602510458,0.9573792790750397,0.8597353497164448,0.0,0.0,0.0,0.0,0.0,0.0,0.0,0.0,0.0,0.0,0.0,0.0,0.0,1.0,0.0,0.0,0.0,0.0,0.0,0.0,1.0,0.0,1.0,1.0,0.0
27,0.3333333333333333,1.0,1.0,1.0,0.22222222222222227,0.0,0.5507832068127649,0.0,1.0,0.0,0.9375,0.6987529228371017,0.6025104602510458,0.9573792790750397,0.8597353497164448,0.0,0.0,0.0,0.0,0.0,0.0,0.0,1.0,0.0,0.0,0.0,0.0,1.0,0.0,0.0,0.0,0.0,1.0,0.0,0.0,0.0,0.0,0.0,1.0,0.0
28,0.30864197530864196,1.0,1.0,1.0,0.22222222222222227,0.0,0.7661847977296271,0.02631578947368421,1.0,0.0,0.9375,0.6987529228371017,0.6025104602510458,0.9573792790750397,0.8597353497164448,1.0,1.0,0.0,0.0,0.0,0.0,0.0,0.0,0.0,0.0,0.0,0.0,1.0,0.0,0.0,0.0,1.0,0.0,0.0,0.0,0.0,0.0,0.0,1.0,0.0
29,0.3209876543209876,1.0,0.0,1.0,0.22222222222222227,0.0,0.8214301036047047,0.0,1.0,0.0,0.9375,0.6987529228371017,0.6025104602510458,0.9573792790750397,0.8597353497164448,0.0,1.0,0.0,0.0,0.0,0.0,0.0,0.0,0.0,0.0,0.0,0.0,1.0,0.0,0.0,1.0,0.0,0.0,0.0,0.0,0.0,0.0,0.0,1.0,0.0
30,0.2222222222222222,0.0,0.0,1.0,0.22222222222222227,0.0,0.49636241965296135,0.0,1.0,0.0,0.9375,0.6987529228371017,0.6025104602510458,0.9573792790750397,0.8597353497164448,0.0,0.0,0.0,0.0,0.0,0.0,0.0,0.0,0.0,0.0,1.0,0.0,1.0,0.0,0.0,0.0,0.0,0.0,0.0,1.0,0.0,0.0,0.0,1.0,0.0
31,0.2716049382716049,1.0,0.0,1.0,0.22222222222222227,0.0,0.6993904420466923,0.02631578947368421,1.0,0.0,0.9375,0.6987529228371017,0.6025104602510458,0.9573792790750397,0.8597353497164448,0.0,0.0,0.0,1.0,0.0,0.0,0.0,0.0,0.0,0.0,0.0,0.0,1.0,0.0,0.0,0.0,0.0,0.0,0.0,0.0,0.0,0.0,1.0,1.0,0.0
32,0.2222222222222222,1.0,0.0,1.0,0.22222222222222227,0.0,0.6328650293995502,0.02631578947368421,1.0,0.0,0.9375,0.6987529228371017,0.6025104602510458,0.9573792790750397,0.8597353497164448,0.0,0.0,0.0,0.0,0.0,0.0,0.0,0.0,0.0,0.0,0.0,0.0,1.0,0.0,0.0,0.0,0.0,1.0,0.0,0.0,0.0,0.0,0.0,1.0,0.0
33,0.30864197530864196,0.0,0.0,1.0,0.22222222222222227,0.0,0.49105467050389934,0.02631578947368421,1.0,0.0,0.9375,0.6987529228371017,0.6025104602510458,0.9573792790750397,0.8597353497164448,0.0,0.0,0.0,0.0,0.0,0.0,0.0,0.0,0.0,1.0,0.0,0.0,1.0,0.0,0.0,0.0,0.0,0.0,0.0,0.0,1.0,0.0,0.0,1.0,0.0
34,0.3209876543209876,0.0,0.0,1.0,0.22222222222222227,0.0,0.7079981124787547,0.05263157894736842,1.0,0.0,0.9375,0.6987529228371017,0.6025104602510458,0.9573792790750397,0.8597353497164448,0.0,0.0,0.0,0.0,0.0,1.0,0.0,0.0,0.0,0.0,0.0,0.0,1.0,0.0,0.0,0.0,0.0,0.0,0.0,0.0,0.0,0.0,1.0,1.0,0.0
35,0.43209876543209874,0.0,0.0,1.0,0.22222222222222227,0.0,0.6082306576679029,0.0,1.0,0.0,0.9375,0.6987529228371017,0.6025104602510458,0.9573792790750397,0.8597353497164448,0.0,0.0,0.0,0.0,0.0,0.0,1.0,0.0,0.0,0.0,0.0,0.0,1.0,0.0,0.0,0.0,0.0,0.0,0.0,0.0,1.0,0.0,1.0,1.0,0.0
36,0.3333333333333333,1.0,0.0,1.0,0.22222222222222227,0.0,0.6713567691230875,0.0,1.0,0.0,0.9375,0.6987529228371017,0.6025104602510458,0.9573792790750397,0.8597353497164448,0.0,0.0,0.0,0.0,0.0,0.0,0.0,0.0,0.0,0.0,0.0,0.0,1.0,0.0,0.0,0.0,0.0,0.0,0.0,1.0,0.0,0.0,0.0,1.0,0.0
37,0.38271604938271603,0.0,0.0,1.0,0.22222222222222227,0.0,0.5689167450775122,0.02631578947368421,1.0,0.0,0.9375,0.6987529228371017,0.6025104602510458,0.9573792790750397,0.8597353497164448,0.0,0.0,0.0,0.0,0.0,0.0,0.0,0.0,0.0,0.0,0.0,0.0,1.0,0.0,0.0,0.0,0.0,1.0,0.0,0.0,0.0,0.0,0.0,1.0,0.0
38,0.19753086419753085,0.0,1.0,1.0,0.22222222222222227,0.0,0.6172344610818086,0.02631578947368421,1.0,0.0,0.9375,0.6987529228371017,0.6025104602510458,0.9573792790750397,0.8597353497164448,0.0,0.0,0.0,0.0,0.0,0.0,0.0,1.0,0.0,0.0,0.0,0.0,1.0,0.0,0.0,0.0,0.0,1.0,0.0,0.0,0.0,0.0,1.0,1.0,0.0
39,0.18518518518518517,0.0,0.0,1.0,0.22222222222222227,0.0,0.5154803582186305,0.0,1.0,0.0,0.9375,0.6987529228371017,0.6025104602510458,0.9573792790750397,0.8597353497164448,0.0,0.0,0.0,0.0,0.0,0.0,0.0,0.0,0.0,1.0,0.0,0.0,0.0,1.0,0.0,0.0,0.0,0.0,0.0,1.0,0.0,0.0,0.0,1.0,0.0
40,0.2839506172839506,0.0,0.0,1.0,0.22222222222222227,0.0,0.5909849360662706,0.0,1.0,0.0,0.9375,0.6987529228371017,0.6025104602510458,0.9573792790750397,0.8597353497164448,0.0,0.0,0.0,0.0,0.0,0.0,0.0,0.0,0.0,1.0,0.0,0.0,0.0,0.0,0.0,0.0,0.0,0.0,0.0,1.0,0.0,0.0,0.0,1.0,0.0
41,0.39506172839506176,0.0,0.0,1.0,0.22222222222222227,0.0,0.5917563168597532,0.0,1.0,0.0,0.9375,0.6987529228371017,0.6025104602510458,0.9573792790750397,0.8597353497164448,0.0,0.0,0.0,1.0,0.0,0.0,0.0,0.0,0.0,0.0,0.0,0.0,1.0,0.0,0.0,0.0,1.0,0.0,0.0,0.0,0.0,0.0,1.0,1.0,0.0
42,0.4691358024691357,0.0,0.0,1.0,0.22222222222222227,0.0,0.5452070373544604,0.02631578947368421,1.0,0.0,0.9375,0.6987529228371017,0.6025104602510458,0.9573792790750397,0.8597353497164448,0.0,1.0,0.0,0.0,0.0,0.0,0.0,0.0,0.0,0.0,0.0,0.0,1.0,0.0,0.0,0.0,0.0,0.0,0.0,0.0,0.0,0.0,1.0,1.0,0.0
43,0.48148148148148145,1.0,0.0,1.0,0.22222222222222227,0.0,0.5846247304098844,0.05263157894736842,1.0,0.0,0.9375,0.6987529228371017,0.6025104602510458,0.9573792790750397,0.8597353497164448,0.0,0.0,0.0,0.0,0.0,0.0,0.0,0.0,0.0,1.0,0.0,0.0,1.0,0.0,0.0,0.0,0.0,0.0,0.0,0.0,0.0,0.0,0.0,1.0,0.0
44,0.3333333333333333,0.0,0.0,1.0,0.22222222222222227,0.0,0.4735228478707203,0.02631578947368421,1.0,0.0,0.9375,0.6987529228371017,0.6025104602510458,0.9573792790750397,0.8597353497164448,0.0,1.0,0.0,0.0,0.0,0.0,0.0,0.0,0.0,0.0,0.0,0.0,0.0,0.0,0.0,1.0,0.0,0.0,0.0,0.0,0.0,0.0,0.0,1.0,0.0
45,0.2716049382716049,1.0,0.0,1.0,0.22222222222222227,0.0,0.8048144592966994,0.05263157894736842,1.0,0.0,0.9375,0.6987529228371017,0.6025104602510458,0.9573792790750397,0.8597353497164448,1.0,0.0,0.0,1.0,0.0,0.0,0.0,0.0,0.0,0.0,0.0,0.0,1.0,0.0,0.0,0.0,1.0,0.0,0.0,0.0,0.0,0.0,0.0,1.0,0.0
46,0.24691358024691357,1.0,0.0,1.0,0.22222222222222227,0.0,0.540547610473664,0.02631578947368421,1.0,0.0,0.9375,0.6987529228371017,0.6025104602510458,0.9573792790750397,0.8597353497164448,0.0,0.0,0.0,0.0,0.0,0.0,0.0,0.0,0.0,1.0,0.0,0.0,0.0,1.0,0.0,0.0,0.0,0.0,0.0,1.0,0.0,0.0,0.0,1.0,0.0
47,0.2345679012345679,1.0,0.0,1.0,0.22222222222222227,0.0,0.5641535377316825,0.02631578947368421,1.0,0.0,0.9375,0.6987529228371017,0.6025104602510458,0.9573792790750397,0.8597353497164448,0.0,0.0,0.0,0.0,0.0,0.0,0.0,0.0,0.0,0.0,0.0,0.0,1.0,0.0,0.0,0.0,0.0,0.0,0.0,0.0,1.0,0.0,0.0,1.0,0.0
48,0.2222222222222222,0.0,0.0,1.0,0.22222222222222227,0.0,0.5660820259952785,0.05263157894736842,1.0,0.0,0.9375,0.6987529228371017,0.6025104602510458,0.9573792790750397,0.8597353497164448,0.0,0.0,0.0,0.0,0.0,0.0,0.0,1.0,0.0,0.0,0.0,0.0,0.0,0.0,0.0,0.0,0.0,1.0,0.0,0.0,0.0,0.0,0.0,1.0,0.0
49,0.3209876543209876,1.0,0.0,1.0,0.22222222222222227,0.0,0.6576965892230189,0.02631578947368421,1.0,0.0,0.9375,0.6987529228371017,0.6025104602510458,0.9573792790750397,0.8597353497164448,0.0,0.0,0.0,0.0,0.0,0.0,0.0,0.0,0.0,0.0,0.0,1.0,1.0,0.0,0.0,0.0,0.0,0.0,0.0,0.0,0.0,1.0,0.0,1.0,0.0
50,0.3209876543209876,1.0,0.0,1.0,0.22222222222222227,0.0,0.645692009932198,0.02631578947368421,1.0,0.0,0.9375,0.6987529228371017,0.6025104602510458,0.9573792790750397,0.8597353497164448,0.0,0.0,0.0,0.0,0.0,0.0,0.0,1.0,0.0,0.0,0.0,0.0,1.0,0.0,0.0,0.0,0.0,1.0,0.0,0.0,0.0,0.0,0.0,1.0,0.0
51,0.2222222222222222,0.0,0.0,1.0,0.22222222222222227,0.0,0.6452049071679414,0.02631578947368421,1.0,0.0,0.9375,0.6987529228371017,0.6025104602510458,0.9573792790750397,0.8597353497164448,0.0,1.0,0.0,0.0,0.0,0.0,0.0,0.0,0.0,0.0,0.0,0.0,1.0,0.0,0.0,0.0,1.0,0.0,0.0,0.0,0.0,0.0,1.0,1.0,0.0
52,0.18518518518518517,1.0,0.0,1.0,0.22222222222222227,0.0,0.5962813035550764,0.05263157894736842,1.0,0.0,0.9375,0.6987529228371017,0.6025104602510458,0.9573792790750397,0.8597353497164448,0.0,0.0,0.0,0.0,0.0,0.0,0.0,1.0,0.0,0.0,0.0,0.0,0.0,1.0,0.0,0.0,0.0,1.0,0.0,0.0,0.0,0.0,0.0,1.0,0.0
53,0.19753086419753085,1.0,0.0,1.0,0.22222222222222227,0.0,0.573494565885327,0.05263157894736842,1.0,0.0,0.9375,0.6987529228371017,0.6025104602510458,0.9573792790750397,0.8597353497164448,0.0,0.0,1.0,0.0,0.0,0.0,0.0,0.0,0.0,0.0,0.0,0.0,1.0,0.0,0.0,0.0,0.0,0.0,0.0,0.0,1.0,0.0,0.0,1.0,0.0
54,0.2839506172839506,0.0,0.0,1.0,0.22222222222222227,0.25,0.5280214103388018,0.05263157894736842,1.0,0.0,0.9375,0.6987529228371017,0.6025104602510458,0.9573792790750397,0.8597353497164448,0.0,0.0,0.0,0.0,0.0,0.0,0.0,0.0,0.0,0.0,1.0,0.0,0.0,0.0,0.0,0.0,0.0,1.0,0.0,0.0,0.0,0.0,1.0,1.0,0.0
55,0.39506172839506176,1.0,0.0,1.0,0.22222222222222227,0.25,0.49105467050389934,0.0,1.0,0.0,0.9375,0.6987529228371017,0.6025104602510458,0.9573792790750397,0.8597353497164448,0.0,1.0,0.0,0.0,0.0,0.0,0.0,0.0,0.0,0.0,0.0,0.0,1.0,0.0,0.0,0.0,1.0,0.0,0.0,0.0,0.0,0.0,1.0,1.0,0.0
56,0.48148148148148145,0.0,0.0,1.0,0.22222222222222227,0.25,0.6339442585242172,0.0,1.0,0.0,0.9375,0.6987529228371017,0.6025104602510458,0.9573792790750397,0.8597353497164448,0.0,0.0,0.0,0.0,1.0,0.0,0.0,0.0,0.0,0.0,0.0,0.0,0.0,0.0,0.0,0.0,0.0,1.0,0.0,0.0,0.0,0.0,0.0,1.0,0.0
57,0.39506172839506176,1.0,1.0,1.0,0.22222222222222227,0.25,0.3463695194647243,0.0,1.0,0.0,0.9375,0.6987529228371017,0.6025104602510458,0.9573792790750397,0.8597353497164448,0.0,0.0,0.0,0.0,0.0,0.0,0.0,0.0,0.0,0.0,0.0,0.0,1.0,0.0,0.0,0.0,0.0,0.0,0.0,0.0,1.0,0.0,0.0,1.0,0.0
58,0.13580246913580246,1.0,1.0,1.0,0.22222222222222227,0.25,0.8342381438207433,0.0,1.0,0.0,0.9375,0.6987529228371017,0.6025104602510458,0.9573792790750397,0.8597353497164448,1.0,0.0,0.0,0.0,0.0,0.0,0.0,0.0,0.0,0.0,0.0,1.0,0.0,1.0,0.0,0.0,0.0,0.0,0.0,0.0,0.0,1.0,1.0,1.0,0.0
59,0.3333333333333333,1.0,0.0,1.0,0.22222222222222227,0.25,0.816186132449193,0.0,1.0,0.0,0.9375,0.6987529228371017,0.6025104602510458,0.9573792790750397,0.8597353497164448,1.0,0.0,0.0,0.0,0.0,0.0,0.0,1.0,0.0,0.0,0.0,0.0,1.0,0.0,0.0,0.0,0.0,1.0,0.0,0.0,0.0,0.0,0.0,1.0,0.0
60,0.14814814814814814,0.0,0.0,1.0,0.22222222222222227,0.25,0.6407277649233879,0.0,1.0,0.0,0.9375,0.6987529228371017,0.6025104602510458,0.9573792790750397,0.8597353497164448,0.0,1.0,0.0,0.0,0.0,0.0,0.0,0.0,0.0,0.0,0.0,0.0,0.0,0.0,0.0,0.0,0.0,0.0,0.0,0.0,0.0,0.0,0.0,1.0,0.0
61,0.43209876543209874,0.0,0.0,1.0,0.22222222222222227,0.25,0.7202203568701819,0.0,1.0,0.0,0.9375,0.6987529228371017,0.6025104602510458,0.9573792790750397,0.8597353497164448,0.0,0.0,0.0,0.0,0.0,0.0,0.0,1.0,0.0,0.0,0.0,0.0,0.0,1.0,0.0,0.0,0.0,1.0,0.0,0.0,0.0,0.0,0.0,1.0,0.0
62,0.2345679012345679,0.0,0.0,1.0,0.22222222222222227,0.25,0.44515371326687203,0.0,1.0,0.0,0.9375,0.6987529228371017,0.6025104602510458,0.9573792790750397,0.8597353497164448,0.0,1.0,0.0,0.0,0.0,0.0,0.0,0.0,0.0,0.0,0.0,0.0,1.0,0.0,0.0,0.0,0.0,0.0,0.0,0.0,0.0,0.0,1.0,1.0,0.0
63,0.30864197530864196,1.0,0.0,1.0,0.22222222222222227,0.25,0.5932840675469451,0.0,1.0,0.0,0.9375,0.6987529228371017,0.6025104602510458,0.9573792790750397,0.8597353497164448,0.0,0.0,1.0,0.0,0.0,0.0,0.0,0.0,0.0,0.0,0.0,0.0,1.0,0.0,0.0,0.0,0.0,0.0,0.0,0.0,1.0,0.0,0.0,1.0,0.0
64,0.43209876543209874,0.0,0.0,1.0,0.22222222222222227,0.25,0.7030289325921469,0.0,1.0,0.0,0.9375,0.6987529228371017,0.6025104602510458,0.9573792790750397,0.8597353497164448,0.0,0.0,0.0,0.0,0.0,0.0,0.0,1.0,0.0,0.0,0.0,0.0,0.0,0.0,0.0,1.0,0.0,0.0,0.0,0.0,0.0,0.0,0.0,1.0,0.0
65,0.4938271604938272,0.0,0.0,1.0,0.22222222222222227,0.25,0.7661847977296271,0.0,1.0,0.0,0.9375,0.6987529228371017,0.6025104602510458,0.9573792790750397,0.8597353497164448,0.0,0.0,0.0,0.0,0.0,1.0,0.0,0.0,0.0,0.0,0.0,0.0,0.0,0.0,1.0,0.0,0.0,0.0,0.0,0.0,0.0,0.0,0.0,1.0,0.0
66,0.12345679012345678,1.0,0.0,1.0,0.22222222222222227,0.25,0.6476204981957939,0.0,1.0,0.0,0.9375,0.6987529228371017,0.6025104602510458,0.9573792790750397,0.8597353497164448,0.0,0.0,0.0,0.0,0.0,0.0,0.0,1.0,0.0,0.0,0.0,0.0,1.0,0.0,0.0,0.0,0.0,1.0,0.0,0.0,0.0,0.0,0.0,1.0,0.0
67,0.20987654320987653,1.0,0.0,1.0,0.22222222222222227,0.25,0.6153622441177717,0.0,1.0,0.0,0.9375,0.6987529228371017,0.6025104602510458,0.9573792790750397,0.8597353497164448,0.0,0.0,0.0,0.0,0.0,0.0,0.0,0.0,0.0,1.0,0.0,0.0,0.0,1.0,0.0,0.0,0.0,0.0,0.0,0.0,1.0,0.0,0.0,1.0,0.0
68,0.2716049382716049,0.0,0.0,1.0,0.22222222222222227,0.25,0.7303484158131063,0.05263157894736842,1.0,0.0,0.9375,0.6987529228371017,0.6025104602510458,0.9573792790750397,0.8597353497164448,0.0,0.0,0.0,0.0,1.0,0.0,0.0,0.0,0.0,0.0,0.0,0.0,1.0,0.0,0.0,0.0,0.0,0.0,0.0,0.0,1.0,0.0,1.0,1.0,0.0
69,0.34567901234567905,1.0,0.0,1.0,0.22222222222222227,0.25,0.5821481094717212,0.0,1.0,0.0,0.9375,0.6987529228371017,0.6025104602510458,0.9573792790750397,0.8597353497164448,0.0,0.0,0.0,0.0,1.0,0.0,0.0,0.0,0.0,0.0,0.0,0.0,1.0,0.0,0.0,0.0,0.0,0.0,0.0,0.0,1.0,0.0,0.0,1.0,0.0
70,0.30864197530864196,0.0,0.0,1.0,0.22222222222222227,0.25,0.8696351961925619,0.0,1.0,0.0,0.9375,0.6987529228371017,0.6025104602510458,0.9573792790750397,0.8597353497164448,1.0,0.0,0.0,0.0,0.0,0.0,0.0,0.0,0.0,1.0,0.0,0.0,1.0,0.0,0.0,0.0,0.0,0.0,0.0,1.0,0.0,0.0,0.0,1.0,0.0
71,0.2839506172839506,0.0,1.0,1.0,0.22222222222222227,0.25,0.4692447346122495,0.0,1.0,0.0,0.9375,0.6987529228371017,0.6025104602510458,0.9573792790750397,0.8597353497164448,0.0,1.0,0.0,0.0,0.0,0.0,0.0,0.0,0.0,0.0,0.0,0.0,1.0,0.0,0.0,1.0,0.0,0.0,0.0,0.0,0.0,0.0,0.0,1.0,0.0
72,0.43209876543209874,1.0,0.0,1.0,0.22222222222222227,0.25,0.7670542410776737,0.0,1.0,0.0,0.9375,0.6987529228371017,0.6025104602510458,0.9573792790750397,0.8597353497164448,0.0,0.0,0.0,0.0,0.0,0.0,1.0,0.0,0.0,0.0,0.0,0.0,1.0,0.0,0.0,0.0,0.0,0.0,0.0,0.0,1.0,0.0,0.0,1.0,0.0
73,0.1728395061728395,1.0,0.0,1.0,0.22222222222222227,0.25,0.6128186823313415,0.0,1.0,0.0,0.9375,0.6987529228371017,0.6025104602510458,0.9573792790750397,0.8597353497164448,0.0,1.0,0.0,0.0,0.0,0.0,0.0,0.0,0.0,0.0,0.0,0.0,0.0,1.0,0.0,0.0,1.0,0.0,0.0,0.0,0.0,0.0,0.0,1.0,0.0
74,0.18518518518518517,0.0,0.0,1.0,0.22222222222222227,0.25,0.5992040663129156,0.0,1.0,0.0,0.9375,0.6987529228371017,0.6025104602510458,0.9573792790750397,0.8597353497164448,0.0,0.0,0.0,0.0,0.0,0.0,0.0,1.0,0.0,0.0,0.0,0.0,1.0,0.0,0.0,0.0,0.0,1.0,0.0,0.0,0.0,0.0,0.0,1.0,0.0
75,0.30864197530864196,0.0,0.0,1.0,0.22222222222222227,0.25,0.8734830850226332,0.0,1.0,0.0,0.9375,0.6987529228371017,0.6025104602510458,0.9573792790750397,0.8597353497164448,1.0,0.0,0.0,0.0,1.0,0.0,0.0,0.0,0.0,0.0,0.0,0.0,1.0,0.0,0.0,0.0,0.0,0.0,0.0,0.0,1.0,0.0,0.0,1.0,0.0
76,0.4938271604938272,0.0,0.0,1.0,0.22222222222222227,0.25,0.4039575981303762,0.02631578947368421,1.0,0.0,0.9375,0.6987529228371017,0.6025104602510458,0.9573792790750397,0.8597353497164448,0.0,1.0,0.0,0.0,0.0,0.0,0.0,0.0,0.0,0.0,0.0,0.0,0.0,0.0,0.0,0.0,0.0,0.0,0.0,0.0,0.0,0.0,0.0,1.0,0.0
77,0.25925925925925924,1.0,0.0,1.0,0.22222222222222227,0.25,0.6041504168690148,0.0,1.0,0.0,0.9375,0.6987529228371017,0.6025104602510458,0.9573792790750397,0.8597353497164448,0.0,0.0,0.0,0.0,0.0,0.0,0.0,1.0,0.0,0.0,0.0,0.0,1.0,0.0,0.0,0.0,0.0,1.0,0.0,0.0,0.0,0.0,0.0,1.0,0.0
78,0.4567901234567901,1.0,1.0,1.0,0.22222222222222227,0.25,0.6993904420466923,0.0,1.0,0.0,0.9375,0.6987529228371017,0.6025104602510458,0.9573792790750397,0.8597353497164448,0.0,0.0,0.0,0.0,1.0,0.0,0.0,0.0,0.0,0.0,0.0,0.0,1.0,0.0,0.0,1.0,0.0,0.0,0.0,0.0,0.0,0.0,1.0,1.0,0.0
79,0.2222222222222222,1.0,0.0,1.0,0.22222222222222227,0.25,0.680742538513431,0.0,1.0,0.0,0.9375,0.6987529228371017,0.6025104602510458,0.9573792790750397,0.8597353497164448,0.0,0.0,0.0,0.0,0.0,0.0,0.0,0.0,0.0,0.0,0.0,0.0,0.0,0.0,0.0,0.0,0.0,0.0,0.0,0.0,1.0,0.0,1.0,1.0,0.0
80,0.2716049382716049,1.0,0.0,1.0,0.22222222222222227,0.25,0.8026582829845993,0.0,1.0,0.0,0.9375,0.6987529228371017,0.6025104602510458,0.9573792790750397,0.8597353497164448,1.0,0.0,0.0,0.0,0.0,0.0,0.0,1.0,0.0,0.0,0.0,0.0,1.0,0.0,0.0,0.0,0.0,1.0,0.0,0.0,0.0,0.0,1.0,1.0,0.0
81,0.19753086419753085,1.0,0.0,1.0,0.22222222222222227,0.25,0.5641535377316825,0.0,1.0,0.0,0.9375,0.6987529228371017,0.6025104602510458,0.9573792790750397,0.8597353497164448,0.0,0.0,0.0,0.0,0.0,0.0,0.0,0.0,0.0,1.0,0.0,0.0,1.0,0.0,0.0,0.0,0.0,0.0,0.0,0.0,1.0,0.0,0.0,1.0,0.0
82,0.30864197530864196,0.0,0.0,1.0,0.22222222222222227,0.25,0.6355447614376443,0.0,1.0,0.0,0.9375,0.6987529228371017,0.6025104602510458,0.9573792790750397,0.8597353497164448,0.0,0.0,0.0,0.0,0.0,0.0,0.0,0.0,0.0,0.0,0.0,0.0,1.0,0.0,0.0,0.0,0.0,0.0,0.0,0.0,0.0,1.0,0.0,1.0,0.0
83,0.25925925925925924,0.0,0.0,1.0,0.22222222222222227,0.25,0.6752013972391346,0.0,1.0,0.0,0.9375,0.6987529228371017,0.6025104602510458,0.9573792790750397,0.8597353497164448,0.0,1.0,0.0,0.0,0.0,0.0,0.0,0.0,0.0,0.0,0.0,0.0,1.0,0.0,0.0,0.0,1.0,0.0,0.0,0.0,0.0,0.0,0.0,1.0,0.0
84,0.3333333333333333,0.0,0.0,1.0,0.22222222222222227,0.25,0.6559276062712989,0.02631578947368421,1.0,0.0,0.9375,0.6987529228371017,0.6025104602510458,0.9573792790750397,0.8597353497164448,0.0,0.0,0.0,0.0,0.0,0.0,0.0,0.0,0.0,0.0,0.0,0.0,1.0,0.0,0.0,0.0,0.0,1.0,0.0,0.0,0.0,0.0,0.0,1.0,0.0
85,0.29629629629629634,0.0,0.0,1.0,0.22222222222222227,0.25,0.6920855086403026,0.0,1.0,0.0,0.9375,0.6987529228371017,0.6025104602510458,0.9573792790750397,0.8597353497164448,0.0,0.0,0.0,0.0,0.0,0.0,0.0,0.0,0.0,1.0,0.0,0.0,1.0,0.0,0.0,0.0,0.0,1.0,0.0,0.0,0.0,0.0,0.0,1.0,0.0
86,0.19753086419753085,0.0,0.0,1.0,0.22222222222222227,0.25,0.3877062624117341,0.0,1.0,0.0,0.9375,0.6987529228371017,0.6025104602510458,0.9573792790750397,0.8597353497164448,0.0,1.0,0.0,0.0,0.0,0.0,0.0,0.0,0.0,0.0,0.0,0.0,0.0,1.0,0.0,0.0,0.0,0.0,0.0,0.0,0.0,0.0,1.0,1.0,0.0
87,0.2222222222222222,0.0,1.0,1.0,0.22222222222222227,0.25,0.6541316149049302,0.02631578947368421,1.0,0.0,0.9375,0.6987529228371017,0.6025104602510458,0.9573792790750397,0.8597353497164448,0.0,0.0,0.0,0.0,0.0,0.0,0.0,0.0,0.0,0.0,0.0,0.0,0.0,0.0,0.0,0.0,0.0,1.0,0.0,0.0,0.0,0.0,0.0,1.0,0.0
88,0.4074074074074074,0.5,0.5,1.0,0.22222222222222227,0.25,0.5925226723355308,0.0,1.0,0.0,0.9375,0.6987529228371017,0.6025104602510458,0.9573792790750397,0.8597353497164448,0.0,1.0,0.0,0.0,0.0,0.0,0.0,0.0,0.0,0.0,0.0,0.0,1.0,0.0,0.0,0.0,0.0,0.0,0.0,0.0,0.0,0.0,1.0,1.0,0.0
89,0.4938271604938272,1.0,0.0,1.0,0.22222222222222227,0.25,0.7000047262075192,0.0,1.0,0.0,0.9375,0.6987529228371017,0.6025104602510458,0.9573792790750397,0.8597353497164448,0.0,0.0,0.0,0.0,0.0,1.0,0.0,0.0,0.0,0.0,0.0,0.0,1.0,0.0,0.0,0.0,0.0,0.0,0.0,0.0,1.0,0.0,0.0,1.0,0.0
90,0.30864197530864196,0.0,1.0,1.0,0.22222222222222227,0.25,0.8432769678123022,0.05263157894736842,1.0,0.0,0.9375,0.6987529228371017,0.6025104602510458,0.9573792790750397,0.8597353497164448,1.0,1.0,0.0,0.0,0.0,0.0,0.0,0.0,0.0,0.0,0.0,0.0,1.0,0.0,0.0,0.0,0.0,1.0,0.0,0.0,0.0,0.0,0.0,1.0,0.0
91,0.07407407407407407,0.0,0.0,1.0,0.22222222222222227,0.25,0.6572568311427133,0.05263157894736842,1.0,0.0,0.9375,0.6987529228371017,0.6025104602510458,0.9573792790750397,0.8597353497164448,0.0,0.0,0.0,0.0,0.0,0.0,0.0,0.0,0.0,0.0,0.0,0.0,0.0,1.0,0.0,0.0,0.0,0.0,0.0,0.0,1.0,0.0,0.0,1.0,0.0
92,0.2345679012345679,0.5,0.5,1.0,0.22222222222222227,0.25,0.5940405662922726,0.02631578947368421,1.0,0.0,0.9375,0.6987529228371017,0.6025104602510458,0.9573792790750397,0.8597353497164448,0.0,0.0,0.0,0.0,0.0,0.0,0.0,0.0,0.0,1.0,0.0,0.0,1.0,0.0,0.0,0.0,0.0,0.0,0.0,1.0,0.0,0.0,0.0,1.0,0.0
93,0.4444444444444445,0.0,0.0,1.0,0.22222222222222227,0.25,0.6956358100503017,0.0,1.0,0.0,0.9375,0.6987529228371017,0.6025104602510458,0.9573792790750397,0.8597353497164448,0.0,0.0,0.0,0.0,1.0,0.0,0.0,0.0,0.0,0.0,0.0,0.0,1.0,0.0,0.0,0.0,0.0,0.0,0.0,0.0,1.0,0.0,1.0,1.0,0.0
94,0.4444444444444445,0.0,1.0,1.0,0.22222222222222227,0.25,0.5140006512933829,0.02631578947368421,1.0,0.0,0.9375,0.6987529228371017,0.6025104602510458,0.9573792790750397,0.8597353497164448,0.0,1.0,0.0,0.0,0.0,0.0,0.0,0.0,0.0,0.0,0.0,0.0,1.0,0.0,0.0,0.0,0.0,0.0,0.0,0.0,0.0,0.0,1.0,1.0,0.0
95,0.24691358024691357,0.0,0.0,1.0,0.22222222222222227,0.25,0.6536782997023916,0.10526315789473684,1.0,0.0,0.9375,0.6987529228371017,0.6025104602510458,0.9573792790750397,0.8597353497164448,0.0,1.0,0.0,0.0,0.0,0.0,0.0,0.0,0.0,0.0,0.0,0.0,1.0,0.0,0.0,0.0,1.0,0.0,0.0,0.0,0.0,0.0,1.0,1.0,0.0
96,0.2716049382716049,0.0,0.0,1.0,0.22222222222222227,0.25,0.6339442585242172,0.07894736842105263,1.0,0.0,0.9375,0.6987529228371017,0.6025104602510458,0.9573792790750397,0.8597353497164448,0.0,0.0,0.0,0.0,0.0,0.0,0.0,1.0,0.0,0.0,0.0,0.0,1.0,0.0,0.0,0.0,0.0,1.0,0.0,0.0,0.0,0.0,1.0,1.0,0.0
97,0.35802469135802467,1.0,0.0,1.0,0.22222222222222227,0.25,0.5862473099208212,0.0,1.0,0.0,0.9375,0.6987529228371017,0.6025104602510458,0.9573792790750397,0.8597353497164448,0.0,1.0,0.0,0.0,0.0,0.0,0.0,0.0,0.0,0.0,0.0,0.0,1.0,0.0,0.0,0.0,1.0,0.0,0.0,0.0,0.0,0.0,0.0,1.0,0.0
98,0.2839506172839506,0.0,0.0,1.0,0.22222222222222227,0.25,0.6184662540070037,0.02631578947368421,1.0,0.0,0.9375,0.6987529228371017,0.6025104602510458,0.9573792790750397,0.8597353497164448,0.0,0.0,0.0,0.0,0.0,0.0,0.0,0.0,0.0,1.0,0.0,0.0,1.0,0.0,0.0,0.0,0.0,0.0,0.0,1.0,0.0,0.0,0.0,1.0,0.0
99,0.2345679012345679,0.0,0.0,1.0,0.22222222222222227,0.25,0.6301228271521957,0.02631578947368421,1.0,0.0,0.9375,0.6987529228371017,0.6025104602510458,0.9573792790750397,0.8597353497164448,0.0,0.0,0.0,0.0,0.0,0.0,0.0,0.0,0.0,1.0,0.0,0.0,0.0,1.0,0.0,0.0,0.0,0.0,0.0,1.0,0.0,0.0,0.0,1.0,0.0
100,0.2716049382716049,0.0,1.0,1.0,0.22222222222222227,0.25,0.6835944393892373,0.02631578947368421,1.0,0.0,0.9375,0.6987529228371017,0.6025104602510458,0.9573792790750397,0.8597353497164448,0.0,1.0,0.0,0.0,0.0,0.0,0.0,0.0,0.0,0.0,0.0,0.0,1.0,0.0,0.0,0.0,1.0,0.0,0.0,0.0,0.0,0.0,0.0,1.0,0.0
101,0.1728395061728395,0.0,0.0,1.0,0.22222222222222227,0.25,0.6172344610818086,0.02631578947368421,1.0,0.0,0.9375,0.6987529228371017,0.6025104602510458,0.9573792790750397,0.8597353497164448,0.0,0.0,0.0,0.0,0.0,0.0,0.0,0.0,0.0,0.0,0.0,0.0,0.0,1.0,0.0,0.0,0.0,0.0,0.0,0.0,1.0,0.0,0.0,1.0,0.0
102,0.3703703703703703,0.0,0.0,1.0,0.22222222222222227,0.25,0.7051005485106072,0.02631578947368421,1.0,0.0,0.9375,0.6987529228371017,0.6025104602510458,0.9573792790750397,0.8597353497164448,0.0,0.0,1.0,0.0,0.0,0.0,0.0,0.0,0.0,0.0,0.0,0.0,1.0,0.0,0.0,0.0,0.0,0.0,0.0,1.0,0.0,0.0,0.0,1.0,0.0
103,0.38271604938271603,0.0,0.0,1.0,0.22222222222222227,0.25,0.5621929065211045,0.02631578947368421,1.0,0.0,0.9375,0.6987529228371017,0.6025104602510458,0.9573792790750397,0.8597353497164448,0.0,0.0,0.0,0.0,0.0,0.0,0.0,0.0,0.0,1.0,0.0,0.0,1.0,0.0,0.0,0.0,0.0,0.0,0.0,0.0,0.0,0.0,1.0,1.0,0.0
104,0.34567901234567905,1.0,0.0,1.0,0.22222222222222227,0.25,0.8677366361202558,0.02631578947368421,1.0,0.0,0.9375,0.6987529228371017,0.6025104602510458,0.9573792790750397,0.8597353497164448,1.0,0.0,0.0,1.0,0.0,0.0,0.0,0.0,0.0,0.0,0.0,0.0,1.0,0.0,0.0,0.0,0.0,0.0,0.0,1.0,0.0,0.0,1.0,1.0,0.0
105,0.2345679012345679,0.0,0.0,1.0,0.22222222222222227,0.25,0.6880861948773884,0.02631578947368421,1.0,0.0,0.9375,0.6987529228371017,0.6025104602510458,0.9573792790750397,0.8597353497164448,0.0,0.0,0.0,0.0,0.0,0.0,1.0,0.0,0.0,0.0,0.0,0.0,1.0,0.0,0.0,0.0,0.0,0.0,0.0,0.0,1.0,0.0,0.0,1.0,0.0
106,0.25925925925925924,1.0,0.0,1.0,0.22222222222222227,0.25,0.6615821400485514,0.02631578947368421,1.0,0.0,0.9375,0.6987529228371017,0.6025104602510458,0.9573792790750397,0.8597353497164448,0.0,1.0,0.0,0.0,0.0,0.0,0.0,0.0,0.0,0.0,0.0,0.0,1.0,0.0,0.0,0.0,1.0,0.0,0.0,0.0,0.0,0.0,0.0,1.0,0.0
107,0.4567901234567901,1.0,0.0,1.0,0.22222222222222227,0.25,0.6422391580843787,0.02631578947368421,1.0,0.0,0.9375,0.6987529228371017,0.6025104602510458,0.9573792790750397,0.8597353497164448,0.0,0.0,0.0,0.0,0.0,1.0,0.0,0.0,0.0,0.0,0.0,0.0,1.0,0.0,0.0,0.0,0.0,1.0,0.0,0.0,0.0,0.0,0.0,1.0,0.0
108,0.419753086419753,0.0,0.0,1.0,0.22222222222222227,0.25,0.5266921854673875,0.07894736842105263,1.0,0.0,0.9375,0.6987529228371017,0.6025104602510458,0.9573792790750397,0.8597353497164448,0.0,0.0,0.0,0.0,0.0,0.0,0.0,0.0,0.0,0.0,0.0,0.0,1.0,0.0,0.0,0.0,0.0,0.0,0.0,0.0,1.0,0.0,0.0,1.0,0.0
109,0.34567901234567905,0.0,0.0,1.0,0.22222222222222227,0.25,0.5917563168597532,0.05263157894736842,1.0,0.0,0.9375,0.6987529228371017,0.6025104602510458,0.9573792790750397,0.8597353497164448,0.0,0.0,0.0,0.0,0.0,0.0,0.0,0.0,0.0,1.0,0.0,0.0,1.0,0.0,0.0,0.0,0.0,0.0,0.0,0.0,1.0,0.0,0.0,1.0,0.0
110,0.2839506172839506,0.0,0.0,1.0,0.22222222222222227,0.25,0.5779008918534767,0.02631578947368421,1.0,0.0,0.9375,0.6987529228371017,0.6025104602510458,0.9573792790750397,0.8597353497164448,0.0,0.0,0.0,0.0,0.0,0.0,0.0,0.0,0.0,1.0,0.0,0.0,1.0,0.0,0.0,0.0,1.0,0.0,0.0,0.0,0.0,0.0,0.0,1.0,0.0
111,0.08641975308641975,0.0,0.0,1.0,0.22222222222222227,0.25,0.7111051037563383,0.02631578947368421,1.0,0.0,0.9375,0.6987529228371017,0.6025104602510458,0.9573792790750397,0.8597353497164448,0.0,0.0,0.0,0.0,0.0,0.0,0.0,0.0,0.0,1.0,0.0,0.0,0.0,1.0,0.0,0.0,0.0,0.0,0.0,1.0,0.0,0.0,0.0,1.0,0.0
112,0.38271604938271603,0.0,0.0,1.0,0.22222222222222227,0.25,0.6278820898893921,0.05263157894736842,1.0,0.0,0.9375,0.6987529228371017,0.6025104602510458,0.9573792790750397,0.8597353497164448,0.0,1.0,0.0,0.0,0.0,0.0,0.0,0.0,0.0,0.0,0.0,0.0,1.0,0.0,0.0,0.0,0.0,0.0,0.0,1.0,0.0,0.0,1.0,1.0,0.0
113,0.16049382716049382,0.0,1.0,1.0,0.22222222222222227,0.25,0.56984667205054,0.02631578947368421,1.0,0.0,0.9375,0.6987529228371017,0.6025104602510458,0.9573792790750397,0.8597353497164448,0.0,0.0,0.0,0.0,0.0,0.0,0.0,1.0,0.0,0.0,0.0,0.0,0.0,0.0,0.0,0.0,1.0,0.0,0.0,0.0,0.0,0.0,0.0,1.0,0.0
114,0.29629629629629634,1.0,0.0,1.0,0.22222222222222227,0.5,0.5894268318375645,0.02631578947368421,1.0,0.0,0.9375,0.6987529228371017,0.6025104602510458,0.9571525731126729,0.8597353497164448,0.0,0.0,0.0,0.0,1.0,0.0,0.0,0.0,0.0,0.0,0.0,0.0,1.0,0.0,0.0,0.0,0.0,0.0,0.0,0.0,0.0,1.0,1.0,1.0,0.0
115,0.29629629629629634,1.0,0.0,1.0,0.22222222222222227,0.5,0.6166136936809081,0.02631578947368421,1.0,0.0,0.9375,0.6987529228371017,0.6025104602510458,0.9571525731126729,0.8597353497164448,0.0,1.0,0.0,0.0,0.0,0.0,0.0,0.0,0.0,0.0,0.0,0.0,1.0,0.0,0.0,0.0,0.0,0.0,0.0,0.0,0.0,0.0,0.0,1.0,0.0
116,0.2839506172839506,0.0,0.0,1.0,0.22222222222222227,0.5,0.5716847586578249,0.05263157894736842,1.0,0.0,0.9375,0.6987529228371017,0.6025104602510458,0.9571525731126729,0.8597353497164448,0.0,0.0,1.0,0.0,0.0,0.0,0.0,0.0,0.0,0.0,0.0,0.0,1.0,0.0,0.0,0.0,1.0,0.0,0.0,0.0,0.0,0.0,0.0,1.0,0.0
117,0.3333333333333333,0.0,0.0,1.0,0.22222222222222227,0.5,0.6681879539642915,0.0,1.0,0.0,0.9375,0.6987529228371017,0.6025104602510458,0.9571525731126729,0.8597353497164448,0.0,1.0,0.0,0.0,0.0,0.0,0.0,0.0,0.0,0.0,0.0,0.0,0.0,1.0,0.0,0.0,0.0,1.0,0.0,0.0,0.0,0.0,0.0,1.0,0.0
118,0.2345679012345679,0.0,0.0,1.0,0.22222222222222227,0.5,0.5917563168597532,0.05263157894736842,1.0,0.0,0.9375,0.6987529228371017,0.6025104602510458,0.9571525731126729,0.8597353497164448,0.0,0.0,0.0,0.0,0.0,0.0,0.0,0.0,0.0,0.0,0.0,0.0,1.0,0.0,0.0,0.0,0.0,1.0,0.0,0.0,0.0,0.0,0.0,1.0,0.0
119,0.48148148148148145,1.0,0.0,1.0,0.22222222222222227,0.5,0.5970188304191458,0.02631578947368421,1.0,0.0,0.9375,0.6987529228371017,0.6025104602510458,0.9571525731126729,0.8597353497164448,0.0,0.0,1.0,0.0,0.0,0.0,0.0,0.0,0.0,0.0,0.0,0.0,1.0,0.0,0.0,0.0,0.0,0.0,0.0,0.0,1.0,0.0,1.0,1.0,0.0
120,0.1728395061728395,1.0,1.0,1.0,0.22222222222222227,0.5,0.6075603701023119,0.0,1.0,0.0,0.9375,0.6987529228371017,0.6025104602510458,0.9571525731126729,0.8597353497164448,0.0,0.0,0.0,0.0,0.0,0.0,0.0,0.0,0.0,0.0,0.0,0.0,0.0,1.0,0.0,0.0,0.0,0.0,0.0,0.0,1.0,0.0,0.0,1.0,0.0
121,0.4938271604938272,0.0,0.0,1.0,0.22222222222222227,0.5,0.5813108450867737,0.0,1.0,0.0,0.9375,0.6987529228371017,0.6025104602510458,0.9571525731126729,0.8597353497164448,0.0,0.0,0.0,0.0,0.0,0.0,1.0,0.0,0.0,0.0,0.0,0.0,0.0,1.0,0.0,0.0,0.0,1.0,0.0,0.0,0.0,0.0,1.0,1.0,0.0
122,0.4074074074074074,0.0,0.0,1.0,0.22222222222222227,0.5,0.5452070373544604,0.0,1.0,0.0,0.9375,0.6987529228371017,0.6025104602510458,0.9571525731126729,0.8597353497164448,0.0,0.0,0.0,0.0,0.0,0.0,0.0,0.0,0.0,0.0,0.0,0.0,1.0,0.0,0.0,0.0,0.0,0.0,0.0,0.0,1.0,0.0,0.0,1.0,0.0
123,0.43209876543209874,0.5,0.5,1.0,0.22222222222222227,0.5,0.5679794082497067,0.0,1.0,0.0,0.9375,0.6987529228371017,0.6025104602510458,0.9571525731126729,0.8597353497164448,0.0,1.0,0.0,0.0,0.0,0.0,0.0,0.0,0.0,0.0,0.0,0.0,0.0,1.0,0.0,0.0,0.0,1.0,0.0,0.0,0.0,0.0,1.0,1.0,0.0
124,0.1728395061728395,0.0,0.0,1.0,0.22222222222222227,0.5,0.811768483223066,0.0,1.0,0.0,0.9375,0.6987529228371017,0.6025104602510458,0.9571525731126729,0.8597353497164448,1.0,0.0,0.0,0.0,0.0,0.0,0.0,0.0,0.0,0.0,0.0,0.0,0.0,1.0,0.0,0.0,0.0,0.0,0.0,0.0,1.0,0.0,0.0,1.0,0.0
125,0.16049382716049382,0.0,1.0,1.0,0.22222222222222227,0.5,0.5894268318375645,0.0,1.0,0.0,0.9375,0.6987529228371017,0.6025104602510458,0.9571525731126729,0.8597353497164448,0.0,0.0,0.0,0.0,1.0,0.0,0.0,0.0,0.0,0.0,0.0,0.0,0.0,0.0,0.0,0.0,0.0,1.0,0.0,0.0,0.0,0.0,0.0,1.0,0.0
126,0.4567901234567901,1.0,0.0,1.0,0.22222222222222227,0.5,0.7225194883508564,0.0,1.0,0.0,0.9375,0.6987529228371017,0.6025104602510458,0.9571525731126729,0.8597353497164448,0.0,0.0,0.0,0.0,0.0,0.0,0.0,0.0,0.0,1.0,0.0,0.0,1.0,0.0,0.0,0.0,0.0,0.0,0.0,0.0,1.0,0.0,0.0,1.0,0.0
127,0.13580246913580246,1.0,1.0,1.0,0.22222222222222227,0.5,0.7760562208180453,0.02631578947368421,1.0,0.0,0.9375,0.6987529228371017,0.6025104602510458,0.9571525731126729,0.8597353497164448,1.0,0.0,0.0,0.0,0.0,0.0,0.0,0.0,1.0,0.0,0.0,0.0,0.0,1.0,0.0,0.0,1.0,0.0,0.0,0.0,0.0,0.0,1.0,1.0,0.0
128,0.2716049382716049,1.0,0.0,1.0,0.22222222222222227,0.5,0.8620045590330391,0.0,1.0,0.0,0.9375,0.6987529228371017,0.6025104602510458,0.9571525731126729,0.8597353497164448,0.0,0.0,0.0,0.0,0.0,0.0,0.0,0.0,0.0,0.0,0.0,0.0,0.0,1.0,0.0,0.0,0.0,0.0,0.0,0.0,0.0,1.0,0.0,1.0,0.0
129,0.4074074074074074,1.0,1.0,1.0,0.22222222222222227,0.5,0.5984801554161608,0.0,1.0,0.0,0.9375,0.6987529228371017,0.6025104602510458,0.9571525731126729,0.8597353497164448,0.0,0.0,1.0,0.0,0.0,0.0,0.0,0.0,0.0,0.0,0.0,0.0,1.0,0.0,0.0,0.0,1.0,0.0,0.0,0.0,0.0,0.0,0.0,1.0,0.0
130,0.20987654320987653,1.0,0.0,1.0,0.22222222222222227,0.5,0.6924127276259379,0.0,1.0,0.0,0.9375,0.6987529228371017,0.6025104602510458,0.9571525731126729,0.8597353497164448,0.0,0.0,0.0,0.0,0.0,0.0,0.0,0.0,0.0,0.0,0.0,0.0,0.0,1.0,0.0,0.0,0.0,1.0,0.0,0.0,0.0,0.0,0.0,1.0,0.0
131,0.34567901234567905,1.0,0.0,1.0,0.22222222222222227,0.5,0.5212197964741162,0.02631578947368421,1.0,0.0,0.9375,0.6987529228371017,0.6025104602510458,0.9571525731126729,0.8597353497164448,0.0,0.0,0.0,1.0,0.0,0.0,0.0,0.0,0.0,0.0,0.0,0.0,1.0,0.0,0.0,0.0,0.0,0.0,0.0,0.0,0.0,0.0,1.0,1.0,0.0
132,0.29629629629629634,1.0,0.0,1.0,0.22222222222222227,0.5,0.8279051200739185,0.0,1.0,0.0,0.9375,0.6987529228371017,0.6025104602510458,0.9571525731126729,0.8597353497164448,1.0,0.0,1.0,0.0,0.0,0.0,0.0,0.0,0.0,0.0,0.0,0.0,1.0,0.0,0.0,0.0,0.0,0.0,0.0,0.0,1.0,0.0,0.0,1.0,0.0
133,0.2839506172839506,1.0,0.0,1.0,0.22222222222222227,0.5,0.6693862850347637,0.02631578947368421,1.0,0.0,0.9375,0.6987529228371017,0.6025104602510458,0.9571525731126729,0.8597353497164448,0.0,0.0,0.0,0.0,1.0,0.0,0.0,0.0,0.0,0.0,0.0,0.0,1.0,0.0,0.0,0.0,0.0,0.0,0.0,0.0,1.0,0.0,0.0,1.0,0.0
134,0.24691358024691357,1.0,0.0,1.0,0.22222222222222227,0.5,0.7509247572352791,0.0,1.0,0.0,0.9375,0.6987529228371017,0.6025104602510458,0.9571525731126729,0.8597353497164448,1.0,1.0,0.0,0.0,0.0,0.0,0.0,0.0,0.0,0.0,0.0,0.0,0.0,1.0,0.0,0.0,1.0,0.0,0.0,0.0,0.0,0.0,1.0,1.0,0.0
135,0.2839506172839506,1.0,0.0,1.0,0.22222222222222227,0.5,0.6689881961625146,0.0,1.0,0.0,0.9375,0.6987529228371017,0.6025104602510458,0.9571525731126729,0.8597353497164448,0.0,1.0,0.0,0.0,0.0,0.0,0.0,0.0,0.0,0.0,0.0,0.0,1.0,0.0,0.0,0.0,0.0,1.0,0.0,0.0,0.0,0.0,0.0,1.0,0.0
136,0.3209876543209876,0.0,0.0,1.0,0.22222222222222227,0.5,0.6846463255291116,0.0,1.0,0.0,0.9375,0.6987529228371017,0.6025104602510458,0.9571525731126729,0.8597353497164448,0.0,0.0,0.0,0.0,0.0,0.0,0.0,0.0,0.0,1.0,0.0,0.0,0.0,1.0,0.0,0.0,0.0,0.0,0.0,0.0,1.0,0.0,0.0,1.0,0.0
137,0.3333333333333333,1.0,0.0,1.0,0.22222222222222227,0.5,0.7844180268049893,0.0,1.0,0.0,0.9375,0.6987529228371017,0.6025104602510458,0.9571525731126729,0.8597353497164448,1.0,1.0,0.0,0.0,0.0,0.0,0.0,0.0,0.0,0.0,0.0,0.0,1.0,0.0,0.0,0.0,0.0,0.0,0.0,0.0,0.0,0.0,0.0,1.0,0.0
138,0.3209876543209876,1.0,0.0,1.0,0.22222222222222227,0.5,0.6523077776041232,0.02631578947368421,1.0,0.0,0.9375,0.6987529228371017,0.6025104602510458,0.9571525731126729,0.8597353497164448,0.0,0.0,0.0,0.0,0.0,0.0,0.0,0.0,0.0,1.0,0.0,0.0,0.0,1.0,0.0,0.0,0.0,0.0,0.0,0.0,1.0,0.0,0.0,1.0,0.0
139,0.3703703703703703,1.0,0.0,1.0,0.22222222222222227,0.5,0.455389309605973,0.0,1.0,0.0,0.9375,0.6987529228371017,0.6025104602510458,0.9571525731126729,0.8597353497164448,0.0,0.0,0.0,0.0,0.0,1.0,0.0,0.0,0.0,0.0,0.0,0.0,1.0,0.0,0.0,0.0,0.0,0.0,0.0,0.0,0.0,0.0,1.0,1.0,0.0
140,0.35802469135802467,0.0,0.0,1.0,0.22222222222222227,0.5,0.7116612993527112,0.0,1.0,0.0,0.9375,0.6987529228371017,0.6025104602510458,0.9571525731126729,0.8597353497164448,0.0,0.0,0.0,0.0,0.0,0.0,0.0,0.0,0.0,0.0,0.0,0.0,0.0,0.0,0.0,0.0,1.0,0.0,0.0,0.0,0.0,0.0,1.0,1.0,0.0
141,0.5185185185185184,0.0,0.0,1.0,0.22222222222222227,0.5,0.6407277649233879,0.0,1.0,0.0,0.9375,0.6987529228371017,0.6025104602510458,0.9571525731126729,0.8597353497164448,0.0,0.0,0.0,0.0,0.0,0.0,0.0,1.0,0.0,0.0,0.0,0.0,0.0,0.0,0.0,0.0,0.0,1.0,0.0,0.0,0.0,0.0,0.0,1.0,0.0
142,0.2222222222222222,1.0,0.0,1.0,0.22222222222222227,0.5,0.45038280300177924,0.0,1.0,0.0,0.9375,0.6987529228371017,0.6025104602510458,0.9571525731126729,0.8597353497164448,0.0,1.0,0.0,0.0,0.0,0.0,0.0,0.0,0.0,0.0,0.0,0.0,1.0,0.0,0.0,0.0,0.0,0.0,0.0,0.0,0.0,0.0,0.0,1.0,0.0
143,0.2839506172839506,1.0,0.0,1.0,0.22222222222222227,0.5,0.4980797516051752,0.05263157894736842,1.0,0.0,0.9375,0.6987529228371017,0.6025104602510458,0.9571525731126729,0.8597353497164448,0.0,1.0,0.0,0.0,0.0,0.0,0.0,0.0,0.0,0.0,0.0,0.0,1.0,0.0,0.0,1.0,0.0,0.0,0.0,0.0,0.0,0.0,1.0,1.0,0.0
144,0.4444444444444445,1.0,0.0,1.0,0.22222222222222227,0.5,0.6607297076989791,0.02631578947368421,1.0,0.0,0.9375,0.6987529228371017,0.6025104602510458,0.9571525731126729,0.8597353497164448,0.0,0.0,0.0,0.0,0.0,0.0,0.0,0.0,0.0,1.0,0.0,0.0,1.0,0.0,0.0,0.0,0.0,1.0,0.0,0.0,0.0,0.0,0.0,1.0,0.0
145,0.38271604938271603,1.0,0.0,1.0,0.22222222222222227,0.5,0.7958063713077723,0.02631578947368421,1.0,0.0,0.9375,0.6987529228371017,0.6025104602510458,0.9571525731126729,0.8597353497164448,0.0,0.0,0.0,0.0,1.0,0.0,0.0,0.0,0.0,0.0,0.0,0.0,0.0,0.0,0.0,0.0,0.0,0.0,0.0,0.0,1.0,0.0,0.0,1.0,0.0
146,0.18518518518518517,1.0,0.0,1.0,0.22222222222222227,0.5,0.6397092724183482,0.05263157894736842,1.0,0.0,0.9375,0.6987529228371017,0.6025104602510458,0.9571525731126729,0.8597353497164448,0.0,0.0,0.0,0.0,0.0,0.0,0.0,0.0,0.0,0.0,0.0,0.0,0.0,1.0,0.0,0.0,0.0,0.0,0.0,0.0,1.0,0.0,1.0,1.0,0.0
147,0.4691358024691357,0.0,0.0,1.0,0.22222222222222227,0.5,0.8665528761991201,0.02631578947368421,1.0,0.0,0.9375,0.6987529228371017,0.6025104602510458,0.9571525731126729,0.8597353497164448,0.0,1.0,0.0,0.0,0.0,0.0,0.0,0.0,0.0,0.0,0.0,0.0,1.0,0.0,0.0,0.0,0.0,0.0,0.0,0.0,0.0,0.0,1.0,1.0,0.0
148,0.2345679012345679,0.0,0.0,1.0,0.22222222222222227,0.5,0.6108742554254224,0.02631578947368421,1.0,0.0,0.9375,0.6987529228371017,0.6025104602510458,0.9571525731126729,0.8597353497164448,0.0,0.0,0.0,1.0,0.0,0.0,0.0,0.0,0.0,0.0,0.0,0.0,0.0,0.0,0.0,0.0,1.0,0.0,0.0,0.0,0.0,0.0,1.0,1.0,0.0
149,0.35802469135802467,0.0,0.0,1.0,0.22222222222222227,0.5,0.7068476372990588,0.02631578947368421,1.0,0.0,0.9375,0.6987529228371017,0.6025104602510458,0.9571525731126729,0.8597353497164448,0.0,1.0,0.0,0.0,0.0,0.0,0.0,0.0,0.0,0.0,0.0,0.0,1.0,0.0,0.0,0.0,1.0,0.0,0.0,0.0,0.0,0.0,1.0,1.0,0.0
150,0.29629629629629634,0.5,0.5,1.0,0.22222222222222227,0.5,0.5331930189342876,0.0,1.0,0.0,0.9375,0.6987529228371017,0.6025104602510458,0.9571525731126729,0.8597353497164448,0.0,0.0,0.0,0.0,0.0,0.0,0.0,0.0,0.0,0.0,0.0,0.0,0.0,1.0,0.0,1.0,0.0,0.0,0.0,0.0,0.0,0.0,0.0,1.0,0.0
151,0.2222222222222222,0.0,0.0,1.0,0.22222222222222227,0.5,0.7443877894878045,0.0,1.0,0.0,0.9375,0.6987529228371017,0.6025104602510458,0.9571525731126729,0.8597353497164448,0.0,0.0,0.0,0.0,0.0,0.0,0.0,0.0,0.0,0.0,0.0,0.0,0.0,1.0,0.0,0.0,0.0,0.0,0.0,0.0,1.0,0.0,0.0,1.0,0.0
152,0.34567901234567905,0.5,0.5,1.0,0.22222222222222227,0.5,0.6397092724183482,0.05263157894736842,1.0,0.0,0.9375,0.6987529228371017,0.6025104602510458,0.9571525731126729,0.8597353497164448,0.0,0.0,1.0,0.0,0.0,0.0,0.0,0.0,0.0,0.0,0.0,0.0,0.0,1.0,0.0,0.0,0.0,0.0,0.0,0.0,1.0,0.0,0.0,1.0,0.0
153,0.4938271604938272,1.0,0.0,1.0,0.22222222222222227,0.5,0.4980797516051752,0.0,1.0,0.0,0.9375,0.6987529228371017,0.6025104602510458,0.9571525731126729,0.8597353497164448,0.0,0.0,0.0,0.0,0.0,0.0,0.0,0.0,0.0,1.0,0.0,0.0,1.0,0.0,0.0,0.0,1.0,0.0,0.0,0.0,0.0,0.0,0.0,1.0,0.0
154,0.34567901234567905,1.0,0.0,1.0,0.22222222222222227,0.5,0.6890988423028271,0.02631578947368421,1.0,0.0,0.9375,0.6987529228371017,0.6025104602510458,0.9571525731126729,0.8597353497164448,0.0,0.0,0.0,0.0,0.0,0.0,0.0,1.0,0.0,0.0,0.0,0.0,1.0,0.0,0.0,0.0,0.0,1.0,0.0,0.0,0.0,0.0,1.0,1.0,0.0
155,0.2345679012345679,1.0,0.0,1.0,0.22222222222222227,0.5,0.6048403610725471,0.0,1.0,0.0,0.9375,0.6987529228371017,0.6025104602510458,0.9571525731126729,0.8597353497164448,0.0,0.0,0.0,0.0,0.0,0.0,0.0,0.0,0.0,0.0,1.0,0.0,1.0,0.0,0.0,0.0,0.0,0.0,0.0,0.0,0.0,0.0,0.0,1.0,0.0
156,0.4074074074074074,0.0,0.0,1.0,0.22222222222222227,0.5,0.6371237804409605,0.10526315789473684,1.0,0.0,0.9375,0.6987529228371017,0.6025104602510458,0.9571525731126729,0.8597353497164448,0.0,0.0,0.0,0.0,0.0,0.0,0.0,0.0,0.0,1.0,0.0,0.0,1.0,0.0,0.0,0.0,0.0,1.0,0.0,0.0,0.0,0.0,0.0,1.0,0.0
157,0.3333333333333333,1.0,0.0,1.0,0.22222222222222227,0.5,0.7540618804673014,0.0,1.0,0.0,0.9375,0.6987529228371017,0.6025104602510458,0.9571525731126729,0.8597353497164448,0.0,1.0,0.0,0.0,0.0,0.0,0.0,0.0,0.0,0.0,0.0,0.0,1.0,0.0,0.0,0.0,0.0,0.0,0.0,0.0,0.0,0.0,0.0,1.0,0.0
158,0.39506172839506176,1.0,0.0,1.0,0.22222222222222227,0.5,0.7102658482382652,0.02631578947368421,1.0,0.0,0.9375,0.6987529228371017,0.6025104602510458,0.9571525731126729,0.8597353497164448,0.0,0.0,0.0,0.0,0.0,0.0,0.0,0.0,0.0,1.0,0.0,0.0,1.0,0.0,0.0,0.0,0.0,1.0,0.0,0.0,0.0,0.0,0.0,1.0,0.0
159,0.16049382716049382,1.0,0.0,1.0,0.22222222222222227,0.5,0.6559276062712989,0.0,1.0,0.0,0.9375,0.6987529228371017,0.6025104602510458,0.9571525731126729,0.8597353497164448,0.0,0.0,0.0,0.0,0.0,0.0,0.0,1.0,0.0,0.0,0.0,0.0,1.0,0.0,0.0,0.0,0.0,0.0,0.0,1.0,0.0,0.0,1.0,1.0,0.0
160,0.2716049382716049,0.0,0.0,1.0,0.22222222222222227,0.5,0.5518674094137875,0.13157894736842105,1.0,0.0,0.9375,0.6987529228371017,0.6025104602510458,0.9571525731126729,0.8597353497164448,0.0,1.0,0.0,0.0,0.0,0.0,0.0,0.0,0.0,0.0,0.0,0.0,1.0,0.0,0.0,1.0,0.0,0.0,0.0,0.0,0.0,0.0,0.0,1.0,0.0
161,0.16049382716049382,1.0,0.0,1.0,0.22222222222222227,0.5,0.6607297076989791,0.07894736842105263,1.0,0.0,0.9375,0.6987529228371017,0.6025104602510458,0.9571525731126729,0.8597353497164448,0.0,0.0,0.0,0.0,0.0,0.0,0.0,1.0,0.0,0.0,0.0,0.0,1.0,0.0,0.0,0.0,0.0,0.0,0.0,0.0,0.0,1.0,0.0,1.0,0.0
162,0.48148148148148145,0.0,0.0,1.0,0.22222222222222227,0.5,0.5770327318283031,0.02631578947368421,1.0,0.0,0.9375,0.6987529228371017,0.6025104602510458,0.9571525731126729,0.8597353497164448,0.0,0.0,0.0,0.0,0.0,1.0,0.0,0.0,0.0,0.0,0.0,0.0,1.0,0.0,0.0,0.0,0.0,0.0,0.0,0.0,0.0,0.0,0.0,1.0,0.0
163,0.3333333333333333,0.0,0.0,1.0,0.22222222222222227,0.5,0.8660312117101345,0.02631578947368421,1.0,0.0,0.9375,0.6987529228371017,0.6025104602510458,0.9571525731126729,0.8597353497164448,1.0,0.0,1.0,0.0,0.0,0.0,0.0,0.0,0.0,0.0,0.0,0.0,1.0,0.0,0.0,0.0,0.0,0.0,0.0,0.0,0.0,0.0,1.0,1.0,0.0
164,0.1111111111111111,1.0,0.0,1.0,0.22222222222222227,0.5,0.5813108450867737,0.05263157894736842,1.0,0.0,0.9375,0.6987529228371017,0.6025104602510458,0.9571525731126729,0.8597353497164448,0.0,0.0,0.0,0.0,0.0,0.0,0.0,0.0,0.0,1.0,0.0,0.0,0.0,1.0,0.0,0.0,1.0,0.0,0.0,0.0,0.0,0.0,0.0,1.0,0.0
165,0.19753086419753085,1.0,0.0,1.0,0.22222222222222227,0.5,0.5984801554161608,0.02631578947368421,1.0,0.0,0.9375,0.6987529228371017,0.6025104602510458,0.9571525731126729,0.8597353497164448,0.0,0.0,0.0,0.0,0.0,0.0,0.0,0.0,0.0,0.0,0.0,0.0,0.0,0.0,0.0,0.0,0.0,1.0,0.0,0.0,0.0,0.0,0.0,1.0,0.0
166,0.30864197530864196,1.0,1.0,1.0,0.22222222222222227,0.5,0.529335783224907,0.05263157894736842,1.0,0.0,0.9375,0.6987529228371017,0.6025104602510458,0.9571525731126729,0.8597353497164448,0.0,0.0,0.0,0.0,1.0,0.0,0.0,0.0,0.0,0.0,0.0,0.0,1.0,0.0,0.0,1.0,0.0,0.0,0.0,0.0,0.0,0.0,0.0,1.0,0.0
167,0.2345679012345679,1.0,0.0,1.0,0.22222222222222227,0.5,0.6407277649233879,0.02631578947368421,1.0,0.0,0.9375,0.6987529228371017,0.6025104602510458,0.9571525731126729,0.8597353497164448,0.0,1.0,0.0,0.0,0.0,0.0,0.0,0.0,0.0,0.0,0.0,0.0,1.0,0.0,0.0,0.0,1.0,0.0,0.0,0.0,0.0,0.0,0.0,1.0,0.0
168,0.1111111111111111,0.0,0.0,1.0,0.22222222222222227,0.5,0.506309340633733,0.02631578947368421,1.0,0.0,0.9375,0.6987529228371017,0.6025104602510458,0.9571525731126729,0.8597353497164448,0.0,1.0,0.0,0.0,0.0,0.0,0.0,0.0,0.0,0.0,0.0,0.0,1.0,0.0,0.0,0.0,1.0,0.0,0.0,0.0,0.0,0.0,1.0,1.0,0.0
169,0.20987654320987653,1.0,0.0,1.0,0.22222222222222227,0.5,0.5940405662922726,0.0,1.0,0.0,0.9375,0.6987529228371017,0.6025104602510458,0.9571525731126729,0.8597353497164448,0.0,0.0,0.0,0.0,1.0,0.0,0.0,0.0,0.0,0.0,0.0,0.0,1.0,0.0,0.0,0.0,0.0,0.0,0.0,0.0,1.0,0.0,0.0,1.0,0.0
170,0.2345679012345679,0.0,0.0,1.0,0.22222222222222227,0.5,0.494619644821988,0.05263157894736842,1.0,0.0,0.9375,0.6987529228371017,0.6025104602510458,0.9571525731126729,0.8597353497164448,0.0,1.0,0.0,0.0,0.0,0.0,0.0,0.0,0.0,0.0,0.0,0.0,1.0,0.0,0.0,0.0,1.0,0.0,0.0,0.0,0.0,0.0,0.0,1.0,0.0
171,0.4567901234567901,0.0,0.0,1.0,0.22222222222222227,0.5,0.8743213437917453,0.07894736842105263,1.0,0.0,0.9375,0.6987529228371017,0.6025104602510458,0.9571525731126729,0.8597353497164448,1.0,0.0,0.0,0.0,0.0,0.0,0.0,0.0,0.0,0.0,0.0,0.0,0.0,0.0,0.0,0.0,0.0,0.0,0.0,0.0,1.0,0.0,0.0,1.0,0.0
172,0.24691358024691357,0.0,0.0,1.0,0.22222222222222227,0.5,0.5894268318375645,0.0,1.0,0.0,0.9375,0.6987529228371017,0.6025104602510458,0.9571525731126729,0.8597353497164448,0.0,0.0,0.0,0.0,1.0,0.0,0.0,0.0,0.0,0.0,0.0,0.0,1.0,0.0,0.0,0.0,0.0,1.0,0.0,0.0,0.0,0.0,1.0,1.0,0.0
173,0.3209876543209876,0.0,0.0,1.0,0.22222222222222227,0.5,0.4215477860088535,0.05263157894736842,1.0,0.0,0.9375,0.6987529228371017,0.6025104602510458,0.9571525731126729,0.8597353497164448,0.0,0.0,0.0,0.0,0.0,0.0,0.0,0.0,0.0,0.0,0.0,1.0,1.0,0.0,0.0,0.0,0.0,1.0,0.0,0.0,0.0,0.0,1.0,1.0,0.0
174,0.34567901234567905,0.0,0.0,1.0,0.22222222222222227,0.75,0.407692361002577,0.02631578947368421,1.0,0.0,0.9375,0.6987529228371017,0.6025104602510458,0.9569258671503063,0.8597353497164448,0.0,1.0,0.0,0.0,0.0,0.0,0.0,0.0,0.0,0.0,0.0,0.0,1.0,0.0,0.0,0.0,1.0,0.0,0.0,0.0,0.0,0.0,1.0,1.0,0.0
175,0.09876543209876543,0.0,0.0,1.0,0.22222222222222227,0.75,0.5689167450775122,0.05263157894736842,1.0,0.0,0.9375,0.6987529228371017,0.6025104602510458,0.9569258671503063,0.8597353497164448,0.0,0.0,0.0,0.0,0.0,0.0,0.0,1.0,0.0,0.0,0.0,0.0,1.0,0.0,0.0,0.0,0.0,0.0,0.0,1.0,0.0,0.0,1.0,1.0,0.0
176,0.19753086419753085,0.0,0.0,1.0,0.22222222222222227,0.75,0.686722293807522,0.0,1.0,0.0,0.9375,0.6987529228371017,0.6025104602510458,0.9569258671503063,0.8597353497164448,0.0,0.0,0.0,0.0,0.0,0.0,0.0,0.0,0.0,0.0,0.0,0.0,0.0,1.0,0.0,0.0,0.0,0.0,0.0,0.0,1.0,0.0,0.0,1.0,0.0
177,0.30864197530864196,1.0,0.0,1.0,0.22222222222222227,0.75,0.7883861094995741,0.0,1.0,0.0,0.9375,0.6987529228371017,0.6025104602510458,0.9569258671503063,0.8597353497164448,1.0,0.0,0.0,0.0,0.0,0.0,0.0,1.0,0.0,0.0,0.0,0.0,1.0,0.0,0.0,0.0,0.0,0.0,0.0,1.0,0.0,0.0,0.0,1.0,0.0
178,0.2839506172839506,0.0,1.0,1.0,0.22222222222222227,0.75,0.5540062892371289,0.0,1.0,0.0,0.9375,0.6987529228371017,0.6025104602510458,0.9569258671503063,0.8597353497164448,0.0,0.0,0.0,0.0,0.0,0.0,0.0,0.0,0.0,0.0,0.0,0.0,0.0,1.0,0.0,0.0,0.0,1.0,0.0,0.0,0.0,0.0,0.0,1.0,0.0
179,0.18518518518518517,0.0,0.0,1.0,0.22222222222222227,0.75,0.5014409845439322,0.0,1.0,0.0,0.9375,0.6987529228371017,0.6025104602510458,0.9569258671503063,0.8597353497164448,0.0,0.0,0.0,0.0,0.0,0.0,0.0,0.0,0.0,0.0,0.0,0.0,1.0,0.0,0.0,0.0,0.0,1.0,0.0,0.0,0.0,0.0,0.0,1.0,0.0
180,0.35802469135802467,1.0,0.0,1.0,0.22222222222222227,0.75,0.7405445571293703,0.05263157894736842,1.0,0.0,0.9375,0.6987529228371017,0.6025104602510458,0.9569258671503063,0.8597353497164448,1.0,1.0,0.0,0.0,0.0,0.0,0.0,0.0,0.0,0.0,0.0,0.0,0.0,1.0,0.0,0.0,1.0,0.0,0.0,0.0,0.0,0.0,0.0,1.0,0.0
181,0.13580246913580246,0.0,0.0,1.0,0.22222222222222227,0.75,0.6554811725306058,0.0,1.0,0.0,0.9375,0.6987529228371017,0.6025104602510458,0.9569258671503063,0.8597353497164448,0.0,1.0,0.0,0.0,0.0,0.0,0.0,0.0,0.0,0.0,0.0,0.0,1.0,0.0,0.0,1.0,0.0,0.0,0.0,0.0,0.0,0.0,1.0,1.0,0.0
182,0.13580246913580246,0.0,0.0,1.0,0.22222222222222227,0.75,0.7220124395076876,0.0,1.0,0.0,0.9375,0.6987529228371017,0.6025104602510458,0.9569258671503063,0.8597353497164448,0.0,0.0,0.0,0.0,0.0,0.0,0.0,0.0,0.0,0.0,0.0,0.0,0.0,1.0,0.0,0.0,0.0,0.0,0.0,1.0,0.0,0.0,0.0,1.0,0.0
183,0.1728395061728395,1.0,1.0,1.0,0.22222222222222227,0.75,0.5813108450867737,0.02631578947368421,1.0,0.0,0.9375,0.6987529228371017,0.6025104602510458,0.9569258671503063,0.8597353497164448,0.0,0.0,0.0,0.0,1.0,0.0,0.0,0.0,0.0,0.0,0.0,0.0,1.0,0.0,0.0,0.0,0.0,0.0,0.0,0.0,1.0,0.0,0.0,1.0,0.0
184,0.5185185185185184,1.0,0.0,1.0,0.22222222222222227,0.75,0.5381468098084997,0.02631578947368421,1.0,0.0,0.9375,0.6987529228371017,0.6025104602510458,0.9569258671503063,0.8597353497164448,0.0,0.0,0.0,0.0,0.0,1.0,0.0,0.0,0.0,0.0,0.0,0.0,1.0,0.0,0.0,0.0,0.0,0.0,0.0,0.0,0.0,1.0,0.0,1.0,0.0
185,0.16049382716049382,0.0,0.0,1.0,0.22222222222222227,0.75,0.5970188304191458,0.0,1.0,0.0,0.9375,0.6987529228371017,0.6025104602510458,0.9569258671503063,0.8597353497164448,0.0,0.0,0.0,1.0,0.0,0.0,0.0,0.0,0.0,0.0,0.0,0.0,1.0,0.0,0.0,0.0,0.0,1.0,0.0,0.0,0.0,0.0,1.0,1.0,0.0
186,0.3209876543209876,0.0,0.0,1.0,0.22222222222222227,0.75,0.6800186276166762,0.0,1.0,0.0,0.9375,0.6987529228371017,0.6025104602510458,0.9569258671503063,0.8597353497164448,0.0,1.0,0.0,0.0,0.0,0.0,0.0,0.0,0.0,0.0,0.0,0.0,1.0,0.0,0.0,0.0,1.0,0.0,0.0,0.0,0.0,0.0,0.0,1.0,0.0
187,0.2222222222222222,0.0,0.0,1.0,0.22222222222222227,0.75,0.5198109754500708,0.0,1.0,0.0,0.9375,0.6987529228371017,0.6025104602510458,0.9569258671503063,0.8597353497164448,0.0,0.0,0.0,0.0,0.0,0.0,0.0,0.0,0.0,0.0,0.0,1.0,0.0,1.0,0.0,0.0,0.0,0.0,0.0,0.0,0.0,0.0,1.0,1.0,0.0
188,0.18518518518518517,0.0,0.0,1.0,0.22222222222222227,0.75,0.82592626168832,0.0,1.0,0.0,0.9375,0.6987529228371017,0.6025104602510458,0.9569258671503063,0.8597353497164448,1.0,1.0,0.0,0.0,0.0,0.0,0.0,0.0,0.0,0.0,0.0,0.0,1.0,0.0,0.0,0.0,0.0,0.0,0.0,1.0,0.0,0.0,0.0,1.0,0.0
189,0.29629629629629634,1.0,0.0,1.0,0.22222222222222227,0.75,0.5917563168597532,0.0,1.0,0.0,0.9375,0.6987529228371017,0.6025104602510458,0.9569258671503063,0.8597353497164448,0.0,1.0,0.0,0.0,0.0,0.0,0.0,0.0,0.0,0.0,0.0,0.0,1.0,0.0,0.0,0.0,1.0,0.0,0.0,0.0,0.0,0.0,0.0,1.0,0.0
190,0.2345679012345679,0.0,0.0,1.0,0.22222222222222227,0.75,0.6581347094668296,0.0,1.0,0.0,0.9375,0.6987529228371017,0.6025104602510458,0.9569258671503063,0.8597353497164448,0.0,1.0,0.0,0.0,0.0,0.0,0.0,0.0,0.0,0.0,0.0,0.0,1.0,0.0,0.0,0.0,0.0,1.0,0.0,0.0,0.0,0.0,0.0,1.0,0.0
191,0.18518518518518517,0.0,0.0,1.0,0.22222222222222227,0.75,0.5507832068127649,0.0,1.0,0.0,0.9375,0.6987529228371017,0.6025104602510458,0.9569258671503063,0.8597353497164448,0.0,0.0,0.0,0.0,0.0,0.0,0.0,0.0,1.0,0.0,0.0,0.0,0.0,1.0,0.0,0.0,0.0,0.0,0.0,0.0,1.0,0.0,0.0,1.0,0.0
192,0.3209876543209876,1.0,1.0,1.0,0.22222222222222227,0.75,0.6523077776041232,0.0,1.0,0.0,0.9375,0.6987529228371017,0.6025104602510458,0.9569258671503063,0.8597353497164448,0.0,1.0,0.0,0.0,0.0,0.0,0.0,0.0,0.0,0.0,0.0,0.0,1.0,0.0,0.0,0.0,0.0,0.0,0.0,0.0,0.0,0.0,1.0,1.0,0.0
193,0.3209876543209876,1.0,0.0,1.0,0.22222222222222227,0.75,0.8260312462106699,0.02631578947368421,1.0,0.0,0.9375,0.6987529228371017,0.6025104602510458,0.9569258671503063,0.8597353497164448,1.0,0.0,0.0,0.0,0.0,0.0,0.0,0.0,0.0,1.0,0.0,0.0,0.0,1.0,0.0,0.0,0.0,0.0,0.0,0.0,1.0,0.0,0.0,1.0,0.0
194,0.19753086419753085,1.0,0.0,1.0,0.22222222222222227,0.75,0.6381648062569562,0.0,1.0,0.0,0.9375,0.6987529228371017,0.6025104602510458,0.9569258671503063,0.8597353497164448,0.0,0.0,0.0,0.0,0.0,0.0,0.0,0.0,0.0,0.0,0.0,0.0,0.0,1.0,0.0,0.0,0.0,1.0,0.0,0.0,0.0,0.0,1.0,1.0,0.0
195,0.2716049382716049,0.0,0.0,1.0,0.22222222222222227,0.75,0.5679794082497067,0.0,1.0,0.0,0.9375,0.6987529228371017,0.6025104602510458,0.9569258671503063,0.8597353497164448,0.0,1.0,0.0,0.0,0.0,0.0,0.0,0.0,0.0,0.0,0.0,0.0,1.0,0.0,0.0,1.0,0.0,0.0,0.0,0.0,0.0,0.0,0.0,1.0,0.0
196,0.2345679012345679,0.0,0.0,1.0,0.22222222222222227,0.75,0.41482394745244594,0.07894736842105263,1.0,0.0,0.9375,0.6987529228371017,0.6025104602510458,0.9569258671503063,0.8597353497164448,0.0,0.0,0.0,0.0,0.0,0.0,0.0,0.0,0.0,0.0,0.0,0.0,0.0,0.0,0.0,0.0,0.0,0.0,0.0,0.0,1.0,0.0,0.0,1.0,0.0
197,0.29629629629629634,1.0,1.0,1.0,0.22222222222222227,0.75,0.5266921854673875,0.02631578947368421,1.0,0.0,0.9375,0.6987529228371017,0.6025104602510458,0.9569258671503063,0.8597353497164448,0.0,0.0,0.0,0.0,0.0,0.0,0.0,0.0,0.0,1.0,0.0,0.0,1.0,0.0,0.0,0.0,0.0,0.0,0.0,1.0,0.0,0.0,0.0,1.0,0.0
198,0.39506172839506176,1.0,0.0,1.0,0.22222222222222227,0.75,0.5894268318375645,0.0,1.0,0.0,0.9375,0.6987529228371017,0.6025104602510458,0.9569258671503063,0.8597353497164448,0.0,1.0,0.0,0.0,0.0,0.0,0.0,0.0,0.0,0.0,0.0,0.0,1.0,0.0,0.0,0.0,0.0,0.0,0.0,0.0,0.0,0.0,0.0,1.0,0.0
199,0.2716049382716049,1.0,0.0,1.0,0.22222222222222227,0.75,0.6853423935333421,0.02631578947368421,1.0,0.0,0.9375,0.6987529228371017,0.6025104602510458,0.9569258671503063,0.8597353497164448,0.0,1.0,0.0,0.0,0.0,0.0,0.0,0.0,0.0,0.0,0.0,0.0,1.0,0.0,0.0,1.0,0.0,0.0,0.0,0.0,0.0,0.0,0.0,1.0,0.0
200,0.16049382716049382,0.0,0.0,1.0,0.22222222222222227,0.75,0.649517880450222,0.02631578947368421,1.0,0.0,0.9375,0.6987529228371017,0.6025104602510458,0.9569258671503063,0.8597353497164448,0.0,0.0,0.0,0.0,0.0,0.0,0.0,0.0,0.0,0.0,0.0,0.0,0.0,0.0,0.0,0.0,0.0,0.0,0.0,0.0,1.0,0.0,1.0,1.0,0.0
201,0.18518518518518517,0.0,0.0,1.0,0.22222222222222227,0.75,0.6082306576679029,0.0,1.0,0.0,0.9375,0.6987529228371017,0.6025104602510458,0.9569258671503063,0.8597353497164448,0.0,0.0,0.0,0.0,0.0,0.0,0.0,1.0,0.0,0.0,0.0,0.0,1.0,0.0,0.0,0.0,0.0,1.0,0.0,0.0,0.0,0.0,0.0,1.0,0.0
202,0.24691358024691357,0.0,0.0,1.0,0.22222222222222227,0.75,0.731291387992633,0.0,1.0,0.0,0.9375,0.6987529228371017,0.6025104602510458,0.9569258671503063,0.8597353497164448,0.0,0.0,0.0,0.0,0.0,0.0,0.0,0.0,0.0,1.0,0.0,0.0,0.0,1.0,0.0,0.0,0.0,0.0,0.0,0.0,1.0,0.0,0.0,1.0,0.0
203,0.24691358024691357,1.0,0.0,1.0,0.22222222222222227,0.75,0.6940353071368747,0.07894736842105263,1.0,0.0,0.9375,0.6987529228371017,0.6025104602510458,0.9569258671503063,0.8597353497164448,0.0,1.0,0.0,0.0,0.0,0.0,0.0,0.0,0.0,0.0,0.0,0.0,1.0,0.0,0.0,0.0,1.0,0.0,0.0,0.0,0.0,0.0,1.0,1.0,0.0
204,0.34567901234567905,0.0,0.0,1.0,0.22222222222222227,0.75,0.6785573026196613,0.0,1.0,0.0,0.9375,0.6987529228371017,0.6025104602510458,0.9569258671503063,0.8597353497164448,0.0,0.0,0.0,0.0,0.0,0.0,0.0,0.0,0.0,0.0,0.0,0.0,1.0,0.0,0.0,0.0,0.0,0.0,0.0,0.0,1.0,0.0,0.0,1.0,0.0
205,0.4567901234567901,0.0,0.0,1.0,0.22222222222222227,0.75,0.7343048669527241,0.0,1.0,0.0,0.9375,0.6987529228371017,0.6025104602510458,0.9569258671503063,0.8597353497164448,1.0,0.0,0.0,0.0,0.0,0.0,0.0,0.0,0.0,0.0,0.0,0.0,1.0,0.0,0.0,0.0,0.0,0.0,0.0,0.0,1.0,0.0,0.0,1.0,0.0
206,0.3209876543209876,0.0,0.0,1.0,0.22222222222222227,0.75,0.7235270760911621,0.0,1.0,0.0,0.9375,0.6987529228371017,0.6025104602510458,0.9569258671503063,0.8597353497164448,0.0,1.0,0.0,0.0,0.0,0.0,0.0,0.0,0.0,0.0,0.0,0.0,1.0,0.0,0.0,1.0,0.0,0.0,0.0,0.0,0.0,0.0,1.0,1.0,0.0
207,0.25925925925925924,0.0,0.0,1.0,0.22222222222222227,0.75,0.6020559671887218,0.0,1.0,0.0,0.9375,0.6987529228371017,0.6025104602510458,0.9569258671503063,0.8597353497164448,0.0,0.0,1.0,0.0,0.0,0.0,0.0,0.0,0.0,0.0,0.0,0.0,1.0,0.0,0.0,0.0,0.0,0.0,0.0,0.0,1.0,0.0,0.0,1.0,0.0
208,0.4074074074074074,1.0,0.0,1.0,0.22222222222222227,0.75,0.7798461373107751,0.0,1.0,0.0,0.9375,0.6987529228371017,0.6025104602510458,0.9569258671503063,0.8597353497164448,1.0,0.0,0.0,0.0,0.0,0.0,0.0,0.0,0.0,1.0,0.0,0.0,1.0,0.0,0.0,0.0,0.0,1.0,0.0,0.0,0.0,0.0,0.0,1.0,0.0
209,0.12345679012345678,1.0,0.0,1.0,0.22222222222222227,0.75,0.7291589703963093,0.0,1.0,0.0,0.9375,0.6987529228371017,0.6025104602510458,0.9569258671503063,0.8597353497164448,0.0,1.0,0.0,0.0,0.0,0.0,0.0,0.0,0.0,0.0,0.0,0.0,1.0,0.0,0.0,0.0,1.0,0.0,0.0,0.0,0.0,0.0,0.0,1.0,0.0
210,0.12345679012345678,0.0,0.0,1.0,0.22222222222222227,0.75,0.4477973110243916,0.0,1.0,0.0,0.9375,0.6987529228371017,0.6025104602510458,0.9569258671503063,0.8597353497164448,0.0,1.0,0.0,0.0,0.0,0.0,0.0,0.0,0.0,0.0,0.0,0.0,1.0,0.0,0.0,0.0,1.0,0.0,0.0,0.0,0.0,0.0,0.0,1.0,0.0
211,0.09876543209876543,0.0,0.0,1.0,0.22222222222222227,0.75,0.36884433080126383,0.0,1.0,0.0,0.9375,0.6987529228371017,0.6025104602510458,0.9569258671503063,0.8597353497164448,0.0,0.0,0.0,0.0,0.0,0.0,0.0,0.0,0.0,1.0,0.0,0.0,0.0,1.0,0.0,0.0,0.0,0.0,0.0,1.0,0.0,0.0,0.0,1.0,0.0
212,0.2345679012345679,0.0,0.0,1.0,0.22222222222222227,0.75,0.5878478128342483,0.10526315789473684,1.0,0.0,0.9375,0.6987529228371017,0.6025104602510458,0.9569258671503063,0.8597353497164448,0.0,1.0,0.0,0.0,0.0,0.0,0.0,0.0,0.0,0.0,0.0,0.0,1.0,0.0,0.0,0.0,1.0,0.0,0.0,0.0,0.0,0.0,0.0,1.0,0.0
213,0.34567901234567905,1.0,1.0,1.0,0.22222222222222227,0.75,0.7875158084930558,0.02631578947368421,1.0,0.0,0.9375,0.6987529228371017,0.6025104602510458,0.9569258671503063,0.8597353497164448,0.0,0.0,0.0,0.0,1.0,0.0,0.0,0.0,0.0,0.0,0.0,0.0,1.0,0.0,0.0,0.0,0.0,0.0,0.0,0.0,1.0,0.0,0.0,1.0,0.0
214,0.38271604938271603,0.0,0.0,1.0,0.22222222222222227,0.75,0.6767047422935657,0.05263157894736842,1.0,0.0,0.9375,0.6987529228371017,0.6025104602510458,0.9569258671503063,0.8597353497164448,0.0,0.0,0.0,0.0,0.0,0.0,0.0,0.0,0.0,0.0,0.0,0.0,1.0,0.0,0.0,0.0,0.0,1.0,0.0,0.0,0.0,0.0,1.0,1.0,0.0
215,0.25925925925925924,0.0,0.0,1.0,0.22222222222222227,0.75,0.3961123483218417,0.05263157894736842,1.0,0.0,0.9375,0.6987529228371017,0.6025104602510458,0.9569258671503063,0.8597353497164448,0.0,1.0,0.0,0.0,0.0,0.0,0.0,0.0,0.0,0.0,0.0,0.0,0.0,1.0,0.0,0.0,0.0,0.0,0.0,0.0,0.0,0.0,1.0,1.0,0.0
216,0.20987654320987653,0.0,0.0,1.0,0.22222222222222227,0.75,0.6295666315558228,0.0,1.0,0.0,0.9375,0.6987529228371017,0.6025104602510458,0.9569258671503063,0.8597353497164448,0.0,1.0,0.0,0.0,0.0,0.0,0.0,0.0,0.0,0.0,0.0,0.0,1.0,0.0,0.0,0.0,1.0,0.0,0.0,0.0,0.0,0.0,0.0,1.0,0.0
217,0.2345679012345679,0.0,0.0,1.0,0.22222222222222227,0.75,0.6115259753720838,0.02631578947368421,1.0,0.0,0.9375,0.6987529228371017,0.6025104602510458,0.9569258671503063,0.8597353497164448,0.0,0.0,0.0,0.0,0.0,0.0,1.0,0.0,0.0,0.0,0.0,0.0,0.0,1.0,0.0,1.0,0.0,0.0,0.0,0.0,0.0,0.0,0.0,1.0,0.0
218,0.3209876543209876,0.0,0.0,1.0,0.22222222222222227,0.75,0.5331930189342876,0.0,1.0,0.0,0.9375,0.6987529228371017,0.6025104602510458,0.9569258671503063,0.8597353497164448,0.0,0.0,0.0,0.0,0.0,0.0,0.0,0.0,0.0,0.0,1.0,0.0,1.0,0.0,0.0,0.0,0.0,0.0,0.0,0.0,0.0,0.0,0.0,1.0,0.0
219,0.1728395061728395,0.0,0.0,1.0,0.22222222222222227,0.75,0.8991986065312106,0.02631578947368421,1.0,0.0,0.9375,0.6987529228371017,0.6025104602510458,0.9569258671503063,0.8597353497164448,1.0,0.0,0.0,0.0,0.0,0.0,0.0,1.0,0.0,0.0,0.0,0.0,1.0,0.0,0.0,1.0,0.0,0.0,0.0,0.0,0.0,0.0,0.0,1.0,0.0
220,0.25925925925925924,0.0,0.0,1.0,0.22222222222222227,0.75,0.6068862413262684,0.02631578947368421,1.0,0.0,0.9375,0.6987529228371017,0.6025104602510458,0.9569258671503063,0.8597353497164448,0.0,1.0,0.0,0.0,0.0,0.0,0.0,0.0,0.0,0.0,0.0,0.0,1.0,0.0,0.0,0.0,1.0,0.0,0.0,0.0,0.0,0.0,1.0,1.0,0.0
221,0.13580246913580246,1.0,1.0,1.0,0.22222222222222227,0.75,0.6978405494091722,0.02631578947368421,1.0,0.0,0.9375,0.6987529228371017,0.6025104602510458,0.9569258671503063,0.8597353497164448,0.0,0.0,0.0,0.0,0.0,0.0,0.0,0.0,0.0,0.0,0.0,0.0,0.0,1.0,0.0,0.0,1.0,0.0,0.0,0.0,0.0,0.0,0.0,1.0,0.0
222,0.4444444444444445,0.0,0.0,1.0,0.22222222222222227,0.75,0.28207676886584127,0.15789473684210525,1.0,0.0,0.9375,0.6987529228371017,0.6025104602510458,0.9569258671503063,0.8597353497164448,0.0,0.0,0.0,0.0,0.0,0.0,0.0,0.0,0.0,0.0,0.0,0.0,1.0,0.0,0.0,0.0,0.0,0.0,0.0,0.0,1.0,0.0,0.0,1.0,0.0
223,0.3209876543209876,0.0,0.0,1.0,0.22222222222222227,0.75,0.6717469358140523,0.02631578947368421,1.0,0.0,0.9375,0.6987529228371017,0.6025104602510458,0.9569258671503063,0.8597353497164448,0.0,1.0,0.0,0.0,0.0,0.0,0.0,0.0,0.0,0.0,0.0,0.0,1.0,0.0,0.0,1.0,0.0,0.0,0.0,0.0,0.0,0.0,1.0,1.0,0.0
224,0.2222222222222222,0.0,1.0,1.0,0.22222222222222227,0.75,0.6452049071679414,0.05263157894736842,1.0,0.0,0.9375,0.6987529228371017,0.6025104602510458,0.9569258671503063,0.8597353497164448,0.0,0.0,0.0,0.0,0.0,0.0,0.0,1.0,0.0,0.0,0.0,0.0,0.0,1.0,0.0,0.0,0.0,0.0,0.0,0.0,0.0,0.0,0.0,1.0,0.0
225,0.4444444444444445,1.0,0.0,1.0,0.22222222222222227,0.75,0.3738508374054576,0.10526315789473684,1.0,0.0,0.9375,0.6987529228371017,0.6025104602510458,0.9569258671503063,0.8597353497164448,0.0,0.0,0.0,0.0,0.0,1.0,0.0,0.0,0.0,0.0,0.0,0.0,1.0,0.0,0.0,0.0,0.0,1.0,0.0,0.0,0.0,0.0,1.0,1.0,0.0
226,0.419753086419753,1.0,0.0,1.0,0.22222222222222227,0.75,0.8319654074931497,0.02631578947368421,1.0,0.0,0.9375,0.6987529228371017,0.6025104602510458,0.9569258671503063,0.8597353497164448,1.0,1.0,0.0,0.0,0.0,0.0,0.0,0.0,0.0,0.0,0.0,0.0,1.0,0.0,0.0,0.0,1.0,0.0,0.0,0.0,0.0,0.0,1.0,1.0,0.0
227,0.1728395061728395,1.0,0.0,1.0,0.22222222222222227,0.75,0.8260312462106699,0.02631578947368421,1.0,0.0,0.9375,0.6987529228371017,0.6025104602510458,0.9569258671503063,0.8597353497164448,1.0,0.0,1.0,0.0,0.0,0.0,0.0,0.0,0.0,0.0,0.0,0.0,0.0,0.0,0.0,0.0,0.0,1.0,0.0,0.0,0.0,0.0,0.0,1.0,0.0
228,0.13580246913580246,1.0,0.0,1.0,0.22222222222222227,0.75,0.6381648062569562,0.0,1.0,0.0,0.9375,0.6987529228371017,0.6025104602510458,0.9569258671503063,0.8597353497164448,0.0,0.0,0.0,0.0,0.0,0.0,1.0,0.0,0.0,0.0,0.0,0.0,0.0,1.0,0.0,0.0,0.0,0.0,0.0,0.0,1.0,0.0,0.0,1.0,0.0
229,0.4938271604938272,0.0,1.0,1.0,0.22222222222222227,0.75,0.614731491134803,0.02631578947368421,1.0,0.0,0.9375,0.6987529228371017,0.6025104602510458,0.9569258671503063,0.8597353497164448,0.0,0.0,0.0,0.0,0.0,0.0,0.0,1.0,0.0,0.0,0.0,0.0,0.0,0.0,0.0,0.0,0.0,1.0,0.0,0.0,0.0,0.0,1.0,1.0,0.0
230,0.14814814814814814,1.0,0.0,1.0,0.22222222222222227,0.75,0.5761581170225034,0.02631578947368421,1.0,0.0,0.9375,0.6987529228371017,0.6025104602510458,0.9569258671503063,0.8597353497164448,0.0,1.0,0.0,0.0,0.0,0.0,0.0,0.0,0.0,0.0,0.0,0.0,0.0,1.0,0.0,0.0,0.0,1.0,0.0,0.0,0.0,0.0,1.0,1.0,0.0
231,0.25925925925925924,0.0,0.0,1.0,0.22222222222222227,0.75,0.684296740875147,0.21052631578947367,1.0,0.0,0.9375,0.6987529228371017,0.6025104602510458,0.9569258671503063,0.8597353497164448,0.0,0.0,0.0,0.0,0.0,0.0,0.0,0.0,0.0,0.0,0.0,0.0,0.0,1.0,0.0,0.0,0.0,0.0,0.0,0.0,1.0,0.0,0.0,1.0,0.0
232,0.25925925925925924,0.0,0.0,1.0,0.22222222222222227,0.75,0.7212477446188635,0.02631578947368421,1.0,0.0,0.9375,0.6987529228371017,0.6025104602510458,0.9569258671503063,0.8597353497164448,0.0,0.0,0.0,0.0,0.0,0.0,1.0,0.0,0.0,0.0,0.0,0.0,0.0,1.0,0.0,0.0,0.0,0.0,0.0,0.0,1.0,0.0,0.0,1.0,0.0
233,0.4074074074074074,1.0,0.0,1.0,0.22222222222222227,0.75,0.4756049402686357,0.02631578947368421,1.0,0.0,0.9375,0.6987529228371017,0.6025104602510458,0.9569258671503063,0.8597353497164448,0.0,0.0,0.0,0.0,0.0,0.0,0.0,0.0,0.0,1.0,0.0,0.0,1.0,0.0,0.0,0.0,0.0,0.0,0.0,1.0,0.0,0.0,1.0,1.0,0.0
234,0.2222222222222222,1.0,0.0,1.0,0.22222222222222227,0.75,0.6295666315558228,0.02631578947368421,1.0,0.0,0.9375,0.6987529228371017,0.6025104602510458,0.9569258671503063,0.8597353497164448,0.0,0.0,0.0,0.0,0.0,0.0,0.0,0.0,0.0,0.0,0.0,0.0,0.0,1.0,0.0,1.0,0.0,0.0,0.0,0.0,0.0,0.0,0.0,1.0,0.0
235,0.30864197530864196,0.0,0.0,1.0,0.22222222222222227,0.75,0.5331930189342876,0.05263157894736842,1.0,0.0,0.9375,0.6987529228371017,0.6025104602510458,0.9569258671503063,0.8597353497164448,0.0,1.0,0.0,0.0,0.0,0.0,0.0,0.0,0.0,0.0,0.0,0.0,1.0,0.0,0.0,0.0,0.0,0.0,0.0,0.0,0.0,0.0,1.0,1.0,0.0
236,0.19753086419753085,1.0,1.0,1.0,0.22222222222222227,0.75,0.5940405662922726,0.02631578947368421,1.0,0.0,0.9375,0.6987529228371017,0.6025104602510458,0.9569258671503063,0.8597353497164448,0.0,0.0,0.0,0.0,0.0,0.0,0.0,1.0,0.0,0.0,0.0,0.0,0.0,0.0,1.0,0.0,0.0,1.0,0.0,0.0,0.0,0.0,0.0,1.0,0.0
237,0.29629629629629634,0.0,0.0,1.0,0.22222222222222227,0.75,0.5561069727294308,0.02631578947368421,1.0,0.0,0.9375,0.6987529228371017,0.6025104602510458,0.9569258671503063,0.8597353497164448,0.0,0.0,0.0,0.0,0.0,0.0,0.0,0.0,0.0,1.0,0.0,0.0,1.0,0.0,0.0,0.0,0.0,0.0,0.0,1.0,0.0,0.0,0.0,1.0,0.0
238,0.29629629629629634,1.0,0.0,1.0,0.22222222222222227,0.75,0.8109362957742876,0.02631578947368421,1.0,0.0,0.9375,0.6987529228371017,0.6025104602510458,0.9569258671503063,0.8597353497164448,1.0,0.0,0.0,0.0,0.0,0.0,0.0,1.0,0.0,0.0,0.0,0.0,0.0,0.0,0.0,0.0,0.0,1.0,0.0,0.0,0.0,0.0,0.0,1.0,0.0
239,0.18518518518518517,1.0,1.0,1.0,0.22222222222222227,0.75,0.3636152410663567,0.05263157894736842,1.0,0.0,0.9375,0.6987529228371017,0.6025104602510458,0.9569258671503063,0.8597353497164448,0.0,0.0,0.0,0.0,0.0,0.0,0.0,0.0,0.0,0.0,0.0,0.0,1.0,0.0,0.0,0.0,0.0,1.0,0.0,0.0,0.0,0.0,0.0,1.0,0.0
240,0.35802469135802467,0.0,0.0,1.0,0.22222222222222227,0.75,0.6480977205520548,0.05263157894736842,1.0,0.0,0.9375,0.6987529228371017,0.6025104602510458,0.9569258671503063,0.8597353497164448,0.0,1.0,0.0,0.0,0.0,0.0,0.0,0.0,0.0,0.0,0.0,0.0,1.0,0.0,0.0,0.0,0.0,0.0,0.0,0.0,0.0,0.0,0.0,1.0,0.0
241,0.2839506172839506,1.0,1.0,1.0,0.22222222222222227,0.75,0.5319212752022946,0.05263157894736842,1.0,0.0,0.9375,0.6987529228371017,0.6025104602510458,0.9569258671503063,0.8597353497164448,0.0,0.0,0.0,0.0,0.0,0.0,0.0,0.0,0.0,0.0,0.0,0.0,1.0,0.0,0.0,0.0,0.0,0.0,0.0,0.0,1.0,0.0,1.0,1.0,0.0
242,0.25925925925925924,0.0,0.0,1.0,0.22222222222222227,0.75,0.6620060509558884,0.05263157894736842,1.0,0.0,0.9375,0.6987529228371017,0.6025104602510458,0.9569258671503063,0.8597353497164448,0.0,0.0,0.0,0.0,1.0,0.0,0.0,0.0,0.0,0.0,0.0,0.0,1.0,0.0,0.0,0.0,0.0,0.0,0.0,0.0,1.0,0.0,1.0,1.0,0.0
243,0.3703703703703703,1.0,0.0,1.0,0.22222222222222227,0.75,0.5550613200712357,0.05263157894736842,1.0,0.0,0.9375,0.6987529228371017,0.6025104602510458,0.9569258671503063,0.8597353497164448,0.0,0.0,0.0,0.0,0.0,0.0,0.0,0.0,0.0,1.0,0.0,0.0,1.0,0.0,0.0,0.0,0.0,0.0,0.0,1.0,0.0,0.0,0.0,1.0,0.0
244,0.25925925925925924,0.0,0.0,1.0,0.22222222222222227,0.75,0.6108742554254224,0.10526315789473684,1.0,0.0,0.9375,0.6987529228371017,0.6025104602510458,0.9569258671503063,0.8597353497164448,0.0,0.0,0.0,0.0,0.0,0.0,0.0,0.0,0.0,0.0,0.0,0.0,1.0,0.0,0.0,0.0,0.0,1.0,0.0,0.0,0.0,0.0,0.0,1.0,0.0
245,0.2716049382716049,1.0,0.0,1.0,0.22222222222222227,0.75,0.6290077936901697,0.05263157894736842,1.0,0.0,0.9375,0.6987529228371017,0.6025104602510458,0.9569258671503063,0.8597353497164448,0.0,0.0,0.0,0.0,0.0,0.0,0.0,1.0,0.0,0.0,0.0,0.0,0.0,0.0,0.0,0.0,0.0,1.0,0.0,0.0,0.0,0.0,0.0,1.0,0.0
246,0.3209876543209876,0.0,0.0,1.0,0.22222222222222227,0.75,0.6238550656258994,0.02631578947368421,1.0,0.0,0.9375,0.6987529228371017,0.6025104602510458,0.9569258671503063,0.8597353497164448,0.0,1.0,0.0,0.0,0.0,0.0,0.0,0.0,0.0,0.0,0.0,0.0,1.0,0.0,0.0,0.0,0.0,0.0,0.0,0.0,0.0,0.0,1.0,1.0,0.0
247,0.2839506172839506,0.0,0.0,1.0,0.22222222222222227,0.75,0.5474693214896542,0.05263157894736842,1.0,0.0,0.9375,0.6987529228371017,0.6025104602510458,0.9569258671503063,0.8597353497164448,0.0,0.0,0.0,0.0,1.0,0.0,0.0,0.0,0.0,0.0,0.0,0.0,1.0,0.0,0.0,0.0,0.0,1.0,0.0,0.0,0.0,0.0,0.0,1.0,0.0
248,0.3703703703703703,0.0,0.0,1.0,0.22222222222222227,0.75,0.4279079916652397,0.05263157894736842,1.0,0.0,0.9375,0.6987529228371017,0.6025104602510458,0.9569258671503063,0.8597353497164448,0.0,0.0,0.0,0.0,0.0,0.0,0.0,1.0,0.0,0.0,0.0,0.0,0.0,1.0,0.0,0.0,0.0,1.0,0.0,0.0,0.0,0.0,0.0,1.0,0.0
249,0.48148148148148145,1.0,0.0,1.0,0.22222222222222227,0.75,0.4648051454883613,0.05263157894736842,1.0,0.0,0.9375,0.6987529228371017,0.6025104602510458,0.9569258671503063,0.8597353497164448,0.0,0.0,1.0,0.0,0.0,0.0,0.0,0.0,0.0,0.0,0.0,0.0,1.0,0.0,0.0,0.0,0.0,0.0,0.0,0.0,1.0,0.0,0.0,1.0,0.0
250,0.3209876543209876,0.0,0.0,1.0,0.22222222222222227,0.75,0.7578691755478335,0.07894736842105263,1.0,0.0,0.9375,0.6987529228371017,0.6025104602510458,0.9569258671503063,0.8597353497164448,0.0,0.0,0.0,0.0,1.0,0.0,0.0,0.0,0.0,0.0,0.0,0.0,1.0,0.0,0.0,0.0,0.0,0.0,0.0,0.0,1.0,0.0,0.0,1.0,0.0
251,0.419753086419753,0.0,0.0,1.0,0.22222222222222227,0.75,0.7902499595124722,0.05263157894736842,1.0,0.0,0.9375,0.6987529228371017,0.6025104602510458,0.9569258671503063,0.8597353497164448,0.0,0.0,0.0,0.0,0.0,0.0,1.0,0.0,0.0,0.0,0.0,0.0,1.0,0.0,0.0,0.0,0.0,0.0,0.0,0.0,1.0,0.0,1.0,1.0,0.0
252,0.30864197530864196,1.0,0.0,1.0,0.22222222222222227,0.75,0.5977517620704379,0.05263157894736842,1.0,0.0,0.9375,0.6987529228371017,0.6025104602510458,0.9569258671503063,0.8597353497164448,0.0,1.0,0.0,0.0,0.0,0.0,0.0,0.0,0.0,0.0,0.0,0.0,1.0,0.0,0.0,0.0,0.0,0.0,0.0,0.0,0.0,0.0,1.0,1.0,0.0
253,0.2345679012345679,1.0,0.0,1.0,0.22222222222222227,0.75,0.5463436176888766,0.05263157894736842,1.0,0.0,0.9375,0.6987529228371017,0.6025104602510458,0.9569258671503063,0.8597353497164448,0.0,0.0,0.0,0.0,0.0,0.0,0.0,0.0,0.0,0.0,0.0,0.0,1.0,0.0,0.0,0.0,0.0,1.0,0.0,0.0,0.0,0.0,0.0,1.0,0.0
254,0.25925925925925924,1.0,0.0,1.0,0.22222222222222227,0.75,0.6661632026103997,0.07894736842105263,1.0,0.0,0.9375,0.6987529228371017,0.6025104602510458,0.9569258671503063,0.8597353497164448,0.0,0.0,0.0,0.0,0.0,0.0,0.0,0.0,0.0,1.0,0.0,0.0,0.0,0.0,0.0,0.0,0.0,0.0,0.0,1.0,0.0,0.0,0.0,1.0,0.0
255,0.4567901234567901,0.0,0.0,1.0,0.22222222222222227,0.75,0.6278820898893921,0.05263157894736842,1.0,0.0,0.9375,0.6987529228371017,0.6025104602510458,0.9569258671503063,0.8597353497164448,0.0,0.0,0.0,0.0,0.0,0.0,0.0,0.0,0.0,1.0,0.0,0.0,1.0,0.0,0.0,0.0,1.0,0.0,0.0,0.0,0.0,0.0,0.0,1.0,0.0
256,0.16049382716049382,1.0,0.0,1.0,0.22222222222222227,1.0,0.5540062892371289,0.07894736842105263,1.0,0.0,0.9375,0.6987529228371017,0.6025104602510458,0.9569258671503063,0.8597353497164448,0.0,0.0,0.0,0.0,0.0,0.0,0.0,0.0,0.0,0.0,0.0,0.0,1.0,0.0,0.0,0.0,0.0,1.0,0.0,0.0,0.0,0.0,0.0,1.0,0.0
257,0.3333333333333333,0.0,1.0,1.0,0.22222222222222227,1.0,0.6255978404568726,0.07894736842105263,1.0,0.0,0.9375,0.6987529228371017,0.6025104602510458,0.9569258671503063,0.8597353497164448,0.0,0.0,0.0,0.0,0.0,0.0,0.0,0.0,0.0,1.0,0.0,0.0,1.0,0.0,0.0,0.0,0.0,0.0,0.0,1.0,0.0,0.0,1.0,1.0,0.0
258,0.18518518518518517,0.0,0.0,1.0,0.22222222222222227,1.0,0.7559809303588871,0.07894736842105263,1.0,0.0,0.9375,0.6987529228371017,0.6025104602510458,0.9569258671503063,0.8597353497164448,1.0,0.0,0.0,0.0,0.0,0.0,0.0,0.0,0.0,0.0,0.0,1.0,0.0,0.0,1.0,0.0,0.0,0.0,0.0,0.0,1.0,0.0,0.0,1.0,0.0
259,0.19753086419753085,0.0,0.0,1.0,0.22222222222222227,1.0,0.7272304821327134,0.05263157894736842,1.0,0.0,0.9375,0.6987529228371017,0.6025104602510458,0.9569258671503063,0.8597353497164448,1.0,0.0,0.0,0.0,0.0,0.0,0.0,1.0,0.0,0.0,0.0,0.0,1.0,0.0,0.0,0.0,0.0,1.0,0.0,0.0,0.0,0.0,1.0,1.0,0.0
260,0.419753086419753,1.0,0.0,1.0,0.22222222222222227,1.0,0.4776508205223571,0.02631578947368421,1.0,0.0,0.9375,0.6987529228371017,0.6025104602510458,0.9569258671503063,0.8597353497164448,0.0,0.0,0.0,0.0,0.0,0.0,0.0,1.0,0.0,0.0,0.0,0.0,1.0,0.0,0.0,0.0,0.0,1.0,0.0,0.0,0.0,0.0,0.0,1.0,0.0
261,0.24691358024691357,1.0,1.0,1.0,0.22222222222222227,1.0,0.3786529388331377,0.0,1.0,0.0,0.9375,0.6987529228371017,0.6025104602510458,0.9569258671503063,0.8597353497164448,0.0,0.0,0.0,0.0,0.0,0.0,1.0,0.0,0.0,0.0,0.0,0.0,1.0,0.0,0.0,0.0,1.0,0.0,0.0,0.0,0.0,0.0,0.0,1.0,0.0
262,0.19753086419753085,0.0,1.0,1.0,0.22222222222222227,1.0,0.5014409845439322,0.0,1.0,0.0,0.9375,0.6987529228371017,0.6025104602510458,0.9569258671503063,0.8597353497164448,0.0,0.0,0.0,0.0,1.0,0.0,0.0,0.0,0.0,0.0,0.0,0.0,1.0,0.0,0.0,0.0,0.0,0.0,0.0,0.0,1.0,0.0,0.0,1.0,0.0
263,0.5185185185185184,0.0,0.0,1.0,0.22222222222222227,1.0,0.7637156034873523,0.02631578947368421,1.0,0.0,0.9375,0.6987529228371017,0.6025104602510458,0.9569258671503063,0.8597353497164448,0.0,0.0,0.0,0.0,1.0,0.0,0.0,0.0,0.0,0.0,0.0,0.0,1.0,0.0,0.0,0.0,0.0,0.0,0.0,0.0,1.0,0.0,0.0,1.0,0.0
264,0.18518518518518517,1.0,0.0,1.0,0.22222222222222227,1.0,0.5212197964741162,0.02631578947368421,1.0,0.0,0.9375,0.6987529228371017,0.6025104602510458,0.9569258671503063,0.8597353497164448,0.0,0.0,0.0,0.0,0.0,0.0,0.0,0.0,0.0,0.0,0.0,0.0,1.0,0.0,0.0,0.0,0.0,1.0,0.0,0.0,0.0,0.0,0.0,1.0,0.0
265,0.25925925925925924,0.0,0.0,1.0,0.22222222222222227,1.0,0.7823065699998472,0.0,1.0,0.0,0.9375,0.6987529228371017,0.6025104602510458,0.9569258671503063,0.8597353497164448,1.0,0.0,0.0,0.0,1.0,0.0,0.0,0.0,0.0,0.0,0.0,0.0,1.0,0.0,0.0,0.0,1.0,0.0,0.0,0.0,0.0,0.0,1.0,1.0,0.0
266,0.34567901234567905,1.0,0.0,1.0,0.22222222222222227,1.0,0.5429003918915096,0.0,1.0,0.0,0.9375,0.6987529228371017,0.6025104602510458,0.9569258671503063,0.8597353497164448,0.0,0.0,0.0,0.0,1.0,0.0,0.0,0.0,0.0,0.0,0.0,0.0,1.0,0.0,0.0,0.0,0.0,0.0,0.0,0.0,0.0,0.0,1.0,1.0,0.0
267,0.5308641975308641,0.0,0.0,1.0,0.22222222222222227,1.0,0.8040579605513718,0.05263157894736842,1.0,0.0,0.9375,0.6987529228371017,0.6025104602510458,0.9569258671503063,0.8597353497164448,1.0,0.0,0.0,1.0,0.0,0.0,0.0,0.0,0.0,0.0,0.0,0.0,1.0,0.0,0.0,0.0,0.0,1.0,0.0,0.0,0.0,0.0,1.0,1.0,0.0
268,0.18518518518518517,0.0,0.0,1.0,0.22222222222222227,1.0,0.3636152410663567,0.05263157894736842,1.0,0.0,0.9375,0.6987529228371017,0.6025104602510458,0.9569258671503063,0.8597353497164448,0.0,0.0,0.0,0.0,0.0,0.0,0.0,0.0,1.0,0.0,0.0,0.0,0.0,1.0,0.0,0.0,0.0,0.0,0.0,0.0,1.0,0.0,0.0,1.0,0.0
269,0.2716049382716049,1.0,0.0,1.0,0.22222222222222227,1.0,0.6518473654724107,0.0,1.0,0.0,0.9375,0.6987529228371017,0.6025104602510458,0.9569258671503063,0.8597353497164448,0.0,0.0,0.0,0.0,0.0,0.0,0.0,0.0,0.0,0.0,1.0,0.0,0.0,1.0,0.0,0.0,1.0,0.0,0.0,0.0,0.0,0.0,1.0,1.0,0.0
270,0.08641975308641975,0.0,0.0,1.0,0.22222222222222227,1.0,0.7079981124787547,0.0,1.0,0.0,0.9375,0.6987529228371017,0.6025104602510458,0.9569258671503063,0.8597353497164448,0.0,0.0,0.0,0.0,0.0,0.0,0.0,0.0,0.0,1.0,0.0,0.0,0.0,1.0,0.0,0.0,0.0,0.0,0.0,1.0,0.0,0.0,0.0,1.0,0.0
271,0.09876543209876543,0.0,0.0,1.0,0.22222222222222227,1.0,0.5047088377203057,0.02631578947368421,1.0,0.0,0.9375,0.6987529228371017,0.6025104602510458,0.9569258671503063,0.8597353497164448,0.0,0.0,0.0,0.0,0.0,0.0,0.0,1.0,0.0,0.0,0.0,0.0,0.0,0.0,0.0,0.0,0.0,1.0,0.0,0.0,0.0,0.0,0.0,1.0,0.0
272,0.2222222222222222,1.0,1.0,1.0,0.22222222222222227,1.0,0.7724714929012056,0.0,1.0,0.0,0.9375,0.6987529228371017,0.6025104602510458,0.9569258671503063,0.8597353497164448,1.0,1.0,0.0,0.0,0.0,0.0,0.0,0.0,0.0,0.0,0.0,0.0,1.0,0.0,0.0,0.0,0.0,0.0,0.0,1.0,0.0,0.0,0.0,1.0,0.0
273,0.2345679012345679,1.0,0.0,1.0,0.22222222222222227,1.0,0.771641319028872,0.0,1.0,0.0,0.9375,0.6987529228371017,0.6025104602510458,0.9569258671503063,0.8597353497164448,0.0,0.0,0.0,0.0,0.0,0.0,0.0,0.0,0.0,0.0,1.0,0.0,0.0,0.0,0.0,0.0,0.0,0.0,0.0,1.0,0.0,0.0,1.0,1.0,0.0
274,0.1728395061728395,0.0,0.0,1.0,0.22222222222222227,1.0,0.6863788332730624,0.0,1.0,0.0,0.9375,0.6987529228371017,0.6025104602510458,0.9569258671503063,0.8597353497164448,0.0,0.0,1.0,0.0,0.0,0.0,0.0,0.0,0.0,0.0,0.0,0.0,0.0,1.0,0.0,0.0,1.0,0.0,0.0,0.0,0.0,0.0,0.0,1.0,0.0
275,0.35802469135802467,0.0,0.0,1.0,0.22222222222222227,1.0,0.6412337233355714,0.0,1.0,0.0,0.9375,0.6987529228371017,0.6025104602510458,0.9569258671503063,0.8597353497164448,0.0,0.0,0.0,0.0,0.0,0.0,0.0,0.0,0.0,0.0,0.0,1.0,1.0,0.0,0.0,0.0,0.0,0.0,0.0,0.0,0.0,0.0,1.0,1.0,0.0
276,0.2716049382716049,1.0,0.0,1.0,0.22222222222222227,1.0,0.726499069520548,0.02631578947368421,1.0,0.0,0.9375,0.6987529228371017,0.6025104602510458,0.9569258671503063,0.8597353497164448,0.0,1.0,0.0,0.0,0.0,0.0,0.0,0.0,0.0,0.0,0.0,0.0,1.0,0.0,0.0,0.0,0.0,1.0,0.0,0.0,0.0,0.0,0.0,1.0,0.0
277,0.2222222222222222,0.0,0.0,1.0,0.22222222222222227,1.0,0.5344511608683252,0.02631578947368421,1.0,0.0,0.9375,0.6987529228371017,0.6025104602510458,0.9569258671503063,0.8597353497164448,0.0,0.0,0.0,0.0,0.0,0.0,0.0,0.0,0.0,1.0,0.0,0.0,0.0,0.0,0.0,0.0,0.0,1.0,0.0,0.0,0.0,0.0,0.0,1.0,0.0
278,0.18518518518518517,0.0,1.0,1.0,0.22222222222222227,1.0,0.5331930189342876,0.02631578947368421,1.0,0.0,0.9375,0.6987529228371017,0.6025104602510458,0.9569258671503063,0.8597353497164448,0.0,1.0,0.0,0.0,0.0,0.0,0.0,0.0,0.0,0.0,0.0,0.0,1.0,0.0,0.0,0.0,0.0,1.0,0.0,0.0,0.0,0.0,0.0,1.0,0.0
279,0.2222222222222222,1.0,1.0,1.0,0.22222222222222227,1.0,0.634480182683441,0.0,1.0,0.0,0.9375,0.6987529228371017,0.6025104602510458,0.9569258671503063,0.8597353497164448,0.0,0.0,0.0,0.0,1.0,0.0,0.0,0.0,0.0,0.0,0.0,0.0,1.0,0.0,0.0,0.0,0.0,0.0,0.0,0.0,1.0,0.0,0.0,1.0,0.0
280,0.19753086419753085,1.0,1.0,1.0,0.22222222222222227,1.0,0.8272838062203017,0.02631578947368421,1.0,0.0,0.9375,0.6987529228371017,0.6025104602510458,0.9569258671503063,0.8597353497164448,1.0,1.0,0.0,0.0,0.0,0.0,0.0,0.0,0.0,0.0,0.0,0.0,1.0,0.0,0.0,1.0,0.0,0.0,0.0,0.0,0.0,0.0,1.0,1.0,0.0
281,0.2716049382716049,1.0,0.0,1.0,0.22222222222222227,1.0,0.649517880450222,0.05263157894736842,1.0,0.0,0.9375,0.6987529228371017,0.6025104602510458,0.9569258671503063,0.8597353497164448,0.0,1.0,0.0,0.0,0.0,0.0,0.0,0.0,0.0,0.0,0.0,0.0,0.0,0.0,0.0,0.0,1.0,0.0,0.0,0.0,0.0,0.0,0.0,1.0,0.0
282,0.18518518518518517,1.0,0.0,1.0,0.22222222222222227,1.0,0.5529417104829256,0.0,1.0,0.0,0.9375,0.6987529228371017,0.6025104602510458,0.9569258671503063,0.8597353497164448,0.0,1.0,0.0,0.0,0.0,0.0,0.0,0.0,0.0,0.0,0.0,0.0,1.0,0.0,0.0,0.0,0.0,1.0,0.0,0.0,0.0,0.0,1.0,1.0,0.0
283,0.4074074074074074,0.0,0.0,1.0,0.22222222222222227,1.0,0.5496889184613623,0.0,1.0,0.0,0.9375,0.6987529228371017,0.6025104602510458,0.9569258671503063,0.8597353497164448,0.0,0.0,0.0,0.0,0.0,0.0,0.0,1.0,0.0,0.0,0.0,0.0,0.0,1.0,0.0,0.0,0.0,1.0,0.0,0.0,0.0,0.0,0.0,1.0,0.0
284,0.419753086419753,0.0,1.0,1.0,0.22222222222222227,1.0,0.7626413024182143,0.0,1.0,0.0,0.9375,0.6987529228371017,0.6025104602510458,0.9569258671503063,0.8597353497164448,1.0,1.0,0.0,0.0,0.0,0.0,0.0,0.0,0.0,0.0,0.0,0.0,1.0,0.0,0.0,0.0,1.0,0.0,0.0,0.0,0.0,0.0,0.0,1.0,0.0
285,0.2345679012345679,0.0,0.0,1.0,0.22222222222222227,1.0,0.5660820259952785,0.0,1.0,0.0,0.9375,0.6987529228371017,0.6025104602510458,0.9569258671503063,0.8597353497164448,0.0,0.0,0.0,0.0,0.0,0.0,0.0,0.0,0.0,0.0,1.0,0.0,0.0,1.0,0.0,0.0,0.0,0.0,0.0,0.0,0.0,0.0,1.0,1.0,0.0
286,0.16049382716049382,1.0,0.0,1.0,0.22222222222222227,1.0,0.6796549947166548,0.0,1.0,0.0,0.9375,0.6987529228371017,0.6025104602510458,0.9569258671503063,0.8597353497164448,0.0,1.0,0.0,0.0,0.0,0.0,0.0,0.0,0.0,0.0,0.0,0.0,0.0,1.0,0.0,0.0,1.0,0.0,0.0,0.0,0.0,0.0,0.0,1.0,0.0
287,0.09876543209876543,1.0,1.0,1.0,0.22222222222222227,1.0,0.5947922311468027,0.02631578947368421,1.0,0.0,0.9375,0.6987529228371017,0.6025104602510458,0.9569258671503063,0.8597353497164448,0.0,0.0,0.0,0.0,0.0,0.0,0.0,0.0,0.0,1.0,0.0,0.0,0.0,1.0,0.0,0.0,0.0,0.0,0.0,1.0,0.0,0.0,0.0,1.0,0.0
288,0.2222222222222222,0.0,0.0,1.0,0.22222222222222227,1.0,0.7242771433474918,0.02631578947368421,1.0,0.0,0.9375,0.6987529228371017,0.6025104602510458,0.9569258671503063,0.8597353497164448,0.0,0.0,0.0,0.0,0.0,0.0,0.0,0.0,0.0,0.0,1.0,0.0,1.0,0.0,0.0,0.0,1.0,0.0,0.0,0.0,0.0,0.0,1.0,1.0,0.0
289,0.30864197530864196,0.0,0.0,1.0,0.22222222222222227,1.0,0.5796182238056906,0.05263157894736842,1.0,0.0,0.9375,0.6987529228371017,0.6025104602510458,0.9569258671503063,0.8597353497164448,0.0,0.0,0.0,0.0,0.0,0.0,0.0,1.0,0.0,0.0,0.0,0.0,1.0,0.0,0.0,0.0,0.0,1.0,0.0,0.0,0.0,0.0,0.0,1.0,0.0
290,0.08641975308641975,0.0,1.0,1.0,0.22222222222222227,1.0,0.5770327318283031,0.0,1.0,0.0,0.9375,0.6987529228371017,0.6025104602510458,0.9569258671503063,0.8597353497164448,0.0,0.0,0.0,0.0,0.0,0.0,0.0,1.0,0.0,0.0,0.0,0.0,0.0,1.0,0.0,0.0,0.0,1.0,0.0,0.0,0.0,0.0,0.0,1.0,0.0
291,0.08641975308641975,1.0,0.0,1.0,0.22222222222222227,1.0,0.7628210353018958,0.0,1.0,0.0,0.9375,0.6987529228371017,0.6025104602510458,0.9569258671503063,0.8597353497164448,1.0,0.0,0.0,0.0,0.0,0.0,0.0,1.0,0.0,0.0,0.0,0.0,0.0,1.0,0.0,0.0,0.0,1.0,0.0,0.0,0.0,0.0,0.0,1.0,0.0
292,0.39506172839506176,0.0,0.0,1.0,0.22222222222222227,1.0,0.6172344610818086,0.0,1.0,0.0,0.9375,0.6987529228371017,0.6025104602510458,0.9569258671503063,0.8597353497164448,0.0,0.0,1.0,0.0,0.0,0.0,0.0,0.0,0.0,0.0,0.0,0.0,1.0,0.0,0.0,0.0,0.0,1.0,0.0,0.0,0.0,0.0,0.0,1.0,0.0
293,0.5308641975308641,1.0,0.0,1.0,0.22222222222222227,1.0,0.4776508205223571,0.02631578947368421,1.0,0.0,0.9375,0.6987529228371017,0.6025104602510458,0.9569258671503063,0.8597353497164448,0.0,0.0,0.0,0.0,0.0,0.0,0.0,0.0,0.0,1.0,0.0,0.0,0.0,0.0,0.0,0.0,0.0,0.0,0.0,1.0,0.0,0.0,1.0,1.0,0.0
294,0.2839506172839506,0.0,0.0,1.0,0.22222222222222227,1.0,0.6166136936809081,0.0,1.0,0.0,0.9375,0.6987529228371017,0.6025104602510458,0.9569258671503063,0.8597353497164448,0.0,0.0,0.0,1.0,0.0,0.0,0.0,0.0,0.0,0.0,0.0,0.0,0.0,0.0,0.0,0.0,0.0,1.0,0.0,0.0,0.0,0.0,0.0,1.0,0.0
295,0.16049382716049382,1.0,0.0,1.0,0.22222222222222227,1.0,0.5154803582186305,0.07894736842105263,1.0,0.0,0.9375,0.6987529228371017,0.6025104602510458,0.9569258671503063,0.8597353497164448,0.0,1.0,0.0,0.0,0.0,0.0,0.0,0.0,0.0,0.0,0.0,0.0,1.0,0.0,0.0,0.0,1.0,0.0,0.0,0.0,0.0,0.0,0.0,1.0,0.0
296,0.18518518518518517,0.0,1.0,1.0,0.22222222222222227,1.0,0.8745299784597698,0.02631578947368421,1.0,0.0,0.9375,0.6987529228371017,0.6025104602510458,0.9569258671503063,0.8597353497164448,1.0,0.0,0.0,0.0,0.0,0.0,0.0,0.0,0.0,0.0,0.0,0.0,1.0,0.0,0.0,0.0,0.0,0.0,0.0,0.0,1.0,0.0,0.0,1.0,0.0
297,0.3209876543209876,0.0,0.0,1.0,0.22222222222222227,1.0,0.506309340633733,0.0,1.0,0.0,0.9375,0.6987529228371017,0.6025104602510458,0.9569258671503063,0.8597353497164448,0.0,1.0,0.0,0.0,0.0,0.0,0.0,0.0,0.0,0.0,0.0,0.0,1.0,0.0,0.0,0.0,0.0,0.0,0.0,0.0,0.0,0.0,1.0,1.0,0.0
298,0.16049382716049382,1.0,0.0,1.0,0.22222222222222227,1.0,0.6513851442510553,0.0,1.0,0.0,0.9375,0.6987529228371017,0.6025104602510458,0.9569258671503063,0.8597353497164448,0.0,0.0,0.0,0.0,0.0,0.0,0.0,0.0,0.0,1.0,0.0,0.0,1.0,0.0,0.0,0.0,0.0,0.0,0.0,1.0,0.0,0.0,0.0,1.0,0.0
299,0.43209876543209874,0.0,0.0,1.0,0.22222222222222227,1.0,0.7569288416079759,0.0,1.0,0.0,0.9375,0.6987529228371017,0.6025104602510458,0.9569258671503063,0.8597353497164448,0.0,0.0,0.0,0.0,0.0,0.0,0.0,0.0,0.0,0.0,0.0,0.0,1.0,0.0,0.0,0.0,0.0,0.0,0.0,0.0,1.0,0.0,0.0,1.0,0.0
300,0.4444444444444445,0.0,0.0,1.0,0.22222222222222227,1.0,0.7062681526322143,0.02631578947368421,1.0,0.0,0.9375,0.6987529228371017,0.6025104602510458,0.9569258671503063,0.8597353497164448,0.0,0.0,0.0,0.0,0.0,0.0,1.0,0.0,0.0,0.0,0.0,0.0,1.0,0.0,0.0,0.0,0.0,0.0,0.0,0.0,1.0,0.0,0.0,1.0,0.0
301,0.34567901234567905,0.0,0.0,1.0,0.22222222222222227,1.0,0.661156696006206,0.0,1.0,0.0,0.9375,0.6987529228371017,0.6025104602510458,0.9569258671503063,0.8597353497164448,0.0,1.0,0.0,0.0,0.0,0.0,0.0,0.0,0.0,0.0,0.0,0.0,1.0,0.0,0.0,0.0,1.0,0.0,0.0,0.0,0.0,0.0,1.0,1.0,0.0
302,0.1728395061728395,0.0,0.0,1.0,0.22222222222222227,1.0,0.5529417104829256,0.0,1.0,0.0,0.9375,0.6987529228371017,0.6025104602510458,0.9569258671503063,0.8597353497164448,0.0,1.0,0.0,0.0,0.0,0.0,0.0,0.0,0.0,0.0,0.0,0.0,1.0,0.0,0.0,0.0,1.0,0.0,0.0,0.0,0.0,0.0,0.0,1.0,0.0
303,0.09876543209876543,1.0,0.0,1.0,0.22222222222222227,1.0,0.6485730147319224,0.0,1.0,0.0,0.9375,0.6987529228371017,0.6025104602510458,0.9569258671503063,0.8597353497164448,0.0,1.0,0.0,0.0,0.0,0.0,0.0,0.0,0.0,0.0,0.0,0.0,0.0,1.0,0.0,0.0,0.0,0.0,0.0,0.0,0.0,0.0,0.0,1.0,0.0
304,0.3209876543209876,1.0,0.0,1.0,0.22222222222222227,1.0,0.8951289701810348,0.02631578947368421,1.0,0.0,0.9375,0.6987529228371017,0.6025104602510458,0.9569258671503063,0.8597353497164448,1.0,0.0,0.0,0.0,0.0,0.0,0.0,0.0,0.0,0.0,0.0,0.0,1.0,0.0,0.0,0.0,0.0,0.0,0.0,0.0,1.0,0.0,1.0,1.0,0.0
305,0.20987654320987653,1.0,0.0,1.0,0.22222222222222227,1.0,0.8188931009723918,0.02631578947368421,1.0,0.0,0.9375,0.6987529228371017,0.6025104602510458,0.9569258671503063,0.8597353497164448,0.0,1.0,0.0,0.0,0.0,0.0,0.0,0.0,0.0,0.0,0.0,0.0,1.0,0.0,0.0,0.0,1.0,0.0,0.0,0.0,0.0,0.0,1.0,1.0,0.0
306,0.43209876543209874,1.0,0.0,1.0,0.22222222222222227,1.0,0.5571434124691511,0.07894736842105263,1.0,0.0,0.9375,0.6987529228371017,0.6025104602510458,0.9569258671503063,0.8597353497164448,0.0,0.0,0.0,0.0,1.0,0.0,0.0,0.0,0.0,0.0,0.0,0.0,1.0,0.0,0.0,0.0,0.0,1.0,0.0,0.0,0.0,0.0,1.0,1.0,0.0
307,0.16049382716049382,0.0,0.0,1.0,0.22222222222222227,1.0,0.664102989715846,0.02631578947368421,1.0,0.0,0.9375,0.6987529228371017,0.6025104602510458,0.9569258671503063,0.8597353497164448,0.0,0.0,0.0,0.0,0.0,0.0,0.0,0.0,0.0,1.0,0.0,0.0,1.0,0.0,0.0,0.0,0.0,0.0,0.0,0.0,1.0,0.0,0.0,1.0,0.0
308,0.3333333333333333,1.0,0.0,1.0,0.22222222222222227,1.0,0.7647801822415556,0.02631578947368421,1.0,0.0,0.9375,0.6987529228371017,0.6025104602510458,0.9569258671503063,0.8597353497164448,1.0,1.0,0.0,0.0,0.0,0.0,0.0,0.0,0.0,0.0,0.0,0.0,0.0,1.0,0.0,1.0,0.0,0.0,0.0,0.0,0.0,0.0,1.0,1.0,0.0
309,0.18518518518518517,1.0,0.0,1.0,0.22222222222222227,1.0,0.7036245548746948,0.0,1.0,0.0,0.9375,0.6987529228371017,0.6025104602510458,0.9569258671503063,0.8597353497164448,0.0,0.0,0.0,0.0,0.0,0.0,0.0,0.0,0.0,0.0,0.0,0.0,0.0,1.0,0.0,0.0,0.0,0.0,0.0,0.0,1.0,0.0,0.0,1.0,0.0
310,0.12345679012345678,1.0,0.0,1.0,0.22222222222222227,1.0,0.5796182238056906,0.02631578947368421,1.0,0.0,0.9375,0.6987529228371017,0.6025104602510458,0.9569258671503063,0.8597353497164448,0.0,0.0,0.0,0.0,0.0,0.0,0.0,0.0,0.0,0.0,0.0,0.0,0.0,1.0,0.0,0.0,0.0,1.0,0.0,0.0,0.0,0.0,0.0,1.0,0.0
311,0.19753086419753085,1.0,1.0,1.0,0.22222222222222227,1.0,0.6607297076989791,0.02631578947368421,1.0,0.0,0.9375,0.6987529228371017,0.6025104602510458,0.9569258671503063,0.8597353497164448,0.0,0.0,0.0,0.0,1.0,0.0,0.0,0.0,0.0,0.0,0.0,0.0,0.0,1.0,0.0,0.0,0.0,0.0,0.0,0.0,1.0,0.0,0.0,1.0,0.0
312,0.48148148148148145,0.0,0.0,1.0,0.22222222222222227,1.0,0.5601990426951532,0.0,1.0,0.0,0.9375,0.6987529228371017,0.6025104602510458,0.9569258671503063,0.8597353497164448,0.0,1.0,0.0,0.0,0.0,0.0,0.0,0.0,0.0,0.0,0.0,0.0,1.0,0.0,0.0,0.0,0.0,0.0,0.0,0.0,0.0,0.0,1.0,1.0,0.0
313,0.24691358024691357,0.0,0.0,1.0,0.22222222222222227,1.0,0.5725931427044147,0.02631578947368421,1.0,0.0,0.9375,0.6987529228371017,0.6025104602510458,0.9569258671503063,0.8597353497164448,0.0,0.0,1.0,0.0,0.0,0.0,0.0,0.0,0.0,0.0,0.0,0.0,0.0,1.0,0.0,0.0,0.0,0.0,0.0,0.0,1.0,0.0,0.0,1.0,0.0
314,0.4691358024691357,0.5,0.5,1.0,0.22222222222222227,1.0,0.5878478128342483,0.15789473684210525,1.0,0.0,0.9375,0.6987529228371017,0.6025104602510458,0.9569258671503063,0.8597353497164448,0.0,0.0,0.0,0.0,0.0,0.0,0.0,0.0,0.0,0.0,1.0,0.0,0.0,1.0,0.0,0.0,0.0,0.0,0.0,0.0,0.0,0.0,1.0,1.0,0.0
315,0.3209876543209876,0.0,0.0,1.0,0.22222222222222227,1.0,0.5902084636135368,0.0,1.0,0.0,0.9375,0.6987529228371017,0.6025104602510458,0.9569258671503063,0.8597353497164448,0.0,0.0,0.0,0.0,0.0,0.0,0.0,0.0,0.0,1.0,0.0,0.0,0.0,1.0,0.0,0.0,0.0,0.0,0.0,1.0,0.0,0.0,0.0,1.0,0.0
316,0.14814814814814814,0.5,0.5,1.0,0.22222222222222227,1.0,0.664102989715846,0.02631578947368421,1.0,0.0,0.9375,0.6987529228371017,0.6025104602510458,0.9569258671503063,0.8597353497164448,0.0,0.0,0.0,0.0,0.0,0.0,0.0,0.0,0.0,0.0,0.0,1.0,1.0,0.0,0.0,0.0,0.0,0.0,0.0,0.0,1.0,0.0,0.0,1.0,0.0
317,0.4567901234567901,0.0,0.0,1.0,0.22222222222222227,1.0,0.6877466992608396,0.21052631578947367,1.0,0.0,0.9375,0.6987529228371017,0.6025104602510458,0.9569258671503063,0.8597353497164448,0.0,0.0,0.0,0.0,1.0,0.0,0.0,0.0,0.0,0.0,0.0,0.0,1.0,0.0,0.0,0.0,0.0,0.0,0.0,0.0,0.0,0.0,1.0,1.0,0.0
318,0.20987654320987653,1.0,0.0,1.0,0.22222222222222227,1.0,0.77891004364839,0.15789473684210525,1.0,0.0,0.9375,0.6987529228371017,0.6025104602510458,0.9569258671503063,0.8597353497164448,0.0,1.0,0.0,0.0,0.0,0.0,0.0,0.0,0.0,0.0,0.0,0.0,1.0,0.0,0.0,0.0,0.0,0.0,0.0,0.0,0.0,0.0,0.0,1.0,0.0
319,0.13580246913580246,0.0,0.0,1.0,0.22222222222222227,1.0,0.5838049699531718,0.02631578947368421,1.0,0.0,0.9375,0.6987529228371017,0.6025104602510458,0.9569258671503063,0.8597353497164448,0.0,1.0,0.0,0.0,0.0,0.0,0.0,0.0,0.0,0.0,0.0,0.0,1.0,0.0,0.0,1.0,0.0,0.0,0.0,0.0,0.0,0.0,1.0,1.0,0.0
320,0.19753086419753085,0.0,1.0,1.0,0.22222222222222227,1.0,0.6312273906618776,0.02631578947368421,1.0,0.0,0.9375,0.6987529228371017,0.6025104602510458,0.9569258671503063,0.8597353497164448,0.0,0.0,0.0,0.0,0.0,0.0,0.0,0.0,0.0,1.0,0.0,0.0,0.0,1.0,0.0,0.0,0.0,1.0,0.0,0.0,0.0,0.0,0.0,1.0,0.0
321,0.30864197530864196,0.0,0.0,1.0,0.22222222222222227,1.0,0.56984667205054,0.02631578947368421,1.0,0.0,0.9375,0.6987529228371017,0.6025104602510458,0.9569258671503063,0.8597353497164448,0.0,0.0,0.0,0.0,0.0,0.0,0.0,0.0,0.0,0.0,0.0,0.0,1.0,0.0,0.0,0.0,0.0,0.0,0.0,0.0,1.0,0.0,0.0,1.0,0.0
322,0.2222222222222222,0.0,0.0,1.0,0.22222222222222227,1.0,0.6041504168690148,0.02631578947368421,1.0,0.0,0.9375,0.6987529228371017,0.6025104602510458,0.9569258671503063,0.8597353497164448,0.0,0.0,0.0,0.0,0.0,0.0,0.0,0.0,0.0,1.0,0.0,0.0,1.0,0.0,0.0,0.0,0.0,0.0,0.0,1.0,0.0,0.0,0.0,1.0,0.0
323,0.35802469135802467,1.0,1.0,1.0,0.22222222222222227,1.0,0.5716847586578249,0.05263157894736842,1.0,0.0,0.9375,0.6987529228371017,0.6025104602510458,0.9569258671503063,0.8597353497164448,0.0,1.0,0.0,0.0,0.0,0.0,0.0,0.0,0.0,0.0,0.0,0.0,1.0,0.0,0.0,0.0,1.0,0.0,0.0,0.0,0.0,0.0,0.0,1.0,0.0
324,0.35802469135802467,1.0,0.0,1.0,0.22222222222222227,1.0,0.6128186823313415,0.15789473684210525,1.0,0.0,0.9375,0.6987529228371017,0.6025104602510458,0.9569258671503063,0.8597353497164448,0.0,0.0,0.0,0.0,0.0,0.0,1.0,0.0,0.0,0.0,0.0,0.0,1.0,0.0,0.0,0.0,1.0,0.0,0.0,0.0,0.0,0.0,1.0,1.0,0.0
325,0.38271604938271603,0.0,0.0,1.0,0.22222222222222227,1.0,0.6476204981957939,0.07894736842105263,1.0,0.0,0.9375,0.6987529228371017,0.6025104602510458,0.9569258671503063,0.8597353497164448,0.0,1.0,0.0,0.0,0.0,0.0,0.0,0.0,0.0,0.0,0.0,0.0,1.0,0.0,0.0,0.0,0.0,0.0,0.0,1.0,0.0,0.0,0.0,1.0,0.0
326,0.24691358024691357,1.0,1.0,1.0,0.22222222222222227,1.0,0.5787626916748434,0.05263157894736842,1.0,0.0,0.9375,0.6987529228371017,0.6025104602510458,0.9569258671503063,0.8597353497164448,0.0,0.0,0.0,1.0,0.0,0.0,0.0,0.0,0.0,0.0,0.0,0.0,0.0,1.0,0.0,0.0,1.0,0.0,0.0,0.0,0.0,0.0,1.0,1.0,0.0
327,0.20987654320987653,1.0,1.0,1.0,0.22222222222222227,1.0,0.455389309605973,0.10526315789473684,1.0,0.0,0.9375,0.6987529228371017,0.6025104602510458,0.9569258671503063,0.8597353497164448,0.0,1.0,0.0,0.0,0.0,0.0,0.0,0.0,0.0,0.0,0.0,0.0,1.0,0.0,0.0,1.0,0.0,0.0,0.0,0.0,0.0,0.0,1.0,1.0,0.0
328,0.38271604938271603,0.0,1.0,1.0,0.22222222222222227,1.0,0.5862473099208212,0.05263157894736842,1.0,0.0,0.9375,0.6987529228371017,0.6025104602510458,0.9569258671503063,0.8597353497164448,0.0,0.0,0.0,0.0,0.0,0.0,0.0,0.0,0.0,0.0,0.0,0.0,1.0,0.0,0.0,0.0,1.0,0.0,0.0,0.0,0.0,0.0,0.0,1.0,0.0
329,0.09876543209876543,0.5,0.5,1.0,0.22222222222222227,1.0,0.6778197757555917,0.02631578947368421,1.0,0.0,0.9375,0.6987529228371017,0.6025104602510458,0.9569258671503063,0.8597353497164448,0.0,0.0,0.0,0.0,0.0,0.0,1.0,0.0,0.0,0.0,0.0,0.0,0.0,1.0,0.0,0.0,0.0,0.0,0.0,0.0,1.0,0.0,0.0,1.0,0.0
330,0.13580246913580246,0.5,0.5,1.0,0.22222222222222227,1.0,0.5030862582093689,0.05263157894736842,1.0,0.0,0.9375,0.6987529228371017,0.6025104602510458,0.9569258671503063,0.8597353497164448,0.0,0.0,0.0,0.0,0.0,0.0,0.0,1.0,0.0,0.0,0.0,0.0,0.0,1.0,0.0,0.0,0.0,1.0,0.0,0.0,0.0,0.0,0.0,1.0,0.0
331,0.35802469135802467,0.0,0.0,1.0,0.22222222222222227,1.0,0.6796549947166548,0.10526315789473684,1.0,0.0,0.9375,0.6987529228371017,0.6025104602510458,0.9569258671503063,0.8597353497164448,0.0,0.0,0.0,1.0,0.0,0.0,0.0,0.0,0.0,0.0,0.0,0.0,1.0,0.0,0.0,0.0,1.0,0.0,0.0,0.0,0.0,0.0,0.0,1.0,0.0
332,0.29629629629629634,0.0,0.0,1.0,0.22222222222222227,1.0,0.5932840675469451,0.02631578947368421,1.0,0.0,0.9375,0.6987529228371017,0.6025104602510458,0.9569258671503063,0.8597353497164448,0.0,0.0,0.0,0.0,1.0,0.0,0.0,0.0,0.0,0.0,0.0,0.0,0.0,1.0,0.0,0.0,0.0,0.0,0.0,0.0,0.0,1.0,0.0,1.0,0.0
333,0.2222222222222222,0.0,1.0,1.0,0.22222222222222227,1.0,0.5452070373544604,0.05263157894736842,1.0,0.0,0.9375,0.6987529228371017,0.6025104602510458,0.9569258671503063,0.8597353497164448,0.0,0.0,0.0,0.0,0.0,0.0,0.0,0.0,0.0,1.0,0.0,0.0,0.0,0.0,0.0,0.0,0.0,0.0,0.0,1.0,0.0,0.0,0.0,1.0,0.0
334,0.3209876543209876,1.0,1.0,1.0,0.22222222222222227,0.0,0.5894268318375645,0.13157894736842105,1.0,0.0,0.9375,0.6987529228371017,0.6025104602510458,0.9573792790750397,0.8597353497164448,0.0,1.0,0.0,0.0,0.0,0.0,0.0,0.0,0.0,0.0,0.0,0.0,1.0,0.0,0.0,0.0,0.0,0.0,0.0,0.0,0.0,0.0,1.0,1.0,0.0
335,0.14814814814814814,1.0,0.0,1.0,0.22222222222222227,0.0,0.5154803582186305,0.13157894736842105,1.0,0.0,0.9375,0.6987529228371017,0.6025104602510458,0.9573792790750397,0.8597353497164448,0.0,1.0,0.0,0.0,0.0,0.0,0.0,0.0,0.0,0.0,0.0,0.0,1.0,0.0,0.0,0.0,0.0,0.0,0.0,1.0,0.0,0.0,1.0,1.0,0.0
336,0.5185185185185184,0.0,0.0,1.0,0.22222222222222227,0.0,0.7215031956410405,0.10526315789473684,1.0,0.0,0.9375,0.6987529228371017,0.6025104602510458,0.9573792790750397,0.8597353497164448,1.0,0.0,0.0,0.0,1.0,0.0,0.0,0.0,0.0,0.0,0.0,0.0,1.0,0.0,0.0,0.0,0.0,0.0,0.0,0.0,1.0,0.0,0.0,1.0,0.0
337,0.2716049382716049,1.0,0.0,1.0,0.22222222222222227,0.0,0.7048068276351993,0.05263157894736842,1.0,0.0,0.9375,0.6987529228371017,0.6025104602510458,0.9573792790750397,0.8597353497164448,0.0,1.0,0.0,0.0,0.0,0.0,0.0,0.0,0.0,0.0,0.0,0.0,1.0,0.0,0.0,1.0,0.0,0.0,0.0,0.0,0.0,0.0,1.0,1.0,0.0
338,0.34567901234567905,0.0,0.0,1.0,0.22222222222222227,0.0,0.5813108450867737,0.13157894736842105,1.0,0.0,0.9375,0.6987529228371017,0.6025104602510458,0.9573792790750397,0.8597353497164448,0.0,0.0,0.0,0.0,0.0,0.0,0.0,0.0,0.0,0.0,0.0,1.0,1.0,0.0,0.0,0.0,0.0,0.0,0.0,0.0,0.0,1.0,1.0,1.0,0.0
339,0.2345679012345679,0.0,0.0,1.0,0.22222222222222227,0.0,0.5581708002178327,0.10526315789473684,1.0,0.0,0.9375,0.6987529228371017,0.6025104602510458,0.9573792790750397,0.8597353497164448,0.0,1.0,0.0,0.0,0.0,0.0,0.0,0.0,0.0,0.0,0.0,0.0,1.0,0.0,0.0,0.0,0.0,0.0,0.0,0.0,0.0,0.0,1.0,1.0,0.0
340,0.24691358024691357,1.0,0.0,1.0,0.22222222222222227,0.0,0.481638834621511,0.07894736842105263,1.0,0.0,0.9375,0.6987529228371017,0.6025104602510458,0.9573792790750397,0.8597353497164448,0.0,1.0,0.0,0.0,0.0,0.0,0.0,0.0,0.0,0.0,0.0,0.0,1.0,0.0,0.0,0.0,0.0,0.0,0.0,0.0,0.0,0.0,0.0,1.0,0.0
341,0.2222222222222222,1.0,0.0,1.0,0.22222222222222227,0.0,0.4776508205223571,0.02631578947368421,1.0,0.0,0.9375,0.6987529228371017,0.6025104602510458,0.9573792790750397,0.8597353497164448,0.0,0.0,0.0,0.0,0.0,0.0,0.0,0.0,0.0,0.0,0.0,0.0,0.0,1.0,0.0,1.0,0.0,0.0,0.0,0.0,0.0,0.0,0.0,1.0,0.0
342,0.18518518518518517,1.0,0.0,1.0,0.22222222222222227,0.0,0.703921238889424,0.05263157894736842,1.0,0.0,0.9375,0.6987529228371017,0.6025104602510458,0.9573792790750397,0.8597353497164448,0.0,0.0,0.0,0.0,0.0,0.0,0.0,0.0,0.0,0.0,0.0,0.0,1.0,0.0,0.0,0.0,0.0,1.0,0.0,0.0,0.0,0.0,0.0,1.0,0.0
343,0.34567901234567905,0.0,0.0,1.0,0.22222222222222227,0.0,0.5641535377316825,0.02631578947368421,1.0,0.0,0.9375,0.6987529228371017,0.6025104602510458,0.9573792790750397,0.8597353497164448,0.0,0.0,0.0,0.0,0.0,0.0,0.0,0.0,0.0,0.0,1.0,0.0,1.0,0.0,0.0,0.0,0.0,1.0,0.0,0.0,0.0,0.0,1.0,1.0,0.0
344,0.08641975308641975,0.0,0.0,1.0,0.22222222222222227,0.0,0.7800014312600416,0.02631578947368421,1.0,0.0,0.9375,0.6987529228371017,0.6025104602510458,0.9573792790750397,0.8597353497164448,1.0,0.0,0.0,0.0,0.0,0.0,0.0,1.0,0.0,0.0,0.0,0.0,0.0,1.0,0.0,0.0,0.0,1.0,0.0,0.0,0.0,0.0,0.0,1.0,0.0
345,0.2716049382716049,0.0,0.0,1.0,0.22222222222222227,0.0,0.7779664411331088,0.13157894736842105,1.0,0.0,0.9375,0.6987529228371017,0.6025104602510458,0.9573792790750397,0.8597353497164448,1.0,0.0,0.0,0.0,0.0,0.0,0.0,0.0,0.0,0.0,0.0,0.0,1.0,0.0,0.0,0.0,0.0,0.0,0.0,0.0,1.0,0.0,0.0,1.0,0.0
346,0.18518518518518517,0.0,0.0,1.0,0.22222222222222227,0.0,0.6250197795910157,0.0,1.0,0.0,0.9375,0.6987529228371017,0.6025104602510458,0.9573792790750397,0.8597353497164448,0.0,1.0,0.0,0.0,0.0,0.0,0.0,0.0,0.0,0.0,0.0,0.0,1.0,0.0,0.0,0.0,0.0,0.0,0.0,1.0,0.0,0.0,0.0,1.0,0.0
347,0.3703703703703703,0.0,0.0,1.0,0.22222222222222227,0.0,0.573494565885327,0.05263157894736842,1.0,0.0,0.9375,0.6987529228371017,0.6025104602510458,0.9573792790750397,0.8597353497164448,0.0,0.0,0.0,0.0,0.0,0.0,0.0,0.0,0.0,1.0,0.0,0.0,0.0,0.0,0.0,0.0,0.0,0.0,0.0,0.0,1.0,0.0,0.0,1.0,0.0
348,0.35802469135802467,0.0,1.0,1.0,0.22222222222222227,0.0,0.5689167450775122,0.0,1.0,0.0,0.9375,0.6987529228371017,0.6025104602510458,0.9573792790750397,0.8597353497164448,0.0,1.0,0.0,0.0,0.0,0.0,0.0,0.0,0.0,0.0,0.0,0.0,1.0,0.0,0.0,0.0,0.0,0.0,0.0,0.0,0.0,0.0,1.0,1.0,0.0
349,0.30864197530864196,1.0,0.0,1.0,0.22222222222222227,0.0,0.5561069727294308,0.0,1.0,0.0,0.9375,0.6987529228371017,0.6025104602510458,0.9573792790750397,0.8597353497164448,0.0,0.0,0.0,0.0,1.0,0.0,0.0,0.0,0.0,0.0,0.0,0.0,1.0,0.0,0.0,0.0,0.0,0.0,0.0,0.0,1.0,0.0,0.0,1.0,0.0
350,0.2839506172839506,0.0,0.0,1.0,0.22222222222222227,0.0,0.6523077776041232,0.0,1.0,0.0,0.9375,0.6987529228371017,0.6025104602510458,0.9573792790750397,0.8597353497164448,0.0,0.0,0.0,0.0,0.0,0.0,0.0,1.0,0.0,0.0,0.0,0.0,1.0,0.0,0.0,0.0,0.0,1.0,0.0,0.0,0.0,0.0,1.0,1.0,0.0
351,0.2839506172839506,0.0,0.0,1.0,0.22222222222222227,0.0,0.48923083320309235,0.05263157894736842,1.0,0.0,0.9375,0.6987529228371017,0.6025104602510458,0.9573792790750397,0.8597353497164448,0.0,0.0,0.0,0.0,0.0,0.0,1.0,0.0,0.0,0.0,0.0,0.0,1.0,0.0,0.0,0.0,0.0,0.0,0.0,0.0,1.0,0.0,1.0,1.0,0.0
352,0.13580246913580246,0.0,0.0,1.0,0.22222222222222227,0.0,0.6673822306124111,0.13157894736842105,1.0,0.0,0.9375,0.6987529228371017,0.6025104602510458,0.9573792790750397,0.8597353497164448,0.0,0.0,0.0,0.0,1.0,0.0,0.0,0.0,0.0,0.0,0.0,0.0,0.0,1.0,0.0,0.0,0.0,0.0,0.0,0.0,0.0,1.0,0.0,1.0,0.0
353,0.29629629629629634,1.0,1.0,1.0,0.22222222222222227,0.0,0.8250829953569192,0.05263157894736842,1.0,0.0,0.9375,0.6987529228371017,0.6025104602510458,0.9573792790750397,0.8597353497164448,1.0,0.0,0.0,0.0,0.0,0.0,0.0,0.0,0.0,0.0,0.0,0.0,0.0,1.0,0.0,0.0,0.0,0.0,0.0,0.0,0.0,1.0,0.0,1.0,0.0
354,0.12345679012345678,0.5,0.5,1.0,0.22222222222222227,0.0,0.8599776607193179,0.07894736842105263,1.0,0.0,0.9375,0.6987529228371017,0.6025104602510458,0.9573792790750397,0.8597353497164448,0.0,0.0,0.0,0.0,0.0,0.0,0.0,0.0,0.0,0.0,0.0,0.0,0.0,1.0,0.0,0.0,0.0,1.0,0.0,0.0,0.0,0.0,1.0,1.0,0.0
355,0.24691358024691357,1.0,0.0,1.0,0.22222222222222227,0.0,0.7779664411331088,0.02631578947368421,1.0,0.0,0.9375,0.6987529228371017,0.6025104602510458,0.9573792790750397,0.8597353497164448,0.0,0.0,1.0,0.0,0.0,0.0,0.0,0.0,0.0,0.0,0.0,0.0,0.0,1.0,0.0,0.0,0.0,0.0,0.0,0.0,1.0,0.0,0.0,1.0,0.0
356,0.19753086419753085,1.0,0.0,1.0,0.22222222222222227,0.0,0.6770775956944137,0.0,1.0,0.0,0.9375,0.6987529228371017,0.6025104602510458,0.9573792790750397,0.8597353497164448,0.0,0.0,0.0,0.0,0.0,0.0,0.0,0.0,0.0,1.0,0.0,0.0,1.0,0.0,0.0,0.0,1.0,0.0,0.0,0.0,0.0,0.0,0.0,1.0,0.0
357,0.19753086419753085,0.0,0.0,1.0,0.22222222222222227,0.0,0.7296361927525703,0.0,1.0,0.0,0.9375,0.6987529228371017,0.6025104602510458,0.9573792790750397,0.8597353497164448,0.0,0.0,0.0,0.0,0.0,0.0,0.0,0.0,0.0,1.0,0.0,0.0,1.0,0.0,0.0,0.0,1.0,0.0,0.0,0.0,0.0,0.0,0.0,1.0,0.0
358,0.18518518518518517,1.0,0.0,1.0,0.22222222222222227,0.0,0.5752769507338984,0.0,1.0,0.0,0.9375,0.6987529228371017,0.6025104602510458,0.9573792790750397,0.8597353497164448,0.0,0.0,0.0,0.0,1.0,0.0,0.0,0.0,0.0,0.0,0.0,0.0,1.0,0.0,0.0,0.0,0.0,1.0,0.0,0.0,0.0,0.0,0.0,1.0,0.0
359,0.25925925925925924,0.0,0.0,1.0,0.22222222222222227,0.0,0.6238550656258994,0.02631578947368421,1.0,0.0,0.9375,0.6987529228371017,0.6025104602510458,0.9573792790750397,0.8597353497164448,0.0,0.0,0.0,0.0,0.0,0.0,0.0,0.0,0.0,0.0,1.0,0.0,1.0,0.0,0.0,0.0,1.0,0.0,0.0,0.0,0.0,0.0,1.0,1.0,0.0
360,0.16049382716049382,1.0,1.0,1.0,0.22222222222222227,0.0,0.599923549592398,0.07894736842105263,1.0,0.0,0.9375,0.6987529228371017,0.6025104602510458,0.9573792790750397,0.8597353497164448,0.0,1.0,0.0,0.0,0.0,0.0,0.0,0.0,0.0,0.0,0.0,0.0,0.0,1.0,0.0,0.0,1.0,0.0,0.0,0.0,0.0,0.0,0.0,1.0,0.0
361,0.14814814814814814,1.0,0.0,1.0,0.22222222222222227,0.0,0.5591892927228724,0.0,1.0,0.0,0.9375,0.6987529228371017,0.6025104602510458,0.9573792790750397,0.8597353497164448,0.0,0.0,0.0,0.0,0.0,0.0,0.0,0.0,0.0,0.0,0.0,0.0,0.0,1.0,0.0,0.0,0.0,1.0,0.0,0.0,0.0,0.0,0.0,1.0,0.0
362,0.38271604938271603,1.0,0.0,1.0,0.22222222222222227,0.0,0.7379108243682493,0.02631578947368421,1.0,0.0,0.9375,0.6987529228371017,0.6025104602510458,0.9573792790750397,0.8597353497164448,0.0,1.0,0.0,0.0,0.0,0.0,0.0,0.0,0.0,0.0,0.0,0.0,1.0,0.0,0.0,0.0,1.0,0.0,0.0,0.0,0.0,0.0,0.0,1.0,0.0
363,0.29629629629629634,1.0,0.0,1.0,0.22222222222222227,0.0,0.6485730147319224,0.02631578947368421,1.0,0.0,0.9375,0.6987529228371017,0.6025104602510458,0.9573792790750397,0.8597353497164448,0.0,1.0,0.0,0.0,0.0,0.0,0.0,0.0,0.0,0.0,0.0,0.0,1.0,0.0,0.0,0.0,0.0,0.0,0.0,0.0,0.0,0.0,0.0,1.0,0.0
364,0.34567901234567905,0.0,0.0,1.0,0.22222222222222227,0.0,0.540547610473664,0.02631578947368421,1.0,0.0,0.9375,0.6987529228371017,0.6025104602510458,0.9573792790750397,0.8597353497164448,0.0,0.0,0.0,0.0,1.0,0.0,0.0,0.0,0.0,0.0,0.0,0.0,1.0,0.0,0.0,0.0,0.0,0.0,0.0,1.0,0.0,0.0,0.0,1.0,0.0
365,0.09876543209876543,1.0,0.0,1.0,0.22222222222222227,0.0,0.4396813242736008,0.0,1.0,0.0,0.9375,0.6987529228371017,0.6025104602510458,0.9573792790750397,0.8597353497164448,0.0,1.0,0.0,0.0,0.0,0.0,0.0,0.0,0.0,0.0,0.0,0.0,1.0,0.0,0.0,0.0,1.0,0.0,0.0,0.0,0.0,0.0,0.0,1.0,0.0
366,0.1728395061728395,1.0,0.0,1.0,0.22222222222222227,0.0,0.5344511608683252,0.07894736842105263,1.0,0.0,0.9375,0.6987529228371017,0.6025104602510458,0.9573792790750397,0.8597353497164448,0.0,1.0,0.0,0.0,0.0,0.0,0.0,0.0,0.0,0.0,0.0,0.0,0.0,1.0,0.0,0.0,0.0,1.0,0.0,0.0,0.0,0.0,1.0,1.0,0.0
367,0.2345679012345679,1.0,0.0,1.0,0.22222222222222227,0.0,0.7036245548746948,0.05263157894736842,1.0,0.0,0.9375,0.6987529228371017,0.6025104602510458,0.9573792790750397,0.8597353497164448,0.0,0.0,0.0,0.0,0.0,0.0,0.0,1.0,0.0,0.0,0.0,0.0,1.0,0.0,0.0,0.0,0.0,1.0,0.0,0.0,0.0,0.0,1.0,1.0,0.0
368,0.419753086419753,1.0,0.0,1.0,0.22222222222222227,0.0,0.635013676339261,0.02631578947368421,1.0,0.0,0.9375,0.6987529228371017,0.6025104602510458,0.9573792790750397,0.8597353497164448,0.0,0.0,0.0,0.0,0.0,0.0,0.0,0.0,0.0,1.0,0.0,0.0,1.0,0.0,0.0,0.0,0.0,0.0,0.0,1.0,0.0,0.0,0.0,1.0,0.0
369,0.24691358024691357,1.0,0.0,1.0,0.22222222222222227,0.0,0.4529126886678098,0.05263157894736842,1.0,0.0,0.9375,0.6987529228371017,0.6025104602510458,0.9573792790750397,0.8597353497164448,0.0,0.0,0.0,0.0,0.0,0.0,0.0,0.0,0.0,1.0,0.0,0.0,1.0,0.0,0.0,0.0,1.0,0.0,0.0,0.0,0.0,0.0,1.0,1.0,0.0
370,0.34567901234567905,1.0,0.0,1.0,0.22222222222222227,0.0,0.6306764053478436,0.10526315789473684,1.0,0.0,0.9375,0.6987529228371017,0.6025104602510458,0.9573792790750397,0.8597353497164448,0.0,0.0,0.0,0.0,0.0,0.0,0.0,0.0,0.0,0.0,0.0,0.0,0.0,0.0,0.0,0.0,0.0,0.0,0.0,0.0,1.0,0.0,1.0,1.0,0.0
371,0.2716049382716049,1.0,0.0,1.0,0.22222222222222227,0.25,0.6128186823313415,0.13157894736842105,1.0,0.0,0.9375,0.6987529228371017,0.6025104602510458,0.9571525731126729,0.8597353497164448,0.0,1.0,0.0,0.0,0.0,0.0,0.0,0.0,0.0,0.0,0.0,0.0,0.0,0.0,0.0,0.0,1.0,0.0,0.0,0.0,0.0,0.0,0.0,1.0,0.0
372,0.14814814814814814,0.0,0.0,1.0,0.22222222222222227,0.25,0.5770327318283031,0.02631578947368421,1.0,0.0,0.9375,0.6987529228371017,0.6025104602510458,0.9571525731126729,0.8597353497164448,0.0,0.0,0.0,0.0,1.0,0.0,0.0,0.0,0.0,0.0,0.0,0.0,1.0,0.0,0.0,0.0,0.0,0.0,0.0,0.0,1.0,0.0,0.0,1.0,0.0
373,0.2716049382716049,0.0,0.0,1.0,0.22222222222222227,0.25,0.7322268613080786,0.07894736842105263,1.0,0.0,0.9375,0.6987529228371017,0.6025104602510458,0.9571525731126729,0.8597353497164448,1.0,1.0,0.0,0.0,0.0,0.0,0.0,0.0,0.0,0.0,0.0,0.0,1.0,0.0,0.0,0.0,1.0,0.0,0.0,0.0,0.0,0.0,1.0,1.0,0.0
374,0.30864197530864196,0.0,0.0,1.0,0.22222222222222227,0.25,0.6576965892230189,0.05263157894736842,1.0,0.0,0.9375,0.6987529228371017,0.6025104602510458,0.9571525731126729,0.8597353497164448,0.0,1.0,0.0,0.0,0.0,0.0,0.0,0.0,0.0,0.0,0.0,0.0,1.0,0.0,0.0,0.0,0.0,0.0,0.0,0.0,0.0,0.0,1.0,1.0,0.0
375,0.18518518518518517,0.0,0.0,1.0,0.22222222222222227,0.25,0.8476359711139019,0.0,1.0,0.0,0.9375,0.6987529228371017,0.6025104602510458,0.9571525731126729,0.8597353497164448,1.0,0.0,0.0,0.0,0.0,0.0,0.0,0.0,0.0,0.0,0.0,0.0,0.0,1.0,0.0,0.0,0.0,0.0,0.0,0.0,1.0,0.0,1.0,1.0,0.0
376,0.24691358024691357,0.0,1.0,1.0,0.22222222222222227,0.25,0.649517880450222,0.05263157894736842,1.0,0.0,0.9375,0.6987529228371017,0.6025104602510458,0.9571525731126729,0.8597353497164448,0.0,0.0,0.0,0.0,0.0,0.0,0.0,0.0,0.0,0.0,0.0,1.0,1.0,0.0,0.0,0.0,0.0,0.0,0.0,0.0,1.0,0.0,0.0,1.0,0.0
377,0.16049382716049382,1.0,0.0,1.0,0.22222222222222227,0.25,0.6102189047082401,0.02631578947368421,1.0,0.0,0.9375,0.6987529228371017,0.6025104602510458,0.9571525731126729,0.8597353497164448,0.0,0.0,0.0,0.0,0.0,0.0,0.0,0.0,0.0,0.0,0.0,0.0,0.0,1.0,0.0,0.0,0.0,0.0,0.0,0.0,1.0,0.0,0.0,1.0,0.0
378,0.1728395061728395,0.0,0.0,1.0,0.22222222222222227,0.25,0.6041504168690148,0.0,1.0,0.0,0.9375,0.6987529228371017,0.6025104602510458,0.9571525731126729,0.8597353497164448,0.0,0.0,0.0,0.0,1.0,0.0,0.0,0.0,0.0,0.0,0.0,0.0,0.0,1.0,0.0,0.0,0.0,0.0,0.0,0.0,1.0,0.0,0.0,1.0,0.0
379,0.2716049382716049,0.0,0.0,1.0,0.22222222222222227,0.25,0.6323216790132803,0.0,1.0,0.0,0.9375,0.6987529228371017,0.6025104602510458,0.9571525731126729,0.8597353497164448,0.0,0.0,0.0,0.0,0.0,0.0,0.0,0.0,0.0,0.0,0.0,0.0,0.0,1.0,0.0,0.0,0.0,1.0,0.0,0.0,0.0,0.0,1.0,1.0,0.0
380,0.19753086419753085,1.0,1.0,1.0,0.22222222222222227,0.25,0.7462633231856137,0.07894736842105263,1.0,0.0,0.9375,0.6987529228371017,0.6025104602510458,0.9571525731126729,0.8597353497164448,1.0,0.0,0.0,0.0,1.0,0.0,0.0,0.0,0.0,0.0,0.0,0.0,1.0,0.0,0.0,0.0,0.0,0.0,0.0,0.0,0.0,0.0,0.0,1.0,0.0
381,0.4074074074074074,0.0,0.0,1.0,0.22222222222222227,0.25,0.5518674094137875,0.0,1.0,0.0,0.9375,0.6987529228371017,0.6025104602510458,0.9571525731126729,0.8597353497164448,0.0,0.0,0.0,0.0,0.0,0.0,0.0,0.0,0.0,1.0,0.0,0.0,1.0,0.0,0.0,0.0,0.0,0.0,0.0,1.0,0.0,0.0,0.0,1.0,0.0
382,0.13580246913580246,1.0,0.0,1.0,0.22222222222222227,0.25,0.6295666315558228,0.0,1.0,0.0,0.9375,0.6987529228371017,0.6025104602510458,0.9571525731126729,0.8597353497164448,0.0,0.0,0.0,0.0,0.0,0.0,0.0,0.0,0.0,0.0,0.0,0.0,1.0,0.0,0.0,0.0,0.0,0.0,0.0,0.0,1.0,0.0,0.0,1.0,0.0
383,0.25925925925925924,1.0,0.0,1.0,0.22222222222222227,0.25,0.8127124012223458,0.0,1.0,0.0,0.9375,0.6987529228371017,0.6025104602510458,0.9571525731126729,0.8597353497164448,1.0,0.0,0.0,0.0,1.0,0.0,0.0,0.0,0.0,0.0,0.0,0.0,1.0,0.0,0.0,0.0,1.0,0.0,0.0,0.0,0.0,0.0,0.0,1.0,0.0
384,0.2222222222222222,1.0,1.0,1.0,0.22222222222222227,0.25,0.7561711246597944,0.0,1.0,0.0,0.9375,0.6987529228371017,0.6025104602510458,0.9571525731126729,0.8597353497164448,1.0,0.0,0.0,0.0,0.0,0.0,0.0,0.0,0.0,0.0,0.0,0.0,0.0,1.0,0.0,0.0,0.0,1.0,0.0,0.0,0.0,0.0,0.0,1.0,0.0
385,0.2222222222222222,0.0,1.0,1.0,0.22222222222222227,0.25,0.6226787043279698,0.0,1.0,0.0,0.9375,0.6987529228371017,0.6025104602510458,0.9571525731126729,0.8597353497164448,0.0,0.0,0.0,0.0,0.0,0.0,0.0,1.0,0.0,0.0,0.0,0.0,0.0,1.0,0.0,0.0,0.0,1.0,0.0,0.0,0.0,0.0,0.0,1.0,0.0
386,0.38271604938271603,0.0,1.0,1.0,0.22222222222222227,0.25,0.6649314096852046,0.02631578947368421,1.0,0.0,0.9375,0.6987529228371017,0.6025104602510458,0.9571525731126729,0.8597353497164448,0.0,0.0,0.0,0.0,0.0,0.0,0.0,0.0,0.0,0.0,0.0,0.0,0.0,0.0,0.0,0.0,0.0,1.0,0.0,0.0,0.0,0.0,0.0,1.0,0.0
387,0.29629629629629634,1.0,0.0,1.0,0.22222222222222227,0.25,0.6178519698461769,0.0,1.0,0.0,0.9375,0.6987529228371017,0.6025104602510458,0.9571525731126729,0.8597353497164448,0.0,0.0,0.0,0.0,0.0,0.0,0.0,0.0,0.0,1.0,0.0,0.0,1.0,0.0,0.0,0.0,0.0,0.0,0.0,1.0,0.0,0.0,1.0,1.0,0.0
388,0.4567901234567901,1.0,0.0,1.0,0.22222222222222227,0.25,0.48737827287699675,0.05263157894736842,1.0,0.0,0.9375,0.6987529228371017,0.6025104602510458,0.9571525731126729,0.8597353497164448,0.0,0.0,0.0,0.0,1.0,0.0,0.0,0.0,0.0,0.0,0.0,0.0,0.0,0.0,0.0,0.0,0.0,0.0,0.0,0.0,1.0,0.0,0.0,1.0,0.0
389,0.25925925925925924,1.0,0.0,1.0,0.22222222222222227,0.25,0.9070438563397452,0.0,1.0,0.0,0.9375,0.6987529228371017,0.6025104602510458,0.9571525731126729,0.8597353497164448,1.0,1.0,0.0,0.0,0.0,0.0,0.0,0.0,0.0,0.0,0.0,0.0,0.0,1.0,0.0,0.0,1.0,0.0,0.0,0.0,0.0,0.0,0.0,1.0,0.0
390,0.2222222222222222,0.0,0.0,1.0,0.22222222222222227,0.25,0.6386818846696665,0.07894736842105263,1.0,0.0,0.9375,0.6987529228371017,0.6025104602510458,0.9571525731126729,0.8597353497164448,0.0,1.0,0.0,0.0,0.0,0.0,0.0,0.0,0.0,0.0,0.0,0.0,1.0,0.0,0.0,0.0,1.0,0.0,0.0,0.0,0.0,0.0,0.0,1.0,0.0
391,0.13580246913580246,0.0,0.0,1.0,0.22222222222222227,0.25,0.6115259753720838,0.0,1.0,0.0,0.9375,0.6987529228371017,0.6025104602510458,0.9571525731126729,0.8597353497164448,0.0,0.0,0.0,0.0,0.0,0.0,0.0,0.0,0.0,1.0,0.0,0.0,1.0,0.0,0.0,0.0,0.0,1.0,0.0,0.0,0.0,0.0,0.0,1.0,0.0
392,0.19753086419753085,1.0,0.0,1.0,0.22222222222222227,0.25,0.6381648062569562,0.0,1.0,0.0,0.9375,0.6987529228371017,0.6025104602510458,0.9571525731126729,0.8597353497164448,0.0,1.0,0.0,0.0,0.0,0.0,0.0,0.0,0.0,0.0,0.0,0.0,0.0,0.0,0.0,1.0,0.0,0.0,0.0,0.0,0.0,0.0,1.0,1.0,0.0
393,0.25925925925925924,0.0,0.0,1.0,0.22222222222222227,0.25,0.7027299866892384,0.0,1.0,0.0,0.9375,0.6987529228371017,0.6025104602510458,0.9571525731126729,0.8597353497164448,0.0,1.0,0.0,0.0,0.0,0.0,0.0,0.0,0.0,0.0,0.0,0.0,0.0,1.0,0.0,0.0,0.0,0.0,0.0,0.0,1.0,0.0,1.0,1.0,0.0
394,0.2345679012345679,0.0,1.0,1.0,0.22222222222222227,0.25,0.5787626916748434,0.0,1.0,0.0,0.9375,0.6987529228371017,0.6025104602510458,0.9571525731126729,0.8597353497164448,0.0,1.0,0.0,0.0,0.0,0.0,0.0,0.0,0.0,0.0,0.0,0.0,1.0,0.0,0.0,0.0,1.0,0.0,0.0,0.0,0.0,0.0,1.0,1.0,0.0
395,0.35802469135802467,1.0,0.0,1.0,0.22222222222222227,0.25,0.5689167450775122,0.0,1.0,0.0,0.9375,0.6987529228371017,0.6025104602510458,0.9571525731126729,0.8597353497164448,0.0,0.0,1.0,0.0,0.0,0.0,0.0,0.0,0.0,0.0,0.0,0.0,1.0,0.0,0.0,0.0,0.0,0.0,0.0,0.0,1.0,0.0,0.0,1.0,0.0
396,0.48148148148148145,0.0,0.0,1.0,0.22222222222222227,0.25,0.540547610473664,0.0,1.0,0.0,0.9375,0.6987529228371017,0.6025104602510458,0.9571525731126729,0.8597353497164448,0.0,0.0,1.0,0.0,0.0,0.0,0.0,0.0,0.0,0.0,0.0,0.0,1.0,0.0,0.0,0.0,0.0,0.0,0.0,0.0,1.0,0.0,0.0,1.0,0.0
397,0.24691358024691357,0.0,0.0,1.0,0.22222222222222227,0.25,0.5212197964741162,0.0,1.0,0.0,0.9375,0.6987529228371017,0.6025104602510458,0.9571525731126729,0.8597353497164448,0.0,0.0,0.0,0.0,0.0,0.0,0.0,0.0,0.0,1.0,0.0,0.0,0.0,1.0,0.0,0.0,1.0,0.0,0.0,0.0,0.0,0.0,1.0,1.0,0.0
398,0.2716049382716049,1.0,0.0,1.0,0.22222222222222227,0.25,0.49636241965296135,0.0,1.0,0.0,0.9375,0.6987529228371017,0.6025104602510458,0.9571525731126729,0.8597353497164448,0.0,1.0,0.0,0.0,0.0,0.0,0.0,0.0,0.0,0.0,0.0,0.0,1.0,0.0,0.0,0.0,0.0,1.0,0.0,0.0,0.0,0.0,0.0,1.0,0.0
399,0.2716049382716049,0.0,0.0,1.0,0.22222222222222227,0.25,0.6184662540070037,0.0,1.0,0.0,0.9375,0.6987529228371017,0.6025104602510458,0.9571525731126729,0.8597353497164448,0.0,0.0,0.0,0.0,0.0,0.0,0.0,1.0,0.0,0.0,0.0,0.0,1.0,0.0,0.0,0.0,0.0,0.0,0.0,0.0,0.0,1.0,1.0,1.0,0.0
400,0.3703703703703703,0.0,0.0,1.0,0.22222222222222227,0.25,0.6250197795910157,0.0,1.0,0.0,0.9375,0.6987529228371017,0.6025104602510458,0.9571525731126729,0.8597353497164448,0.0,0.0,0.0,0.0,0.0,0.0,0.0,0.0,0.0,0.0,0.0,0.0,1.0,0.0,0.0,0.0,0.0,0.0,0.0,0.0,1.0,0.0,1.0,1.0,0.0
401,0.3703703703703703,0.0,0.0,1.0,0.22222222222222227,0.25,0.6554811725306058,0.0,1.0,0.0,0.9375,0.6987529228371017,0.6025104602510458,0.9571525731126729,0.8597353497164448,0.0,0.0,0.0,0.0,0.0,0.0,0.0,0.0,0.0,0.0,0.0,0.0,1.0,0.0,0.0,0.0,0.0,0.0,0.0,0.0,1.0,0.0,1.0,1.0,0.0
402,0.2839506172839506,0.0,0.0,1.0,0.22222222222222227,0.25,0.6250197795910157,0.05263157894736842,1.0,0.0,0.9375,0.6987529228371017,0.6025104602510458,0.9571525731126729,0.8597353497164448,0.0,0.0,0.0,0.0,0.0,0.0,0.0,0.0,0.0,1.0,0.0,0.0,1.0,0.0,0.0,0.0,0.0,0.0,0.0,1.0,0.0,0.0,1.0,1.0,0.0
403,0.2222222222222222,0.0,0.0,1.0,0.22222222222222227,0.25,0.7873701302707411,0.0,1.0,0.0,0.9375,0.6987529228371017,0.6025104602510458,0.9571525731126729,0.8597353497164448,0.0,0.0,0.0,0.0,0.0,0.0,0.0,1.0,0.0,0.0,0.0,0.0,0.0,0.0,0.0,0.0,0.0,0.0,0.0,1.0,0.0,0.0,1.0,1.0,0.0
404,0.25925925925925924,1.0,0.0,1.0,0.22222222222222227,0.25,0.7036245548746948,0.02631578947368421,1.0,0.0,0.9375,0.6987529228371017,0.6025104602510458,0.9571525731126729,0.8597353497164448,1.0,1.0,0.0,0.0,0.0,0.0,0.0,0.0,0.0,0.0,0.0,0.0,0.0,1.0,0.0,0.0,0.0,0.0,0.0,0.0,1.0,0.0,1.0,1.0,0.0
405,0.4691358024691357,1.0,1.0,1.0,0.22222222222222227,0.25,0.6572568311427133,0.02631578947368421,1.0,0.0,0.9375,0.6987529228371017,0.6025104602510458,0.9571525731126729,0.8597353497164448,0.0,1.0,0.0,0.0,0.0,0.0,0.0,0.0,0.0,0.0,0.0,0.0,1.0,0.0,0.0,0.0,0.0,0.0,0.0,0.0,0.0,0.0,1.0,1.0,0.0
406,0.25925925925925924,0.0,0.0,1.0,0.22222222222222227,0.25,0.8144620886520861,0.0,1.0,0.0,0.9375,0.6987529228371017,0.6025104602510458,0.9571525731126729,0.8597353497164448,1.0,0.0,0.0,0.0,0.0,0.0,0.0,0.0,0.0,1.0,0.0,0.0,0.0,1.0,0.0,0.0,0.0,0.0,0.0,0.0,1.0,0.0,0.0,1.0,0.0
407,0.16049382716049382,1.0,0.0,1.0,0.22222222222222227,0.25,0.7679173054735778,0.02631578947368421,1.0,0.0,0.9375,0.6987529228371017,0.6025104602510458,0.9571525731126729,0.8597353497164448,1.0,0.0,0.0,0.0,0.0,0.0,0.0,0.0,0.0,1.0,0.0,0.0,1.0,0.0,0.0,0.0,0.0,0.0,0.0,0.0,1.0,0.0,0.0,1.0,0.0
408,0.419753086419753,0.0,0.0,1.0,0.22222222222222227,0.25,0.7240276519507142,0.0,1.0,0.0,0.9375,0.6987529228371017,0.6025104602510458,0.9571525731126729,0.8597353497164448,1.0,0.0,0.0,0.0,0.0,0.0,0.0,0.0,0.0,0.0,0.0,0.0,0.0,1.0,0.0,1.0,0.0,0.0,0.0,0.0,0.0,0.0,0.0,1.0,0.0
409,0.29629629629629634,1.0,0.0,1.0,0.22222222222222227,0.25,0.6789243392652736,0.0,1.0,0.0,0.9375,0.6987529228371017,0.6025104602510458,0.9571525731126729,0.8597353497164448,0.0,1.0,0.0,0.0,0.0,0.0,0.0,0.0,0.0,0.0,0.0,0.0,1.0,0.0,0.0,0.0,0.0,0.0,0.0,0.0,0.0,0.0,1.0,1.0,0.0
410,0.25925925925925924,0.0,0.0,1.0,0.22222222222222227,0.25,0.5641535377316825,0.0,1.0,0.0,0.9375,0.6987529228371017,0.6025104602510458,0.9571525731126729,0.8597353497164448,0.0,0.0,1.0,0.0,0.0,0.0,0.0,0.0,0.0,0.0,0.0,0.0,1.0,0.0,0.0,0.0,1.0,0.0,0.0,0.0,0.0,0.0,0.0,1.0,0.0
411,0.38271604938271603,1.0,0.0,1.0,0.22222222222222227,0.25,0.6669772899389259,0.0,1.0,0.0,0.9375,0.6987529228371017,0.6025104602510458,0.9571525731126729,0.8597353497164448,0.0,0.0,0.0,0.0,1.0,0.0,0.0,0.0,0.0,0.0,0.0,0.0,1.0,0.0,0.0,0.0,0.0,0.0,0.0,0.0,1.0,0.0,1.0,1.0,0.0
412,0.1728395061728395,0.0,0.0,1.0,0.22222222222222227,0.25,0.8128298601931485,0.07894736842105263,1.0,0.0,0.9375,0.6987529228371017,0.6025104602510458,0.9571525731126729,0.8597353497164448,1.0,0.0,0.0,0.0,0.0,0.0,0.0,1.0,0.0,0.0,0.0,0.0,1.0,0.0,0.0,1.0,0.0,0.0,0.0,0.0,0.0,0.0,1.0,1.0,0.0
413,0.34567901234567905,1.0,1.0,1.0,0.22222222222222227,0.25,0.7929220024761479,0.0,1.0,0.0,0.9375,0.6987529228371017,0.6025104602510458,0.9571525731126729,0.8597353497164448,1.0,0.0,0.0,0.0,0.0,0.0,0.0,0.0,0.0,1.0,0.0,0.0,1.0,0.0,0.0,0.0,0.0,0.0,0.0,0.0,1.0,0.0,0.0,1.0,0.0
414,0.5061728395061729,0.0,1.0,1.0,0.22222222222222227,0.25,0.7354436478642356,0.0,1.0,0.0,0.9375,0.6987529228371017,0.6025104602510458,0.9571525731126729,0.8597353497164448,0.0,0.0,0.0,0.0,0.0,1.0,0.0,0.0,0.0,0.0,0.0,0.0,1.0,0.0,0.0,0.0,0.0,0.0,0.0,1.0,0.0,0.0,1.0,1.0,0.0
415,0.38271604938271603,0.0,0.0,1.0,0.22222222222222227,0.25,0.5679794082497067,0.02631578947368421,1.0,0.0,0.9375,0.6987529228371017,0.6025104602510458,0.9571525731126729,0.8597353497164448,0.0,1.0,0.0,0.0,0.0,0.0,0.0,0.0,0.0,0.0,0.0,0.0,1.0,0.0,0.0,0.0,0.0,0.0,0.0,0.0,0.0,1.0,1.0,1.0,0.0
416,0.2345679012345679,0.0,0.0,1.0,0.22222222222222227,0.25,0.7793790216096876,0.13157894736842105,1.0,0.0,0.9375,0.6987529228371017,0.6025104602510458,0.9571525731126729,0.8597353497164448,1.0,0.0,0.0,0.0,0.0,0.0,0.0,0.0,0.0,0.0,0.0,0.0,1.0,0.0,0.0,0.0,0.0,1.0,0.0,0.0,0.0,0.0,0.0,1.0,0.0
417,0.2222222222222222,0.0,0.0,1.0,0.22222222222222227,0.25,0.5463436176888766,0.05263157894736842,1.0,0.0,0.9375,0.6987529228371017,0.6025104602510458,0.9571525731126729,0.8597353497164448,0.0,0.0,0.0,0.0,0.0,0.0,0.0,0.0,0.0,1.0,0.0,0.0,1.0,0.0,0.0,0.0,0.0,0.0,0.0,1.0,0.0,0.0,0.0,1.0,0.0
418,0.30864197530864196,0.0,0.0,1.0,0.22222222222222227,0.25,0.7146742385423219,0.02631578947368421,1.0,0.0,0.9375,0.6987529228371017,0.6025104602510458,0.9571525731126729,0.8597353497164448,0.0,0.0,0.0,0.0,0.0,0.0,0.0,0.0,0.0,0.0,0.0,0.0,0.0,0.0,0.0,0.0,0.0,0.0,0.0,0.0,1.0,0.0,0.0,1.0,0.0
419,0.19753086419753085,0.0,0.0,1.0,0.22222222222222227,0.25,0.608897147549857,0.05263157894736842,1.0,0.0,0.9375,0.6987529228371017,0.6025104602510458,0.9571525731126729,0.8597353497164448,0.0,1.0,0.0,0.0,0.0,0.0,0.0,0.0,0.0,0.0,0.0,0.0,1.0,0.0,0.0,0.0,1.0,0.0,0.0,0.0,0.0,0.0,0.0,1.0,0.0
420,0.38271604938271603,1.0,0.0,1.0,0.22222222222222227,0.25,0.6781891171876829,0.02631578947368421,1.0,0.0,0.9375,0.6987529228371017,0.6025104602510458,0.9571525731126729,0.8597353497164448,0.0,0.0,0.0,0.0,0.0,0.0,1.0,0.0,0.0,0.0,0.0,0.0,1.0,0.0,0.0,0.0,1.0,0.0,0.0,0.0,0.0,0.0,1.0,1.0,0.0
421,0.4444444444444445,1.0,0.0,1.0,0.22222222222222227,0.25,0.5813108450867737,0.02631578947368421,1.0,0.0,0.9375,0.6987529228371017,0.6025104602510458,0.9571525731126729,0.8597353497164448,0.0,1.0,0.0,0.0,0.0,0.0,0.0,0.0,0.0,0.0,0.0,0.0,1.0,0.0,0.0,0.0,1.0,0.0,0.0,0.0,0.0,0.0,1.0,1.0,0.0
422,0.29629629629629634,1.0,0.0,1.0,0.22222222222222227,0.25,0.7108260166752879,0.0,1.0,0.0,0.9375,0.6987529228371017,0.6025104602510458,0.9571525731126729,0.8597353497164448,0.0,0.0,0.0,0.0,0.0,0.0,0.0,0.0,0.0,1.0,0.0,0.0,1.0,0.0,0.0,0.0,1.0,0.0,0.0,0.0,0.0,0.0,0.0,1.0,0.0
423,0.3209876543209876,1.0,0.0,1.0,0.22222222222222227,0.25,0.5319212752022946,0.02631578947368421,1.0,0.0,0.9375,0.6987529228371017,0.6025104602510458,0.9571525731126729,0.8597353497164448,0.0,0.0,0.0,0.0,0.0,0.0,0.0,0.0,0.0,0.0,0.0,0.0,1.0,0.0,0.0,0.0,0.0,1.0,0.0,0.0,0.0,0.0,0.0,1.0,0.0
424,0.14814814814814814,0.0,0.0,1.0,0.22222222222222227,0.25,0.5725931427044147,0.07894736842105263,1.0,0.0,0.9375,0.6987529228371017,0.6025104602510458,0.9571525731126729,0.8597353497164448,0.0,0.0,0.0,0.0,1.0,0.0,0.0,0.0,0.0,0.0,0.0,0.0,1.0,0.0,0.0,0.0,0.0,0.0,0.0,0.0,1.0,0.0,0.0,1.0,0.0
425,0.2345679012345679,0.0,0.0,1.0,0.22222222222222227,0.25,0.7383538951349292,0.02631578947368421,1.0,0.0,0.9375,0.6987529228371017,0.6025104602510458,0.9571525731126729,0.8597353497164448,0.0,1.0,0.0,0.0,0.0,0.0,0.0,0.0,0.0,0.0,0.0,0.0,0.0,0.0,0.0,0.0,0.0,1.0,0.0,0.0,0.0,0.0,0.0,1.0,0.0
426,0.16049382716049382,0.0,0.0,1.0,0.22222222222222227,0.25,0.6770775956944137,0.05263157894736842,1.0,0.0,0.9375,0.6987529228371017,0.6025104602510458,0.9571525731126729,0.8597353497164448,0.0,0.0,0.0,0.0,0.0,0.0,0.0,0.0,0.0,0.0,0.0,0.0,0.0,1.0,0.0,0.0,0.0,1.0,0.0,0.0,0.0,0.0,0.0,1.0,0.0
427,0.2716049382716049,0.0,0.0,1.0,0.22222222222222227,0.25,0.6121741045570199,0.05263157894736842,1.0,0.0,0.9375,0.6987529228371017,0.6025104602510458,0.9571525731126729,0.8597353497164448,0.0,1.0,0.0,0.0,0.0,0.0,0.0,0.0,0.0,0.0,0.0,0.0,0.0,1.0,0.0,0.0,0.0,0.0,0.0,0.0,0.0,1.0,1.0,1.0,0.0
428,0.24691358024691357,0.0,0.0,1.0,0.22222222222222227,0.25,0.6013494476505862,0.05263157894736842,1.0,0.0,0.9375,0.6987529228371017,0.6025104602510458,0.9571525731126729,0.8597353497164448,0.0,0.0,0.0,0.0,0.0,0.0,0.0,0.0,0.0,0.0,0.0,0.0,0.0,1.0,0.0,0.0,0.0,1.0,0.0,0.0,0.0,0.0,0.0,1.0,0.0
429,0.4567901234567901,1.0,0.0,1.0,0.22222222222222227,0.25,0.7495255121117221,0.02631578947368421,1.0,0.0,0.9375,0.6987529228371017,0.6025104602510458,0.9571525731126729,0.8597353497164448,0.0,0.0,0.0,0.0,0.0,1.0,0.0,0.0,0.0,0.0,0.0,0.0,0.0,0.0,0.0,0.0,0.0,0.0,0.0,0.0,0.0,0.0,0.0,1.0,0.0
430,0.35802469135802467,0.0,0.0,1.0,0.22222222222222227,0.25,0.5253477691257531,0.07894736842105263,1.0,0.0,0.9375,0.6987529228371017,0.6025104602510458,0.9571525731126729,0.8597353497164448,0.0,0.0,0.0,1.0,0.0,0.0,0.0,0.0,0.0,0.0,0.0,0.0,1.0,0.0,0.0,0.0,0.0,0.0,0.0,0.0,0.0,0.0,0.0,1.0,0.0
431,0.3703703703703703,0.0,1.0,1.0,0.22222222222222227,0.25,0.49977237288625836,0.26315789473684215,1.0,0.0,0.9375,0.6987529228371017,0.6025104602510458,0.9571525731126729,0.8597353497164448,0.0,0.0,0.0,0.0,0.0,0.0,0.0,1.0,0.0,0.0,0.0,0.0,1.0,0.0,0.0,0.0,0.0,1.0,0.0,0.0,0.0,0.0,1.0,1.0,0.0
432,0.35802469135802467,1.0,0.0,1.0,0.22222222222222227,0.25,0.7458491144848195,0.02631578947368421,1.0,0.0,0.9375,0.6987529228371017,0.6025104602510458,0.9571525731126729,0.8597353497164448,0.0,1.0,0.0,0.0,0.0,0.0,0.0,0.0,0.0,0.0,0.0,0.0,1.0,0.0,0.0,0.0,0.0,0.0,0.0,0.0,0.0,0.0,1.0,1.0,0.0
433,0.5308641975308641,1.0,0.0,1.0,0.22222222222222227,0.25,0.635013676339261,0.02631578947368421,1.0,0.0,0.9375,0.6987529228371017,0.6025104602510458,0.9571525731126729,0.8597353497164448,0.0,0.0,0.0,0.0,0.0,1.0,0.0,0.0,0.0,0.0,0.0,0.0,1.0,0.0,0.0,0.0,0.0,1.0,0.0,0.0,0.0,0.0,1.0,1.0,0.0
434,0.35802469135802467,1.0,0.0,1.0,0.22222222222222227,0.25,0.698772933282324,0.02631578947368421,1.0,0.0,0.9375,0.6987529228371017,0.6025104602510458,0.9571525731126729,0.8597353497164448,0.0,1.0,0.0,0.0,0.0,0.0,0.0,0.0,0.0,0.0,0.0,0.0,1.0,0.0,0.0,0.0,0.0,0.0,0.0,0.0,0.0,1.0,1.0,1.0,0.0
435,0.4938271604938272,1.0,1.0,1.0,0.22222222222222227,0.25,0.7615570998171917,0.15789473684210525,1.0,0.0,0.9375,0.6987529228371017,0.6025104602510458,0.9571525731126729,0.8597353497164448,0.0,1.0,0.0,0.0,0.0,0.0,0.0,0.0,0.0,0.0,0.0,0.0,1.0,0.0,0.0,0.0,0.0,0.0,0.0,0.0,0.0,0.0,0.0,1.0,0.0
436,0.2222222222222222,1.0,0.0,1.0,0.22222222222222227,0.25,0.7018285635083261,0.02631578947368421,1.0,0.0,0.9375,0.6987529228371017,0.6025104602510458,0.9571525731126729,0.8597353497164448,0.0,1.0,0.0,0.0,0.0,0.0,0.0,0.0,0.0,0.0,0.0,0.0,1.0,0.0,0.0,1.0,0.0,0.0,0.0,0.0,0.0,0.0,1.0,1.0,0.0
437,0.1728395061728395,0.0,0.0,1.0,0.22222222222222227,0.25,0.8060645789202702,0.02631578947368421,1.0,0.0,0.9375,0.6987529228371017,0.6025104602510458,0.9571525731126729,0.8597353497164448,1.0,0.0,0.0,0.0,0.0,0.0,0.0,1.0,0.0,0.0,0.0,0.0,1.0,0.0,0.0,0.0,1.0,0.0,0.0,0.0,0.0,0.0,0.0,1.0,0.0
438,0.09876543209876543,0.0,0.0,1.0,0.22222222222222227,0.25,0.7888188573186379,0.05263157894736842,1.0,0.0,0.9375,0.6987529228371017,0.6025104602510458,0.9571525731126729,0.8597353497164448,0.0,1.0,0.0,0.0,0.0,0.0,0.0,0.0,0.0,0.0,0.0,0.0,1.0,0.0,0.0,0.0,1.0,0.0,0.0,0.0,0.0,0.0,0.0,1.0,0.0
439,0.14814814814814814,0.0,1.0,1.0,0.22222222222222227,0.25,0.6554811725306058,0.02631578947368421,1.0,0.0,0.9375,0.6987529228371017,0.6025104602510458,0.9571525731126729,0.8597353497164448,0.0,0.0,0.0,0.0,0.0,0.0,0.0,1.0,0.0,0.0,0.0,0.0,0.0,1.0,0.0,0.0,0.0,1.0,0.0,0.0,0.0,0.0,0.0,1.0,0.0
440,0.34567901234567905,1.0,0.0,1.0,0.22222222222222227,0.25,0.8765279294649679,0.02631578947368421,1.0,0.0,0.9375,0.6987529228371017,0.6025104602510458,0.9571525731126729,0.8597353497164448,1.0,0.0,1.0,0.0,0.0,0.0,0.0,0.0,0.0,0.0,0.0,0.0,1.0,0.0,0.0,0.0,0.0,0.0,0.0,0.0,1.0,0.0,0.0,1.0,0.0
441,0.20987654320987653,0.0,0.0,1.0,0.22222222222222227,0.25,0.7003106695515843,0.0,1.0,0.0,0.9375,0.6987529228371017,0.6025104602510458,0.9571525731126729,0.8597353497164448,0.0,1.0,0.0,0.0,0.0,0.0,0.0,0.0,0.0,0.0,0.0,0.0,1.0,0.0,0.0,1.0,0.0,0.0,0.0,0.0,0.0,0.0,0.0,1.0,0.0
442,0.19753086419753085,1.0,1.0,1.0,0.22222222222222227,0.5,0.492850661870268,0.13157894736842105,1.0,0.0,0.9375,0.6987529228371017,0.6025104602510458,0.9578326909997734,0.8597353497164448,0.0,0.0,0.0,0.0,0.0,0.0,0.0,0.0,0.0,1.0,0.0,0.0,0.0,1.0,0.0,0.0,0.0,0.0,0.0,1.0,0.0,0.0,0.0,1.0,0.0
443,0.24691358024691357,0.0,0.0,1.0,0.22222222222222227,0.5,0.6927390389294485,0.02631578947368421,1.0,0.0,0.9375,0.6987529228371017,0.6025104602510458,0.9578326909997734,0.8597353497164448,0.0,0.0,0.0,0.0,0.0,0.0,0.0,0.0,0.0,1.0,0.0,0.0,1.0,0.0,0.0,0.0,0.0,0.0,0.0,0.0,1.0,0.0,0.0,1.0,0.0
444,0.35802469135802467,0.0,0.0,1.0,0.22222222222222227,0.5,0.6832417100410403,0.02631578947368421,1.0,0.0,0.9375,0.6987529228371017,0.6025104602510458,0.9578326909997734,0.8597353497164448,0.0,0.0,0.0,0.0,1.0,0.0,0.0,0.0,0.0,0.0,0.0,0.0,1.0,0.0,0.0,1.0,0.0,0.0,0.0,0.0,0.0,0.0,1.0,1.0,0.0
445,0.2839506172839506,0.0,0.0,1.0,0.22222222222222227,0.5,0.5962813035550764,0.05263157894736842,1.0,0.0,0.9375,0.6987529228371017,0.6025104602510458,0.9578326909997734,0.8597353497164448,0.0,1.0,0.0,0.0,0.0,0.0,0.0,0.0,0.0,0.0,0.0,0.0,1.0,0.0,0.0,0.0,0.0,1.0,0.0,0.0,0.0,0.0,0.0,1.0,0.0
446,0.2839506172839506,0.0,0.0,1.0,0.22222222222222227,0.5,0.6082306576679029,0.05263157894736842,1.0,0.0,0.9375,0.6987529228371017,0.6025104602510458,0.9578326909997734,0.8597353497164448,0.0,0.0,0.0,0.0,1.0,0.0,0.0,0.0,0.0,0.0,0.0,0.0,0.0,0.0,0.0,0.0,0.0,0.0,0.0,0.0,1.0,0.0,1.0,1.0,0.0
447,0.3703703703703703,0.0,0.0,1.0,0.22222222222222227,0.5,0.36884433080126383,0.05263157894736842,1.0,0.0,0.9375,0.6987529228371017,0.6025104602510458,0.9578326909997734,0.8597353497164448,0.0,0.0,0.0,0.0,0.0,0.0,1.0,0.0,0.0,0.0,0.0,0.0,1.0,0.0,0.0,0.0,0.0,0.0,0.0,0.0,0.0,1.0,1.0,1.0,0.0
448,0.34567901234567905,1.0,1.0,1.0,0.22222222222222227,0.5,0.6301228271521957,0.02631578947368421,1.0,0.0,0.9375,0.6987529228371017,0.6025104602510458,0.9578326909997734,0.8597353497164448,0.0,0.0,0.0,0.0,0.0,0.0,0.0,0.0,0.0,0.0,0.0,0.0,1.0,0.0,0.0,0.0,1.0,0.0,0.0,0.0,0.0,0.0,1.0,1.0,0.0
449,0.419753086419753,1.0,0.0,1.0,0.22222222222222227,0.5,0.805690935992631,0.05263157894736842,1.0,0.0,0.9375,0.6987529228371017,0.6025104602510458,0.9578326909997734,0.8597353497164448,1.0,0.0,0.0,0.0,0.0,0.0,0.0,0.0,0.0,0.0,0.0,0.0,1.0,0.0,0.0,0.0,0.0,0.0,0.0,0.0,0.0,0.0,1.0,1.0,0.0
450,0.1728395061728395,0.0,0.0,1.0,0.22222222222222227,0.5,0.529335783224907,0.02631578947368421,1.0,0.0,0.9375,0.6987529228371017,0.6025104602510458,0.9578326909997734,0.8597353497164448,0.0,0.0,0.0,0.0,0.0,0.0,0.0,0.0,0.0,0.0,0.0,0.0,0.0,1.0,0.0,0.0,0.0,0.0,0.0,0.0,1.0,0.0,0.0,1.0,0.0
451,0.38271604938271603,1.0,1.0,1.0,0.22222222222222227,0.5,0.5977517620704379,0.0,1.0,0.0,0.9375,0.6987529228371017,0.6025104602510458,0.9578326909997734,0.8597353497164448,0.0,0.0,0.0,0.0,0.0,0.0,0.0,0.0,0.0,0.0,0.0,0.0,1.0,0.0,0.0,0.0,0.0,0.0,0.0,0.0,1.0,0.0,0.0,1.0,0.0
452,0.29629629629629634,1.0,0.0,1.0,0.22222222222222227,0.5,0.5014409845439322,0.0,1.0,0.0,0.9375,0.6987529228371017,0.6025104602510458,0.9578326909997734,0.8597353497164448,0.0,0.0,0.0,0.0,1.0,0.0,0.0,0.0,0.0,0.0,0.0,0.0,1.0,0.0,0.0,0.0,0.0,0.0,0.0,0.0,0.0,1.0,1.0,1.0,0.0
453,0.25925925925925924,1.0,0.0,1.0,0.22222222222222227,0.5,0.7255167243589877,0.0,1.0,0.0,0.9375,0.6987529228371017,0.6025104602510458,0.9578326909997734,0.8597353497164448,1.0,1.0,0.0,0.0,0.0,0.0,0.0,0.0,0.0,0.0,0.0,0.0,1.0,0.0,0.0,1.0,0.0,0.0,0.0,0.0,0.0,0.0,1.0,1.0,0.0
454,0.4444444444444445,0.0,0.0,1.0,0.22222222222222227,0.5,0.6102189047082401,0.0,1.0,0.0,0.9375,0.6987529228371017,0.6025104602510458,0.9578326909997734,0.8597353497164448,0.0,1.0,0.0,0.0,0.0,0.0,0.0,0.0,0.0,0.0,0.0,0.0,1.0,0.0,0.0,0.0,1.0,0.0,0.0,0.0,0.0,0.0,0.0,1.0,0.0
455,0.13580246913580246,1.0,0.0,1.0,0.22222222222222227,0.5,0.664102989715846,0.0,1.0,0.0,0.9375,0.6987529228371017,0.6025104602510458,0.9578326909997734,0.8597353497164448,0.0,1.0,0.0,0.0,0.0,0.0,0.0,0.0,0.0,0.0,0.0,0.0,1.0,0.0,0.0,0.0,1.0,0.0,0.0,0.0,0.0,0.0,0.0,1.0,0.0
456,0.29629629629629634,1.0,0.0,1.0,0.22222222222222227,0.5,0.7911003377902787,0.0,1.0,0.0,0.9375,0.6987529228371017,0.6025104602510458,0.9578326909997734,0.8597353497164448,1.0,0.0,0.0,0.0,0.0,0.0,0.0,0.0,0.0,1.0,0.0,0.0,1.0,0.0,0.0,0.0,0.0,1.0,0.0,0.0,0.0,0.0,0.0,1.0,0.0
457,0.3209876543209876,0.0,0.0,1.0,0.22222222222222227,0.5,0.5679794082497067,0.0,1.0,0.0,0.9375,0.6987529228371017,0.6025104602510458,0.9578326909997734,0.8597353497164448,0.0,0.0,0.0,0.0,0.0,0.0,0.0,1.0,0.0,0.0,0.0,0.0,1.0,0.0,0.0,0.0,0.0,1.0,0.0,0.0,0.0,0.0,0.0,1.0,0.0
458,0.12345679012345678,1.0,0.0,1.0,0.22222222222222227,0.5,0.8460534116025574,0.0,1.0,0.0,0.9375,0.6987529228371017,0.6025104602510458,0.9578326909997734,0.8597353497164448,1.0,0.0,0.0,0.0,0.0,0.0,0.0,0.0,0.0,0.0,0.0,0.0,0.0,1.0,0.0,0.0,0.0,1.0,0.0,0.0,0.0,0.0,0.0,1.0,0.0
459,0.24691358024691357,1.0,0.0,1.0,0.22222222222222227,0.5,0.8265547679892256,0.02631578947368421,1.0,0.0,0.9375,0.6987529228371017,0.6025104602510458,0.9578326909997734,0.8597353497164448,1.0,1.0,0.0,0.0,0.0,0.0,0.0,0.0,0.0,0.0,0.0,0.0,1.0,0.0,0.0,0.0,0.0,0.0,0.0,0.0,0.0,0.0,1.0,1.0,0.0
460,0.2345679012345679,1.0,0.0,1.0,0.22222222222222227,0.5,0.5787626916748434,0.02631578947368421,1.0,0.0,0.9375,0.6987529228371017,0.6025104602510458,0.9578326909997734,0.8597353497164448,0.0,0.0,0.0,0.0,0.0,0.0,0.0,0.0,0.0,0.0,0.0,0.0,1.0,0.0,0.0,0.0,0.0,0.0,0.0,0.0,1.0,0.0,1.0,1.0,0.0
461,0.38271604938271603,1.0,0.0,1.0,0.22222222222222227,0.5,0.5962813035550764,0.02631578947368421,1.0,0.0,0.9375,0.6987529228371017,0.6025104602510458,0.9578326909997734,0.8597353497164448,0.0,1.0,0.0,0.0,0.0,0.0,0.0,0.0,0.0,0.0,0.0,0.0,1.0,0.0,0.0,0.0,0.0,0.0,0.0,0.0,0.0,0.0,0.0,1.0,0.0
462,0.20987654320987653,1.0,1.0,1.0,0.22222222222222227,0.5,0.6532232308583403,0.0,1.0,0.0,0.9375,0.6987529228371017,0.6025104602510458,0.9578326909997734,0.8597353497164448,0.0,1.0,0.0,0.0,0.0,0.0,0.0,0.0,0.0,0.0,0.0,0.0,0.0,1.0,0.0,0.0,0.0,1.0,0.0,0.0,0.0,0.0,1.0,1.0,0.0
463,0.4567901234567901,0.0,0.0,1.0,0.22222222222222227,0.5,0.5540062892371289,0.0,1.0,0.0,0.9375,0.6987529228371017,0.6025104602510458,0.9578326909997734,0.8597353497164448,0.0,0.0,0.0,0.0,1.0,0.0,0.0,0.0,0.0,0.0,0.0,0.0,1.0,0.0,0.0,0.0,0.0,0.0,0.0,0.0,1.0,0.0,1.0,1.0,0.0
464,0.19753086419753085,0.0,0.0,1.0,0.22222222222222227,0.5,0.8454321758725092,0.02631578947368421,1.0,0.0,0.9375,0.6987529228371017,0.6025104602510458,0.9578326909997734,0.8597353497164448,1.0,0.0,0.0,0.0,0.0,0.0,0.0,0.0,0.0,0.0,1.0,0.0,0.0,0.0,0.0,0.0,1.0,0.0,0.0,0.0,0.0,0.0,0.0,1.0,0.0
465,0.2222222222222222,1.0,0.0,1.0,0.22222222222222227,0.5,0.6705725318885943,0.0,1.0,0.0,0.9375,0.6987529228371017,0.6025104602510458,0.9578326909997734,0.8597353497164448,0.0,1.0,0.0,0.0,0.0,0.0,0.0,0.0,0.0,0.0,0.0,0.0,1.0,0.0,0.0,0.0,1.0,0.0,0.0,0.0,0.0,0.0,0.0,1.0,0.0
466,0.25925925925925924,0.0,0.0,1.0,0.22222222222222227,0.5,0.7272304821327134,0.02631578947368421,1.0,0.0,0.9375,0.6987529228371017,0.6025104602510458,0.9578326909997734,0.8597353497164448,0.0,0.0,0.0,0.0,0.0,0.0,0.0,1.0,0.0,0.0,0.0,0.0,1.0,0.0,0.0,0.0,0.0,1.0,0.0,0.0,0.0,0.0,0.0,1.0,0.0
467,0.19753086419753085,0.0,0.0,1.0,0.22222222222222227,0.5,0.7947158870260738,0.0,1.0,0.0,0.9375,0.6987529228371017,0.6025104602510458,0.9578326909997734,0.8597353497164448,1.0,1.0,0.0,0.0,0.0,0.0,0.0,0.0,0.0,0.0,0.0,0.0,1.0,0.0,0.0,0.0,0.0,1.0,0.0,0.0,0.0,0.0,0.0,1.0,0.0
468,0.2222222222222222,1.0,0.0,1.0,0.22222222222222227,0.5,0.758243214494081,0.02631578947368421,1.0,0.0,0.9375,0.6987529228371017,0.6025104602510458,0.9578326909997734,0.8597353497164448,1.0,0.0,0.0,0.0,0.0,0.0,0.0,0.0,1.0,0.0,0.0,0.0,1.0,0.0,0.0,0.0,0.0,0.0,0.0,0.0,1.0,0.0,0.0,1.0,0.0
469,0.4074074074074074,1.0,0.0,1.0,0.22222222222222227,0.5,0.6108742554254224,0.0,1.0,0.0,0.9375,0.6987529228371017,0.6025104602510458,0.9578326909997734,0.8597353497164448,0.0,0.0,0.0,0.0,0.0,0.0,0.0,0.0,0.0,0.0,0.0,0.0,0.0,0.0,0.0,0.0,1.0,0.0,0.0,0.0,0.0,0.0,0.0,1.0,0.0
470,0.1111111111111111,0.0,0.0,1.0,0.22222222222222227,0.5,0.7217580931394421,0.0,1.0,0.0,0.9375,0.6987529228371017,0.6025104602510458,0.9578326909997734,0.8597353497164448,0.0,0.0,0.0,0.0,0.0,0.0,0.0,1.0,0.0,0.0,0.0,0.0,0.0,1.0,0.0,0.0,0.0,1.0,0.0,0.0,0.0,0.0,0.0,1.0,0.0
471,0.2839506172839506,0.0,0.0,1.0,0.22222222222222227,0.5,0.41131218966975264,0.0,1.0,0.0,0.9375,0.6987529228371017,0.6025104602510458,0.9578326909997734,0.8597353497164448,0.0,0.0,0.0,0.0,0.0,0.0,0.0,0.0,0.0,0.0,0.0,0.0,0.0,1.0,0.0,0.0,0.0,1.0,0.0,0.0,0.0,0.0,0.0,1.0,0.0
472,0.14814814814814814,0.0,0.0,1.0,0.22222222222222227,0.5,0.623268355434684,0.02631578947368421,1.0,0.0,0.9375,0.6987529228371017,0.6025104602510458,0.9578326909997734,0.8597353497164448,0.0,0.0,0.0,0.0,0.0,0.0,0.0,0.0,0.0,1.0,0.0,0.0,0.0,1.0,0.0,0.0,0.0,0.0,0.0,1.0,0.0,0.0,0.0,1.0,0.0
473,0.13580246913580246,0.0,0.0,1.0,0.22222222222222227,0.5,0.6796549947166548,0.0,1.0,0.0,0.9375,0.6987529228371017,0.6025104602510458,0.9578326909997734,0.8597353497164448,0.0,0.0,0.0,0.0,0.0,0.0,0.0,1.0,0.0,0.0,0.0,0.0,0.0,1.0,0.0,0.0,0.0,1.0,0.0,0.0,0.0,0.0,0.0,1.0,0.0
474,0.14814814814814814,0.0,1.0,1.0,0.22222222222222227,0.5,0.5689167450775122,0.0,1.0,0.0,0.9375,0.6987529228371017,0.6025104602510458,0.9578326909997734,0.8597353497164448,0.0,1.0,0.0,0.0,0.0,0.0,0.0,0.0,0.0,0.0,0.0,0.0,1.0,0.0,0.0,0.0,0.0,1.0,0.0,0.0,0.0,0.0,0.0,1.0,0.0
475,0.4074074074074074,0.0,0.0,1.0,0.22222222222222227,0.5,0.6376454449299462,0.0,1.0,0.0,0.9375,0.6987529228371017,0.6025104602510458,0.9578326909997734,0.8597353497164448,0.0,0.0,0.0,0.0,0.0,0.0,0.0,0.0,0.0,0.0,0.0,0.0,1.0,0.0,0.0,0.0,0.0,1.0,0.0,0.0,0.0,0.0,1.0,1.0,0.0
476,0.18518518518518517,0.0,0.0,1.0,0.22222222222222227,0.5,0.7012237542095305,0.02631578947368421,1.0,0.0,0.9375,0.6987529228371017,0.6025104602510458,0.9578326909997734,0.8597353497164448,0.0,0.0,0.0,0.0,0.0,0.0,0.0,0.0,0.0,0.0,0.0,0.0,0.0,1.0,0.0,0.0,0.0,1.0,0.0,0.0,0.0,0.0,0.0,1.0,0.0
477,0.2839506172839506,0.0,0.0,1.0,0.22222222222222227,0.5,0.8159577146114335,0.02631578947368421,1.0,0.0,0.9375,0.6987529228371017,0.6025104602510458,0.9578326909997734,0.8597353497164448,1.0,1.0,0.0,0.0,0.0,0.0,0.0,0.0,0.0,0.0,0.0,0.0,1.0,0.0,0.0,0.0,0.0,1.0,0.0,0.0,0.0,0.0,0.0,1.0,0.0
478,0.18518518518518517,1.0,1.0,1.0,0.22222222222222227,0.5,0.5344511608683252,0.26315789473684215,1.0,0.0,0.9375,0.6987529228371017,0.6025104602510458,0.9578326909997734,0.8597353497164448,0.0,1.0,0.0,0.0,0.0,0.0,0.0,0.0,0.0,0.0,0.0,0.0,1.0,0.0,0.0,1.0,0.0,0.0,0.0,0.0,0.0,0.0,1.0,1.0,0.0
479,0.34567901234567905,0.0,0.0,1.0,0.22222222222222227,0.5,0.4776508205223571,0.02631578947368421,1.0,0.0,0.9375,0.6987529228371017,0.6025104602510458,0.9578326909997734,0.8597353497164448,0.0,0.0,0.0,0.0,0.0,0.0,0.0,0.0,0.0,0.0,0.0,0.0,1.0,0.0,0.0,0.0,0.0,0.0,0.0,0.0,1.0,0.0,0.0,1.0,0.0
480,0.13580246913580246,1.0,0.0,1.0,0.22222222222222227,0.5,0.5846247304098844,0.0,1.0,0.0,0.9375,0.6987529228371017,0.6025104602510458,0.9578326909997734,0.8597353497164448,0.0,0.0,1.0,0.0,0.0,0.0,0.0,0.0,0.0,0.0,0.0,0.0,1.0,0.0,0.0,0.0,0.0,0.0,0.0,0.0,0.0,0.0,1.0,1.0,0.0
481,0.30864197530864196,0.0,0.0,1.0,0.22222222222222227,0.5,0.6402196209389266,0.02631578947368421,1.0,0.0,0.9375,0.6987529228371017,0.6025104602510458,0.9578326909997734,0.8597353497164448,0.0,0.0,0.0,0.0,0.0,0.0,0.0,0.0,0.0,0.0,0.0,0.0,1.0,0.0,0.0,0.0,0.0,0.0,0.0,1.0,0.0,0.0,0.0,1.0,0.0
482,0.2345679012345679,0.0,0.0,1.0,0.22222222222222227,0.5,0.5169416832156455,0.0,1.0,0.0,0.9375,0.6987529228371017,0.6025104602510458,0.9578326909997734,0.8597353497164448,0.0,0.0,0.0,0.0,0.0,0.0,0.0,1.0,0.0,0.0,0.0,0.0,1.0,0.0,0.0,1.0,0.0,0.0,0.0,0.0,0.0,0.0,0.0,1.0,0.0
483,0.2839506172839506,1.0,0.0,1.0,0.22222222222222227,0.5,0.8038047093244187,0.0,1.0,0.0,0.9375,0.6987529228371017,0.6025104602510458,0.9578326909997734,0.8597353497164448,1.0,1.0,0.0,0.0,0.0,0.0,0.0,0.0,0.0,0.0,0.0,0.0,1.0,0.0,0.0,1.0,0.0,0.0,0.0,0.0,0.0,0.0,0.0,1.0,0.0
484,0.4567901234567901,0.0,0.0,1.0,0.22222222222222227,0.5,0.7807748406829615,0.02631578947368421,1.0,0.0,0.9375,0.6987529228371017,0.6025104602510458,0.9578326909997734,0.8597353497164448,0.0,0.0,0.0,1.0,0.0,0.0,0.0,0.0,0.0,0.0,0.0,0.0,0.0,0.0,0.0,0.0,0.0,0.0,0.0,0.0,0.0,0.0,1.0,1.0,0.0
485,0.419753086419753,0.0,0.0,1.0,0.22222222222222227,0.5,0.672135812695421,0.02631578947368421,1.0,0.0,0.9375,0.6987529228371017,0.6025104602510458,0.9578326909997734,0.8597353497164448,0.0,0.0,0.0,0.0,0.0,0.0,0.0,0.0,0.0,1.0,0.0,0.0,1.0,0.0,0.0,0.0,0.0,0.0,0.0,1.0,0.0,0.0,0.0,1.0,0.0
486,0.34567901234567905,1.0,1.0,1.0,0.22222222222222227,0.5,0.7082839817554912,0.0,1.0,0.0,0.9375,0.6987529228371017,0.6025104602510458,0.9578326909997734,0.8597353497164448,0.0,1.0,0.0,0.0,0.0,0.0,0.0,0.0,0.0,0.0,0.0,0.0,0.0,1.0,0.0,0.0,1.0,0.0,0.0,0.0,0.0,0.0,0.0,1.0,0.0
487,0.19753086419753085,1.0,1.0,1.0,0.22222222222222227,0.5,0.635013676339261,0.15789473684210525,1.0,0.0,0.9375,0.6987529228371017,0.6025104602510458,0.9578326909997734,0.8597353497164448,0.0,1.0,0.0,0.0,0.0,0.0,0.0,0.0,0.0,0.0,0.0,0.0,1.0,0.0,0.0,0.0,0.0,0.0,0.0,0.0,0.0,0.0,0.0,1.0,0.0
488,0.2345679012345679,1.0,1.0,1.0,0.22222222222222227,0.5,0.4735228478707203,0.0,1.0,0.0,0.9375,0.6987529228371017,0.6025104602510458,0.9578326909997734,0.8597353497164448,0.0,1.0,0.0,0.0,0.0,0.0,0.0,0.0,0.0,0.0,0.0,0.0,1.0,0.0,0.0,0.0,1.0,0.0,0.0,0.0,0.0,0.0,0.0,1.0,0.0
489,0.16049382716049382,1.0,0.0,1.0,0.22222222222222227,0.5,0.6927390389294485,0.0,1.0,0.0,0.9375,0.6987529228371017,0.6025104602510458,0.9578326909997734,0.8597353497164448,0.0,1.0,0.0,0.0,0.0,0.0,0.0,0.0,0.0,0.0,0.0,0.0,1.0,0.0,0.0,0.0,1.0,0.0,0.0,0.0,0.0,0.0,0.0,1.0,0.0
490,0.12345679012345678,1.0,0.0,1.0,0.22222222222222227,0.5,0.7591731414671088,0.23684210526315788,1.0,0.0,0.9375,0.6987529228371017,0.6025104602510458,0.9578326909997734,0.8597353497164448,0.0,1.0,0.0,0.0,0.0,0.0,0.0,0.0,0.0,0.0,0.0,0.0,0.0,1.0,0.0,1.0,0.0,0.0,0.0,0.0,0.0,0.0,0.0,1.0,0.0
491,0.2716049382716049,1.0,0.0,1.0,0.22222222222222227,0.5,0.6412337233355714,0.02631578947368421,1.0,0.0,0.9375,0.6987529228371017,0.6025104602510458,0.9578326909997734,0.8597353497164448,0.0,0.0,0.0,0.0,0.0,0.0,0.0,0.0,0.0,0.0,0.0,0.0,1.0,0.0,0.0,0.0,0.0,1.0,0.0,0.0,0.0,0.0,1.0,1.0,0.0
492,0.24691358024691357,1.0,0.0,1.0,0.22222222222222227,0.5,0.675955471292364,0.10526315789473684,1.0,0.0,0.9375,0.6987529228371017,0.6025104602510458,0.9578326909997734,0.8597353497164448,0.0,0.0,0.0,0.0,0.0,0.0,0.0,1.0,0.0,0.0,0.0,0.0,1.0,0.0,0.0,0.0,0.0,1.0,0.0,0.0,0.0,0.0,1.0,1.0,0.0
493,0.18518518518518517,0.0,0.0,1.0,0.22222222222222227,0.5,0.7116612993527112,0.02631578947368421,1.0,0.0,0.9375,0.6987529228371017,0.6025104602510458,0.9578326909997734,0.8597353497164448,0.0,0.0,0.0,0.0,0.0,0.0,0.0,1.0,0.0,0.0,0.0,0.0,1.0,0.0,0.0,0.0,0.0,1.0,0.0,0.0,0.0,0.0,0.0,1.0,0.0
494,0.24691358024691357,1.0,0.0,1.0,0.22222222222222227,0.5,0.6184662540070037,0.0,1.0,0.0,0.9375,0.6987529228371017,0.6025104602510458,0.9578326909997734,0.8597353497164448,0.0,1.0,0.0,0.0,0.0,0.0,0.0,0.0,0.0,0.0,0.0,0.0,1.0,0.0,0.0,0.0,0.0,0.0,0.0,0.0,0.0,0.0,0.0,1.0,0.0
495,0.30864197530864196,1.0,1.0,1.0,0.22222222222222227,0.5,0.5393533347388635,0.10526315789473684,1.0,0.0,0.9375,0.6987529228371017,0.6025104602510458,0.9578326909997734,0.8597353497164448,0.0,1.0,0.0,0.0,0.0,0.0,0.0,0.0,0.0,0.0,0.0,0.0,1.0,0.0,0.0,0.0,0.0,0.0,0.0,0.0,0.0,0.0,0.0,1.0,0.0
496,0.4444444444444445,0.5,0.5,1.0,0.22222222222222227,0.5,0.7474972696344017,0.02631578947368421,1.0,0.0,0.9375,0.6987529228371017,0.6025104602510458,0.9578326909997734,0.8597353497164448,0.0,0.0,0.0,0.0,0.0,1.0,0.0,0.0,0.0,0.0,0.0,0.0,0.0,0.0,0.0,0.0,0.0,1.0,0.0,0.0,0.0,0.0,0.0,1.0,0.0
497,0.35802469135802467,0.0,0.0,1.0,0.22222222222222227,0.5,0.6607297076989791,0.02631578947368421,1.0,0.0,0.9375,0.6987529228371017,0.6025104602510458,0.9578326909997734,0.8597353497164448,0.0,1.0,0.0,0.0,0.0,0.0,0.0,0.0,0.0,0.0,0.0,0.0,1.0,0.0,0.0,0.0,1.0,0.0,0.0,0.0,0.0,0.0,1.0,1.0,0.0
498,0.16049382716049382,0.0,0.0,1.0,0.22222222222222227,0.5,0.6020559671887218,0.07894736842105263,1.0,0.0,0.9375,0.6987529228371017,0.6025104602510458,0.9578326909997734,0.8597353497164448,0.0,0.0,0.0,0.0,0.0,0.0,0.0,0.0,1.0,0.0,0.0,0.0,0.0,1.0,0.0,0.0,0.0,0.0,0.0,0.0,0.0,1.0,1.0,1.0,0.0
499,0.14814814814814814,1.0,1.0,1.0,0.22222222222222227,0.5,0.6027582686746316,0.05263157894736842,1.0,0.0,0.9375,0.6987529228371017,0.6025104602510458,0.9578326909997734,0.8597353497164448,0.0,0.0,0.0,0.0,0.0,0.0,0.0,0.0,0.0,0.0,0.0,0.0,0.0,1.0,0.0,0.0,0.0,1.0,0.0,0.0,0.0,0.0,0.0,1.0,0.0
500,0.39506172839506176,0.0,0.0,1.0,0.22222222222222227,0.5,0.6020559671887218,0.05263157894736842,1.0,0.0,0.9375,0.6987529228371017,0.6025104602510458,0.9578326909997734,0.8597353497164448,0.0,0.0,0.0,0.0,1.0,0.0,0.0,0.0,0.0,0.0,0.0,0.0,1.0,0.0,0.0,0.0,0.0,0.0,0.0,0.0,1.0,0.0,0.0,1.0,0.0
501,0.13580246913580246,0.0,0.0,1.0,0.22222222222222227,0.5,0.6376454449299462,0.02631578947368421,1.0,0.0,0.9375,0.6987529228371017,0.6025104602510458,0.9578326909997734,0.8597353497164448,0.0,0.0,0.0,0.0,0.0,0.0,0.0,0.0,1.0,0.0,0.0,0.0,1.0,0.0,0.0,0.0,0.0,0.0,0.0,0.0,1.0,0.0,0.0,1.0,0.0
502,0.20987654320987653,0.0,1.0,1.0,0.22222222222222227,0.5,0.6159896330688406,0.07894736842105263,1.0,0.0,0.9375,0.6987529228371017,0.6025104602510458,0.9578326909997734,0.8597353497164448,0.0,0.0,0.0,0.0,0.0,0.0,0.0,0.0,0.0,1.0,0.0,0.0,1.0,0.0,0.0,0.0,0.0,0.0,0.0,1.0,0.0,0.0,1.0,1.0,0.0
503,0.2345679012345679,0.0,0.0,1.0,0.22222222222222227,0.5,0.8541752991408634,0.05263157894736842,1.0,0.0,0.9375,0.6987529228371017,0.6025104602510458,0.9578326909997734,0.8597353497164448,1.0,0.0,0.0,0.0,0.0,0.0,0.0,0.0,0.0,1.0,0.0,0.0,1.0,0.0,0.0,0.0,0.0,0.0,0.0,1.0,0.0,0.0,0.0,1.0,0.0
504,0.35802469135802467,1.0,0.0,1.0,0.22222222222222227,0.5,0.6615821400485514,0.07894736842105263,1.0,0.0,0.9375,0.6987529228371017,0.6025104602510458,0.9578326909997734,0.8597353497164448,0.0,0.0,0.0,0.0,0.0,0.0,0.0,0.0,0.0,0.0,0.0,0.0,0.0,0.0,0.0,0.0,0.0,0.0,0.0,0.0,1.0,0.0,0.0,1.0,0.0
505,0.4444444444444445,1.0,1.0,1.0,0.22222222222222227,0.5,0.5474693214896542,0.05263157894736842,1.0,0.0,0.9375,0.6987529228371017,0.6025104602510458,0.9578326909997734,0.8597353497164448,0.0,0.0,0.0,0.0,0.0,1.0,0.0,0.0,0.0,0.0,0.0,0.0,0.0,0.0,0.0,0.0,0.0,0.0,0.0,1.0,0.0,0.0,1.0,1.0,0.0
506,0.419753086419753,1.0,0.0,1.0,0.22222222222222227,0.75,0.5369277818064884,0.07894736842105263,1.0,0.0,0.9375,0.6987529228371017,0.6025104602510458,0.9580593969621403,0.8597353497164448,0.0,0.0,0.0,0.0,0.0,0.0,0.0,1.0,0.0,0.0,0.0,0.0,0.0,0.0,0.0,0.0,0.0,0.0,0.0,0.0,0.0,0.0,1.0,1.0,0.0
507,0.14814814814814814,1.0,0.0,1.0,0.22222222222222227,0.75,0.6933889585355939,0.05263157894736842,1.0,0.0,0.9375,0.6987529228371017,0.6025104602510458,0.9580593969621403,0.8597353497164448,0.0,0.0,0.0,0.0,0.0,0.0,0.0,0.0,0.0,0.0,0.0,0.0,0.0,1.0,0.0,0.0,0.0,1.0,0.0,0.0,0.0,0.0,0.0,1.0,0.0
508,0.1728395061728395,0.0,1.0,1.0,0.22222222222222227,0.75,0.6890988423028271,0.02631578947368421,1.0,0.0,0.9375,0.6987529228371017,0.6025104602510458,0.9580593969621403,0.8597353497164448,0.0,0.0,0.0,0.0,0.0,0.0,0.0,0.0,0.0,0.0,0.0,0.0,1.0,0.0,0.0,0.0,0.0,1.0,0.0,0.0,0.0,0.0,0.0,1.0,0.0
509,0.2222222222222222,0.0,0.0,1.0,0.22222222222222227,0.75,0.7613754238745398,0.05263157894736842,1.0,0.0,0.9375,0.6987529228371017,0.6025104602510458,0.9580593969621403,0.8597353497164448,1.0,0.0,0.0,1.0,0.0,0.0,0.0,0.0,0.0,0.0,0.0,0.0,1.0,0.0,0.0,0.0,0.0,0.0,0.0,0.0,0.0,0.0,0.0,1.0,0.0
510,0.5308641975308641,0.0,1.0,1.0,0.22222222222222227,0.75,0.5561069727294308,0.0,1.0,0.0,0.9375,0.6987529228371017,0.6025104602510458,0.9580593969621403,0.8597353497164448,0.0,0.0,0.0,0.0,0.0,0.0,0.0,0.0,0.0,0.0,0.0,1.0,1.0,0.0,0.0,0.0,0.0,0.0,0.0,0.0,1.0,0.0,0.0,1.0,0.0
511,0.24691358024691357,1.0,0.0,1.0,0.22222222222222227,0.75,0.7108260166752879,0.0,1.0,0.0,0.9375,0.6987529228371017,0.6025104602510458,0.9580593969621403,0.8597353497164448,0.0,0.0,0.0,0.0,0.0,0.0,0.0,0.0,0.0,0.0,0.0,0.0,0.0,0.0,0.0,0.0,0.0,1.0,0.0,0.0,0.0,0.0,0.0,1.0,0.0
512,0.18518518518518517,0.0,0.0,1.0,0.22222222222222227,0.75,0.7782818170578935,0.0,1.0,0.0,0.9375,0.6987529228371017,0.6025104602510458,0.9580593969621403,0.8597353497164448,1.0,0.0,0.0,0.0,0.0,0.0,0.0,1.0,0.0,0.0,0.0,0.0,1.0,0.0,0.0,0.0,1.0,0.0,0.0,0.0,0.0,0.0,0.0,1.0,0.0
513,0.12345679012345678,0.0,0.0,1.0,0.22222222222222227,0.75,0.5094464638657551,0.0,1.0,0.0,0.9375,0.6987529228371017,0.6025104602510458,0.9580593969621403,0.8597353497164448,0.0,0.0,0.0,0.0,0.0,0.0,0.0,0.0,0.0,0.0,0.0,0.0,0.0,1.0,0.0,0.0,0.0,1.0,0.0,0.0,0.0,0.0,1.0,1.0,0.0
514,0.1728395061728395,0.0,0.0,1.0,0.22222222222222227,0.75,0.4735228478707203,0.0,1.0,0.0,0.9375,0.6987529228371017,0.6025104602510458,0.9580593969621403,0.8597353497164448,0.0,0.0,0.0,0.0,0.0,0.0,0.0,0.0,0.0,0.0,0.0,0.0,1.0,0.0,0.0,0.0,0.0,1.0,0.0,0.0,0.0,0.0,0.0,1.0,0.0
515,0.34567901234567905,1.0,0.0,1.0,0.22222222222222227,0.75,0.634480182683441,0.0,1.0,0.0,0.9375,0.6987529228371017,0.6025104602510458,0.9580593969621403,0.8597353497164448,0.0,1.0,0.0,0.0,0.0,0.0,0.0,0.0,0.0,0.0,0.0,0.0,1.0,0.0,0.0,0.0,0.0,0.0,0.0,0.0,0.0,0.0,1.0,1.0,0.0
516,0.3333333333333333,1.0,0.0,1.0,0.22222222222222227,0.75,0.5977517620704379,0.0,1.0,0.0,0.9375,0.6987529228371017,0.6025104602510458,0.9580593969621403,0.8597353497164448,0.0,0.0,0.0,0.0,0.0,0.0,0.0,0.0,0.0,1.0,0.0,0.0,1.0,0.0,0.0,0.0,0.0,0.0,0.0,1.0,0.0,0.0,0.0,1.0,0.0
517,0.2222222222222222,0.0,0.0,1.0,0.22222222222222227,0.75,0.7322268613080786,0.05263157894736842,1.0,0.0,0.9375,0.6987529228371017,0.6025104602510458,0.9580593969621403,0.8597353497164448,0.0,0.0,0.0,0.0,0.0,0.0,0.0,0.0,0.0,1.0,0.0,0.0,1.0,0.0,0.0,0.0,0.0,0.0,0.0,1.0,0.0,0.0,0.0,1.0,0.0
518,0.2716049382716049,0.0,0.0,1.0,0.22222222222222227,0.75,0.6273151724090865,0.0,1.0,0.0,0.9375,0.6987529228371017,0.6025104602510458,0.9580593969621403,0.8597353497164448,0.0,0.0,0.0,0.0,0.0,0.0,0.0,1.0,0.0,0.0,0.0,0.0,0.0,1.0,0.0,0.0,0.0,1.0,0.0,0.0,0.0,0.0,1.0,1.0,0.0
519,0.1111111111111111,0.0,0.0,1.0,0.22222222222222227,0.75,0.6811028302176989,0.07894736842105263,1.0,0.0,0.9375,0.6987529228371017,0.6025104602510458,0.9580593969621403,0.8597353497164448,0.0,0.0,0.0,0.0,0.0,0.0,0.0,0.0,0.0,0.0,0.0,0.0,1.0,0.0,0.0,0.0,0.0,1.0,0.0,0.0,0.0,0.0,0.0,1.0,0.0
520,0.30864197530864196,1.0,0.0,1.0,0.22222222222222227,0.75,0.8211022766870513,0.0,1.0,0.0,0.9375,0.6987529228371017,0.6025104602510458,0.9580593969621403,0.8597353497164448,1.0,0.0,0.0,0.0,0.0,0.0,0.0,1.0,0.0,0.0,0.0,0.0,0.0,0.0,0.0,1.0,0.0,0.0,0.0,0.0,0.0,0.0,0.0,1.0,0.0
521,0.24691358024691357,1.0,0.0,1.0,0.22222222222222227,0.75,0.5169416832156455,0.0,1.0,0.0,0.9375,0.6987529228371017,0.6025104602510458,0.9580593969621403,0.8597353497164448,0.0,0.0,0.0,0.0,0.0,0.0,1.0,0.0,0.0,0.0,0.0,0.0,1.0,0.0,0.0,0.0,0.0,0.0,0.0,1.0,0.0,0.0,0.0,1.0,0.0
522,0.34567901234567905,1.0,0.0,1.0,0.22222222222222227,0.75,0.7699631857272993,0.0,1.0,0.0,0.9375,0.6987529228371017,0.6025104602510458,0.9580593969621403,0.8597353497164448,1.0,0.0,0.0,0.0,0.0,0.0,0.0,0.0,0.0,0.0,0.0,0.0,1.0,0.0,0.0,0.0,0.0,1.0,0.0,0.0,0.0,0.0,0.0,1.0,0.0
523,0.35802469135802467,0.0,1.0,1.0,0.22222222222222227,0.75,0.7525037762385953,0.02631578947368421,1.0,0.0,0.9375,0.6987529228371017,0.6025104602510458,0.9580593969621403,0.8597353497164448,0.0,1.0,0.0,0.0,0.0,0.0,0.0,0.0,0.0,0.0,0.0,0.0,1.0,0.0,0.0,0.0,0.0,0.0,0.0,0.0,0.0,0.0,0.0,1.0,0.0
524,0.35802469135802467,0.0,0.0,1.0,0.22222222222222227,0.75,0.5707693054036078,0.0,1.0,0.0,0.9375,0.6987529228371017,0.6025104602510458,0.9580593969621403,0.8597353497164448,0.0,0.0,1.0,0.0,0.0,0.0,0.0,0.0,0.0,0.0,0.0,0.0,0.0,0.0,0.0,0.0,0.0,0.0,0.0,0.0,1.0,0.0,0.0,1.0,0.0
525,0.25925925925925924,0.0,1.0,1.0,0.22222222222222227,0.75,0.8395948158856634,0.05263157894736842,1.0,0.0,0.9375,0.6987529228371017,0.6025104602510458,0.9580593969621403,0.8597353497164448,1.0,0.0,0.0,0.0,0.0,0.0,0.0,1.0,0.0,0.0,0.0,0.0,0.0,1.0,0.0,0.0,0.0,1.0,0.0,0.0,0.0,0.0,1.0,1.0,0.0
526,0.34567901234567905,0.0,0.0,1.0,0.22222222222222227,0.75,0.6006386590863215,0.0,1.0,0.0,0.9375,0.6987529228371017,0.6025104602510458,0.9580593969621403,0.8597353497164448,0.0,1.0,0.0,0.0,0.0,0.0,0.0,0.0,0.0,0.0,0.0,0.0,1.0,0.0,0.0,0.0,0.0,0.0,0.0,0.0,0.0,0.0,0.0,1.0,0.0
527,0.34567901234567905,0.0,0.0,1.0,0.22222222222222227,0.75,0.634480182683441,0.0,1.0,0.0,0.9375,0.6987529228371017,0.6025104602510458,0.9580593969621403,0.8597353497164448,0.0,1.0,0.0,0.0,0.0,0.0,0.0,0.0,0.0,0.0,0.0,0.0,1.0,0.0,0.0,0.0,0.0,0.0,0.0,0.0,0.0,0.0,0.0,1.0,0.0
528,0.20987654320987653,1.0,0.0,1.0,0.22222222222222227,0.75,0.5813108450867737,0.0,1.0,0.0,0.9375,0.6987529228371017,0.6025104602510458,0.9580593969621403,0.8597353497164448,0.0,1.0,0.0,0.0,0.0,0.0,0.0,0.0,0.0,0.0,0.0,0.0,1.0,0.0,0.0,0.0,1.0,0.0,0.0,0.0,0.0,0.0,1.0,1.0,0.0
529,0.2716049382716049,0.0,0.0,1.0,0.22222222222222227,0.75,0.7622810107139464,0.5789473684210527,1.0,0.0,0.9375,0.6987529228371017,0.6025104602510458,0.9580593969621403,0.8597353497164448,1.0,1.0,0.0,0.0,0.0,0.0,0.0,0.0,0.0,0.0,0.0,0.0,1.0,0.0,0.0,0.0,1.0,0.0,0.0,0.0,0.0,0.0,0.0,1.0,0.0
530,0.34567901234567905,0.0,0.0,1.0,0.22222222222222227,0.75,0.7763767527588283,0.0,1.0,0.0,0.9375,0.6987529228371017,0.6025104602510458,0.9580593969621403,0.8597353497164448,1.0,0.0,0.0,0.0,0.0,0.0,1.0,0.0,0.0,0.0,0.0,0.0,1.0,0.0,0.0,1.0,0.0,0.0,0.0,0.0,0.0,0.0,1.0,1.0,0.0
531,0.3209876543209876,1.0,0.0,1.0,0.22222222222222227,0.75,0.4279079916652397,0.0,1.0,0.0,0.9375,0.6987529228371017,0.6025104602510458,0.9580593969621403,0.8597353497164448,0.0,0.0,0.0,0.0,0.0,0.0,0.0,0.0,0.0,0.0,1.0,0.0,1.0,0.0,0.0,0.0,0.0,0.0,0.0,0.0,1.0,0.0,1.0,1.0,0.0
532,0.38271604938271603,0.0,0.0,1.0,0.22222222222222227,0.75,0.6887622608157357,0.0,1.0,0.0,0.9375,0.6987529228371017,0.6025104602510458,0.9580593969621403,0.8597353497164448,0.0,0.0,1.0,0.0,0.0,0.0,0.0,0.0,0.0,0.0,0.0,0.0,1.0,0.0,0.0,0.0,0.0,0.0,0.0,0.0,0.0,0.0,0.0,1.0,0.0
533,0.39506172839506176,0.0,0.0,1.0,0.22222222222222227,0.75,0.8029140116711493,0.02631578947368421,1.0,0.0,0.9375,0.6987529228371017,0.6025104602510458,0.9580593969621403,0.8597353497164448,1.0,1.0,0.0,0.0,0.0,0.0,0.0,0.0,0.0,0.0,0.0,0.0,0.0,0.0,0.0,0.0,0.0,0.0,0.0,0.0,0.0,0.0,1.0,1.0,0.0
534,0.29629629629629634,0.0,0.0,1.0,0.22222222222222227,0.75,0.731291387992633,0.0,1.0,0.0,0.9375,0.6987529228371017,0.6025104602510458,0.9580593969621403,0.8597353497164448,1.0,1.0,0.0,0.0,0.0,0.0,0.0,0.0,0.0,0.0,0.0,0.0,1.0,0.0,0.0,0.0,1.0,0.0,0.0,0.0,0.0,0.0,0.0,1.0,0.0
535,0.4691358024691357,1.0,0.0,1.0,0.22222222222222227,0.75,0.6717469358140523,0.0,1.0,0.0,0.9375,0.6987529228371017,0.6025104602510458,0.9580593969621403,0.8597353497164448,0.0,0.0,0.0,0.0,0.0,1.0,0.0,0.0,0.0,0.0,0.0,0.0,1.0,0.0,0.0,0.0,0.0,0.0,0.0,1.0,0.0,0.0,0.0,1.0,0.0
536,0.2839506172839506,1.0,0.0,1.0,0.22222222222222227,0.75,0.67096530403808,0.0,1.0,0.0,0.9375,0.6987529228371017,0.6025104602510458,0.9580593969621403,0.8597353497164448,0.0,0.0,0.0,0.0,0.0,0.0,0.0,0.0,0.0,0.0,0.0,0.0,1.0,0.0,0.0,0.0,0.0,1.0,0.0,0.0,0.0,0.0,1.0,1.0,0.0
537,0.2345679012345679,1.0,0.0,1.0,0.22222222222222227,0.75,0.5940405662922726,0.0,1.0,0.0,0.9375,0.6987529228371017,0.6025104602510458,0.9580593969621403,0.8597353497164448,0.0,0.0,0.0,0.0,0.0,0.0,0.0,0.0,0.0,0.0,0.0,0.0,0.0,0.0,0.0,0.0,0.0,0.0,0.0,0.0,1.0,0.0,0.0,1.0,0.0
538,0.35802469135802467,0.0,0.0,1.0,0.22222222222222227,0.75,0.4648051454883613,0.10526315789473684,1.0,0.0,0.9375,0.6987529228371017,0.6025104602510458,0.9580593969621403,0.8597353497164448,0.0,0.0,0.0,0.0,0.0,0.0,0.0,0.0,0.0,0.0,0.0,1.0,1.0,0.0,0.0,1.0,0.0,0.0,0.0,0.0,0.0,0.0,1.0,1.0,0.0
539,0.34567901234567905,0.0,0.0,1.0,0.22222222222222227,0.75,0.5030862582093689,0.0,1.0,0.0,0.9375,0.6987529228371017,0.6025104602510458,0.9580593969621403,0.8597353497164448,0.0,0.0,1.0,0.0,0.0,0.0,0.0,0.0,0.0,0.0,0.0,0.0,1.0,0.0,0.0,0.0,0.0,0.0,0.0,0.0,1.0,0.0,0.0,1.0,0.0
540,0.2716049382716049,0.0,0.0,1.0,0.22222222222222227,0.75,0.6874062210217441,0.02631578947368421,1.0,0.0,0.9375,0.6987529228371017,0.6025104602510458,0.9580593969621403,0.8597353497164448,0.0,0.0,0.0,0.0,0.0,0.0,0.0,0.0,0.0,0.0,0.0,0.0,0.0,1.0,0.0,0.0,0.0,1.0,0.0,0.0,0.0,0.0,1.0,1.0,0.0
541,0.34567901234567905,0.0,0.0,1.0,0.22222222222222227,0.75,0.7370196447311212,0.0,1.0,0.0,0.9375,0.6987529228371017,0.6025104602510458,0.9580593969621403,0.8597353497164448,0.0,1.0,0.0,0.0,0.0,0.0,0.0,0.0,0.0,0.0,0.0,0.0,1.0,0.0,0.0,0.0,1.0,0.0,0.0,0.0,0.0,0.0,1.0,1.0,0.0
542,0.2345679012345679,1.0,0.0,1.0,0.22222222222222227,0.75,0.6006386590863215,0.02631578947368421,1.0,0.0,0.9375,0.6987529228371017,0.6025104602510458,0.9580593969621403,0.8597353497164448,0.0,0.0,0.0,0.0,0.0,0.0,0.0,1.0,0.0,0.0,0.0,0.0,0.0,1.0,0.0,1.0,0.0,0.0,0.0,0.0,0.0,0.0,1.0,1.0,0.0
543,0.2345679012345679,1.0,1.0,1.0,0.22222222222222227,0.75,0.6371237804409605,0.0,1.0,0.0,0.9375,0.6987529228371017,0.6025104602510458,0.9580593969621403,0.8597353497164448,0.0,1.0,0.0,0.0,0.0,0.0,0.0,0.0,0.0,0.0,0.0,0.0,1.0,0.0,0.0,0.0,0.0,0.0,0.0,1.0,0.0,0.0,0.0,1.0,0.0
544,0.25925925925925924,0.0,0.0,1.0,0.22222222222222227,0.75,0.5770327318283031,0.0,1.0,0.0,0.9375,0.6987529228371017,0.6025104602510458,0.9580593969621403,0.8597353497164448,0.0,0.0,0.0,0.0,0.0,0.0,0.0,0.0,0.0,0.0,0.0,0.0,0.0,0.0,0.0,0.0,0.0,1.0,0.0,0.0,0.0,0.0,0.0,1.0,0.0
545,0.16049382716049382,1.0,0.0,1.0,0.22222222222222227,0.75,0.8017588290706973,0.02631578947368421,1.0,0.0,0.9375,0.6987529228371017,0.6025104602510458,0.9580593969621403,0.8597353497164448,1.0,0.0,0.0,0.0,0.0,0.0,0.0,0.0,0.0,0.0,0.0,0.0,1.0,0.0,0.0,0.0,0.0,0.0,0.0,0.0,1.0,0.0,0.0,1.0,0.0
546,0.419753086419753,0.5,0.5,1.0,0.22222222222222227,0.75,0.529335783224907,0.0,1.0,0.0,0.9375,0.6987529228371017,0.6025104602510458,0.9580593969621403,0.8597353497164448,0.0,0.0,0.0,0.0,0.0,0.0,0.0,0.0,0.0,0.0,0.0,0.0,1.0,0.0,0.0,0.0,0.0,1.0,0.0,0.0,0.0,0.0,0.0,1.0,0.0
547,0.2222222222222222,0.5,0.5,1.0,0.22222222222222227,0.75,0.5030862582093689,0.07894736842105263,1.0,0.0,0.9375,0.6987529228371017,0.6025104602510458,0.9580593969621403,0.8597353497164448,0.0,0.0,0.0,0.0,0.0,0.0,0.0,0.0,0.0,0.0,1.0,0.0,1.0,0.0,0.0,0.0,0.0,0.0,0.0,0.0,0.0,0.0,1.0,1.0,0.0
548,0.4938271604938272,1.0,0.0,1.0,0.22222222222222227,0.75,0.5854388177384106,0.0,1.0,0.0,0.9375,0.6987529228371017,0.6025104602510458,0.9580593969621403,0.8597353497164448,0.0,1.0,0.0,0.0,0.0,0.0,0.0,0.0,0.0,0.0,0.0,0.0,1.0,0.0,0.0,0.0,0.0,0.0,0.0,0.0,0.0,0.0,1.0,1.0,0.0
549,0.16049382716049382,1.0,0.0,1.0,0.22222222222222227,0.75,0.7048068276351993,0.0,1.0,0.0,0.9375,0.6987529228371017,0.6025104602510458,0.9580593969621403,0.8597353497164448,0.0,1.0,0.0,0.0,0.0,0.0,0.0,0.0,0.0,0.0,0.0,0.0,0.0,1.0,0.0,0.0,0.0,1.0,0.0,0.0,0.0,0.0,0.0,1.0,0.0
550,0.3703703703703703,1.0,0.0,1.0,0.22222222222222227,0.75,0.7217580931394421,0.0,1.0,0.0,0.9375,0.6987529228371017,0.6025104602510458,0.9580593969621403,0.8597353497164448,0.0,1.0,0.0,0.0,0.0,0.0,0.0,0.0,0.0,0.0,0.0,0.0,1.0,0.0,0.0,0.0,0.0,0.0,0.0,0.0,0.0,1.0,1.0,1.0,0.0
551,0.4444444444444445,1.0,0.0,1.0,0.22222222222222227,0.75,0.8029140116711493,0.02631578947368421,1.0,0.0,0.9375,0.6987529228371017,0.6025104602510458,0.9580593969621403,0.8597353497164448,1.0,0.0,0.0,0.0,0.0,0.0,0.0,0.0,0.0,1.0,0.0,0.0,1.0,0.0,0.0,0.0,0.0,0.0,0.0,1.0,0.0,0.0,1.0,1.0,0.0
552,0.2222222222222222,0.0,0.0,1.0,0.22222222222222227,0.75,0.8364678013714858,0.02631578947368421,1.0,0.0,0.9375,0.6987529228371017,0.6025104602510458,0.9580593969621403,0.8597353497164448,1.0,0.0,0.0,0.0,0.0,0.0,0.0,0.0,0.0,1.0,0.0,0.0,1.0,0.0,0.0,0.0,0.0,0.0,0.0,0.0,0.0,1.0,1.0,1.0,0.0
553,0.29629629629629634,1.0,0.0,1.0,0.22222222222222227,0.75,0.5463436176888766,0.0,1.0,0.0,0.9375,0.6987529228371017,0.6025104602510458,0.9580593969621403,0.8597353497164448,0.0,0.0,0.0,0.0,0.0,0.0,0.0,0.0,0.0,0.0,0.0,0.0,0.0,1.0,0.0,0.0,0.0,0.0,0.0,0.0,0.0,1.0,0.0,1.0,0.0
554,0.419753086419753,0.0,1.0,1.0,0.22222222222222227,0.75,0.8297496114261323,0.02631578947368421,1.0,0.0,0.9375,0.6987529228371017,0.6025104602510458,0.9580593969621403,0.8597353497164448,1.0,0.0,0.0,0.0,1.0,0.0,0.0,0.0,0.0,0.0,0.0,0.0,1.0,0.0,0.0,0.0,0.0,0.0,0.0,0.0,1.0,0.0,1.0,1.0,0.0
555,0.1111111111111111,0.0,0.0,1.0,0.22222222222222227,0.75,0.506309340633733,0.02631578947368421,1.0,0.0,0.9375,0.6987529228371017,0.6025104602510458,0.9580593969621403,0.8597353497164448,0.0,0.0,1.0,0.0,0.0,0.0,0.0,0.0,0.0,0.0,0.0,0.0,1.0,0.0,0.0,0.0,0.0,0.0,0.0,0.0,1.0,0.0,0.0,1.0,0.0
556,0.2222222222222222,0.0,0.0,1.0,0.22222222222222227,0.75,0.7108260166752879,0.07894736842105263,1.0,0.0,0.9375,0.6987529228371017,0.6025104602510458,0.9580593969621403,0.8597353497164448,0.0,0.0,0.0,0.0,0.0,0.0,0.0,0.0,0.0,0.0,0.0,0.0,1.0,0.0,0.0,0.0,0.0,0.0,0.0,0.0,1.0,0.0,0.0,1.0,0.0
557,0.35802469135802467,0.0,1.0,1.0,0.22222222222222227,0.75,0.8371380889370769,0.02631578947368421,1.0,0.0,0.9375,0.6987529228371017,0.6025104602510458,0.9580593969621403,0.8597353497164448,0.0,1.0,0.0,0.0,0.0,0.0,0.0,0.0,0.0,0.0,0.0,0.0,1.0,0.0,0.0,1.0,0.0,0.0,0.0,0.0,0.0,0.0,1.0,1.0,0.0
558,0.18518518518518517,1.0,0.0,1.0,0.22222222222222227,0.75,0.645692009932198,0.5789473684210527,1.0,0.0,0.9375,0.6987529228371017,0.6025104602510458,0.9580593969621403,0.8597353497164448,0.0,0.0,0.0,0.0,0.0,0.0,0.0,0.0,0.0,0.0,0.0,0.0,0.0,0.0,0.0,0.0,0.0,1.0,0.0,0.0,0.0,0.0,0.0,1.0,0.0
559,0.14814814814814814,1.0,0.0,1.0,0.22222222222222227,0.75,0.672135812695421,0.0,1.0,0.0,0.9375,0.6987529228371017,0.6025104602510458,0.9580593969621403,0.8597353497164448,0.0,0.0,0.0,0.0,0.0,0.0,0.0,0.0,0.0,0.0,0.0,0.0,1.0,0.0,0.0,0.0,0.0,0.0,0.0,0.0,1.0,0.0,0.0,1.0,0.0
560,0.4938271604938272,1.0,0.0,1.0,0.22222222222222227,0.75,0.8185581169316366,0.05263157894736842,1.0,0.0,0.9375,0.6987529228371017,0.6025104602510458,0.9580593969621403,0.8597353497164448,0.0,1.0,0.0,0.0,0.0,0.0,0.0,0.0,0.0,0.0,0.0,0.0,1.0,0.0,0.0,0.0,0.0,0.0,0.0,0.0,0.0,0.0,1.0,1.0,0.0
561,0.19753086419753085,0.0,0.0,1.0,0.22222222222222227,0.75,0.8861013054130684,0.13157894736842105,1.0,0.0,0.9375,0.6987529228371017,0.6025104602510458,0.9580593969621403,0.8597353497164448,1.0,1.0,0.0,0.0,0.0,0.0,0.0,0.0,0.0,0.0,0.0,0.0,0.0,0.0,0.0,0.0,1.0,0.0,0.0,0.0,0.0,0.0,1.0,1.0,0.0
562,0.4444444444444445,1.0,1.0,1.0,0.22222222222222227,0.75,0.7420541031352529,0.0,1.0,0.0,0.9375,0.6987529228371017,0.6025104602510458,0.9580593969621403,0.8597353497164448,0.0,0.0,0.0,0.0,0.0,0.0,0.0,0.0,0.0,0.0,0.0,0.0,1.0,0.0,0.0,0.0,1.0,0.0,0.0,0.0,0.0,0.0,0.0,1.0,0.0
563,0.4567901234567901,1.0,1.0,1.0,0.22222222222222227,0.75,0.6055262822549443,0.02631578947368421,1.0,0.0,0.9375,0.6987529228371017,0.6025104602510458,0.9580593969621403,0.8597353497164448,0.0,0.0,0.0,0.0,0.0,0.0,0.0,0.0,0.0,0.0,0.0,0.0,1.0,0.0,0.0,0.0,0.0,1.0,0.0,0.0,0.0,0.0,0.0,1.0,0.0
564,0.3333333333333333,1.0,0.0,1.0,0.22222222222222227,0.75,0.8401545400954445,0.02631578947368421,1.0,0.0,0.9375,0.6987529228371017,0.6025104602510458,0.9580593969621403,0.8597353497164448,1.0,0.0,0.0,0.0,0.0,0.0,0.0,1.0,0.0,0.0,0.0,0.0,1.0,0.0,0.0,0.0,0.0,1.0,0.0,0.0,0.0,0.0,1.0,1.0,0.0
565,0.2222222222222222,0.0,0.0,1.0,0.22222222222222227,0.75,0.3400093138083381,0.631578947368421,1.0,0.0,0.9375,0.6987529228371017,0.6025104602510458,0.9580593969621403,0.8597353497164448,0.0,0.0,0.0,0.0,0.0,0.0,0.0,0.0,0.0,0.0,1.0,0.0,1.0,0.0,0.0,0.0,0.0,0.0,0.0,0.0,1.0,0.0,0.0,1.0,0.0
566,0.2345679012345679,0.0,0.0,1.0,0.22222222222222227,0.75,0.5581708002178327,0.0,1.0,0.0,0.9375,0.6987529228371017,0.6025104602510458,0.9580593969621403,0.8597353497164448,0.0,0.0,0.0,0.0,0.0,0.0,0.0,0.0,0.0,0.0,0.0,0.0,1.0,0.0,0.0,1.0,0.0,0.0,0.0,0.0,0.0,0.0,0.0,1.0,0.0
567,0.4074074074074074,1.0,0.0,1.0,0.22222222222222227,0.75,0.7703007330162511,0.05263157894736842,1.0,0.0,0.9375,0.6987529228371017,0.6025104602510458,0.9580593969621403,0.8597353497164448,1.0,1.0,0.0,0.0,0.0,0.0,0.0,0.0,0.0,0.0,0.0,0.0,1.0,0.0,0.0,0.0,1.0,0.0,0.0,0.0,0.0,0.0,0.0,1.0,0.0
568,0.1111111111111111,0.0,0.0,1.0,0.22222222222222227,0.75,0.24461541660154618,0.15789473684210525,1.0,0.0,0.9375,0.6987529228371017,0.6025104602510458,0.9580593969621403,0.8597353497164448,0.0,0.0,0.0,0.0,0.0,0.0,0.0,0.0,0.0,0.0,1.0,0.0,0.0,1.0,0.0,0.0,0.0,0.0,0.0,1.0,0.0,0.0,0.0,1.0,0.0
569,0.2345679012345679,1.0,1.0,1.0,0.22222222222222227,0.75,0.7124906927966042,0.13157894736842105,1.0,0.0,0.9375,0.6987529228371017,0.6025104602510458,0.9580593969621403,0.8597353497164448,0.0,1.0,0.0,0.0,0.0,0.0,0.0,0.0,0.0,0.0,0.0,0.0,1.0,0.0,0.0,0.0,0.0,1.0,0.0,0.0,0.0,0.0,0.0,1.0,0.0
570,0.1728395061728395,0.5,0.5,1.0,0.22222222222222227,0.75,0.5306356323565045,0.05263157894736842,1.0,0.0,0.9375,0.6987529228371017,0.6025104602510458,0.9580593969621403,0.8597353497164448,0.0,1.0,0.0,0.0,0.0,0.0,0.0,0.0,0.0,0.0,0.0,0.0,1.0,0.0,0.0,0.0,1.0,0.0,0.0,0.0,0.0,0.0,0.0,1.0,0.0
571,0.3333333333333333,1.0,0.0,1.0,0.22222222222222227,0.75,0.6884247135267839,0.07894736842105263,1.0,0.0,0.9375,0.6987529228371017,0.6025104602510458,0.9580593969621403,0.8597353497164448,0.0,0.0,0.0,0.0,0.0,0.0,0.0,0.0,0.0,0.0,0.0,0.0,0.0,1.0,0.0,0.0,0.0,1.0,0.0,0.0,0.0,0.0,0.0,1.0,0.0
572,0.16049382716049382,0.0,1.0,1.0,0.22222222222222227,0.75,0.799282208132534,0.07894736842105263,1.0,0.0,0.9375,0.6987529228371017,0.6025104602510458,0.9580593969621403,0.8597353497164448,1.0,0.0,0.0,0.0,0.0,0.0,0.0,0.0,0.0,0.0,0.0,0.0,0.0,1.0,0.0,0.0,0.0,1.0,0.0,0.0,0.0,0.0,0.0,1.0,0.0
573,0.16049382716049382,1.0,0.0,1.0,0.22222222222222227,0.75,0.6789243392652736,0.05263157894736842,1.0,0.0,0.9375,0.6987529228371017,0.6025104602510458,0.9580593969621403,0.8597353497164448,0.0,1.0,0.0,0.0,0.0,0.0,0.0,0.0,0.0,0.0,0.0,0.0,1.0,0.0,0.0,0.0,1.0,0.0,0.0,0.0,0.0,0.0,0.0,1.0,0.0
574,0.2345679012345679,0.0,0.0,1.0,0.22222222222222227,0.75,0.645692009932198,0.02631578947368421,1.0,0.0,0.9375,0.6987529228371017,0.6025104602510458,0.9580593969621403,0.8597353497164448,0.0,0.0,0.0,0.0,0.0,0.0,0.0,0.0,0.0,0.0,0.0,0.0,0.0,0.0,0.0,0.0,0.0,0.0,0.0,0.0,1.0,0.0,0.0,1.0,0.0
575,0.14814814814814814,0.0,0.0,1.0,0.22222222222222227,0.75,0.6701784439170553,0.0,1.0,0.0,0.9375,0.6987529228371017,0.6025104602510458,0.9580593969621403,0.8597353497164448,0.0,0.0,0.0,0.0,0.0,0.0,0.0,0.0,0.0,0.0,1.0,0.0,0.0,1.0,0.0,0.0,0.0,0.0,0.0,0.0,1.0,0.0,0.0,1.0,0.0
576,0.5061728395061729,1.0,0.0,1.0,0.22222222222222227,0.75,0.7291589703963093,0.02631578947368421,1.0,0.0,0.9375,0.6987529228371017,0.6025104602510458,0.9580593969621403,0.8597353497164448,0.0,0.0,0.0,0.0,0.0,0.0,1.0,0.0,0.0,0.0,0.0,0.0,0.0,0.0,0.0,0.0,0.0,0.0,0.0,0.0,0.0,1.0,0.0,1.0,0.0
577,0.2345679012345679,1.0,1.0,1.0,0.22222222222222227,1.0,0.5660820259952785,0.02631578947368421,1.0,0.0,0.9375,0.6987529228371017,0.6025104602510458,0.9578326909997734,0.8597353497164448,0.0,0.0,0.0,0.0,0.0,0.0,1.0,0.0,0.0,0.0,0.0,0.0,1.0,0.0,0.0,0.0,1.0,0.0,0.0,0.0,0.0,0.0,0.0,1.0,0.0
578,0.34567901234567905,1.0,1.0,1.0,0.22222222222222227,1.0,0.7347617030588557,0.0,1.0,0.0,0.9375,0.6987529228371017,0.6025104602510458,0.9578326909997734,0.8597353497164448,1.0,0.0,1.0,0.0,0.0,0.0,0.0,0.0,0.0,0.0,0.0,0.0,1.0,0.0,0.0,0.0,0.0,0.0,0.0,0.0,1.0,0.0,0.0,1.0,0.0
579,0.16049382716049382,1.0,0.0,1.0,0.22222222222222227,1.0,0.5854388177384106,0.0,1.0,0.0,0.9375,0.6987529228371017,0.6025104602510458,0.9578326909997734,0.8597353497164448,0.0,0.0,0.0,0.0,0.0,0.0,1.0,0.0,0.0,0.0,0.0,0.0,0.0,1.0,0.0,0.0,0.0,1.0,0.0,0.0,0.0,0.0,0.0,1.0,0.0
580,0.2222222222222222,0.0,1.0,1.0,0.22222222222222227,1.0,0.7883861094995741,0.0,1.0,0.0,0.9375,0.6987529228371017,0.6025104602510458,0.9578326909997734,0.8597353497164448,1.0,0.0,0.0,0.0,0.0,0.0,0.0,0.0,0.0,0.0,0.0,0.0,0.0,1.0,0.0,0.0,0.0,1.0,0.0,0.0,0.0,0.0,0.0,1.0,0.0
581,0.48148148148148145,0.0,1.0,1.0,0.22222222222222227,1.0,0.506309340633733,0.0,1.0,0.0,0.9375,0.6987529228371017,0.6025104602510458,0.9578326909997734,0.8597353497164448,0.0,0.0,0.0,0.0,0.0,0.0,0.0,0.0,0.0,1.0,0.0,0.0,1.0,0.0,0.0,0.0,0.0,0.0,0.0,1.0,0.0,0.0,0.0,1.0,0.0
582,0.4074074074074074,0.0,0.0,1.0,0.22222222222222227,1.0,0.5787626916748434,0.0,1.0,0.0,0.9375,0.6987529228371017,0.6025104602510458,0.9578326909997734,0.8597353497164448,0.0,0.0,0.0,0.0,1.0,0.0,0.0,0.0,0.0,0.0,0.0,0.0,1.0,0.0,0.0,0.0,0.0,0.0,0.0,0.0,1.0,0.0,1.0,1.0,0.0
583,0.14814814814814814,1.0,0.0,1.0,0.22222222222222227,1.0,0.7869320100269303,0.0,1.0,0.0,0.9375,0.6987529228371017,0.6025104602510458,0.9578326909997734,0.8597353497164448,1.0,1.0,0.0,0.0,0.0,0.0,0.0,0.0,0.0,0.0,0.0,0.0,0.0,1.0,0.0,0.0,0.0,1.0,0.0,0.0,0.0,0.0,0.0,1.0,0.0
584,0.3333333333333333,1.0,0.0,1.0,0.22222222222222227,1.0,0.7927828715912298,0.0,1.0,0.0,0.9375,0.6987529228371017,0.6025104602510458,0.9578326909997734,0.8597353497164448,1.0,0.0,0.0,0.0,1.0,0.0,0.0,0.0,0.0,0.0,0.0,0.0,0.0,1.0,0.0,0.0,0.0,0.0,0.0,0.0,1.0,0.0,1.0,1.0,0.0
585,0.1728395061728395,0.5,0.5,1.0,0.22222222222222227,1.0,0.7667072344853819,0.0,1.0,0.0,0.9375,0.6987529228371017,0.6025104602510458,0.9578326909997734,0.8597353497164448,1.0,1.0,0.0,0.0,0.0,0.0,0.0,0.0,0.0,0.0,0.0,0.0,1.0,0.0,0.0,1.0,0.0,0.0,0.0,0.0,0.0,0.0,1.0,1.0,0.0
586,0.3703703703703703,1.0,1.0,1.0,0.22222222222222227,1.0,0.649517880450222,0.0,1.0,0.0,0.9375,0.6987529228371017,0.6025104602510458,0.9578326909997734,0.8597353497164448,0.0,1.0,0.0,0.0,0.0,0.0,0.0,0.0,0.0,0.0,0.0,0.0,1.0,0.0,0.0,1.0,0.0,0.0,0.0,0.0,0.0,0.0,1.0,1.0,0.0
587,0.48148148148148145,1.0,1.0,1.0,0.22222222222222227,1.0,0.8391263359774142,0.0,1.0,0.0,0.9375,0.6987529228371017,0.6025104602510458,0.9578326909997734,0.8597353497164448,1.0,1.0,0.0,0.0,0.0,0.0,0.0,0.0,0.0,0.0,0.0,0.0,1.0,0.0,0.0,0.0,0.0,0.0,0.0,0.0,0.0,0.0,1.0,1.0,0.0
588,0.34567901234567905,1.0,0.0,1.0,0.22222222222222227,1.0,0.828420386554718,0.05263157894736842,1.0,0.0,0.9375,0.6987529228371017,0.6025104602510458,0.9578326909997734,0.8597353497164448,1.0,0.0,0.0,0.0,0.0,0.0,0.0,0.0,0.0,1.0,0.0,0.0,1.0,0.0,0.0,0.0,0.0,0.0,0.0,0.0,1.0,0.0,0.0,1.0,0.0
589,0.14814814814814814,0.0,0.0,1.0,0.22222222222222227,1.0,0.6312273906618776,0.0,1.0,0.0,0.9375,0.6987529228371017,0.6025104602510458,0.9578326909997734,0.8597353497164448,0.0,1.0,0.0,0.0,0.0,0.0,0.0,0.0,0.0,0.0,0.0,0.0,0.0,1.0,0.0,1.0,0.0,0.0,0.0,0.0,0.0,0.0,0.0,1.0,0.0
590,0.13580246913580246,1.0,0.0,1.0,0.22222222222222227,1.0,0.6499874824690127,0.0,1.0,0.0,0.9375,0.6987529228371017,0.6025104602510458,0.9578326909997734,0.8597353497164448,0.0,0.0,0.0,0.0,0.0,0.0,0.0,0.0,0.0,0.0,0.0,0.0,0.0,1.0,0.0,0.0,0.0,0.0,0.0,0.0,1.0,0.0,0.0,1.0,0.0
591,0.39506172839506176,1.0,0.0,1.0,0.22222222222222227,1.0,0.7758956267323722,0.07894736842105263,1.0,0.0,0.9375,0.6987529228371017,0.6025104602510458,0.9578326909997734,0.8597353497164448,0.0,0.0,0.0,0.0,0.0,0.0,0.0,0.0,0.0,0.0,0.0,0.0,1.0,0.0,0.0,0.0,0.0,0.0,0.0,0.0,0.0,1.0,0.0,1.0,0.0
592,0.1111111111111111,0.0,0.0,1.0,0.22222222222222227,1.0,0.7687740838384954,0.0,1.0,0.0,0.9375,0.6987529228371017,0.6025104602510458,0.9578326909997734,0.8597353497164448,1.0,1.0,0.0,0.0,0.0,0.0,0.0,0.0,0.0,0.0,0.0,0.0,0.0,1.0,0.0,0.0,1.0,0.0,0.0,0.0,0.0,0.0,0.0,1.0,0.0
593,0.18518518518518517,0.0,0.0,1.0,0.22222222222222227,1.0,0.647141331954917,0.0,1.0,0.0,0.9375,0.6987529228371017,0.6025104602510458,0.9578326909997734,0.8597353497164448,0.0,1.0,0.0,0.0,0.0,0.0,0.0,0.0,0.0,0.0,0.0,0.0,1.0,0.0,0.0,0.0,1.0,0.0,0.0,0.0,0.0,0.0,0.0,1.0,0.0
594,0.2839506172839506,0.0,0.0,1.0,0.22222222222222227,1.0,0.7869320100269303,0.0,1.0,0.0,0.9375,0.6987529228371017,0.6025104602510458,0.9578326909997734,0.8597353497164448,1.0,0.0,1.0,0.0,0.0,0.0,0.0,0.0,0.0,0.0,0.0,0.0,1.0,0.0,0.0,0.0,0.0,0.0,0.0,0.0,1.0,0.0,0.0,1.0,0.0
595,0.48148148148148145,1.0,0.0,1.0,0.22222222222222227,1.0,0.6545831899296645,0.0,1.0,0.0,0.9375,0.6987529228371017,0.6025104602510458,0.9578326909997734,0.8597353497164448,0.0,1.0,0.0,0.0,0.0,0.0,0.0,0.0,0.0,0.0,0.0,0.0,1.0,0.0,0.0,0.0,1.0,0.0,0.0,0.0,0.0,0.0,1.0,1.0,0.0
596,0.4938271604938272,1.0,0.0,1.0,0.22222222222222227,1.0,0.7795349330301058,0.0,1.0,0.0,0.9375,0.6987529228371017,0.6025104602510458,0.9578326909997734,0.8597353497164448,0.0,0.0,0.0,0.0,1.0,0.0,0.0,0.0,0.0,0.0,0.0,0.0,0.0,0.0,0.0,0.0,0.0,0.0,0.0,0.0,1.0,0.0,0.0,1.0,0.0
597,0.19753086419753085,1.0,0.0,1.0,0.22222222222222227,1.0,0.6301228271521957,0.02631578947368421,1.0,0.0,0.9375,0.6987529228371017,0.6025104602510458,0.9578326909997734,0.8597353497164448,0.0,0.0,0.0,0.0,0.0,0.0,0.0,1.0,0.0,0.0,0.0,0.0,1.0,0.0,0.0,0.0,0.0,1.0,0.0,0.0,0.0,0.0,0.0,1.0,0.0
598,0.24691358024691357,0.0,0.0,1.0,0.22222222222222227,1.0,0.6581347094668296,0.13157894736842105,1.0,0.0,0.9375,0.6987529228371017,0.6025104602510458,0.9578326909997734,0.8597353497164448,0.0,0.0,0.0,0.0,0.0,0.0,0.0,0.0,0.0,0.0,0.0,0.0,1.0,0.0,0.0,0.0,0.0,0.0,0.0,0.0,1.0,0.0,1.0,1.0,0.0
599,0.09876543209876543,0.0,0.0,1.0,0.22222222222222227,1.0,0.6214904603916316,0.0,1.0,0.0,0.9375,0.6987529228371017,0.6025104602510458,0.9578326909997734,0.8597353497164448,0.0,1.0,0.0,0.0,0.0,0.0,0.0,0.0,0.0,0.0,0.0,0.0,0.0,1.0,0.0,0.0,0.0,0.0,0.0,0.0,0.0,0.0,0.0,1.0,0.0
600,0.39506172839506176,1.0,0.0,1.0,0.22222222222222227,1.0,0.7845674047926624,0.0,1.0,0.0,0.9375,0.6987529228371017,0.6025104602510458,0.9578326909997734,0.8597353497164448,1.0,0.0,0.0,0.0,0.0,0.0,0.0,0.0,0.0,0.0,0.0,0.0,0.0,0.0,0.0,0.0,0.0,1.0,0.0,0.0,0.0,0.0,0.0,1.0,0.0
601,0.29629629629629634,0.0,0.0,1.0,0.22222222222222227,1.0,0.6273151724090865,0.02631578947368421,1.0,0.0,0.9375,0.6987529228371017,0.6025104602510458,0.9578326909997734,0.8597353497164448,0.0,0.0,0.0,1.0,0.0,0.0,0.0,0.0,0.0,0.0,0.0,0.0,1.0,0.0,0.0,0.0,0.0,1.0,0.0,0.0,0.0,0.0,0.0,1.0,0.0
602,0.1111111111111111,0.0,0.0,1.0,0.22222222222222227,1.0,0.7563610119479759,0.02631578947368421,1.0,0.0,0.9375,0.6987529228371017,0.6025104602510458,0.9578326909997734,0.8597353497164448,1.0,0.0,0.0,0.0,0.0,0.0,0.0,0.0,0.0,0.0,0.0,0.0,0.0,1.0,0.0,0.0,0.0,1.0,0.0,0.0,0.0,0.0,0.0,1.0,0.0
603,0.24691358024691357,0.0,0.0,1.0,0.22222222222222227,1.0,0.8370425670889656,0.05263157894736842,1.0,0.0,0.9375,0.6987529228371017,0.6025104602510458,0.9578326909997734,0.8597353497164448,1.0,1.0,0.0,0.0,0.0,0.0,0.0,0.0,0.0,0.0,0.0,0.0,0.0,1.0,0.0,0.0,1.0,0.0,0.0,0.0,0.0,0.0,1.0,1.0,0.0
604,0.24691358024691357,1.0,0.0,1.0,0.22222222222222227,1.0,0.6789243392652736,0.02631578947368421,1.0,0.0,0.9375,0.6987529228371017,0.6025104602510458,0.9578326909997734,0.8597353497164448,0.0,0.0,0.0,0.0,0.0,0.0,0.0,1.0,0.0,0.0,0.0,0.0,0.0,1.0,0.0,0.0,1.0,0.0,0.0,0.0,0.0,0.0,0.0,1.0,0.0
605,0.24691358024691357,1.0,0.0,1.0,0.22222222222222227,1.0,0.8018877443159119,0.0,1.0,0.0,0.9375,0.6987529228371017,0.6025104602510458,0.9578326909997734,0.8597353497164448,1.0,0.0,0.0,0.0,0.0,0.0,0.0,0.0,0.0,0.0,0.0,0.0,0.0,1.0,0.0,0.0,0.0,1.0,0.0,0.0,0.0,0.0,0.0,1.0,0.0
606,0.35802469135802467,0.0,0.0,1.0,0.22222222222222227,1.0,0.6402196209389266,0.0,1.0,0.0,0.9375,0.6987529228371017,0.6025104602510458,0.9578326909997734,0.8597353497164448,0.0,1.0,0.0,0.0,0.0,0.0,0.0,0.0,0.0,0.0,0.0,0.0,1.0,0.0,0.0,1.0,0.0,0.0,0.0,0.0,0.0,0.0,0.0,1.0,0.0
607,0.25925925925925924,0.0,0.0,1.0,0.22222222222222227,1.0,0.7995453741248091,0.0,1.0,0.0,0.9375,0.6987529228371017,0.6025104602510458,0.9578326909997734,0.8597353497164448,1.0,1.0,0.0,0.0,0.0,0.0,0.0,0.0,0.0,0.0,0.0,0.0,0.0,1.0,0.0,0.0,0.0,0.0,0.0,0.0,1.0,0.0,1.0,1.0,0.0
608,0.43209876543209874,0.0,0.0,1.0,0.22222222222222227,1.0,0.5787626916748434,0.02631578947368421,1.0,0.0,0.9375,0.6987529228371017,0.6025104602510458,0.9578326909997734,0.8597353497164448,0.0,1.0,0.0,0.0,0.0,0.0,0.0,0.0,0.0,0.0,0.0,0.0,1.0,0.0,0.0,0.0,0.0,0.0,0.0,0.0,0.0,0.0,0.0,1.0,0.0
609,0.3333333333333333,1.0,1.0,1.0,0.22222222222222227,1.0,0.7030289325921469,0.02631578947368421,1.0,0.0,0.9375,0.6987529228371017,0.6025104602510458,0.9578326909997734,0.8597353497164448,0.0,1.0,0.0,0.0,0.0,0.0,0.0,0.0,0.0,0.0,0.0,0.0,0.0,0.0,0.0,0.0,0.0,0.0,0.0,0.0,0.0,0.0,1.0,1.0,0.0
610,0.35802469135802467,0.0,0.0,1.0,0.22222222222222227,1.0,0.4756049402686357,0.05263157894736842,1.0,0.0,0.9375,0.6987529228371017,0.6025104602510458,0.9578326909997734,0.8597353497164448,0.0,0.0,0.0,0.0,0.0,0.0,0.0,1.0,0.0,0.0,0.0,0.0,0.0,0.0,0.0,0.0,0.0,1.0,0.0,0.0,0.0,0.0,0.0,1.0,0.0
611,0.2222222222222222,0.0,0.0,1.0,0.22222222222222227,1.0,0.7144035016000657,0.0,1.0,0.0,0.9375,0.6987529228371017,0.6025104602510458,0.9578326909997734,0.8597353497164448,0.0,0.0,0.0,0.0,0.0,0.0,0.0,0.0,0.0,1.0,0.0,0.0,1.0,0.0,0.0,0.0,1.0,0.0,0.0,0.0,0.0,0.0,0.0,1.0,0.0
612,0.419753086419753,0.0,0.0,1.0,0.22222222222222227,1.0,0.8471108133243626,0.0,1.0,0.0,0.9375,0.6987529228371017,0.6025104602510458,0.9578326909997734,0.8597353497164448,1.0,0.0,0.0,0.0,0.0,0.0,0.0,1.0,0.0,0.0,0.0,0.0,1.0,0.0,0.0,1.0,0.0,0.0,0.0,0.0,0.0,0.0,0.0,1.0,0.0
613,0.1728395061728395,1.0,0.0,1.0,0.22222222222222227,1.0,0.623268355434684,0.07894736842105263,1.0,0.0,0.9375,0.6987529228371017,0.6025104602510458,0.9578326909997734,0.8597353497164448,0.0,0.0,0.0,0.0,0.0,0.0,0.0,0.0,0.0,0.0,0.0,0.0,1.0,0.0,0.0,0.0,1.0,0.0,0.0,0.0,0.0,0.0,1.0,1.0,0.0
614,0.13580246913580246,1.0,0.0,1.0,0.22222222222222227,1.0,0.6355447614376443,0.02631578947368421,1.0,0.0,0.9375,0.6987529228371017,0.6025104602510458,0.9578326909997734,0.8597353497164448,0.0,0.0,0.0,0.0,0.0,0.0,0.0,1.0,0.0,0.0,0.0,0.0,0.0,1.0,0.0,0.0,0.0,1.0,0.0,0.0,0.0,0.0,0.0,1.0,0.0
615,0.35802469135802467,0.0,0.0,1.0,0.22222222222222227,1.0,0.799939022510506,0.0,1.0,0.0,0.9375,0.6987529228371017,0.6025104602510458,0.9578326909997734,0.8597353497164448,1.0,0.0,0.0,0.0,0.0,0.0,0.0,0.0,0.0,0.0,0.0,0.0,0.0,0.0,0.0,0.0,0.0,0.0,0.0,0.0,1.0,0.0,0.0,1.0,0.0
616,0.2345679012345679,0.0,0.0,1.0,0.22222222222222227,1.0,0.5670345425314071,0.05263157894736842,1.0,0.0,0.9375,0.6987529228371017,0.6025104602510458,0.9578326909997734,0.8597353497164448,0.0,1.0,0.0,0.0,0.0,0.0,0.0,0.0,0.0,0.0,0.0,0.0,1.0,0.0,0.0,0.0,1.0,0.0,0.0,0.0,0.0,0.0,0.0,1.0,0.0
617,0.25925925925925924,0.0,0.0,1.0,0.22222222222222227,1.0,0.7217580931394421,0.02631578947368421,1.0,0.0,0.9375,0.6987529228371017,0.6025104602510458,0.9578326909997734,0.8597353497164448,0.0,0.0,0.0,0.0,1.0,0.0,0.0,0.0,0.0,0.0,0.0,0.0,1.0,0.0,0.0,0.0,0.0,0.0,0.0,0.0,1.0,0.0,0.0,1.0,0.0
618,0.1728395061728395,0.0,0.0,1.0,0.22222222222222227,1.0,0.5356959888812932,0.0,1.0,0.0,0.9375,0.6987529228371017,0.6025104602510458,0.9578326909997734,0.8597353497164448,0.0,0.0,0.0,0.0,0.0,0.0,0.0,0.0,0.0,1.0,0.0,0.0,1.0,0.0,0.0,0.0,0.0,0.0,0.0,0.0,1.0,0.0,0.0,1.0,0.0
619,0.2345679012345679,0.0,0.0,1.0,0.22222222222222227,1.0,0.5507832068127649,0.0,1.0,0.0,0.9375,0.6987529228371017,0.6025104602510458,0.9578326909997734,0.8597353497164448,0.0,0.0,0.0,0.0,0.0,0.0,0.0,0.0,0.0,0.0,0.0,0.0,1.0,0.0,0.0,0.0,1.0,0.0,0.0,0.0,0.0,0.0,0.0,1.0,0.0
620,0.3209876543209876,0.0,0.0,1.0,0.22222222222222227,1.0,0.6334058816143029,0.0,1.0,0.0,0.9375,0.6987529228371017,0.6025104602510458,0.9578326909997734,0.8597353497164448,0.0,1.0,0.0,0.0,0.0,0.0,0.0,0.0,0.0,0.0,0.0,0.0,1.0,0.0,0.0,0.0,1.0,0.0,0.0,0.0,0.0,0.0,1.0,1.0,0.0
621,0.19753086419753085,1.0,0.0,1.0,0.22222222222222227,1.0,0.6673822306124111,0.0,1.0,0.0,0.9375,0.6987529228371017,0.6025104602510458,0.9578326909997734,0.8597353497164448,0.0,0.0,0.0,0.0,0.0,0.0,0.0,0.0,0.0,0.0,0.0,0.0,0.0,0.0,0.0,0.0,0.0,1.0,0.0,0.0,0.0,0.0,0.0,1.0,0.0
622,0.2222222222222222,0.0,1.0,1.0,0.22222222222222227,1.0,0.9286054163655088,0.0,1.0,0.0,0.9375,0.6987529228371017,0.6025104602510458,0.9578326909997734,0.8597353497164448,1.0,0.0,0.0,0.0,0.0,0.0,0.0,0.0,1.0,0.0,0.0,0.0,0.0,1.0,0.0,0.0,0.0,1.0,0.0,0.0,0.0,0.0,0.0,1.0,0.0
623,0.29629629629629634,0.0,0.0,1.0,0.22222222222222227,1.0,0.5474693214896542,0.0,1.0,0.0,0.9375,0.6987529228371017,0.6025104602510458,0.9578326909997734,0.8597353497164448,0.0,0.0,0.0,1.0,0.0,0.0,0.0,0.0,0.0,0.0,0.0,0.0,1.0,0.0,0.0,0.0,0.0,0.0,0.0,0.0,1.0,0.0,1.0,1.0,0.0
624,0.14814814814814814,1.0,0.0,1.0,0.22222222222222227,1.0,0.6532232308583403,0.02631578947368421,1.0,0.0,0.9375,0.6987529228371017,0.6025104602510458,0.9578326909997734,0.8597353497164448,0.0,0.0,0.0,0.0,1.0,0.0,0.0,0.0,0.0,0.0,0.0,0.0,0.0,1.0,0.0,0.0,0.0,0.0,0.0,0.0,1.0,0.0,0.0,1.0,0.0
625,0.35802469135802467,1.0,0.0,1.0,0.22222222222222227,1.0,0.6339442585242172,0.02631578947368421,1.0,0.0,0.9375,0.6987529228371017,0.6025104602510458,0.9578326909997734,0.8597353497164448,0.0,1.0,0.0,0.0,0.0,0.0,0.0,0.0,0.0,0.0,0.0,0.0,1.0,0.0,0.0,0.0,0.0,0.0,0.0,0.0,0.0,0.0,0.0,1.0,0.0
626,0.30864197530864196,0.0,0.0,1.0,0.22222222222222227,1.0,0.7704691441394828,0.0,1.0,0.0,0.9375,0.6987529228371017,0.6025104602510458,0.9578326909997734,0.8597353497164448,0.0,0.0,0.0,0.0,0.0,1.0,0.0,0.0,0.0,0.0,0.0,0.0,1.0,0.0,0.0,0.0,1.0,0.0,0.0,0.0,0.0,0.0,1.0,1.0,0.0
627,0.13580246913580246,1.0,0.0,1.0,0.22222222222222227,1.0,0.5886399717165399,0.02631578947368421,1.0,0.0,0.9375,0.6987529228371017,0.6025104602510458,0.9578326909997734,0.8597353497164448,0.0,0.0,0.0,0.0,0.0,0.0,0.0,1.0,0.0,0.0,0.0,0.0,0.0,1.0,0.0,0.0,1.0,0.0,0.0,0.0,0.0,0.0,0.0,1.0,0.0
628,0.13580246913580246,1.0,0.0,1.0,0.22222222222222227,1.0,0.5716847586578249,0.02631578947368421,1.0,0.0,0.9375,0.6987529228371017,0.6025104602510458,0.9578326909997734,0.8597353497164448,0.0,1.0,0.0,0.0,0.0,0.0,0.0,0.0,0.0,0.0,0.0,0.0,1.0,0.0,0.0,0.0,1.0,0.0,0.0,0.0,0.0,0.0,0.0,1.0,0.0
629,0.4691358024691357,1.0,0.0,1.0,0.22222222222222227,1.0,0.6774492710414791,0.15789473684210525,1.0,0.0,0.9375,0.6987529228371017,0.6025104602510458,0.9578326909997734,0.8597353497164448,0.0,0.0,0.0,0.0,0.0,0.0,0.0,0.0,0.0,1.0,0.0,0.0,1.0,0.0,0.0,0.0,0.0,0.0,0.0,0.0,0.0,0.0,1.0,1.0,0.0
630,0.14814814814814814,0.0,0.0,1.0,0.22222222222222227,1.0,0.6856888890695302,0.10526315789473684,1.0,0.0,0.9375,0.6987529228371017,0.6025104602510458,0.9578326909997734,0.8597353497164448,0.0,0.0,0.0,0.0,0.0,0.0,0.0,1.0,0.0,0.0,0.0,0.0,0.0,1.0,0.0,0.0,0.0,0.0,0.0,0.0,1.0,0.0,0.0,1.0,0.0
631,0.20987654320987653,0.0,0.0,1.0,0.22222222222222227,1.0,0.6874062210217441,0.07894736842105263,1.0,0.0,0.9375,0.6987529228371017,0.6025104602510458,0.9578326909997734,0.8597353497164448,0.0,1.0,0.0,0.0,0.0,0.0,0.0,0.0,0.0,0.0,0.0,0.0,1.0,0.0,0.0,0.0,1.0,0.0,0.0,0.0,0.0,0.0,0.0,1.0,0.0
632,0.2345679012345679,1.0,1.0,1.0,0.22222222222222227,1.0,0.6504552172780276,0.07894736842105263,1.0,0.0,0.9375,0.6987529228371017,0.6025104602510458,0.9578326909997734,0.8597353497164448,0.0,1.0,0.0,0.0,0.0,0.0,0.0,0.0,0.0,0.0,0.0,0.0,1.0,0.0,0.0,0.0,1.0,0.0,0.0,0.0,0.0,0.0,1.0,1.0,0.0
633,0.2716049382716049,0.0,0.0,1.0,0.22222222222222227,1.0,0.7903921168101173,0.02631578947368421,1.0,0.0,0.9375,0.6987529228371017,0.6025104602510458,0.9578326909997734,0.8597353497164448,0.0,1.0,0.0,0.0,0.0,0.0,0.0,0.0,0.0,0.0,0.0,0.0,0.0,0.0,0.0,1.0,0.0,0.0,0.0,0.0,0.0,0.0,1.0,1.0,0.0
634,0.419753086419753,0.0,0.0,1.0,0.22222222222222227,1.0,0.3636152410663567,0.05263157894736842,1.0,0.0,0.9375,0.6987529228371017,0.6025104602510458,0.9578326909997734,0.8597353497164448,0.0,1.0,0.0,0.0,0.0,0.0,0.0,0.0,0.0,0.0,0.0,0.0,1.0,0.0,0.0,0.0,1.0,0.0,0.0,0.0,0.0,0.0,1.0,1.0,0.0
635,0.43209876543209874,1.0,0.0,1.0,0.22222222222222227,1.0,0.7405445571293703,0.10526315789473684,1.0,0.0,0.9375,0.6987529228371017,0.6025104602510458,0.9578326909997734,0.8597353497164448,0.0,0.0,1.0,0.0,0.0,0.0,0.0,0.0,0.0,0.0,0.0,0.0,1.0,0.0,0.0,0.0,0.0,0.0,0.0,0.0,1.0,0.0,1.0,1.0,0.0
636,0.29629629629629634,0.0,0.0,1.0,0.22222222222222227,1.0,0.6013494476505862,0.07894736842105263,1.0,0.0,0.9375,0.6987529228371017,0.6025104602510458,0.9578326909997734,0.8597353497164448,0.0,0.0,0.0,0.0,0.0,0.0,1.0,0.0,0.0,0.0,0.0,0.0,1.0,0.0,0.0,0.0,0.0,1.0,0.0,0.0,0.0,0.0,1.0,1.0,0.0
637,0.4938271604938272,1.0,1.0,1.0,0.22222222222222227,1.0,0.8334525973323966,0.10526315789473684,1.0,0.0,0.9375,0.6987529228371017,0.6025104602510458,0.9578326909997734,0.8597353497164448,1.0,0.0,0.0,0.0,0.0,0.0,0.0,1.0,0.0,0.0,0.0,0.0,0.0,0.0,0.0,0.0,0.0,1.0,0.0,0.0,0.0,0.0,0.0,1.0,0.0
638,0.13580246913580246,0.0,0.0,1.0,0.22222222222222227,1.0,0.7308208467673027,0.02631578947368421,1.0,0.0,0.9375,0.6987529228371017,0.6025104602510458,0.9578326909997734,0.8597353497164448,0.0,0.0,0.0,0.0,0.0,0.0,0.0,0.0,0.0,0.0,0.0,0.0,0.0,1.0,0.0,0.0,0.0,1.0,0.0,0.0,0.0,0.0,0.0,1.0,0.0
639,0.35802469135802467,0.0,1.0,1.0,0.22222222222222227,1.0,0.5770327318283031,0.07894736842105263,1.0,0.0,0.9375,0.6987529228371017,0.6025104602510458,0.9578326909997734,0.8597353497164448,0.0,1.0,0.0,0.0,0.0,0.0,0.0,0.0,0.0,0.0,0.0,0.0,1.0,0.0,0.0,0.0,1.0,0.0,0.0,0.0,0.0,0.0,0.0,1.0,0.0
640,0.2222222222222222,1.0,0.0,1.0,0.22222222222222227,1.0,0.64373137872162,0.05263157894736842,1.0,0.0,0.9375,0.6987529228371017,0.6025104602510458,0.9578326909997734,0.8597353497164448,0.0,1.0,0.0,0.0,0.0,0.0,0.0,0.0,0.0,0.0,0.0,0.0,1.0,0.0,0.0,0.0,0.0,0.0,0.0,0.0,0.0,0.0,0.0,1.0,0.0
641,0.1728395061728395,0.0,0.0,1.0,0.22222222222222227,1.0,0.6447157790225418,0.02631578947368421,1.0,0.0,0.9375,0.6987529228371017,0.6025104602510458,0.9578326909997734,0.8597353497164448,0.0,0.0,0.0,0.0,0.0,0.0,0.0,0.0,0.0,0.0,0.0,0.0,0.0,1.0,0.0,0.0,0.0,0.0,0.0,0.0,1.0,0.0,0.0,1.0,0.0
642,0.19753086419753085,1.0,0.0,1.0,0.22222222222222227,1.0,0.6323216790132803,0.05263157894736842,1.0,0.0,0.9375,0.6987529228371017,0.6025104602510458,0.9578326909997734,0.8597353497164448,0.0,0.0,0.0,0.0,0.0,0.0,1.0,0.0,0.0,0.0,0.0,0.0,1.0,0.0,0.0,0.0,0.0,0.0,0.0,0.0,1.0,0.0,0.0,1.0,0.0
643,0.43209876543209874,1.0,0.0,1.0,0.22222222222222227,1.0,0.5507832068127649,0.05263157894736842,1.0,0.0,0.9375,0.6987529228371017,0.6025104602510458,0.9578326909997734,0.8597353497164448,0.0,0.0,0.0,0.0,0.0,0.0,1.0,0.0,0.0,0.0,0.0,0.0,1.0,0.0,0.0,0.0,0.0,0.0,0.0,0.0,1.0,0.0,0.0,1.0,0.0
644,0.13580246913580246,0.0,1.0,1.0,0.22222222222222227,1.0,0.8200028747644124,0.07894736842105263,1.0,0.0,0.9375,0.6987529228371017,0.6025104602510458,0.9578326909997734,0.8597353497164448,1.0,1.0,0.0,0.0,0.0,0.0,0.0,0.0,0.0,0.0,0.0,0.0,1.0,0.0,0.0,0.0,1.0,0.0,0.0,0.0,0.0,0.0,0.0,1.0,0.0
645,0.24691358024691357,0.0,0.0,1.0,0.22222222222222227,1.0,0.824977160757351,0.05263157894736842,1.0,0.0,0.9375,0.6987529228371017,0.6025104602510458,0.9578326909997734,0.8597353497164448,0.0,0.0,0.0,0.0,0.0,0.0,0.0,0.0,0.0,1.0,0.0,0.0,1.0,0.0,0.0,0.0,1.0,0.0,0.0,0.0,0.0,0.0,0.0,1.0,0.0
646,0.419753086419753,0.0,1.0,1.0,0.22222222222222227,1.0,0.8328599756786063,0.07894736842105263,1.0,0.0,0.9375,0.6987529228371017,0.6025104602510458,0.9578326909997734,0.8597353497164448,0.0,1.0,0.0,0.0,0.0,0.0,0.0,0.0,0.0,0.0,0.0,0.0,1.0,0.0,0.0,0.0,0.0,0.0,0.0,0.0,0.0,0.0,0.0,1.0,0.0
647,0.2716049382716049,0.0,0.0,1.0,0.22222222222222227,0.0,0.6108742554254224,0.07894736842105263,1.0,0.0,0.9375,0.6987529228371017,0.6025104602510458,0.9576059850374066,0.8597353497164448,0.0,0.0,0.0,0.0,0.0,0.0,1.0,0.0,0.0,0.0,0.0,0.0,1.0,0.0,0.0,0.0,0.0,0.0,0.0,0.0,0.0,0.0,1.0,1.0,0.0
648,0.48148148148148145,1.0,1.0,1.0,0.22222222222222227,0.0,0.5591892927228724,0.02631578947368421,1.0,0.0,0.9375,0.6987529228371017,0.6025104602510458,0.9576059850374066,0.8597353497164448,0.0,1.0,0.0,0.0,0.0,0.0,0.0,0.0,0.0,0.0,0.0,0.0,1.0,0.0,0.0,0.0,0.0,0.0,0.0,0.0,0.0,0.0,1.0,1.0,0.0
649,0.20987654320987653,0.0,0.0,1.0,0.22222222222222227,0.0,0.6355447614376443,0.07894736842105263,1.0,0.0,0.9375,0.6987529228371017,0.6025104602510458,0.9576059850374066,0.8597353497164448,0.0,0.0,0.0,0.0,1.0,0.0,0.0,0.0,0.0,0.0,0.0,0.0,1.0,0.0,0.0,0.0,0.0,1.0,0.0,0.0,0.0,0.0,0.0,1.0,0.0
650,0.43209876543209874,1.0,0.0,1.0,0.22222222222222227,0.0,0.4279079916652397,0.0,1.0,0.0,0.9375,0.6987529228371017,0.6025104602510458,0.9576059850374066,0.8597353497164448,0.0,0.0,0.0,0.0,0.0,0.0,1.0,0.0,0.0,0.0,0.0,0.0,0.0,1.0,0.0,0.0,0.0,0.0,0.0,0.0,1.0,0.0,1.0,1.0,0.0
651,0.29629629629629634,0.0,0.0,1.0,0.22222222222222227,0.0,0.5280214103388018,0.10526315789473684,1.0,0.0,0.9375,0.6987529228371017,0.6025104602510458,0.9576059850374066,0.8597353497164448,0.0,1.0,0.0,0.0,0.0,0.0,0.0,0.0,0.0,0.0,0.0,0.0,1.0,0.0,0.0,0.0,0.0,0.0,0.0,0.0,0.0,0.0,1.0,1.0,0.0
652,0.24691358024691357,1.0,0.0,1.0,0.22222222222222227,0.0,0.5125020940917573,0.02631578947368421,1.0,0.0,0.9375,0.6987529228371017,0.6025104602510458,0.9576059850374066,0.8597353497164448,0.0,0.0,0.0,0.0,0.0,0.0,0.0,1.0,0.0,0.0,0.0,0.0,0.0,0.0,0.0,0.0,0.0,1.0,0.0,0.0,0.0,0.0,0.0,1.0,0.0
653,0.35802469135802467,1.0,1.0,1.0,0.22222222222222227,0.0,0.6920855086403026,0.05263157894736842,1.0,0.0,0.9375,0.6987529228371017,0.6025104602510458,0.9576059850374066,0.8597353497164448,0.0,0.0,0.0,0.0,0.0,0.0,0.0,0.0,0.0,0.0,0.0,0.0,1.0,0.0,0.0,0.0,0.0,1.0,0.0,0.0,0.0,0.0,1.0,1.0,0.0
654,0.18518518518518517,0.0,0.0,1.0,0.22222222222222227,0.0,0.6536782997023916,0.0,1.0,0.0,0.9375,0.6987529228371017,0.6025104602510458,0.9576059850374066,0.8597353497164448,0.0,0.0,0.0,0.0,0.0,0.0,0.0,0.0,1.0,0.0,0.0,0.0,0.0,1.0,0.0,0.0,0.0,0.0,0.0,0.0,1.0,0.0,0.0,1.0,0.0
655,0.3703703703703703,0.0,0.0,1.0,0.22222222222222227,0.0,0.7979574739807627,0.0,1.0,0.0,0.9375,0.6987529228371017,0.6025104602510458,0.9576059850374066,0.8597353497164448,1.0,0.0,0.0,0.0,1.0,0.0,0.0,0.0,0.0,0.0,0.0,0.0,1.0,0.0,0.0,0.0,0.0,0.0,0.0,0.0,0.0,0.0,1.0,1.0,0.0
656,0.29629629629629634,0.0,0.0,1.0,0.22222222222222227,0.0,0.5854388177384106,0.02631578947368421,1.0,0.0,0.9375,0.6987529228371017,0.6025104602510458,0.9576059850374066,0.8597353497164448,0.0,1.0,0.0,0.0,0.0,0.0,0.0,0.0,0.0,0.0,0.0,0.0,1.0,0.0,0.0,0.0,0.0,0.0,0.0,1.0,0.0,0.0,0.0,1.0,0.0
657,0.35802469135802467,0.0,0.0,1.0,0.22222222222222227,0.0,0.6027582686746316,0.05263157894736842,1.0,0.0,0.9375,0.6987529228371017,0.6025104602510458,0.9576059850374066,0.8597353497164448,0.0,0.0,0.0,0.0,0.0,0.0,0.0,0.0,0.0,0.0,0.0,0.0,1.0,0.0,0.0,0.0,0.0,0.0,0.0,1.0,0.0,0.0,0.0,1.0,0.0
658,0.419753086419753,0.0,0.0,1.0,0.22222222222222227,0.0,0.6669772899389259,0.0,1.0,0.0,0.9375,0.6987529228371017,0.6025104602510458,0.9576059850374066,0.8597353497164448,0.0,1.0,0.0,0.0,0.0,0.0,0.0,0.0,0.0,0.0,0.0,0.0,1.0,0.0,0.0,0.0,1.0,0.0,0.0,0.0,0.0,0.0,1.0,1.0,0.0
659,0.4567901234567901,1.0,1.0,1.0,0.22222222222222227,0.0,0.6897691298684182,0.0,1.0,0.0,0.9375,0.6987529228371017,0.6025104602510458,0.9576059850374066,0.8597353497164448,0.0,1.0,0.0,0.0,0.0,0.0,0.0,0.0,0.0,0.0,0.0,0.0,1.0,0.0,0.0,0.0,0.0,0.0,0.0,0.0,0.0,0.0,1.0,1.0,0.0
660,0.3703703703703703,0.0,0.0,1.0,0.22222222222222227,0.0,0.6581347094668296,0.13157894736842105,1.0,0.0,0.9375,0.6987529228371017,0.6025104602510458,0.9576059850374066,0.8597353497164448,0.0,0.0,0.0,0.0,1.0,0.0,0.0,0.0,0.0,0.0,0.0,0.0,1.0,0.0,0.0,0.0,0.0,0.0,0.0,0.0,0.0,0.0,1.0,1.0,0.0
661,0.2345679012345679,1.0,0.0,1.0,0.22222222222222227,0.0,0.5198109754500708,0.05263157894736842,1.0,0.0,0.9375,0.6987529228371017,0.6025104602510458,0.9576059850374066,0.8597353497164448,0.0,0.0,0.0,0.0,0.0,0.0,0.0,0.0,0.0,1.0,0.0,0.0,1.0,0.0,0.0,1.0,0.0,0.0,0.0,0.0,0.0,0.0,0.0,1.0,0.0
662,0.24691358024691357,1.0,0.0,1.0,0.22222222222222227,0.0,0.580467578755373,0.0,1.0,0.0,0.9375,0.6987529228371017,0.6025104602510458,0.9576059850374066,0.8597353497164448,0.0,1.0,0.0,0.0,0.0,0.0,0.0,0.0,0.0,0.0,0.0,0.0,1.0,0.0,0.0,0.0,1.0,0.0,0.0,0.0,0.0,0.0,0.0,1.0,0.0
663,0.2345679012345679,0.5,0.5,1.0,0.22222222222222227,0.0,0.6653434421536871,0.02631578947368421,1.0,0.0,0.9375,0.6987529228371017,0.6025104602510458,0.9576059850374066,0.8597353497164448,0.0,0.0,0.0,0.0,1.0,0.0,0.0,0.0,0.0,0.0,0.0,0.0,1.0,0.0,0.0,0.0,1.0,0.0,0.0,0.0,0.0,0.0,0.0,1.0,0.0
664,0.4938271604938272,1.0,0.0,1.0,0.22222222222222227,0.0,0.7272304821327134,0.02631578947368421,1.0,0.0,0.9375,0.6987529228371017,0.6025104602510458,0.9576059850374066,0.8597353497164448,1.0,0.0,0.0,0.0,0.0,0.0,0.0,0.0,0.0,1.0,0.0,0.0,1.0,0.0,0.0,0.0,0.0,0.0,0.0,1.0,0.0,0.0,0.0,1.0,0.0
665,0.4567901234567901,0.0,0.0,1.0,0.22222222222222227,0.0,0.6996979850963346,0.02631578947368421,1.0,0.0,0.9375,0.6987529228371017,0.6025104602510458,0.9576059850374066,0.8597353497164448,0.0,0.0,0.0,1.0,0.0,0.0,0.0,0.0,0.0,0.0,0.0,0.0,0.0,0.0,0.0,0.0,0.0,0.0,0.0,0.0,0.0,0.0,0.0,1.0,0.0
666,0.3209876543209876,0.0,1.0,1.0,0.22222222222222227,0.0,0.3463695194647243,0.0,1.0,0.0,0.9375,0.6987529228371017,0.6025104602510458,0.9576059850374066,0.8597353497164448,0.0,1.0,0.0,0.0,0.0,0.0,0.0,0.0,0.0,0.0,0.0,0.0,1.0,0.0,0.0,0.0,0.0,0.0,0.0,0.0,0.0,0.0,1.0,1.0,0.0
667,0.34567901234567905,1.0,1.0,1.0,0.22222222222222227,0.0,0.8058156155480072,0.02631578947368421,1.0,0.0,0.9375,0.6987529228371017,0.6025104602510458,0.9576059850374066,0.8597353497164448,1.0,1.0,0.0,0.0,0.0,0.0,0.0,0.0,0.0,0.0,0.0,0.0,1.0,0.0,0.0,0.0,0.0,0.0,0.0,0.0,0.0,1.0,0.0,1.0,0.0
668,0.48148148148148145,0.0,0.0,1.0,0.22222222222222227,0.0,0.6128186823313415,0.02631578947368421,1.0,0.0,0.9375,0.6987529228371017,0.6025104602510458,0.9576059850374066,0.8597353497164448,0.0,0.0,0.0,1.0,0.0,0.0,0.0,0.0,0.0,0.0,0.0,0.0,1.0,0.0,0.0,0.0,0.0,0.0,0.0,0.0,0.0,0.0,0.0,1.0,0.0
669,0.2345679012345679,0.5,0.5,1.0,0.22222222222222227,0.0,0.6178519698461769,0.0,1.0,0.0,0.9375,0.6987529228371017,0.6025104602510458,0.9576059850374066,0.8597353497164448,0.0,1.0,0.0,0.0,0.0,0.0,0.0,0.0,0.0,0.0,0.0,0.0,1.0,0.0,0.0,1.0,0.0,0.0,0.0,0.0,0.0,0.0,1.0,1.0,0.0
670,0.1728395061728395,0.0,1.0,1.0,0.22222222222222227,0.0,0.6108742554254224,0.0,1.0,0.0,0.9375,0.6987529228371017,0.6025104602510458,0.9576059850374066,0.8597353497164448,0.0,0.0,0.0,0.0,0.0,0.0,1.0,0.0,0.0,0.0,0.0,0.0,1.0,0.0,0.0,0.0,0.0,0.0,0.0,0.0,1.0,0.0,0.0,1.0,0.0
671,0.2222222222222222,1.0,1.0,1.0,0.22222222222222227,0.0,0.49636241965296135,0.0,1.0,0.0,0.9375,0.6987529228371017,0.6025104602510458,0.9576059850374066,0.8597353497164448,0.0,0.0,0.0,0.0,0.0,0.0,0.0,0.0,0.0,0.0,0.0,0.0,1.0,0.0,0.0,0.0,0.0,0.0,0.0,0.0,1.0,0.0,0.0,1.0,0.0
672,0.20987654320987653,0.0,0.0,1.0,0.22222222222222227,0.0,0.5183850773918827,0.0,1.0,0.0,0.9375,0.6987529228371017,0.6025104602510458,0.9576059850374066,0.8597353497164448,0.0,0.0,0.0,0.0,0.0,0.0,0.0,0.0,0.0,0.0,0.0,0.0,1.0,0.0,0.0,0.0,0.0,0.0,0.0,0.0,1.0,0.0,0.0,1.0,0.0
673,0.25925925925925924,0.0,0.0,1.0,0.22222222222222227,0.0,0.7546408897551403,0.0,1.0,0.0,0.9375,0.6987529228371017,0.6025104602510458,0.9576059850374066,0.8597353497164448,0.0,0.0,0.0,0.0,1.0,0.0,0.0,0.0,0.0,0.0,0.0,0.0,1.0,0.0,0.0,0.0,0.0,0.0,0.0,0.0,0.0,1.0,0.0,1.0,0.0
674,0.18518518518518517,1.0,0.0,1.0,0.22222222222222227,0.0,0.4215477860088535,0.05263157894736842,1.0,0.0,0.9375,0.6987529228371017,0.6025104602510458,0.9576059850374066,0.8597353497164448,0.0,0.0,0.0,0.0,0.0,0.0,0.0,0.0,0.0,0.0,0.0,0.0,1.0,0.0,0.0,0.0,0.0,1.0,0.0,0.0,0.0,0.0,1.0,1.0,0.0
675,0.38271604938271603,0.0,0.0,1.0,0.22222222222222227,0.0,0.7540618804673014,0.0,1.0,0.0,0.9375,0.6987529228371017,0.6025104602510458,0.9576059850374066,0.8597353497164448,1.0,1.0,0.0,0.0,0.0,0.0,0.0,0.0,0.0,0.0,0.0,0.0,1.0,0.0,0.0,0.0,1.0,0.0,0.0,0.0,0.0,0.0,0.0,1.0,0.0
676,0.13580246913580246,0.0,0.0,1.0,0.22222222222222227,0.0,0.6075603701023119,0.02631578947368421,1.0,0.0,0.9375,0.6987529228371017,0.6025104602510458,0.9576059850374066,0.8597353497164448,0.0,0.0,0.0,0.0,0.0,0.0,1.0,0.0,0.0,0.0,0.0,0.0,0.0,1.0,0.0,0.0,1.0,0.0,0.0,0.0,0.0,0.0,0.0,1.0,0.0
677,0.30864197530864196,0.0,0.0,1.0,0.22222222222222227,0.0,0.5787626916748434,0.02631578947368421,1.0,0.0,0.9375,0.6987529228371017,0.6025104602510458,0.9576059850374066,0.8597353497164448,0.0,0.0,0.0,0.0,0.0,0.0,0.0,1.0,0.0,0.0,0.0,0.0,1.0,0.0,0.0,0.0,0.0,0.0,0.0,1.0,0.0,0.0,0.0,1.0,0.0
678,0.13580246913580246,1.0,1.0,1.0,0.22222222222222227,0.0,0.684296740875147,0.07894736842105263,1.0,0.0,0.9375,0.6987529228371017,0.6025104602510458,0.9576059850374066,0.8597353497164448,0.0,0.0,0.0,0.0,0.0,0.0,0.0,0.0,0.0,0.0,0.0,0.0,0.0,1.0,0.0,0.0,1.0,0.0,0.0,0.0,0.0,0.0,0.0,1.0,0.0
679,0.09876543209876543,0.0,0.0,1.0,0.22222222222222227,0.0,0.5485843549516803,0.0,1.0,0.0,0.9375,0.6987529228371017,0.6025104602510458,0.9576059850374066,0.8597353497164448,0.0,0.0,0.0,0.0,0.0,0.0,1.0,0.0,0.0,0.0,0.0,0.0,0.0,1.0,0.0,0.0,0.0,0.0,0.0,0.0,1.0,0.0,0.0,1.0,0.0
680,0.14814814814814814,0.0,0.0,1.0,0.22222222222222227,0.0,0.8344337135241183,0.05263157894736842,1.0,0.0,0.9375,0.6987529228371017,0.6025104602510458,0.9576059850374066,0.8597353497164448,0.0,0.0,0.0,1.0,0.0,0.0,0.0,0.0,0.0,0.0,0.0,0.0,0.0,1.0,0.0,0.0,0.0,1.0,0.0,0.0,0.0,0.0,0.0,1.0,0.0
681,0.13580246913580246,0.0,0.0,1.0,0.22222222222222227,0.0,0.8152697878001288,0.07894736842105263,1.0,0.0,0.9375,0.6987529228371017,0.6025104602510458,0.9576059850374066,0.8597353497164448,1.0,0.0,0.0,0.0,0.0,0.0,0.0,1.0,0.0,0.0,0.0,0.0,1.0,0.0,0.0,0.0,0.0,1.0,0.0,0.0,0.0,0.0,0.0,1.0,0.0
682,0.39506172839506176,1.0,0.0,1.0,0.22222222222222227,0.0,0.6940353071368747,0.0,1.0,0.0,0.9375,0.6987529228371017,0.6025104602510458,0.9576059850374066,0.8597353497164448,0.0,1.0,0.0,0.0,0.0,0.0,0.0,0.0,0.0,0.0,0.0,0.0,1.0,0.0,0.0,0.0,0.0,0.0,0.0,0.0,0.0,0.0,1.0,1.0,0.0
683,0.4567901234567901,0.0,0.0,1.0,0.22222222222222227,0.0,0.6020559671887218,0.05263157894736842,1.0,0.0,0.9375,0.6987529228371017,0.6025104602510458,0.9576059850374066,0.8597353497164448,0.0,1.0,0.0,0.0,0.0,0.0,0.0,0.0,0.0,0.0,0.0,0.0,1.0,0.0,0.0,0.0,0.0,0.0,0.0,0.0,0.0,0.0,1.0,1.0,0.0
684,0.2222222222222222,1.0,1.0,1.0,0.22222222222222227,0.0,0.6930644475725992,0.02631578947368421,1.0,0.0,0.9375,0.6987529228371017,0.6025104602510458,0.9576059850374066,0.8597353497164448,0.0,0.0,0.0,0.0,0.0,0.0,0.0,1.0,0.0,0.0,0.0,0.0,1.0,0.0,0.0,0.0,0.0,0.0,0.0,1.0,0.0,0.0,1.0,1.0,0.0
685,0.18518518518518517,1.0,0.0,1.0,0.22222222222222227,0.0,0.6121741045570199,0.0,1.0,0.0,0.9375,0.6987529228371017,0.6025104602510458,0.9576059850374066,0.8597353497164448,0.0,1.0,0.0,0.0,0.0,0.0,0.0,0.0,0.0,0.0,0.0,0.0,1.0,0.0,0.0,0.0,1.0,0.0,0.0,0.0,0.0,0.0,0.0,1.0,0.0
686,0.3209876543209876,1.0,0.0,1.0,0.22222222222222227,0.0,0.6184662540070037,0.07894736842105263,1.0,0.0,0.9375,0.6987529228371017,0.6025104602510458,0.9576059850374066,0.8597353497164448,0.0,0.0,0.0,0.0,0.0,0.0,0.0,1.0,0.0,0.0,0.0,0.0,0.0,0.0,0.0,0.0,0.0,1.0,0.0,0.0,0.0,0.0,0.0,1.0,0.0
687,0.3703703703703703,0.0,0.0,1.0,0.22222222222222227,0.0,0.7468819143542026,0.0,1.0,0.0,0.9375,0.6987529228371017,0.6025104602510458,0.9576059850374066,0.8597353497164448,0.0,1.0,0.0,0.0,0.0,0.0,0.0,0.0,0.0,0.0,0.0,0.0,1.0,0.0,0.0,0.0,0.0,0.0,0.0,1.0,0.0,0.0,1.0,1.0,0.0
688,0.2716049382716049,1.0,0.0,1.0,0.22222222222222227,0.0,0.684296740875147,0.05263157894736842,1.0,0.0,0.9375,0.6987529228371017,0.6025104602510458,0.9576059850374066,0.8597353497164448,0.0,1.0,0.0,0.0,0.0,0.0,0.0,0.0,0.0,0.0,0.0,0.0,1.0,0.0,0.0,0.0,0.0,0.0,0.0,0.0,0.0,0.0,1.0,1.0,0.0
689,0.18518518518518517,1.0,0.0,1.0,0.22222222222222227,0.0,0.6202900913078108,0.05263157894736842,1.0,0.0,0.9375,0.6987529228371017,0.6025104602510458,0.9576059850374066,0.8597353497164448,0.0,0.0,0.0,0.0,0.0,0.0,0.0,0.0,0.0,1.0,0.0,0.0,0.0,1.0,0.0,0.0,1.0,0.0,0.0,0.0,0.0,0.0,0.0,1.0,0.0
690,0.14814814814814814,0.5,0.5,1.0,0.22222222222222227,0.0,0.5474693214896542,0.0,1.0,0.0,0.9375,0.6987529228371017,0.6025104602510458,0.9576059850374066,0.8597353497164448,0.0,0.0,0.0,0.0,0.0,0.0,0.0,0.0,0.0,1.0,0.0,0.0,0.0,1.0,0.0,0.0,0.0,0.0,0.0,0.0,1.0,0.0,0.0,1.0,0.0
691,0.25925925925925924,1.0,0.0,1.0,0.22222222222222227,0.0,0.7429080825625569,0.05263157894736842,1.0,0.0,0.9375,0.6987529228371017,0.6025104602510458,0.9576059850374066,0.8597353497164448,1.0,0.0,0.0,0.0,0.0,0.0,0.0,1.0,0.0,0.0,0.0,0.0,1.0,0.0,0.0,0.0,0.0,1.0,0.0,0.0,0.0,0.0,0.0,1.0,0.0
692,0.1728395061728395,1.0,1.0,1.0,0.22222222222222227,0.0,0.5280214103388018,0.13157894736842105,1.0,0.0,0.9375,0.6987529228371017,0.6025104602510458,0.9576059850374066,0.8597353497164448,0.0,1.0,0.0,0.0,0.0,0.0,0.0,0.0,0.0,0.0,0.0,0.0,1.0,0.0,0.0,0.0,1.0,0.0,0.0,0.0,0.0,0.0,1.0,1.0,0.0
693,0.43209876543209874,0.0,0.0,1.0,0.22222222222222227,0.0,0.4477973110243916,0.9999999999999999,1.0,0.0,0.9375,0.6987529228371017,0.6025104602510458,0.9576059850374066,0.8597353497164448,0.0,0.0,1.0,0.0,0.0,0.0,0.0,0.0,0.0,0.0,0.0,0.0,1.0,0.0,0.0,0.0,0.0,0.0,0.0,0.0,1.0,0.0,0.0,1.0,0.0
694,0.34567901234567905,0.0,0.0,1.0,0.22222222222222227,0.0,0.4182339006857429,0.21052631578947367,1.0,0.0,0.9375,0.6987529228371017,0.6025104602510458,0.9576059850374066,0.8597353497164448,0.0,0.0,1.0,0.0,0.0,0.0,0.0,0.0,0.0,0.0,0.0,0.0,1.0,0.0,0.0,0.0,1.0,0.0,0.0,0.0,0.0,0.0,0.0,1.0,0.0
695,0.1111111111111111,0.0,0.0,1.0,0.22222222222222227,0.0,0.7033271207099517,0.02631578947368421,1.0,0.0,0.9375,0.6987529228371017,0.6025104602510458,0.9576059850374066,0.8597353497164448,0.0,0.0,0.0,0.0,0.0,0.0,0.0,1.0,0.0,0.0,0.0,0.0,1.0,0.0,0.0,0.0,0.0,1.0,0.0,0.0,0.0,0.0,0.0,1.0,0.0
696,0.20987654320987653,1.0,0.0,1.0,0.22222222222222227,0.0,0.8695627384449768,0.02631578947368421,1.0,0.0,0.9375,0.6987529228371017,0.6025104602510458,0.9576059850374066,0.8597353497164448,1.0,1.0,0.0,0.0,0.0,0.0,0.0,0.0,0.0,0.0,0.0,0.0,1.0,0.0,0.0,1.0,0.0,0.0,0.0,0.0,0.0,0.0,0.0,1.0,0.0
697,0.43209876543209874,1.0,0.0,1.0,0.22222222222222227,0.0,0.8087689543332287,0.13157894736842105,1.0,0.0,0.9375,0.6987529228371017,0.6025104602510458,0.9576059850374066,0.8597353497164448,1.0,0.0,0.0,0.0,0.0,0.0,0.0,1.0,0.0,0.0,0.0,0.0,1.0,0.0,0.0,0.0,0.0,1.0,0.0,0.0,0.0,0.0,1.0,1.0,0.0
698,0.43209876543209874,0.0,0.0,1.0,0.22222222222222227,0.0,0.7485157621394414,0.10526315789473684,1.0,0.0,0.9375,0.6987529228371017,0.6025104602510458,0.9576059850374066,0.8597353497164448,1.0,0.0,0.0,0.0,0.0,0.0,0.0,1.0,0.0,0.0,0.0,0.0,0.0,0.0,0.0,0.0,0.0,1.0,0.0,0.0,0.0,0.0,0.0,1.0,0.0
699,0.48148148148148145,1.0,0.0,1.0,0.22222222222222227,0.0,0.5561069727294308,0.15789473684210525,1.0,0.0,0.9375,0.6987529228371017,0.6025104602510458,0.9576059850374066,0.8597353497164448,0.0,1.0,0.0,0.0,0.0,0.0,0.0,0.0,0.0,0.0,0.0,0.0,1.0,0.0,0.0,0.0,0.0,0.0,0.0,0.0,0.0,0.0,1.0,1.0,0.0
700,0.12345679012345678,1.0,0.0,1.0,0.22222222222222227,0.0,0.664517928944963,0.05263157894736842,1.0,0.0,0.9375,0.6987529228371017,0.6025104602510458,0.9576059850374066,0.8597353497164448,0.0,0.0,0.0,0.0,0.0,0.0,0.0,1.0,0.0,0.0,0.0,0.0,1.0,0.0,0.0,0.0,0.0,0.0,0.0,1.0,0.0,0.0,0.0,1.0,0.0
701,0.25925925925925924,0.0,0.0,1.0,0.22222222222222227,0.0,0.5878478128342483,0.02631578947368421,1.0,0.0,0.9375,0.6987529228371017,0.6025104602510458,0.9576059850374066,0.8597353497164448,0.0,0.0,0.0,0.0,0.0,0.0,0.0,0.0,0.0,1.0,0.0,0.0,0.0,1.0,0.0,0.0,0.0,0.0,0.0,1.0,0.0,0.0,0.0,1.0,0.0
702,0.38271604938271603,0.0,0.0,1.0,0.22222222222222227,0.0,0.6832417100410403,0.23684210526315788,1.0,0.0,0.9375,0.6987529228371017,0.6025104602510458,0.9576059850374066,0.8597353497164448,0.0,1.0,0.0,0.0,0.0,0.0,0.0,0.0,0.0,0.0,0.0,0.0,1.0,0.0,0.0,1.0,0.0,0.0,0.0,0.0,0.0,0.0,0.0,1.0,0.0
703,0.19753086419753085,1.0,0.0,1.0,0.22222222222222227,0.0,0.703921238889424,0.21052631578947367,1.0,0.0,0.9375,0.6987529228371017,0.6025104602510458,0.9576059850374066,0.8597353497164448,0.0,0.0,0.0,0.0,1.0,0.0,0.0,0.0,0.0,0.0,0.0,0.0,1.0,0.0,0.0,0.0,0.0,0.0,0.0,0.0,1.0,0.0,0.0,1.0,0.0
704,0.24691358024691357,1.0,0.0,1.0,0.22222222222222227,0.0,0.7293978235737721,0.21052631578947367,1.0,0.0,0.9375,0.6987529228371017,0.6025104602510458,0.9576059850374066,0.8597353497164448,0.0,1.0,0.0,0.0,0.0,0.0,0.0,0.0,0.0,0.0,0.0,0.0,0.0,1.0,0.0,0.0,0.0,0.0,0.0,0.0,1.0,0.0,0.0,1.0,0.0
705,0.419753086419753,0.0,0.0,1.0,0.22222222222222227,0.0,0.5641535377316825,0.15789473684210525,1.0,0.0,0.9375,0.6987529228371017,0.6025104602510458,0.9576059850374066,0.8597353497164448,0.0,0.0,0.0,0.0,0.0,0.0,0.0,0.0,0.0,0.0,0.0,0.0,0.0,1.0,0.0,0.0,0.0,0.0,0.0,0.0,1.0,0.0,0.0,1.0,0.0
706,0.2345679012345679,1.0,0.0,1.0,0.22222222222222227,0.0,0.6208918069393788,0.07894736842105263,1.0,0.0,0.9375,0.6987529228371017,0.6025104602510458,0.9576059850374066,0.8597353497164448,0.0,0.0,0.0,0.0,0.0,0.0,0.0,1.0,0.0,0.0,0.0,0.0,1.0,0.0,0.0,0.0,0.0,1.0,0.0,0.0,0.0,0.0,0.0,1.0,0.0
707,0.19753086419753085,0.0,0.0,1.0,0.22222222222222227,0.0,0.8358902135524288,0.05263157894736842,1.0,0.0,0.9375,0.6987529228371017,0.6025104602510458,0.9576059850374066,0.8597353497164448,1.0,0.0,0.0,0.0,0.0,0.0,0.0,0.0,0.0,1.0,0.0,0.0,0.0,0.0,0.0,0.0,0.0,0.0,0.0,1.0,0.0,0.0,0.0,1.0,0.0
708,0.2345679012345679,0.0,0.0,1.0,0.22222222222222227,0.25,0.5902084636135368,0.0,1.0,0.0,0.9375,0.6987529228371017,0.6025104602510458,0.9571525731126729,0.8597353497164448,0.0,0.0,0.0,0.0,0.0,0.0,0.0,0.0,0.0,1.0,0.0,0.0,1.0,0.0,0.0,0.0,0.0,0.0,0.0,1.0,0.0,0.0,0.0,1.0,0.0
709,0.3703703703703703,0.0,0.0,1.0,0.22222222222222227,0.25,0.5886399717165399,0.10526315789473684,1.0,0.0,0.9375,0.6987529228371017,0.6025104602510458,0.9571525731126729,0.8597353497164448,0.0,0.0,0.0,0.0,0.0,0.0,0.0,0.0,0.0,1.0,0.0,0.0,0.0,1.0,0.0,0.0,0.0,0.0,0.0,1.0,0.0,0.0,1.0,1.0,0.0
710,0.1728395061728395,0.0,0.0,1.0,0.22222222222222227,0.25,0.33328547525193053,0.23684210526315788,1.0,0.0,0.9375,0.6987529228371017,0.6025104602510458,0.9571525731126729,0.8597353497164448,0.0,0.0,0.0,0.0,0.0,0.0,0.0,0.0,0.0,0.0,0.0,0.0,1.0,0.0,0.0,0.0,0.0,1.0,0.0,0.0,0.0,0.0,0.0,1.0,0.0
711,0.20987654320987653,0.0,0.0,1.0,0.22222222222222227,0.25,0.6140973378497864,0.0,1.0,0.0,0.9375,0.6987529228371017,0.6025104602510458,0.9571525731126729,0.8597353497164448,0.0,0.0,0.0,0.0,0.0,0.0,0.0,0.0,0.0,0.0,0.0,0.0,1.0,0.0,0.0,0.0,0.0,0.0,0.0,0.0,1.0,0.0,0.0,1.0,0.0
712,0.2222222222222222,1.0,0.0,1.0,0.22222222222222227,0.25,0.6632686943784747,0.0,1.0,0.0,0.9375,0.6987529228371017,0.6025104602510458,0.9571525731126729,0.8597353497164448,0.0,0.0,0.0,0.0,0.0,0.0,0.0,0.0,1.0,0.0,0.0,0.0,0.0,1.0,0.0,0.0,0.0,0.0,0.0,0.0,1.0,0.0,1.0,1.0,0.0
713,0.18518518518518517,0.0,1.0,1.0,0.22222222222222227,0.25,0.8346289586303263,0.0,1.0,0.0,0.9375,0.6987529228371017,0.6025104602510458,0.9571525731126729,0.8597353497164448,1.0,0.0,0.0,0.0,0.0,0.0,0.0,1.0,0.0,0.0,0.0,0.0,0.0,1.0,0.0,1.0,0.0,0.0,0.0,0.0,0.0,0.0,0.0,1.0,0.0
714,0.2222222222222222,0.0,0.0,1.0,0.22222222222222227,0.25,0.6701784439170553,0.0,1.0,0.0,0.9375,0.6987529228371017,0.6025104602510458,0.9571525731126729,0.8597353497164448,0.0,0.0,0.0,0.0,0.0,0.0,0.0,0.0,0.0,0.0,0.0,0.0,1.0,0.0,0.0,0.0,0.0,1.0,0.0,0.0,0.0,0.0,0.0,1.0,0.0
715,0.1728395061728395,0.0,0.0,1.0,0.22222222222222227,0.25,0.8870421407360037,0.02631578947368421,1.0,0.0,0.9375,0.6987529228371017,0.6025104602510458,0.9571525731126729,0.8597353497164448,1.0,1.0,0.0,0.0,0.0,0.0,0.0,0.0,0.0,0.0,0.0,0.0,0.0,1.0,0.0,0.0,0.0,1.0,0.0,0.0,0.0,0.0,0.0,1.0,0.0
716,0.3703703703703703,0.0,0.0,1.0,0.22222222222222227,0.25,0.8465833005592821,0.0,1.0,0.0,0.9375,0.6987529228371017,0.6025104602510458,0.9571525731126729,0.8597353497164448,1.0,1.0,0.0,0.0,0.0,0.0,0.0,0.0,0.0,0.0,0.0,0.0,1.0,0.0,0.0,0.0,0.0,0.0,0.0,0.0,0.0,1.0,1.0,1.0,0.0
717,0.30864197530864196,0.0,0.0,1.0,0.22222222222222227,0.25,0.6178519698461769,0.0,1.0,0.0,0.9375,0.6987529228371017,0.6025104602510458,0.9571525731126729,0.8597353497164448,0.0,0.0,0.0,0.0,0.0,0.0,0.0,0.0,0.0,1.0,0.0,0.0,0.0,0.0,0.0,0.0,0.0,0.0,0.0,0.0,1.0,0.0,0.0,1.0,0.0
718,0.3209876543209876,1.0,0.0,1.0,0.22222222222222227,0.25,0.7827622264100459,0.0,1.0,0.0,0.9375,0.6987529228371017,0.6025104602510458,0.9571525731126729,0.8597353497164448,0.0,0.0,0.0,0.0,0.0,0.0,0.0,0.0,0.0,0.0,0.0,0.0,1.0,0.0,0.0,0.0,0.0,0.0,0.0,0.0,1.0,0.0,0.0,1.0,0.0
719,0.39506172839506176,0.0,0.0,1.0,0.22222222222222227,0.25,0.6334058816143029,0.0,1.0,0.0,0.9375,0.6987529228371017,0.6025104602510458,0.9571525731126729,0.8597353497164448,0.0,1.0,0.0,0.0,0.0,0.0,0.0,0.0,0.0,0.0,0.0,0.0,1.0,0.0,0.0,0.0,0.0,0.0,0.0,0.0,0.0,0.0,1.0,1.0,0.0
720,0.18518518518518517,0.0,0.0,1.0,0.22222222222222227,0.25,0.6607297076989791,0.0,1.0,0.0,0.9375,0.6987529228371017,0.6025104602510458,0.9571525731126729,0.8597353497164448,0.0,0.0,0.0,0.0,0.0,0.0,0.0,0.0,0.0,1.0,0.0,0.0,1.0,0.0,0.0,0.0,0.0,0.0,0.0,0.0,0.0,1.0,1.0,1.0,0.0
721,0.30864197530864196,0.0,0.0,1.0,0.22222222222222227,0.25,0.6317758072704824,0.0,1.0,0.0,0.9375,0.6987529228371017,0.6025104602510458,0.9571525731126729,0.8597353497164448,0.0,0.0,0.0,0.0,0.0,0.0,0.0,0.0,0.0,0.0,0.0,0.0,0.0,0.0,0.0,0.0,0.0,0.0,0.0,0.0,1.0,0.0,0.0,1.0,0.0
722,0.4444444444444445,0.0,0.0,1.0,0.22222222222222227,0.25,0.6128186823313415,0.02631578947368421,1.0,0.0,0.9375,0.6987529228371017,0.6025104602510458,0.9571525731126729,0.8597353497164448,1.0,1.0,0.0,0.0,0.0,0.0,0.0,0.0,0.0,0.0,0.0,0.0,1.0,0.0,0.0,0.0,0.0,0.0,0.0,0.0,0.0,0.0,1.0,1.0,0.0
723,0.2839506172839506,0.0,0.0,1.0,0.22222222222222227,0.25,0.6027582686746316,0.0,1.0,0.0,0.9375,0.6987529228371017,0.6025104602510458,0.9571525731126729,0.8597353497164448,0.0,0.0,0.0,0.0,0.0,0.0,0.0,0.0,0.0,0.0,0.0,0.0,1.0,0.0,0.0,0.0,0.0,1.0,0.0,0.0,0.0,0.0,0.0,1.0,0.0
724,0.48148148148148145,0.0,0.0,1.0,0.22222222222222227,0.25,0.4279079916652397,0.0,1.0,0.0,0.9375,0.6987529228371017,0.6025104602510458,0.9571525731126729,0.8597353497164448,0.0,0.0,0.0,0.0,0.0,0.0,0.0,0.0,0.0,1.0,0.0,0.0,1.0,0.0,0.0,0.0,0.0,0.0,0.0,1.0,0.0,0.0,1.0,1.0,0.0
725,0.35802469135802467,0.0,1.0,1.0,0.22222222222222227,0.25,0.7033271207099517,0.0,1.0,0.0,0.9375,0.6987529228371017,0.6025104602510458,0.9571525731126729,0.8597353497164448,0.0,1.0,0.0,0.0,0.0,0.0,0.0,0.0,0.0,0.0,0.0,0.0,1.0,0.0,0.0,0.0,1.0,0.0,0.0,0.0,0.0,0.0,0.0,1.0,0.0
726,0.16049382716049382,1.0,0.0,1.0,0.22222222222222227,0.25,0.6789243392652736,0.0,1.0,0.0,0.9375,0.6987529228371017,0.6025104602510458,0.9571525731126729,0.8597353497164448,0.0,0.0,0.0,0.0,0.0,0.0,0.0,1.0,0.0,0.0,0.0,0.0,0.0,0.0,0.0,0.0,1.0,0.0,0.0,0.0,0.0,0.0,0.0,1.0,0.0
727,0.30864197530864196,0.0,0.0,1.0,0.22222222222222227,0.25,0.7561711246597944,0.0,1.0,0.0,0.9375,0.6987529228371017,0.6025104602510458,0.9571525731126729,0.8597353497164448,0.0,0.0,0.0,0.0,0.0,0.0,0.0,0.0,0.0,1.0,0.0,0.0,1.0,0.0,0.0,0.0,1.0,0.0,0.0,0.0,0.0,0.0,0.0,1.0,0.0
728,0.2716049382716049,0.0,1.0,1.0,0.22222222222222227,0.25,0.6585712040288184,0.0,1.0,0.0,0.9375,0.6987529228371017,0.6025104602510458,0.9571525731126729,0.8597353497164448,0.0,1.0,0.0,0.0,0.0,0.0,0.0,0.0,0.0,0.0,0.0,0.0,1.0,0.0,0.0,1.0,0.0,0.0,0.0,0.0,0.0,0.0,0.0,1.0,0.0
729,0.25925925925925924,0.0,0.0,1.0,0.22222222222222227,0.25,0.492850661870268,0.0,1.0,0.0,0.9375,0.6987529228371017,0.6025104602510458,0.9571525731126729,0.8597353497164448,0.0,0.0,0.0,0.0,0.0,0.0,0.0,0.0,0.0,0.0,0.0,0.0,0.0,1.0,0.0,1.0,0.0,0.0,0.0,0.0,0.0,0.0,1.0,1.0,0.0
730,0.12345679012345678,0.0,0.0,1.0,0.22222222222222227,0.25,0.7329236164515708,0.0,1.0,0.0,0.9375,0.6987529228371017,0.6025104602510458,0.9571525731126729,0.8597353497164448,0.0,1.0,0.0,0.0,0.0,0.0,0.0,0.0,0.0,0.0,0.0,0.0,0.0,1.0,0.0,0.0,1.0,0.0,0.0,0.0,0.0,0.0,0.0,1.0,0.0
731,0.4074074074074074,0.0,0.0,1.0,0.22222222222222227,0.25,0.5429003918915096,0.0,1.0,0.0,0.9375,0.6987529228371017,0.6025104602510458,0.9571525731126729,0.8597353497164448,0.0,1.0,0.0,0.0,0.0,0.0,0.0,0.0,0.0,0.0,0.0,0.0,1.0,0.0,0.0,0.0,0.0,0.0,0.0,0.0,0.0,0.0,1.0,1.0,0.0
732,0.09876543209876543,0.0,0.0,1.0,0.22222222222222227,0.25,0.5306356323565045,0.0,1.0,0.0,0.9375,0.6987529228371017,0.6025104602510458,0.9571525731126729,0.8597353497164448,0.0,1.0,0.0,0.0,0.0,0.0,0.0,0.0,0.0,0.0,0.0,0.0,1.0,0.0,0.0,0.0,1.0,0.0,0.0,0.0,0.0,0.0,0.0,1.0,0.0
733,0.5061728395061729,0.0,0.0,1.0,0.22222222222222227,0.25,0.6244388640920251,0.0,1.0,0.0,0.9375,0.6987529228371017,0.6025104602510458,0.9571525731126729,0.8597353497164448,0.0,0.0,0.0,0.0,0.0,0.0,0.0,0.0,0.0,0.0,0.0,0.0,0.0,0.0,0.0,0.0,1.0,0.0,0.0,0.0,0.0,0.0,1.0,1.0,0.0
734,0.2345679012345679,0.0,0.0,1.0,0.22222222222222227,0.25,0.580467578755373,0.07894736842105263,1.0,0.0,0.9375,0.6987529228371017,0.6025104602510458,0.9571525731126729,0.8597353497164448,0.0,0.0,0.0,0.0,0.0,0.0,0.0,0.0,0.0,0.0,0.0,0.0,0.0,0.0,0.0,0.0,0.0,1.0,0.0,0.0,0.0,0.0,0.0,1.0,0.0
735,0.4567901234567901,1.0,0.0,1.0,0.22222222222222227,0.25,0.5770327318283031,0.0,1.0,0.0,0.9375,0.6987529228371017,0.6025104602510458,0.9571525731126729,0.8597353497164448,0.0,0.0,0.0,0.0,1.0,0.0,0.0,0.0,0.0,0.0,0.0,0.0,1.0,0.0,0.0,0.0,0.0,1.0,0.0,0.0,0.0,0.0,1.0,1.0,0.0
736,0.2222222222222222,1.0,0.0,1.0,0.22222222222222227,0.25,0.8802925755202294,0.0,1.0,0.0,0.9375,0.6987529228371017,0.6025104602510458,0.9571525731126729,0.8597353497164448,1.0,0.0,0.0,0.0,0.0,0.0,0.0,1.0,0.0,0.0,0.0,0.0,0.0,1.0,0.0,0.0,0.0,0.0,0.0,0.0,0.0,0.0,0.0,1.0,0.0
737,0.4691358024691357,0.0,0.0,1.0,0.22222222222222227,0.25,0.5239878100544288,0.0,1.0,0.0,0.9375,0.6987529228371017,0.6025104602510458,0.9571525731126729,0.8597353497164448,0.0,0.0,0.0,0.0,0.0,1.0,0.0,0.0,0.0,0.0,0.0,0.0,0.0,0.0,0.0,0.0,0.0,0.0,0.0,1.0,0.0,0.0,0.0,1.0,0.0
738,0.1728395061728395,0.0,0.0,1.0,0.22222222222222227,0.25,0.647141331954917,0.0,1.0,0.0,0.9375,0.6987529228371017,0.6025104602510458,0.9571525731126729,0.8597353497164448,0.0,0.0,0.0,0.0,0.0,0.0,0.0,0.0,0.0,1.0,0.0,0.0,0.0,0.0,0.0,0.0,1.0,0.0,0.0,0.0,0.0,0.0,0.0,1.0,0.0
739,0.43209876543209874,1.0,0.0,1.0,0.22222222222222227,0.25,0.6755790384927881,0.0,1.0,0.0,0.9375,0.6987529228371017,0.6025104602510458,0.9571525731126729,0.8597353497164448,0.0,0.0,0.0,0.0,1.0,0.0,0.0,0.0,0.0,0.0,0.0,0.0,1.0,0.0,0.0,0.0,0.0,0.0,0.0,0.0,1.0,0.0,1.0,1.0,0.0
740,0.1728395061728395,1.0,0.0,1.0,0.22222222222222227,0.25,0.5909849360662706,0.0,1.0,0.0,0.9375,0.6987529228371017,0.6025104602510458,0.9571525731126729,0.8597353497164448,0.0,0.0,0.0,0.0,0.0,0.0,0.0,0.0,0.0,0.0,0.0,0.0,0.0,1.0,0.0,0.0,0.0,0.0,0.0,0.0,1.0,0.0,0.0,1.0,0.0
741,0.19753086419753085,0.0,0.0,1.0,0.22222222222222227,0.25,0.6062082270603242,0.0,1.0,0.0,0.9375,0.6987529228371017,0.6025104602510458,0.9571525731126729,0.8597353497164448,0.0,1.0,0.0,0.0,0.0,0.0,0.0,0.0,0.0,0.0,0.0,0.0,0.0,1.0,0.0,0.0,0.0,0.0,0.0,0.0,0.0,0.0,0.0,1.0,0.0
742,0.48148148148148145,0.0,0.0,1.0,0.22222222222222227,0.25,0.5280214103388018,0.02631578947368421,1.0,0.0,0.9375,0.6987529228371017,0.6025104602510458,0.9571525731126729,0.8597353497164448,0.0,0.0,0.0,0.0,0.0,1.0,0.0,0.0,0.0,0.0,0.0,0.0,1.0,0.0,0.0,0.0,0.0,1.0,0.0,0.0,0.0,0.0,1.0,1.0,0.0
743,0.35802469135802467,0.0,1.0,1.0,0.22222222222222227,0.25,0.6880861948773884,0.02631578947368421,1.0,0.0,0.9375,0.6987529228371017,0.6025104602510458,0.9571525731126729,0.8597353497164448,0.0,1.0,0.0,0.0,0.0,0.0,0.0,0.0,0.0,0.0,0.0,0.0,1.0,0.0,0.0,0.0,0.0,0.0,0.0,1.0,0.0,0.0,1.0,1.0,0.0
744,0.30864197530864196,0.0,0.0,1.0,0.22222222222222227,0.25,0.6267455095549759,0.02631578947368421,1.0,0.0,0.9375,0.6987529228371017,0.6025104602510458,0.9571525731126729,0.8597353497164448,0.0,0.0,0.0,1.0,0.0,0.0,0.0,0.0,0.0,0.0,0.0,0.0,1.0,0.0,0.0,0.0,0.0,1.0,0.0,0.0,0.0,0.0,0.0,1.0,0.0
745,0.30864197530864196,0.0,0.0,1.0,0.22222222222222227,0.25,0.7546408897551403,0.02631578947368421,1.0,0.0,0.9375,0.6987529228371017,0.6025104602510458,0.9571525731126729,0.8597353497164448,0.0,0.0,0.0,0.0,0.0,0.0,0.0,0.0,0.0,1.0,0.0,0.0,1.0,0.0,0.0,0.0,1.0,0.0,0.0,0.0,0.0,0.0,0.0,1.0,0.0
746,0.38271604938271603,0.0,0.0,1.0,0.22222222222222227,0.25,0.580467578755373,0.18421052631578946,1.0,0.0,0.9375,0.6987529228371017,0.6025104602510458,0.9571525731126729,0.8597353497164448,0.0,0.0,0.0,0.0,0.0,0.0,1.0,0.0,0.0,0.0,0.0,0.0,1.0,0.0,0.0,0.0,0.0,0.0,0.0,0.0,1.0,0.0,1.0,1.0,0.0
747,0.2222222222222222,0.0,1.0,1.0,0.22222222222222227,0.25,0.5743891340707834,0.0,1.0,0.0,0.9375,0.6987529228371017,0.6025104602510458,0.9571525731126729,0.8597353497164448,0.0,1.0,0.0,0.0,0.0,0.0,0.0,0.0,0.0,0.0,0.0,0.0,0.0,0.0,0.0,0.0,1.0,0.0,0.0,0.0,0.0,0.0,0.0,1.0,0.0
748,0.25925925925925924,0.5,0.5,1.0,0.22222222222222227,0.25,0.6598710531604159,0.02631578947368421,1.0,0.0,0.9375,0.6987529228371017,0.6025104602510458,0.9571525731126729,0.8597353497164448,0.0,0.0,0.0,0.0,0.0,0.0,0.0,0.0,0.0,1.0,0.0,0.0,1.0,0.0,0.0,0.0,0.0,0.0,0.0,1.0,0.0,0.0,0.0,1.0,0.0
749,0.2839506172839506,0.0,0.0,1.0,0.22222222222222227,0.25,0.5239878100544288,0.02631578947368421,1.0,0.0,0.9375,0.6987529228371017,0.6025104602510458,0.9571525731126729,0.8597353497164448,0.0,1.0,0.0,0.0,0.0,0.0,0.0,0.0,0.0,0.0,0.0,0.0,1.0,0.0,0.0,1.0,0.0,0.0,0.0,0.0,0.0,0.0,1.0,1.0,0.0
750,0.35802469135802467,1.0,1.0,1.0,0.22222222222222227,0.25,0.7094205620899076,0.02631578947368421,1.0,0.0,0.9375,0.6987529228371017,0.6025104602510458,0.9571525731126729,0.8597353497164448,0.0,0.0,0.0,0.0,1.0,0.0,0.0,0.0,0.0,0.0,0.0,0.0,1.0,0.0,0.0,0.0,1.0,0.0,0.0,0.0,0.0,0.0,0.0,1.0,0.0
751,0.29629629629629634,0.0,0.0,1.0,0.22222222222222227,0.25,0.5641535377316825,0.0,1.0,0.0,0.9375,0.6987529228371017,0.6025104602510458,0.9571525731126729,0.8597353497164448,0.0,0.0,0.0,0.0,1.0,0.0,0.0,0.0,0.0,0.0,0.0,0.0,0.0,1.0,0.0,0.0,0.0,1.0,0.0,0.0,0.0,0.0,0.0,1.0,0.0
752,0.2716049382716049,1.0,0.0,1.0,0.22222222222222227,0.25,0.614731491134803,0.02631578947368421,1.0,0.0,0.9375,0.6987529228371017,0.6025104602510458,0.9571525731126729,0.8597353497164448,0.0,0.0,0.0,0.0,0.0,0.0,0.0,0.0,0.0,0.0,0.0,0.0,1.0,0.0,0.0,0.0,0.0,0.0,0.0,1.0,0.0,0.0,0.0,1.0,0.0
753,0.5061728395061729,0.0,0.0,1.0,0.22222222222222227,0.25,0.8178852734414948,0.0,1.0,0.0,0.9375,0.6987529228371017,0.6025104602510458,0.9571525731126729,0.8597353497164448,1.0,0.0,0.0,0.0,0.0,1.0,0.0,0.0,0.0,0.0,0.0,0.0,1.0,0.0,0.0,0.0,0.0,0.0,0.0,0.0,0.0,0.0,1.0,1.0,0.0
754,0.2716049382716049,0.0,0.0,1.0,0.22222222222222227,0.25,0.7621004502034615,0.05263157894736842,1.0,0.0,0.9375,0.6987529228371017,0.6025104602510458,0.9571525731126729,0.8597353497164448,1.0,1.0,0.0,0.0,0.0,0.0,0.0,0.0,0.0,0.0,0.0,0.0,0.0,1.0,0.0,0.0,1.0,0.0,0.0,0.0,0.0,0.0,0.0,1.0,0.0
755,0.34567901234567905,0.0,0.0,1.0,0.22222222222222227,0.25,0.5393533347388635,0.18421052631578946,1.0,0.0,0.9375,0.6987529228371017,0.6025104602510458,0.9571525731126729,0.8597353497164448,0.0,1.0,0.0,0.0,0.0,0.0,0.0,0.0,0.0,0.0,0.0,0.0,1.0,0.0,0.0,0.0,0.0,0.0,0.0,0.0,0.0,0.0,1.0,1.0,0.0
756,0.20987654320987653,0.0,1.0,1.0,0.22222222222222227,0.25,0.6669772899389259,0.05263157894736842,1.0,0.0,0.9375,0.6987529228371017,0.6025104602510458,0.9571525731126729,0.8597353497164448,0.0,1.0,0.0,0.0,0.0,0.0,0.0,0.0,0.0,0.0,0.0,0.0,1.0,0.0,0.0,0.0,0.0,0.0,0.0,0.0,0.0,0.0,0.0,1.0,0.0
757,0.20987654320987653,1.0,0.0,1.0,0.22222222222222227,0.25,0.6328650293995502,0.02631578947368421,1.0,0.0,0.9375,0.6987529228371017,0.6025104602510458,0.9571525731126729,0.8597353497164448,0.0,0.0,0.0,0.0,0.0,0.0,0.0,1.0,0.0,0.0,0.0,0.0,1.0,0.0,0.0,1.0,0.0,0.0,0.0,0.0,0.0,0.0,1.0,1.0,0.0
758,0.12345679012345678,1.0,0.0,1.0,0.22222222222222227,0.25,0.6295666315558228,0.02631578947368421,1.0,0.0,0.9375,0.6987529228371017,0.6025104602510458,0.9571525731126729,0.8597353497164448,0.0,0.0,0.0,0.0,0.0,0.0,0.0,0.0,0.0,0.0,0.0,0.0,1.0,0.0,0.0,0.0,0.0,1.0,0.0,0.0,0.0,0.0,0.0,1.0,0.0
759,0.25925925925925924,0.5,0.5,1.0,0.22222222222222227,0.25,0.5581708002178327,0.0,1.0,0.0,0.9375,0.6987529228371017,0.6025104602510458,0.9571525731126729,0.8597353497164448,0.0,0.0,0.0,0.0,0.0,0.0,0.0,1.0,0.0,0.0,0.0,0.0,1.0,0.0,0.0,0.0,1.0,0.0,0.0,0.0,0.0,0.0,0.0,1.0,0.0
760,0.2345679012345679,1.0,0.0,1.0,0.22222222222222227,0.25,0.5878478128342483,0.02631578947368421,1.0,0.0,0.9375,0.6987529228371017,0.6025104602510458,0.9571525731126729,0.8597353497164448,0.0,0.0,0.0,0.0,0.0,0.0,0.0,0.0,0.0,1.0,0.0,0.0,0.0,0.0,0.0,0.0,0.0,0.0,0.0,0.0,1.0,0.0,1.0,1.0,0.0
761,0.3209876543209876,0.0,0.0,1.0,0.22222222222222227,0.25,0.7170832336381597,0.0,1.0,0.0,0.9375,0.6987529228371017,0.6025104602510458,0.9571525731126729,0.8597353497164448,0.0,0.0,0.0,0.0,0.0,0.0,0.0,1.0,0.0,0.0,0.0,0.0,1.0,0.0,0.0,0.0,0.0,1.0,0.0,0.0,0.0,0.0,0.0,1.0,0.0
762,0.12345679012345678,0.5,0.5,1.0,0.22222222222222227,0.25,0.8198923673354446,0.02631578947368421,1.0,0.0,0.9375,0.6987529228371017,0.6025104602510458,0.9571525731126729,0.8597353497164448,1.0,1.0,0.0,0.0,0.0,0.0,0.0,0.0,0.0,0.0,0.0,0.0,1.0,0.0,0.0,1.0,0.0,0.0,0.0,0.0,0.0,0.0,1.0,1.0,0.0
763,0.13580246913580246,1.0,0.0,1.0,0.22222222222222227,0.25,0.5169416832156455,0.02631578947368421,1.0,0.0,0.9375,0.6987529228371017,0.6025104602510458,0.9571525731126729,0.8597353497164448,0.0,0.0,0.0,0.0,0.0,0.0,0.0,0.0,0.0,1.0,0.0,0.0,1.0,0.0,0.0,0.0,0.0,0.0,0.0,1.0,0.0,0.0,0.0,1.0,0.0
764,0.34567901234567905,0.0,0.0,1.0,0.22222222222222227,0.25,0.6013494476505862,0.02631578947368421,1.0,0.0,0.9375,0.6987529228371017,0.6025104602510458,0.9571525731126729,0.8597353497164448,0.0,0.0,0.0,0.0,0.0,0.0,0.0,0.0,0.0,0.0,0.0,0.0,1.0,0.0,0.0,0.0,0.0,1.0,0.0,0.0,0.0,0.0,0.0,1.0,0.0
765,0.35802469135802467,1.0,0.0,1.0,0.22222222222222227,0.25,0.7746029197731145,0.02631578947368421,1.0,0.0,0.9375,0.6987529228371017,0.6025104602510458,0.9571525731126729,0.8597353497164448,0.0,0.0,0.0,0.0,0.0,0.0,0.0,0.0,0.0,0.0,0.0,0.0,1.0,0.0,0.0,0.0,0.0,1.0,0.0,0.0,0.0,0.0,0.0,1.0,0.0
766,0.4691358024691357,0.0,0.0,1.0,0.22222222222222227,0.25,0.6447157790225418,0.02631578947368421,1.0,0.0,0.9375,0.6987529228371017,0.6025104602510458,0.9571525731126729,0.8597353497164448,0.0,0.0,0.0,0.0,0.0,0.0,0.0,0.0,0.0,0.0,0.0,0.0,1.0,0.0,0.0,0.0,0.0,1.0,0.0,0.0,0.0,0.0,0.0,1.0,0.0
767,0.25925925925925924,1.0,0.0,1.0,0.22222222222222227,0.25,0.7178753925204513,0.2894736842105263,1.0,0.0,0.9375,0.6987529228371017,0.6025104602510458,0.9571525731126729,0.8597353497164448,0.0,0.0,0.0,0.0,0.0,0.0,0.0,0.0,0.0,1.0,0.0,0.0,0.0,1.0,0.0,0.0,0.0,0.0,0.0,0.0,1.0,0.0,0.0,1.0,0.0
768,0.30864197530864196,1.0,1.0,1.0,0.22222222222222227,0.25,0.6576965892230189,0.02631578947368421,1.0,0.0,0.9375,0.6987529228371017,0.6025104602510458,0.9571525731126729,0.8597353497164448,0.0,0.0,0.0,0.0,0.0,0.0,0.0,0.0,0.0,0.0,0.0,0.0,1.0,0.0,0.0,0.0,1.0,0.0,0.0,0.0,0.0,0.0,0.0,1.0,0.0
769,0.2222222222222222,0.0,0.0,1.0,0.22222222222222227,0.25,0.5356959888812932,0.05263157894736842,1.0,0.0,0.9375,0.6987529228371017,0.6025104602510458,0.9571525731126729,0.8597353497164448,0.0,0.0,0.0,0.0,0.0,0.0,0.0,0.0,0.0,0.0,0.0,0.0,0.0,0.0,0.0,0.0,0.0,0.0,0.0,0.0,1.0,0.0,0.0,1.0,0.0
770,0.38271604938271603,0.0,0.0,1.0,0.22222222222222227,0.25,0.5014409845439322,0.07894736842105263,1.0,0.0,0.9375,0.6987529228371017,0.6025104602510458,0.9571525731126729,0.8597353497164448,0.0,1.0,0.0,0.0,0.0,0.0,0.0,0.0,0.0,0.0,0.0,0.0,1.0,0.0,0.0,0.0,0.0,0.0,0.0,0.0,0.0,0.0,1.0,1.0,0.0
771,0.24691358024691357,0.0,0.0,1.0,0.22222222222222227,0.25,0.4756049402686357,0.05263157894736842,1.0,0.0,0.9375,0.6987529228371017,0.6025104602510458,0.9571525731126729,0.8597353497164448,0.0,0.0,0.0,0.0,0.0,0.0,0.0,0.0,0.0,0.0,1.0,0.0,1.0,0.0,0.0,0.0,0.0,1.0,0.0,0.0,0.0,0.0,0.0,1.0,0.0
772,0.14814814814814814,0.0,0.0,1.0,0.22222222222222227,0.25,0.6172344610818086,0.02631578947368421,1.0,0.0,0.9375,0.6987529228371017,0.6025104602510458,0.9571525731126729,0.8597353497164448,0.0,0.0,0.0,0.0,0.0,0.0,0.0,1.0,0.0,0.0,0.0,0.0,1.0,0.0,0.0,0.0,0.0,1.0,0.0,0.0,0.0,0.0,0.0,1.0,0.0
773,0.2222222222222222,1.0,0.0,1.0,0.22222222222222227,0.25,0.6432360720972943,0.02631578947368421,1.0,0.0,0.9375,0.6987529228371017,0.6025104602510458,0.9571525731126729,0.8597353497164448,0.0,0.0,0.0,0.0,0.0,0.0,0.0,0.0,0.0,1.0,0.0,0.0,1.0,0.0,0.0,0.0,0.0,0.0,0.0,0.0,1.0,0.0,0.0,1.0,0.0
774,0.19753086419753085,1.0,0.0,1.0,0.22222222222222227,0.25,0.6355447614376443,0.02631578947368421,1.0,0.0,0.9375,0.6987529228371017,0.6025104602510458,0.9571525731126729,0.8597353497164448,0.0,0.0,0.0,0.0,0.0,0.0,0.0,0.0,0.0,1.0,0.0,0.0,1.0,0.0,0.0,0.0,0.0,0.0,0.0,0.0,1.0,0.0,1.0,1.0,0.0
775,0.08641975308641975,0.0,0.0,1.0,0.22222222222222227,0.25,0.5631773068220264,0.05263157894736842,1.0,0.0,0.9375,0.6987529228371017,0.6025104602510458,0.9571525731126729,0.8597353497164448,0.0,0.0,0.0,0.0,0.0,0.0,0.0,1.0,0.0,0.0,0.0,0.0,0.0,1.0,0.0,0.0,0.0,1.0,0.0,0.0,0.0,0.0,0.0,1.0,0.0
776,0.3209876543209876,1.0,0.0,1.0,0.22222222222222227,0.25,0.5463436176888766,0.05263157894736842,1.0,0.0,0.9375,0.6987529228371017,0.6025104602510458,0.9571525731126729,0.8597353497164448,0.0,1.0,0.0,0.0,0.0,0.0,0.0,0.0,0.0,0.0,0.0,0.0,1.0,0.0,0.0,0.0,0.0,0.0,0.0,0.0,0.0,0.0,1.0,1.0,0.0
777,0.2716049382716049,1.0,0.0,1.0,0.22222222222222227,0.25,0.6082306576679029,0.02631578947368421,1.0,0.0,0.9375,0.6987529228371017,0.6025104602510458,0.9571525731126729,0.8597353497164448,0.0,1.0,0.0,0.0,0.0,0.0,0.0,0.0,0.0,0.0,0.0,0.0,1.0,0.0,0.0,0.0,1.0,0.0,0.0,0.0,0.0,0.0,0.0,1.0,0.0
778,0.48148148148148145,1.0,0.0,1.0,0.22222222222222227,0.25,0.6317758072704824,0.23684210526315788,1.0,0.0,0.9375,0.6987529228371017,0.6025104602510458,0.9571525731126729,0.8597353497164448,0.0,1.0,0.0,0.0,0.0,0.0,0.0,0.0,0.0,0.0,0.0,0.0,1.0,0.0,0.0,0.0,0.0,0.0,0.0,0.0,0.0,0.0,1.0,1.0,0.0
779,0.30864197530864196,0.0,0.0,1.0,0.22222222222222227,0.25,0.8515861355971438,0.02631578947368421,1.0,0.0,0.9375,0.6987529228371017,0.6025104602510458,0.9571525731126729,0.8597353497164448,1.0,0.0,0.0,0.0,0.0,0.0,0.0,0.0,0.0,0.0,0.0,0.0,1.0,0.0,0.0,0.0,0.0,1.0,0.0,0.0,0.0,0.0,0.0,1.0,0.0
780,0.20987654320987653,1.0,1.0,1.0,0.22222222222222227,0.25,0.7165521485397763,0.21052631578947367,1.0,0.0,0.9375,0.6987529228371017,0.6025104602510458,0.9571525731126729,0.8597353497164448,0.0,0.0,0.0,0.0,0.0,0.0,0.0,1.0,0.0,0.0,0.0,0.0,1.0,0.0,0.0,0.0,0.0,1.0,0.0,0.0,0.0,0.0,1.0,1.0,0.0
781,0.25925925925925924,0.0,0.0,1.0,0.22222222222222227,0.25,0.6312273906618776,0.05263157894736842,1.0,0.0,0.9375,0.6987529228371017,0.6025104602510458,0.9571525731126729,0.8597353497164448,0.0,0.0,0.0,0.0,0.0,0.0,0.0,0.0,0.0,0.0,0.0,0.0,1.0,0.0,0.0,0.0,0.0,1.0,0.0,0.0,0.0,0.0,0.0,1.0,0.0
782,0.19753086419753085,0.0,0.0,1.0,0.22222222222222227,0.25,0.6178519698461769,0.0,1.0,0.0,0.9375,0.6987529228371017,0.6025104602510458,0.9571525731126729,0.8597353497164448,0.0,0.0,0.0,0.0,0.0,0.0,0.0,0.0,0.0,0.0,0.0,0.0,0.0,0.0,0.0,0.0,0.0,1.0,0.0,0.0,0.0,0.0,0.0,1.0,0.0
783,0.4691358024691357,1.0,0.0,1.0,0.22222222222222227,0.25,0.7739511998264532,0.0,1.0,0.0,0.9375,0.6987529228371017,0.6025104602510458,0.9571525731126729,0.8597353497164448,1.0,0.0,0.0,0.0,0.0,0.0,0.0,0.0,0.0,1.0,0.0,0.0,1.0,0.0,0.0,0.0,0.0,1.0,0.0,0.0,0.0,0.0,0.0,1.0,0.0
784,0.4567901234567901,1.0,0.0,1.0,0.22222222222222227,0.5,0.5909849360662706,0.0,1.0,0.0,0.9375,0.6987529228371017,0.6025104602510458,0.9576059850374066,0.8597353497164448,0.0,0.0,0.0,0.0,1.0,0.0,0.0,0.0,0.0,0.0,0.0,0.0,0.0,0.0,0.0,1.0,0.0,0.0,0.0,0.0,0.0,0.0,1.0,1.0,0.0
785,0.39506172839506176,0.0,1.0,1.0,0.22222222222222227,0.5,0.7866390207111226,0.0,1.0,0.0,0.9375,0.6987529228371017,0.6025104602510458,0.9576059850374066,0.8597353497164448,1.0,0.0,0.0,1.0,0.0,0.0,0.0,0.0,0.0,0.0,0.0,0.0,1.0,0.0,0.0,0.0,0.0,0.0,0.0,0.0,0.0,0.0,1.0,1.0,0.0
786,0.2716049382716049,0.0,0.0,1.0,0.22222222222222227,0.5,0.6075603701023119,0.0,1.0,0.0,0.9375,0.6987529228371017,0.6025104602510458,0.9576059850374066,0.8597353497164448,0.0,0.0,0.0,1.0,0.0,0.0,0.0,0.0,0.0,0.0,0.0,0.0,1.0,0.0,0.0,0.0,0.0,0.0,0.0,0.0,1.0,0.0,0.0,1.0,0.0
787,0.4691358024691357,1.0,0.0,1.0,0.22222222222222227,0.5,0.6856888890695302,0.0,1.0,0.0,0.9375,0.6987529228371017,0.6025104602510458,0.9576059850374066,0.8597353497164448,0.0,0.0,0.0,0.0,0.0,0.0,0.0,0.0,0.0,0.0,0.0,0.0,1.0,0.0,0.0,0.0,0.0,1.0,0.0,0.0,0.0,0.0,0.0,1.0,0.0
788,0.30864197530864196,1.0,1.0,1.0,0.22222222222222227,0.5,0.8051908920962754,0.0,1.0,0.0,0.9375,0.6987529228371017,0.6025104602510458,0.9576059850374066,0.8597353497164448,1.0,0.0,0.0,0.0,0.0,0.0,0.0,0.0,0.0,0.0,0.0,0.0,0.0,1.0,0.0,0.0,0.0,0.0,0.0,0.0,1.0,0.0,0.0,1.0,0.0
789,0.34567901234567905,1.0,0.0,1.0,0.22222222222222227,0.5,0.7456414619163615,0.0,1.0,0.0,0.9375,0.6987529228371017,0.6025104602510458,0.9576059850374066,0.8597353497164448,1.0,0.0,0.0,0.0,0.0,0.0,0.0,0.0,0.0,0.0,0.0,0.0,0.0,1.0,0.0,0.0,0.0,0.0,0.0,1.0,0.0,0.0,0.0,1.0,0.0
790,0.29629629629629634,0.0,0.0,1.0,0.22222222222222227,0.5,0.5992040663129156,0.0,1.0,0.0,0.9375,0.6987529228371017,0.6025104602510458,0.9576059850374066,0.8597353497164448,0.0,0.0,0.0,0.0,0.0,0.0,0.0,0.0,0.0,1.0,0.0,0.0,1.0,0.0,0.0,0.0,0.0,0.0,0.0,0.0,1.0,0.0,0.0,1.0,0.0
791,0.5185185185185184,0.0,0.0,1.0,0.22222222222222227,0.5,0.8009823566179637,0.0,1.0,0.0,0.9375,0.6987529228371017,0.6025104602510458,0.9576059850374066,0.8597353497164448,1.0,0.0,0.0,0.0,0.0,1.0,0.0,0.0,0.0,0.0,0.0,0.0,1.0,0.0,0.0,0.0,0.0,0.0,0.0,1.0,0.0,0.0,1.0,1.0,0.0
792,0.4567901234567901,0.0,0.0,1.0,0.22222222222222227,0.5,0.7839687513404097,0.02631578947368421,1.0,0.0,0.9375,0.6987529228371017,0.6025104602510458,0.9576059850374066,0.8597353497164448,1.0,1.0,0.0,0.0,0.0,0.0,0.0,0.0,0.0,0.0,0.0,0.0,1.0,0.0,0.0,0.0,1.0,0.0,0.0,0.0,0.0,0.0,1.0,1.0,0.0
793,0.19753086419753085,0.0,0.0,1.0,0.22222222222222227,0.5,0.6904356197503724,0.0,1.0,0.0,0.9375,0.6987529228371017,0.6025104602510458,0.9576059850374066,0.8597353497164448,0.0,0.0,0.0,0.0,1.0,0.0,0.0,0.0,0.0,0.0,0.0,0.0,1.0,0.0,0.0,0.0,0.0,1.0,0.0,0.0,0.0,0.0,1.0,1.0,0.0
794,0.2716049382716049,1.0,0.0,1.0,0.22222222222222227,0.5,0.5239878100544288,0.0,1.0,0.0,0.9375,0.6987529228371017,0.6025104602510458,0.9576059850374066,0.8597353497164448,0.0,1.0,0.0,0.0,0.0,0.0,0.0,0.0,0.0,0.0,0.0,0.0,1.0,0.0,0.0,0.0,0.0,0.0,0.0,0.0,0.0,0.0,1.0,1.0,0.0
795,0.30864197530864196,1.0,0.0,1.0,0.22222222222222227,0.5,0.48923083320309235,0.0,1.0,0.0,0.9375,0.6987529228371017,0.6025104602510458,0.9576059850374066,0.8597353497164448,0.0,0.0,0.0,0.0,0.0,0.0,0.0,0.0,0.0,0.0,0.0,0.0,1.0,0.0,0.0,0.0,0.0,1.0,0.0,0.0,0.0,0.0,0.0,1.0,0.0
796,0.18518518518518517,1.0,0.0,1.0,0.22222222222222227,0.5,0.6894344634990646,0.0,1.0,0.0,0.9375,0.6987529228371017,0.6025104602510458,0.9576059850374066,0.8597353497164448,0.0,0.0,0.0,0.0,1.0,0.0,0.0,0.0,0.0,0.0,0.0,0.0,0.0,1.0,0.0,0.0,0.0,0.0,0.0,0.0,1.0,0.0,0.0,1.0,0.0
797,0.19753086419753085,1.0,0.0,1.0,0.22222222222222227,0.5,0.7604628114657891,0.0,1.0,0.0,0.9375,0.6987529228371017,0.6025104602510458,0.9576059850374066,0.8597353497164448,0.0,0.0,0.0,0.0,1.0,0.0,0.0,0.0,0.0,0.0,0.0,0.0,1.0,0.0,0.0,0.0,0.0,1.0,0.0,0.0,0.0,0.0,1.0,1.0,0.0
798,0.4691358024691357,1.0,0.0,1.0,0.22222222222222227,0.5,0.8076701229440174,0.02631578947368421,1.0,0.0,0.9375,0.6987529228371017,0.6025104602510458,0.9576059850374066,0.8597353497164448,1.0,0.0,0.0,0.0,0.0,0.0,0.0,0.0,0.0,1.0,0.0,0.0,1.0,0.0,0.0,0.0,1.0,0.0,0.0,0.0,0.0,0.0,1.0,1.0,0.0
799,0.34567901234567905,1.0,0.0,1.0,0.22222222222222227,0.5,0.5463436176888766,0.02631578947368421,1.0,0.0,0.9375,0.6987529228371017,0.6025104602510458,0.9576059850374066,0.8597353497164448,0.0,1.0,0.0,0.0,0.0,0.0,0.0,0.0,0.0,0.0,0.0,0.0,1.0,0.0,0.0,0.0,0.0,0.0,0.0,0.0,0.0,0.0,1.0,1.0,0.0
800,0.3209876543209876,0.0,0.0,1.0,0.22222222222222227,0.5,0.4980797516051752,0.0,1.0,0.0,0.9375,0.6987529228371017,0.6025104602510458,0.9576059850374066,0.8597353497164448,0.0,0.0,0.0,0.0,0.0,0.0,0.0,0.0,0.0,0.0,0.0,0.0,1.0,0.0,0.0,0.0,0.0,0.0,0.0,0.0,1.0,0.0,0.0,1.0,0.0
801,0.2716049382716049,0.0,0.0,1.0,0.22222222222222227,0.5,0.7298740798902329,0.05263157894736842,1.0,0.0,0.9375,0.6987529228371017,0.6025104602510458,0.9576059850374066,0.8597353497164448,0.0,1.0,0.0,0.0,0.0,0.0,0.0,0.0,0.0,0.0,0.0,0.0,1.0,0.0,0.0,0.0,1.0,0.0,0.0,0.0,0.0,0.0,0.0,1.0,0.0
802,0.16049382716049382,0.0,0.0,1.0,0.22222222222222227,0.5,0.7176119318291706,0.02631578947368421,1.0,0.0,0.9375,0.6987529228371017,0.6025104602510458,0.9576059850374066,0.8597353497164448,0.0,1.0,0.0,0.0,0.0,0.0,0.0,0.0,0.0,0.0,0.0,0.0,1.0,0.0,0.0,0.0,0.0,0.0,0.0,0.0,0.0,0.0,0.0,1.0,0.0
803,0.16049382716049382,0.0,0.0,1.0,0.22222222222222227,0.5,0.7892500190089669,0.0,1.0,0.0,0.9375,0.6987529228371017,0.6025104602510458,0.9576059850374066,0.8597353497164448,1.0,0.0,0.0,0.0,0.0,0.0,0.0,0.0,0.0,0.0,0.0,0.0,0.0,1.0,0.0,0.0,0.0,0.0,0.0,0.0,1.0,0.0,0.0,1.0,0.0
804,0.29629629629629634,0.0,0.0,1.0,0.22222222222222227,0.5,0.33328547525193053,0.0,1.0,0.0,0.9375,0.6987529228371017,0.6025104602510458,0.9576059850374066,0.8597353497164448,0.0,1.0,0.0,0.0,0.0,0.0,0.0,0.0,0.0,0.0,0.0,0.0,1.0,0.0,0.0,0.0,0.0,0.0,0.0,0.0,0.0,0.0,1.0,1.0,0.0
805,0.3333333333333333,0.0,0.0,1.0,0.22222222222222227,0.5,0.635013676339261,0.0,1.0,0.0,0.9375,0.6987529228371017,0.6025104602510458,0.9576059850374066,0.8597353497164448,0.0,0.0,0.0,0.0,0.0,0.0,0.0,1.0,0.0,0.0,0.0,0.0,0.0,0.0,0.0,0.0,0.0,1.0,0.0,0.0,0.0,0.0,1.0,1.0,0.0
806,0.2222222222222222,1.0,1.0,1.0,0.22222222222222227,0.5,0.7591731414671088,0.02631578947368421,1.0,0.0,0.9375,0.6987529228371017,0.6025104602510458,0.9576059850374066,0.8597353497164448,0.0,1.0,0.0,0.0,0.0,0.0,0.0,0.0,0.0,0.0,0.0,0.0,1.0,0.0,0.0,0.0,0.0,0.0,0.0,1.0,0.0,0.0,0.0,1.0,0.0
807,0.3209876543209876,0.0,1.0,1.0,0.22222222222222227,0.5,0.6391967001499177,0.0,1.0,0.0,0.9375,0.6987529228371017,0.6025104602510458,0.9576059850374066,0.8597353497164448,0.0,0.0,0.0,1.0,0.0,0.0,0.0,0.0,0.0,0.0,0.0,0.0,1.0,0.0,0.0,0.0,0.0,0.0,0.0,0.0,0.0,0.0,1.0,1.0,0.0
808,0.2222222222222222,1.0,0.0,1.0,0.22222222222222227,0.5,0.7085691580151198,0.0,1.0,0.0,0.9375,0.6987529228371017,0.6025104602510458,0.9576059850374066,0.8597353497164448,1.0,0.0,0.0,0.0,0.0,0.0,0.0,0.0,0.0,1.0,0.0,0.0,0.0,1.0,0.0,0.0,0.0,0.0,0.0,0.0,1.0,0.0,0.0,1.0,0.0
809,0.39506172839506176,1.0,0.0,1.0,0.22222222222222227,0.5,0.5393533347388635,0.0,1.0,0.0,0.9375,0.6987529228371017,0.6025104602510458,0.9576059850374066,0.8597353497164448,0.0,1.0,0.0,0.0,0.0,0.0,0.0,0.0,0.0,0.0,0.0,0.0,1.0,0.0,0.0,1.0,0.0,0.0,0.0,0.0,0.0,0.0,0.0,1.0,0.0
810,0.4444444444444445,1.0,0.0,1.0,0.22222222222222227,0.5,0.5550613200712357,0.05263157894736842,1.0,0.0,0.9375,0.6987529228371017,0.6025104602510458,0.9576059850374066,0.8597353497164448,0.0,0.0,0.0,0.0,0.0,1.0,0.0,0.0,0.0,0.0,0.0,0.0,0.0,0.0,0.0,0.0,0.0,1.0,0.0,0.0,0.0,0.0,0.0,1.0,0.0
811,0.1728395061728395,0.0,1.0,1.0,0.22222222222222227,0.5,0.7857556487290006,0.0,1.0,0.0,0.9375,0.6987529228371017,0.6025104602510458,0.9576059850374066,0.8597353497164448,1.0,1.0,0.0,0.0,0.0,0.0,0.0,0.0,0.0,0.0,0.0,0.0,1.0,0.0,0.0,1.0,0.0,0.0,0.0,0.0,0.0,0.0,0.0,1.0,0.0
812,0.3209876543209876,0.0,0.0,1.0,0.22222222222222227,0.5,0.4648051454883613,0.02631578947368421,1.0,0.0,0.9375,0.6987529228371017,0.6025104602510458,0.9576059850374066,0.8597353497164448,0.0,1.0,0.0,0.0,0.0,0.0,0.0,0.0,0.0,0.0,0.0,0.0,0.0,1.0,0.0,0.0,0.0,0.0,0.0,1.0,0.0,0.0,0.0,1.0,0.0
813,0.2345679012345679,1.0,1.0,1.0,0.22222222222222227,0.5,0.7905341025237766,0.07894736842105263,1.0,0.0,0.9375,0.6987529228371017,0.6025104602510458,0.9576059850374066,0.8597353497164448,1.0,0.0,0.0,0.0,0.0,0.0,0.0,0.0,0.0,0.0,0.0,0.0,0.0,1.0,0.0,0.0,0.0,0.0,0.0,1.0,0.0,0.0,0.0,1.0,0.0
814,0.29629629629629634,1.0,1.0,1.0,0.22222222222222227,0.5,0.6870647544554597,0.0,1.0,0.0,0.9375,0.6987529228371017,0.6025104602510458,0.9576059850374066,0.8597353497164448,0.0,1.0,0.0,0.0,0.0,0.0,0.0,0.0,0.0,0.0,0.0,0.0,0.0,0.0,0.0,1.0,0.0,0.0,0.0,0.0,0.0,0.0,0.0,1.0,0.0
815,0.38271604938271603,1.0,0.0,1.0,0.22222222222222227,0.5,0.6301228271521957,0.0,1.0,0.0,0.9375,0.6987529228371017,0.6025104602510458,0.9576059850374066,0.8597353497164448,0.0,1.0,0.0,0.0,0.0,0.0,0.0,0.0,0.0,0.0,0.0,0.0,1.0,0.0,0.0,0.0,0.0,0.0,0.0,0.0,0.0,0.0,0.0,1.0,0.0
816,0.29629629629629634,1.0,1.0,1.0,0.22222222222222227,0.5,0.4477973110243916,0.05263157894736842,1.0,0.0,0.9375,0.6987529228371017,0.6025104602510458,0.9576059850374066,0.8597353497164448,0.0,1.0,0.0,0.0,0.0,0.0,0.0,0.0,0.0,0.0,0.0,0.0,1.0,0.0,0.0,0.0,1.0,0.0,0.0,0.0,0.0,0.0,1.0,1.0,0.0
817,0.25925925925925924,1.0,0.0,1.0,0.22222222222222227,0.5,0.5280214103388018,0.02631578947368421,1.0,0.0,0.9375,0.6987529228371017,0.6025104602510458,0.9576059850374066,0.8597353497164448,0.0,1.0,0.0,0.0,0.0,0.0,0.0,0.0,0.0,0.0,0.0,0.0,1.0,0.0,0.0,0.0,1.0,0.0,0.0,0.0,0.0,0.0,1.0,1.0,0.0
818,0.19753086419753085,1.0,0.0,1.0,0.22222222222222227,0.5,0.7571175106933035,0.0,1.0,0.0,0.9375,0.6987529228371017,0.6025104602510458,0.9576059850374066,0.8597353497164448,0.0,0.0,0.0,0.0,0.0,0.0,0.0,0.0,0.0,0.0,0.0,0.0,1.0,0.0,0.0,0.0,0.0,0.0,0.0,0.0,1.0,0.0,0.0,1.0,0.0
819,0.08641975308641975,0.5,0.5,1.0,0.22222222222222227,0.5,0.8441797746187297,0.0,1.0,0.0,0.9375,0.6987529228371017,0.6025104602510458,0.9576059850374066,0.8597353497164448,0.0,0.0,0.0,0.0,0.0,0.0,0.0,1.0,0.0,0.0,0.0,0.0,0.0,1.0,0.0,0.0,0.0,1.0,0.0,0.0,0.0,0.0,0.0,1.0,0.0
820,0.30864197530864196,1.0,0.0,1.0,0.22222222222222227,0.5,0.7785963497305363,0.0,1.0,0.0,0.9375,0.6987529228371017,0.6025104602510458,0.9576059850374066,0.8597353497164448,0.0,1.0,0.0,0.0,0.0,0.0,0.0,0.0,0.0,0.0,0.0,0.0,0.0,0.0,0.0,0.0,1.0,0.0,0.0,0.0,0.0,0.0,0.0,1.0,0.0
821,0.35802469135802467,0.0,0.0,1.0,0.22222222222222227,0.5,0.7326918229785724,0.02631578947368421,1.0,0.0,0.9375,0.6987529228371017,0.6025104602510458,0.9576059850374066,0.8597353497164448,1.0,0.0,0.0,1.0,0.0,0.0,0.0,0.0,0.0,0.0,0.0,0.0,1.0,0.0,0.0,0.0,0.0,0.0,0.0,0.0,0.0,0.0,0.0,1.0,0.0
822,0.19753086419753085,1.0,0.0,1.0,0.22222222222222227,0.5,0.7452250538727521,0.02631578947368421,1.0,0.0,0.9375,0.6987529228371017,0.6025104602510458,0.9576059850374066,0.8597353497164448,0.0,0.0,0.0,0.0,0.0,0.0,0.0,0.0,0.0,0.0,0.0,0.0,1.0,0.0,0.0,0.0,0.0,0.0,0.0,0.0,1.0,0.0,0.0,1.0,0.0
823,0.18518518518518517,0.0,0.0,1.0,0.22222222222222227,0.5,0.7945788629575985,0.0,1.0,0.0,0.9375,0.6987529228371017,0.6025104602510458,0.9576059850374066,0.8597353497164448,1.0,0.0,0.0,0.0,0.0,0.0,0.0,0.0,0.0,1.0,0.0,0.0,0.0,1.0,0.0,0.0,0.0,0.0,0.0,0.0,1.0,0.0,1.0,1.0,0.0
824,0.09876543209876543,1.0,0.0,1.0,0.22222222222222227,0.5,0.8737631688441988,0.0,1.0,0.0,0.9375,0.6987529228371017,0.6025104602510458,0.9576059850374066,0.8597353497164448,1.0,1.0,0.0,0.0,0.0,0.0,0.0,0.0,0.0,0.0,0.0,0.0,0.0,1.0,0.0,0.0,0.0,0.0,0.0,0.0,0.0,0.0,0.0,1.0,0.0
825,0.30864197530864196,0.0,0.0,1.0,0.22222222222222227,0.5,0.7354436478642356,0.02631578947368421,1.0,0.0,0.9375,0.6987529228371017,0.6025104602510458,0.9576059850374066,0.8597353497164448,0.0,0.0,0.0,0.0,0.0,0.0,1.0,0.0,0.0,0.0,0.0,0.0,1.0,0.0,0.0,0.0,0.0,0.0,0.0,0.0,1.0,0.0,0.0,1.0,0.0
826,0.14814814814814814,0.0,0.0,1.0,0.22222222222222227,0.5,0.6598710531604159,0.0,1.0,0.0,0.9375,0.6987529228371017,0.6025104602510458,0.9576059850374066,0.8597353497164448,0.0,0.0,0.0,0.0,0.0,0.0,0.0,0.0,0.0,0.0,0.0,0.0,0.0,1.0,0.0,0.0,1.0,0.0,0.0,0.0,0.0,0.0,1.0,1.0,0.0
827,0.16049382716049382,0.0,0.0,1.0,0.22222222222222227,0.5,0.7472925086610567,0.0,1.0,0.0,0.9375,0.6987529228371017,0.6025104602510458,0.9576059850374066,0.8597353497164448,0.0,0.0,0.0,0.0,0.0,0.0,0.0,0.0,0.0,0.0,0.0,0.0,1.0,0.0,0.0,0.0,0.0,0.0,0.0,0.0,1.0,0.0,0.0,1.0,0.0
828,0.5061728395061729,1.0,0.0,1.0,0.22222222222222227,0.5,0.647141331954917,0.0,1.0,0.0,0.9375,0.6987529228371017,0.6025104602510458,0.9576059850374066,0.8597353497164448,0.0,0.0,0.0,0.0,0.0,0.0,0.0,0.0,0.0,0.0,0.0,0.0,0.0,0.0,0.0,0.0,0.0,0.0,0.0,0.0,1.0,0.0,0.0,1.0,0.0
829,0.35802469135802467,1.0,0.0,1.0,0.22222222222222227,0.5,0.5429003918915096,0.07894736842105263,1.0,0.0,0.9375,0.6987529228371017,0.6025104602510458,0.9576059850374066,0.8597353497164448,0.0,0.0,0.0,0.0,0.0,0.0,0.0,0.0,0.0,0.0,0.0,0.0,1.0,0.0,0.0,0.0,0.0,1.0,0.0,0.0,0.0,0.0,0.0,1.0,0.0
830,0.4938271604938272,0.0,0.0,1.0,0.22222222222222227,0.5,0.7990184520814867,0.6578947368421052,1.0,0.0,0.9375,0.6987529228371017,0.6025104602510458,0.9576059850374066,0.8597353497164448,0.0,0.0,0.0,0.0,1.0,0.0,0.0,0.0,0.0,0.0,0.0,0.0,1.0,0.0,0.0,0.0,1.0,0.0,0.0,0.0,0.0,0.0,0.0,1.0,0.0
831,0.34567901234567905,0.0,0.0,1.0,0.22222222222222227,0.5,0.7675728391967329,0.05263157894736842,1.0,0.0,0.9375,0.6987529228371017,0.6025104602510458,0.9576059850374066,0.8597353497164448,1.0,0.0,0.0,0.0,0.0,0.0,0.0,0.0,0.0,0.0,0.0,0.0,0.0,0.0,0.0,0.0,0.0,0.0,0.0,0.0,1.0,0.0,0.0,1.0,0.0
832,0.48148148148148145,0.0,1.0,1.0,0.22222222222222227,0.5,0.8748768827202728,0.02631578947368421,1.0,0.0,0.9375,0.6987529228371017,0.6025104602510458,0.9576059850374066,0.8597353497164448,1.0,0.0,1.0,0.0,0.0,0.0,0.0,0.0,0.0,0.0,0.0,0.0,1.0,0.0,0.0,0.0,0.0,0.0,0.0,0.0,1.0,0.0,0.0,1.0,0.0
833,0.16049382716049382,0.0,0.0,1.0,0.22222222222222227,0.5,0.7949894572644526,0.02631578947368421,1.0,0.0,0.9375,0.6987529228371017,0.6025104602510458,0.9576059850374066,0.8597353497164448,1.0,0.0,0.0,0.0,0.0,0.0,0.0,0.0,0.0,0.0,0.0,0.0,0.0,1.0,0.0,0.0,0.0,1.0,0.0,0.0,0.0,0.0,0.0,1.0,0.0
834,0.4938271604938272,1.0,0.0,1.0,0.22222222222222227,0.5,0.5047088377203057,0.05263157894736842,1.0,0.0,0.9375,0.6987529228371017,0.6025104602510458,0.9576059850374066,0.8597353497164448,0.0,0.0,0.0,0.0,0.0,0.0,0.0,1.0,0.0,0.0,0.0,0.0,0.0,0.0,0.0,0.0,0.0,1.0,0.0,0.0,0.0,0.0,0.0,1.0,0.0
835,0.3209876543209876,0.0,0.0,1.0,0.22222222222222227,0.5,0.6068862413262684,0.02631578947368421,1.0,0.0,0.9375,0.6987529228371017,0.6025104602510458,0.9576059850374066,0.8597353497164448,0.0,0.0,0.0,0.0,0.0,0.0,1.0,0.0,0.0,0.0,0.0,0.0,1.0,0.0,0.0,0.0,1.0,0.0,0.0,0.0,0.0,0.0,0.0,1.0,0.0
836,0.3333333333333333,1.0,1.0,1.0,0.22222222222222227,0.5,0.7863452998357148,0.0,1.0,0.0,0.9375,0.6987529228371017,0.6025104602510458,0.9576059850374066,0.8597353497164448,1.0,1.0,0.0,0.0,0.0,0.0,0.0,0.0,0.0,0.0,0.0,0.0,0.0,0.0,0.0,0.0,0.0,0.0,0.0,0.0,0.0,1.0,0.0,1.0,0.0
837,0.1728395061728395,1.0,0.0,1.0,0.22222222222222227,0.5,0.6013494476505862,0.02631578947368421,1.0,0.0,0.9375,0.6987529228371017,0.6025104602510458,0.9576059850374066,0.8597353497164448,0.0,1.0,0.0,0.0,0.0,0.0,0.0,0.0,0.0,0.0,0.0,0.0,0.0,1.0,0.0,0.0,1.0,0.0,0.0,0.0,0.0,0.0,1.0,1.0,0.0
838,0.14814814814814814,1.0,0.0,1.0,0.22222222222222227,0.5,0.6102189047082401,0.05263157894736842,1.0,0.0,0.9375,0.6987529228371017,0.6025104602510458,0.9576059850374066,0.8597353497164448,0.0,0.0,0.0,1.0,0.0,0.0,0.0,0.0,0.0,0.0,0.0,0.0,0.0,1.0,0.0,0.0,0.0,1.0,0.0,0.0,0.0,0.0,0.0,1.0,0.0
839,0.2345679012345679,0.0,0.0,1.0,0.22222222222222227,0.5,0.45038280300177924,0.21052631578947367,1.0,0.0,0.9375,0.6987529228371017,0.6025104602510458,0.9576059850374066,0.8597353497164448,0.0,0.0,0.0,0.0,0.0,0.0,0.0,1.0,0.0,0.0,0.0,0.0,0.0,1.0,0.0,0.0,0.0,1.0,0.0,0.0,0.0,0.0,0.0,1.0,0.0
840,0.13580246913580246,0.0,0.0,1.0,0.22222222222222227,0.5,0.6013494476505862,0.02631578947368421,1.0,0.0,0.9375,0.6987529228371017,0.6025104602510458,0.9576059850374066,0.8597353497164448,0.0,0.0,0.0,0.0,0.0,0.0,0.0,0.0,0.0,0.0,0.0,0.0,0.0,1.0,0.0,0.0,0.0,0.0,0.0,0.0,1.0,0.0,0.0,1.0,0.0
841,0.18518518518518517,0.0,0.0,1.0,0.22222222222222227,0.5,0.8032965653399574,0.05263157894736842,1.0,0.0,0.9375,0.6987529228371017,0.6025104602510458,0.9576059850374066,0.8597353497164448,1.0,1.0,0.0,0.0,0.0,0.0,0.0,0.0,0.0,0.0,0.0,0.0,1.0,0.0,0.0,0.0,1.0,0.0,0.0,0.0,0.0,0.0,0.0,1.0,0.0
842,0.5061728395061729,1.0,1.0,1.0,0.22222222222222227,0.5,0.6937125767575353,0.13157894736842105,1.0,0.0,0.9375,0.6987529228371017,0.6025104602510458,0.9576059850374066,0.8597353497164448,0.0,0.0,0.0,0.0,0.0,0.0,0.0,0.0,0.0,0.0,0.0,0.0,0.0,0.0,0.0,0.0,0.0,0.0,0.0,0.0,1.0,0.0,0.0,1.0,0.0
843,0.24691358024691357,1.0,1.0,1.0,0.22222222222222227,0.5,0.7361216621301798,0.05263157894736842,1.0,0.0,0.9375,0.6987529228371017,0.6025104602510458,0.9576059850374066,0.8597353497164448,1.0,0.0,0.0,0.0,0.0,0.0,0.0,1.0,0.0,0.0,0.0,0.0,1.0,0.0,0.0,0.0,0.0,1.0,0.0,0.0,0.0,0.0,0.0,1.0,0.0
844,0.13580246913580246,1.0,0.0,1.0,0.22222222222222227,0.5,0.6796549947166548,0.02631578947368421,1.0,0.0,0.9375,0.6987529228371017,0.6025104602510458,0.9576059850374066,0.8597353497164448,0.0,0.0,0.0,0.0,0.0,0.0,0.0,1.0,0.0,0.0,0.0,0.0,1.0,0.0,0.0,0.0,0.0,1.0,0.0,0.0,0.0,0.0,1.0,1.0,0.0
845,0.30864197530864196,0.0,0.0,1.0,0.22222222222222227,0.5,0.7372430733823068,0.18421052631578946,1.0,0.0,0.9375,0.6987529228371017,0.6025104602510458,0.9576059850374066,0.8597353497164448,0.0,1.0,0.0,0.0,0.0,0.0,0.0,0.0,0.0,0.0,0.0,0.0,1.0,0.0,0.0,0.0,0.0,0.0,0.0,0.0,0.0,0.0,1.0,1.0,0.0
846,0.20987654320987653,0.0,0.0,1.0,0.22222222222222227,1.0,0.6894344634990646,0.10526315789473684,1.0,0.0,0.9375,0.6987529228371017,0.6025104602510458,0.9573792790750397,0.8597353497164448,0.0,0.0,0.0,0.0,0.0,0.0,0.0,0.0,0.0,1.0,0.0,0.0,0.0,1.0,0.0,0.0,0.0,0.0,0.0,1.0,0.0,0.0,0.0,1.0,0.0
847,0.5061728395061729,1.0,0.0,1.0,0.22222222222222227,1.0,0.7580563436851481,0.02631578947368421,1.0,0.0,0.9375,0.6987529228371017,0.6025104602510458,0.9573792790750397,0.8597353497164448,1.0,0.0,0.0,0.0,0.0,0.0,0.0,0.0,0.0,0.0,0.0,0.0,0.0,0.0,0.0,0.0,0.0,0.0,0.0,0.0,1.0,0.0,0.0,1.0,0.0
848,0.34567901234567905,1.0,1.0,1.0,0.22222222222222227,1.0,0.6545831899296645,0.0,1.0,0.0,0.9375,0.6987529228371017,0.6025104602510458,0.9573792790750397,0.8597353497164448,0.0,0.0,0.0,0.0,1.0,0.0,0.0,0.0,0.0,0.0,0.0,0.0,1.0,0.0,0.0,0.0,0.0,0.0,0.0,0.0,0.0,1.0,1.0,1.0,0.0
849,0.1111111111111111,0.0,0.0,1.0,0.22222222222222227,1.0,0.6255978404568726,0.0,1.0,0.0,0.9375,0.6987529228371017,0.6025104602510458,0.9573792790750397,0.8597353497164448,0.0,1.0,0.0,0.0,0.0,0.0,0.0,0.0,0.0,0.0,0.0,0.0,0.0,1.0,0.0,0.0,0.0,1.0,0.0,0.0,0.0,0.0,0.0,1.0,0.0
850,0.30864197530864196,0.0,0.0,1.0,0.22222222222222227,1.0,0.6273151724090865,0.0,1.0,0.0,0.9375,0.6987529228371017,0.6025104602510458,0.9573792790750397,0.8597353497164448,0.0,0.0,0.0,0.0,1.0,0.0,0.0,0.0,0.0,0.0,0.0,0.0,1.0,0.0,0.0,0.0,0.0,0.0,0.0,0.0,1.0,0.0,0.0,1.0,0.0
851,0.29629629629629634,1.0,0.0,1.0,0.22222222222222227,1.0,0.75673986943965,0.0,1.0,0.0,0.9375,0.6987529228371017,0.6025104602510458,0.9573792790750397,0.8597353497164448,0.0,1.0,0.0,0.0,0.0,0.0,0.0,0.0,0.0,0.0,0.0,0.0,1.0,0.0,0.0,1.0,0.0,0.0,0.0,0.0,0.0,0.0,1.0,1.0,0.0
852,0.2222222222222222,0.0,0.0,1.0,0.22222222222222227,1.0,0.8478976734453874,0.10526315789473684,1.0,0.0,0.9375,0.6987529228371017,0.6025104602510458,0.9573792790750397,0.8597353497164448,1.0,0.0,0.0,0.0,0.0,0.0,0.0,1.0,0.0,0.0,0.0,0.0,1.0,0.0,0.0,0.0,0.0,1.0,0.0,0.0,0.0,0.0,0.0,1.0,0.0
853,0.35802469135802467,0.0,0.0,1.0,0.22222222222222227,1.0,0.5752769507338984,0.0,1.0,0.0,0.9375,0.6987529228371017,0.6025104602510458,0.9573792790750397,0.8597353497164448,0.0,0.0,0.0,0.0,0.0,0.0,0.0,0.0,0.0,0.0,0.0,0.0,0.0,0.0,0.0,0.0,0.0,1.0,0.0,0.0,0.0,0.0,0.0,1.0,0.0
854,0.24691358024691357,0.0,1.0,1.0,0.22222222222222227,1.0,0.1630769444010308,0.05263157894736842,1.0,0.0,0.9375,0.6987529228371017,0.6025104602510458,0.9573792790750397,0.8597353497164448,0.0,0.0,0.0,0.0,0.0,0.0,0.0,0.0,0.0,0.0,0.0,0.0,1.0,0.0,0.0,0.0,0.0,1.0,0.0,0.0,0.0,0.0,0.0,1.0,0.0
855,0.39506172839506176,0.0,0.0,1.0,0.22222222222222227,1.0,0.7766964136878293,0.02631578947368421,1.0,0.0,0.9375,0.6987529228371017,0.6025104602510458,0.9573792790750397,0.8597353497164448,1.0,0.0,0.0,0.0,0.0,0.0,0.0,0.0,0.0,1.0,0.0,0.0,1.0,0.0,0.0,0.0,0.0,0.0,0.0,1.0,0.0,0.0,0.0,1.0,0.0
856,0.2345679012345679,0.0,1.0,1.0,0.22222222222222227,1.0,0.5932840675469451,0.02631578947368421,1.0,0.0,0.9375,0.6987529228371017,0.6025104602510458,0.9573792790750397,0.8597353497164448,0.0,1.0,0.0,0.0,0.0,0.0,0.0,0.0,0.0,0.0,0.0,0.0,0.0,1.0,0.0,0.0,0.0,1.0,0.0,0.0,0.0,0.0,0.0,1.0,0.0
857,0.09876543209876543,0.0,0.0,1.0,0.22222222222222227,1.0,0.529335783224907,0.0,1.0,0.0,0.9375,0.6987529228371017,0.6025104602510458,0.9573792790750397,0.8597353497164448,0.0,0.0,0.0,0.0,0.0,0.0,0.0,1.0,0.0,0.0,0.0,0.0,1.0,0.0,0.0,0.0,0.0,1.0,0.0,0.0,0.0,0.0,1.0,1.0,0.0
858,0.4444444444444445,1.0,0.0,1.0,0.22222222222222227,1.0,0.6969007163182872,0.0,1.0,0.0,0.9375,0.6987529228371017,0.6025104602510458,0.9573792790750397,0.8597353497164448,0.0,1.0,0.0,0.0,0.0,0.0,0.0,0.0,0.0,0.0,0.0,0.0,1.0,0.0,0.0,0.0,1.0,0.0,0.0,0.0,0.0,0.0,0.0,1.0,0.0
859,0.30864197530864196,1.0,0.0,1.0,0.22222222222222227,1.0,0.5047088377203057,0.02631578947368421,1.0,0.0,0.9375,0.6987529228371017,0.6025104602510458,0.9573792790750397,0.8597353497164448,0.0,1.0,0.0,0.0,0.0,0.0,0.0,0.0,0.0,0.0,0.0,0.0,1.0,0.0,0.0,0.0,0.0,0.0,0.0,0.0,0.0,0.0,1.0,1.0,0.0
860,0.35802469135802467,0.0,1.0,1.0,0.22222222222222227,1.0,0.6376454449299462,0.07894736842105263,1.0,0.0,0.9375,0.6987529228371017,0.6025104602510458,0.9573792790750397,0.8597353497164448,0.0,0.0,1.0,0.0,0.0,0.0,0.0,0.0,0.0,0.0,0.0,0.0,1.0,0.0,0.0,0.0,0.0,1.0,0.0,0.0,0.0,0.0,0.0,1.0,0.0
861,0.2839506172839506,1.0,0.0,1.0,0.22222222222222227,1.0,0.5109842001350153,0.02631578947368421,1.0,0.0,0.9375,0.6987529228371017,0.6025104602510458,0.9573792790750397,0.8597353497164448,0.0,1.0,0.0,0.0,0.0,0.0,0.0,0.0,0.0,0.0,0.0,0.0,1.0,0.0,0.0,0.0,1.0,0.0,0.0,0.0,0.0,0.0,0.0,1.0,0.0
862,0.16049382716049382,0.0,1.0,1.0,0.22222222222222227,1.0,0.5932840675469451,0.0,1.0,0.0,0.9375,0.6987529228371017,0.6025104602510458,0.9573792790750397,0.8597353497164448,0.0,0.0,0.0,0.0,0.0,0.0,0.0,1.0,0.0,0.0,0.0,0.0,0.0,1.0,0.0,0.0,0.0,0.0,0.0,0.0,0.0,1.0,0.0,1.0,0.0
863,0.25925925925925924,0.0,0.0,1.0,0.22222222222222227,1.0,0.7842684588897537,0.0,1.0,0.0,0.9375,0.6987529228371017,0.6025104602510458,0.9573792790750397,0.8597353497164448,1.0,0.0,0.0,0.0,0.0,0.0,0.0,0.0,0.0,1.0,0.0,0.0,1.0,0.0,0.0,1.0,0.0,0.0,0.0,0.0,0.0,0.0,1.0,1.0,0.0
864,0.2716049382716049,0.0,0.0,1.0,0.22222222222222227,1.0,0.6657540364605412,0.0,1.0,0.0,0.9375,0.6987529228371017,0.6025104602510458,0.9573792790750397,0.8597353497164448,0.0,0.0,0.0,0.0,0.0,0.0,1.0,0.0,0.0,0.0,0.0,0.0,1.0,0.0,0.0,0.0,0.0,0.0,0.0,0.0,1.0,0.0,0.0,1.0,0.0
865,0.14814814814814814,0.0,0.0,1.0,0.22222222222222227,1.0,0.6273151724090865,0.0,1.0,0.0,0.9375,0.6987529228371017,0.6025104602510458,0.9573792790750397,0.8597353497164448,0.0,0.0,0.0,0.0,0.0,0.0,0.0,0.0,0.0,0.0,0.0,0.0,1.0,0.0,0.0,0.0,0.0,1.0,0.0,0.0,0.0,0.0,0.0,1.0,0.0
866,0.06172839506172839,0.0,1.0,1.0,0.22222222222222227,1.0,0.820992797712667,0.0,1.0,0.0,0.9375,0.6987529228371017,0.6025104602510458,0.9573792790750397,0.8597353497164448,1.0,1.0,0.0,0.0,0.0,0.0,0.0,0.0,0.0,0.0,0.0,0.0,0.0,1.0,0.0,1.0,0.0,0.0,0.0,0.0,0.0,0.0,1.0,1.0,0.0
867,0.3209876543209876,1.0,0.0,1.0,0.22222222222222227,1.0,0.712214877548359,0.0,1.0,0.0,0.9375,0.6987529228371017,0.6025104602510458,0.9573792790750397,0.8597353497164448,0.0,0.0,0.0,0.0,0.0,0.0,0.0,0.0,0.0,0.0,0.0,0.0,0.0,0.0,0.0,0.0,0.0,1.0,0.0,0.0,0.0,0.0,0.0,1.0,0.0
868,0.16049382716049382,0.0,1.0,1.0,0.22222222222222227,1.0,0.6006386590863215,0.07894736842105263,1.0,0.0,0.9375,0.6987529228371017,0.6025104602510458,0.9573792790750397,0.8597353497164448,0.0,0.0,0.0,0.0,1.0,0.0,0.0,0.0,0.0,0.0,0.0,0.0,0.0,0.0,0.0,0.0,0.0,0.0,0.0,0.0,1.0,0.0,0.0,1.0,0.0
869,0.38271604938271603,1.0,0.0,1.0,0.22222222222222227,1.0,0.6927390389294485,0.0,1.0,0.0,0.9375,0.6987529228371017,0.6025104602510458,0.9573792790750397,0.8597353497164448,0.0,0.0,0.0,0.0,0.0,0.0,0.0,0.0,0.0,1.0,0.0,0.0,1.0,0.0,0.0,0.0,0.0,1.0,0.0,0.0,0.0,0.0,0.0,1.0,0.0
870,0.38271604938271603,0.0,0.0,1.0,0.22222222222222227,1.0,0.7708052447952238,0.0,1.0,0.0,0.9375,0.6987529228371017,0.6025104602510458,0.9573792790750397,0.8597353497164448,0.0,0.0,0.0,0.0,0.0,0.0,0.0,0.0,0.0,1.0,0.0,0.0,1.0,0.0,0.0,0.0,0.0,1.0,0.0,0.0,0.0,0.0,0.0,1.0,0.0
871,0.08641975308641975,1.0,1.0,1.0,0.22222222222222227,1.0,0.7888188573186379,0.02631578947368421,1.0,0.0,0.9375,0.6987529228371017,0.6025104602510458,0.9573792790750397,0.8597353497164448,0.0,0.0,0.0,0.0,0.0,0.0,0.0,1.0,0.0,0.0,0.0,0.0,0.0,1.0,0.0,0.0,1.0,0.0,0.0,0.0,0.0,0.0,0.0,1.0,0.0
872,0.25925925925925924,1.0,0.0,1.0,0.22222222222222227,1.0,0.5429003918915096,0.0,1.0,0.0,0.9375,0.6987529228371017,0.6025104602510458,0.9573792790750397,0.8597353497164448,0.0,1.0,0.0,0.0,0.0,0.0,0.0,0.0,0.0,0.0,0.0,0.0,1.0,0.0,0.0,0.0,1.0,0.0,0.0,0.0,0.0,0.0,0.0,1.0,0.0
873,0.3703703703703703,1.0,0.0,1.0,0.22222222222222227,1.0,0.752699671620228,0.0,1.0,0.0,0.9375,0.6987529228371017,0.6025104602510458,0.9573792790750397,0.8597353497164448,1.0,1.0,0.0,0.0,0.0,0.0,0.0,0.0,0.0,0.0,0.0,0.0,1.0,0.0,0.0,1.0,0.0,0.0,0.0,0.0,0.0,0.0,0.0,1.0,0.0
874,0.24691358024691357,1.0,0.0,1.0,0.22222222222222227,1.0,0.7024302791398942,0.0,1.0,0.0,0.9375,0.6987529228371017,0.6025104602510458,0.9573792790750397,0.8597353497164448,0.0,0.0,0.0,0.0,0.0,0.0,0.0,0.0,0.0,1.0,0.0,0.0,0.0,1.0,0.0,0.0,0.0,0.0,0.0,1.0,0.0,0.0,0.0,1.0,0.0
875,0.4691358024691357,0.0,0.0,1.0,0.22222222222222227,1.0,0.8034238072663552,0.0,1.0,0.0,0.9375,0.6987529228371017,0.6025104602510458,0.9573792790750397,0.8597353497164448,1.0,0.0,0.0,0.0,0.0,1.0,0.0,0.0,0.0,0.0,0.0,0.0,1.0,0.0,0.0,0.0,0.0,1.0,0.0,0.0,0.0,0.0,0.0,1.0,0.0
876,0.4691358024691357,1.0,0.0,1.0,0.22222222222222227,1.0,0.6166136936809081,0.0,1.0,0.0,0.9375,0.6987529228371017,0.6025104602510458,0.9573792790750397,0.8597353497164448,0.0,0.0,0.0,0.0,0.0,0.0,0.0,0.0,0.0,0.0,0.0,0.0,1.0,0.0,0.0,0.0,0.0,1.0,0.0,0.0,0.0,0.0,0.0,1.0,0.0
877,0.30864197530864196,1.0,0.0,1.0,0.22222222222222227,1.0,0.5417298832341686,0.05263157894736842,1.0,0.0,0.9375,0.6987529228371017,0.6025104602510458,0.9573792790750397,0.8597353497164448,0.0,0.0,0.0,0.0,0.0,0.0,0.0,0.0,0.0,0.0,0.0,0.0,0.0,0.0,0.0,0.0,0.0,1.0,0.0,0.0,0.0,0.0,0.0,1.0,0.0
878,0.2345679012345679,1.0,1.0,1.0,0.22222222222222227,1.0,0.5369277818064884,0.0,1.0,0.0,0.9375,0.6987529228371017,0.6025104602510458,0.9573792790750397,0.8597353497164448,0.0,1.0,0.0,0.0,0.0,0.0,0.0,0.0,0.0,0.0,0.0,0.0,1.0,0.0,0.0,0.0,1.0,0.0,0.0,0.0,0.0,0.0,0.0,1.0,0.0
879,0.2222222222222222,1.0,1.0,1.0,0.22222222222222227,1.0,0.31856189022048026,0.02631578947368421,1.0,0.0,0.9375,0.6987529228371017,0.6025104602510458,0.9573792790750397,0.8597353497164448,0.0,0.0,0.0,0.0,0.0,0.0,0.0,0.0,0.0,1.0,0.0,0.0,1.0,0.0,0.0,0.0,0.0,0.0,0.0,1.0,0.0,0.0,0.0,1.0,0.0
880,0.3703703703703703,0.0,0.0,1.0,0.22222222222222227,1.0,0.6402196209389266,0.0,1.0,0.0,0.9375,0.6987529228371017,0.6025104602510458,0.9573792790750397,0.8597353497164448,0.0,0.0,0.0,0.0,0.0,0.0,0.0,0.0,0.0,0.0,0.0,0.0,1.0,0.0,0.0,0.0,0.0,0.0,0.0,0.0,0.0,1.0,0.0,1.0,0.0
881,0.35802469135802467,1.0,0.0,1.0,0.22222222222222227,1.0,0.5621929065211045,0.0,1.0,0.0,0.9375,0.6987529228371017,0.6025104602510458,0.9573792790750397,0.8597353497164448,0.0,1.0,0.0,0.0,0.0,0.0,0.0,0.0,0.0,0.0,0.0,0.0,1.0,0.0,0.0,0.0,1.0,0.0,0.0,0.0,0.0,0.0,0.0,1.0,0.0
882,0.25925925925925924,1.0,0.0,1.0,0.22222222222222227,1.0,0.6386818846696665,0.0,1.0,0.0,0.9375,0.6987529228371017,0.6025104602510458,0.9573792790750397,0.8597353497164448,0.0,1.0,0.0,0.0,0.0,0.0,0.0,0.0,0.0,0.0,0.0,0.0,1.0,0.0,0.0,0.0,1.0,0.0,0.0,0.0,0.0,0.0,0.0,1.0,0.0
883,0.1728395061728395,1.0,0.0,1.0,0.22222222222222227,1.0,0.24461541660154618,0.0,1.0,0.0,0.9375,0.6987529228371017,0.6025104602510458,0.9573792790750397,0.8597353497164448,0.0,0.0,0.0,0.0,0.0,0.0,0.0,0.0,0.0,1.0,0.0,0.0,0.0,1.0,0.0,0.0,0.0,0.0,0.0,0.0,1.0,0.0,0.0,1.0,0.0
884,0.12345679012345678,1.0,0.0,1.0,0.22222222222222227,1.0,0.39198437567020483,0.0,1.0,0.0,0.9375,0.6987529228371017,0.6025104602510458,0.9573792790750397,0.8597353497164448,0.0,0.0,0.0,0.0,0.0,0.0,0.0,0.0,0.0,1.0,0.0,0.0,0.0,1.0,0.0,0.0,0.0,0.0,0.0,1.0,0.0,0.0,0.0,1.0,0.0
885,0.25925925925925924,0.0,0.0,1.0,0.22222222222222227,1.0,0.5212197964741162,0.02631578947368421,1.0,0.0,0.9375,0.6987529228371017,0.6025104602510458,0.9573792790750397,0.8597353497164448,0.0,1.0,0.0,0.0,0.0,0.0,0.0,0.0,0.0,0.0,0.0,0.0,1.0,0.0,0.0,0.0,1.0,0.0,0.0,0.0,0.0,0.0,0.0,1.0,0.0
886,0.25925925925925924,0.0,0.0,1.0,0.22222222222222227,1.0,0.5474693214896542,0.0,1.0,0.0,0.9375,0.6987529228371017,0.6025104602510458,0.9573792790750397,0.8597353497164448,0.0,0.0,1.0,0.0,0.0,0.0,0.0,0.0,0.0,0.0,0.0,0.0,1.0,0.0,0.0,0.0,1.0,0.0,0.0,0.0,0.0,0.0,0.0,1.0,0.0
887,0.19753086419753085,1.0,0.0,1.0,0.22222222222222227,1.0,0.46252089605584185,0.05263157894736842,1.0,0.0,0.9375,0.6987529228371017,0.6025104602510458,0.9573792790750397,0.8597353497164448,0.0,1.0,0.0,0.0,0.0,0.0,0.0,0.0,0.0,0.0,0.0,0.0,1.0,0.0,0.0,0.0,1.0,0.0,0.0,0.0,0.0,0.0,0.0,1.0,0.0
888,0.3209876543209876,1.0,0.0,1.0,0.22222222222222227,1.0,0.7394543255121515,0.02631578947368421,1.0,0.0,0.9375,0.6987529228371017,0.6025104602510458,0.9573792790750397,0.8597353497164448,0.0,0.0,1.0,0.0,0.0,0.0,0.0,0.0,0.0,0.0,0.0,0.0,1.0,0.0,0.0,0.0,1.0,0.0,0.0,0.0,0.0,0.0,1.0,1.0,0.0
889,0.2716049382716049,0.0,0.0,1.0,0.22222222222222227,1.0,0.7303484158131063,0.07894736842105263,1.0,0.0,0.9375,0.6987529228371017,0.6025104602510458,0.9573792790750397,0.8597353497164448,0.0,1.0,0.0,0.0,0.0,0.0,0.0,0.0,0.0,0.0,0.0,0.0,1.0,0.0,0.0,0.0,0.0,0.0,0.0,0.0,0.0,1.0,0.0,1.0,0.0
890,0.30864197530864196,0.0,0.0,1.0,0.22222222222222227,1.0,0.6518473654724107,0.0,1.0,0.0,0.9375,0.6987529228371017,0.6025104602510458,0.9573792790750397,0.8597353497164448,0.0,0.0,0.0,0.0,0.0,0.0,0.0,0.0,0.0,0.0,0.0,0.0,0.0,0.0,0.0,0.0,0.0,0.0,0.0,0.0,1.0,0.0,0.0,1.0,0.0
891,0.2716049382716049,0.0,0.0,1.0,0.22222222222222227,1.0,0.7452250538727521,0.0,1.0,0.0,0.9375,0.6987529228371017,0.6025104602510458,0.9573792790750397,0.8597353497164448,0.0,1.0,0.0,0.0,0.0,0.0,0.0,0.0,0.0,0.0,0.0,0.0,1.0,0.0,0.0,0.0,1.0,0.0,0.0,0.0,0.0,0.0,1.0,1.0,0.0
892,0.2345679012345679,0.0,1.0,1.0,0.22222222222222227,1.0,0.5886399717165399,0.02631578947368421,1.0,0.0,0.9375,0.6987529228371017,0.6025104602510458,0.9573792790750397,0.8597353497164448,0.0,0.0,0.0,0.0,0.0,0.0,0.0,0.0,0.0,0.0,0.0,0.0,0.0,1.0,0.0,0.0,0.0,1.0,0.0,0.0,0.0,0.0,0.0,1.0,0.0
893,0.2839506172839506,1.0,0.0,1.0,0.22222222222222227,1.0,0.7880967239920466,0.0,1.0,0.0,0.9375,0.6987529228371017,0.6025104602510458,0.9573792790750397,0.8597353497164448,0.0,1.0,0.0,0.0,0.0,0.0,0.0,0.0,0.0,0.0,0.0,0.0,1.0,0.0,0.0,0.0,1.0,0.0,0.0,0.0,0.0,0.0,0.0,1.0,0.0
894,0.14814814814814814,0.0,0.0,1.0,0.22222222222222227,1.0,0.6665709505038611,0.05263157894736842,1.0,0.0,0.9375,0.6987529228371017,0.6025104602510458,0.9573792790750397,0.8597353497164448,0.0,0.0,0.0,0.0,0.0,0.0,0.0,0.0,0.0,0.0,0.0,0.0,1.0,0.0,0.0,0.0,0.0,1.0,0.0,0.0,0.0,0.0,0.0,1.0,0.0
895,0.2222222222222222,1.0,0.0,1.0,0.22222222222222227,1.0,0.7405445571293703,0.02631578947368421,1.0,0.0,0.9375,0.6987529228371017,0.6025104602510458,0.9573792790750397,0.8597353497164448,0.0,0.0,0.0,0.0,0.0,0.0,0.0,0.0,0.0,0.0,0.0,0.0,0.0,1.0,0.0,0.0,0.0,1.0,0.0,0.0,0.0,0.0,0.0,1.0,0.0
896,0.24691358024691357,1.0,0.0,1.0,0.22222222222222227,1.0,0.7824586516622517,0.02631578947368421,1.0,0.0,0.9375,0.6987529228371017,0.6025104602510458,0.9573792790750397,0.8597353497164448,0.0,0.0,0.0,0.0,0.0,0.0,0.0,0.0,0.0,0.0,0.0,0.0,0.0,1.0,0.0,0.0,0.0,1.0,0.0,0.0,0.0,0.0,0.0,1.0,0.0
897,0.35802469135802467,1.0,0.0,1.0,0.22222222222222227,1.0,0.580467578755373,0.0,1.0,0.0,0.9375,0.6987529228371017,0.6025104602510458,0.9573792790750397,0.8597353497164448,0.0,0.0,0.0,0.0,0.0,0.0,0.0,0.0,0.0,0.0,0.0,0.0,1.0,0.0,0.0,0.0,0.0,1.0,0.0,0.0,0.0,0.0,1.0,1.0,0.0
898,0.1728395061728395,0.0,0.0,1.0,0.22222222222222227,1.0,0.5550613200712357,0.0,1.0,0.0,0.9375,0.6987529228371017,0.6025104602510458,0.9573792790750397,0.8597353497164448,0.0,0.0,0.0,0.0,0.0,0.0,0.0,1.0,0.0,0.0,0.0,0.0,0.0,1.0,0.0,0.0,0.0,0.0,0.0,1.0,0.0,0.0,0.0,1.0,0.0
899,0.3209876543209876,1.0,0.0,1.0,0.22222222222222227,1.0,0.7237776302848941,0.02631578947368421,1.0,0.0,0.9375,0.6987529228371017,0.6025104602510458,0.9573792790750397,0.8597353497164448,0.0,1.0,0.0,0.0,0.0,0.0,0.0,0.0,0.0,0.0,0.0,0.0,1.0,0.0,0.0,0.0,0.0,0.0,0.0,0.0,0.0,0.0,0.0,1.0,0.0
900,0.35802469135802467,1.0,0.0,1.0,0.22222222222222227,1.0,0.614731491134803,0.07894736842105263,1.0,0.0,0.9375,0.6987529228371017,0.6025104602510458,0.9573792790750397,0.8597353497164448,0.0,0.0,0.0,0.0,0.0,0.0,0.0,0.0,0.0,0.0,0.0,0.0,1.0,0.0,0.0,0.0,0.0,1.0,0.0,0.0,0.0,0.0,0.0,1.0,0.0
901,0.1728395061728395,0.0,0.0,1.0,0.22222222222222227,1.0,0.7191839171304616,0.07894736842105263,1.0,0.0,0.9375,0.6987529228371017,0.6025104602510458,0.9573792790750397,0.8597353497164448,0.0,1.0,0.0,0.0,0.0,0.0,0.0,0.0,0.0,0.0,0.0,0.0,1.0,0.0,0.0,0.0,1.0,0.0,0.0,0.0,0.0,0.0,0.0,1.0,0.0
902,0.4074074074074074,1.0,0.0,1.0,0.22222222222222227,1.0,0.7994138647209665,0.05263157894736842,1.0,0.0,0.9375,0.6987529228371017,0.6025104602510458,0.9573792790750397,0.8597353497164448,1.0,0.0,0.0,0.0,0.0,0.0,0.0,0.0,0.0,1.0,0.0,0.0,1.0,0.0,0.0,0.0,0.0,1.0,0.0,0.0,0.0,0.0,0.0,1.0,0.0
903,0.2716049382716049,1.0,0.0,1.0,0.22222222222222227,1.0,0.5212197964741162,0.02631578947368421,1.0,0.0,0.9375,0.6987529228371017,0.6025104602510458,0.9573792790750397,0.8597353497164448,0.0,1.0,0.0,0.0,0.0,0.0,0.0,0.0,0.0,0.0,0.0,0.0,1.0,0.0,0.0,0.0,1.0,0.0,0.0,0.0,0.0,0.0,0.0,1.0,0.0
904,0.34567901234567905,0.0,0.0,1.0,0.22222222222222227,1.0,0.6238550656258994,0.0,1.0,0.0,0.9375,0.6987529228371017,0.6025104602510458,0.9573792790750397,0.8597353497164448,0.0,1.0,0.0,0.0,0.0,0.0,0.0,0.0,0.0,0.0,0.0,0.0,1.0,0.0,0.0,1.0,0.0,0.0,0.0,0.0,0.0,0.0,1.0,1.0,0.0
905,0.38271604938271603,0.0,1.0,1.0,0.22222222222222227,1.0,0.6290077936901697,0.05263157894736842,1.0,0.0,0.9375,0.6987529228371017,0.6025104602510458,0.9573792790750397,0.8597353497164448,0.0,0.0,0.0,1.0,0.0,0.0,0.0,0.0,0.0,0.0,0.0,0.0,0.0,0.0,0.0,0.0,0.0,0.0,0.0,0.0,0.0,0.0,1.0,1.0,0.0
906,0.18518518518518517,0.0,0.0,1.0,0.22222222222222227,1.0,0.7503271175951005,0.05263157894736842,1.0,0.0,0.9375,0.6987529228371017,0.6025104602510458,0.9573792790750397,0.8597353497164448,1.0,0.0,0.0,0.0,0.0,0.0,0.0,0.0,0.0,0.0,0.0,0.0,0.0,1.0,0.0,0.0,0.0,0.0,0.0,0.0,1.0,0.0,0.0,1.0,0.0
907,0.1111111111111111,1.0,1.0,1.0,0.22222222222222227,1.0,0.6904356197503724,0.02631578947368421,1.0,0.0,0.9375,0.6987529228371017,0.6025104602510458,0.9573792790750397,0.8597353497164448,0.0,1.0,0.0,0.0,0.0,0.0,0.0,0.0,0.0,0.0,0.0,0.0,1.0,0.0,0.0,1.0,0.0,0.0,0.0,0.0,0.0,0.0,1.0,1.0,0.0
908,0.419753086419753,0.0,0.0,1.0,0.22222222222222227,1.0,0.6729097309439991,0.02631578947368421,1.0,0.0,0.9375,0.6987529228371017,0.6025104602510458,0.9573792790750397,0.8597353497164448,0.0,1.0,0.0,0.0,0.0,0.0,0.0,0.0,0.0,0.0,0.0,0.0,1.0,0.0,0.0,0.0,1.0,0.0,0.0,0.0,0.0,0.0,1.0,1.0,0.0
909,0.19753086419753085,0.0,0.0,1.0,0.22222222222222227,1.0,0.7830650197547939,0.02631578947368421,1.0,0.0,0.9375,0.6987529228371017,0.6025104602510458,0.9573792790750397,0.8597353497164448,1.0,0.0,0.0,0.0,0.0,0.0,0.0,1.0,0.0,0.0,0.0,0.0,0.0,1.0,0.0,0.0,0.0,1.0,0.0,0.0,0.0,0.0,0.0,1.0,0.0
910,0.19753086419753085,0.0,0.0,1.0,0.22222222222222227,1.0,0.5331930189342876,0.0,1.0,0.0,0.9375,0.6987529228371017,0.6025104602510458,0.9573792790750397,0.8597353497164448,0.0,0.0,0.0,0.0,0.0,0.0,1.0,0.0,0.0,0.0,0.0,0.0,0.0,1.0,0.0,0.0,0.0,0.0,0.0,0.0,1.0,0.0,0.0,1.0,0.0
911,0.5308641975308641,1.0,0.0,1.0,0.22222222222222227,1.0,0.7521110040891097,0.13157894736842105,1.0,0.0,0.9375,0.6987529228371017,0.6025104602510458,0.9573792790750397,0.8597353497164448,1.0,0.0,0.0,0.0,0.0,1.0,0.0,0.0,0.0,0.0,0.0,0.0,1.0,0.0,0.0,0.0,0.0,1.0,0.0,0.0,0.0,0.0,1.0,1.0,0.0
912,0.19753086419753085,1.0,0.0,1.0,0.22222222222222227,1.0,0.5369277818064884,0.07894736842105263,1.0,0.0,0.9375,0.6987529228371017,0.6025104602510458,0.9573792790750397,0.8597353497164448,0.0,0.0,0.0,0.0,1.0,0.0,0.0,0.0,0.0,0.0,0.0,0.0,1.0,0.0,0.0,0.0,0.0,0.0,0.0,0.0,1.0,0.0,0.0,1.0,0.0
913,0.13580246913580246,0.0,0.0,1.0,0.22222222222222227,1.0,0.48923083320309235,0.02631578947368421,1.0,0.0,0.9375,0.6987529228371017,0.6025104602510458,0.9573792790750397,0.8597353497164448,0.0,0.0,0.0,0.0,0.0,0.0,0.0,0.0,0.0,0.0,0.0,0.0,1.0,0.0,0.0,0.0,0.0,0.0,0.0,0.0,1.0,0.0,0.0,1.0,0.0
914,0.35802469135802467,1.0,0.0,1.0,0.22222222222222227,1.0,0.8515861355971438,0.02631578947368421,1.0,0.0,0.9375,0.6987529228371017,0.6025104602510458,0.9573792790750397,0.8597353497164448,1.0,1.0,0.0,0.0,0.0,0.0,0.0,0.0,0.0,0.0,0.0,0.0,1.0,0.0,0.0,0.0,0.0,0.0,0.0,0.0,0.0,0.0,0.0,1.0,0.0
915,0.12345679012345678,0.0,1.0,1.0,0.22222222222222227,1.0,0.5429003918915096,0.07894736842105263,1.0,0.0,0.9375,0.6987529228371017,0.6025104602510458,0.9573792790750397,0.8597353497164448,0.0,0.0,0.0,0.0,0.0,0.0,0.0,1.0,0.0,0.0,0.0,0.0,1.0,0.0,0.0,0.0,0.0,1.0,0.0,0.0,0.0,0.0,1.0,1.0,0.0
916,0.1728395061728395,1.0,0.0,1.0,0.22222222222222227,1.0,0.6705725318885943,0.05263157894736842,1.0,0.0,0.9375,0.6987529228371017,0.6025104602510458,0.9573792790750397,0.8597353497164448,0.0,0.0,0.0,0.0,0.0,0.0,0.0,0.0,0.0,0.0,1.0,0.0,1.0,0.0,0.0,0.0,0.0,0.0,0.0,1.0,0.0,0.0,0.0,1.0,0.0
917,0.18518518518518517,0.0,0.0,1.0,0.22222222222222227,1.0,0.7443877894878045,0.05263157894736842,1.0,0.0,0.9375,0.6987529228371017,0.6025104602510458,0.9573792790750397,0.8597353497164448,0.0,1.0,0.0,0.0,0.0,0.0,0.0,0.0,0.0,0.0,0.0,0.0,1.0,0.0,0.0,0.0,1.0,0.0,0.0,0.0,0.0,0.0,0.0,1.0,0.0
918,0.2345679012345679,1.0,0.0,1.0,0.22222222222222227,1.0,0.6901028468283567,0.02631578947368421,1.0,0.0,0.9375,0.6987529228371017,0.6025104602510458,0.9573792790750397,0.8597353497164448,0.0,0.0,0.0,0.0,0.0,0.0,0.0,1.0,0.0,0.0,0.0,0.0,1.0,0.0,0.0,0.0,0.0,1.0,0.0,0.0,0.0,0.0,0.0,1.0,0.0
919,0.2716049382716049,0.0,0.0,1.0,0.22222222222222227,1.0,0.8194492965687646,0.10526315789473684,1.0,0.0,0.9375,0.6987529228371017,0.6025104602510458,0.9573792790750397,0.8597353497164448,1.0,0.0,0.0,0.0,0.0,0.0,0.0,0.0,0.0,1.0,0.0,0.0,0.0,1.0,0.0,0.0,0.0,0.0,0.0,1.0,0.0,0.0,0.0,1.0,0.0
920,0.2716049382716049,1.0,0.0,1.0,0.22222222222222227,1.0,0.7135875319736221,0.13157894736842105,1.0,0.0,0.9375,0.6987529228371017,0.6025104602510458,0.9573792790750397,0.8597353497164448,1.0,0.0,0.0,0.0,0.0,0.0,0.0,1.0,0.0,0.0,0.0,0.0,1.0,0.0,0.0,0.0,0.0,1.0,0.0,0.0,0.0,0.0,0.0,1.0,0.0
921,0.2716049382716049,0.0,0.0,1.0,0.22222222222222227,1.0,0.5496889184613623,0.05263157894736842,1.0,0.0,0.9375,0.6987529228371017,0.6025104602510458,0.9573792790750397,0.8597353497164448,0.0,1.0,0.0,0.0,0.0,0.0,0.0,0.0,0.0,0.0,0.0,0.0,0.0,0.0,0.0,0.0,1.0,0.0,0.0,0.0,0.0,0.0,0.0,1.0,0.0
922,0.1728395061728395,1.0,0.0,1.0,0.22222222222222227,1.0,0.7009201794617362,0.02631578947368421,1.0,0.0,0.9375,0.6987529228371017,0.6025104602510458,0.9573792790750397,0.8597353497164448,0.0,0.0,0.0,0.0,0.0,0.0,0.0,1.0,0.0,0.0,0.0,0.0,0.0,1.0,0.0,1.0,0.0,0.0,0.0,0.0,0.0,0.0,0.0,1.0,0.0
923,0.1728395061728395,0.0,0.0,1.0,0.22222222222222227,1.0,0.6576965892230189,0.07894736842105263,1.0,0.0,0.9375,0.6987529228371017,0.6025104602510458,0.9573792790750397,0.8597353497164448,0.0,0.0,0.0,0.0,0.0,0.0,0.0,0.0,0.0,0.0,0.0,0.0,0.0,0.0,0.0,0.0,0.0,1.0,0.0,0.0,0.0,0.0,0.0,1.0,0.0
924,0.35802469135802467,0.0,1.0,1.0,0.22222222222222227,1.0,0.5485843549516803,0.07894736842105263,1.0,0.0,0.9375,0.6987529228371017,0.6025104602510458,0.9573792790750397,0.8597353497164448,0.0,0.0,0.0,0.0,0.0,0.0,0.0,0.0,0.0,0.0,0.0,0.0,0.0,1.0,0.0,0.0,0.0,0.0,0.0,0.0,1.0,0.0,0.0,1.0,0.0
925,0.20987654320987653,0.0,0.0,1.0,0.22222222222222227,1.0,0.5796182238056906,0.05263157894736842,1.0,0.0,0.9375,0.6987529228371017,0.6025104602510458,0.9573792790750397,0.8597353497164448,0.0,1.0,0.0,0.0,0.0,0.0,0.0,0.0,0.0,0.0,0.0,0.0,1.0,0.0,0.0,0.0,1.0,0.0,0.0,0.0,0.0,0.0,0.0,1.0,0.0
926,0.19753086419753085,0.0,0.0,1.0,0.22222222222222227,1.0,0.5429003918915096,0.07894736842105263,1.0,0.0,0.9375,0.6987529228371017,0.6025104602510458,0.9573792790750397,0.8597353497164448,0.0,0.0,0.0,0.0,0.0,0.0,1.0,0.0,0.0,0.0,0.0,0.0,1.0,0.0,0.0,0.0,1.0,0.0,0.0,0.0,0.0,0.0,0.0,1.0,0.0
927,0.24691358024691357,1.0,0.0,1.0,0.22222222222222227,1.0,0.5970188304191458,0.10526315789473684,1.0,0.0,0.9375,0.6987529228371017,0.6025104602510458,0.9573792790750397,0.8597353497164448,0.0,0.0,0.0,0.0,0.0,0.0,0.0,0.0,0.0,0.0,0.0,0.0,0.0,1.0,0.0,0.0,0.0,1.0,0.0,0.0,0.0,0.0,1.0,1.0,0.0
928,0.14814814814814814,0.0,0.0,1.0,0.22222222222222227,0.0,0.6278820898893921,0.0,1.0,0.0,0.9375,0.6987529228371017,0.6025104602510458,0.9573792790750397,0.8597353497164448,0.0,0.0,0.0,0.0,0.0,0.0,0.0,1.0,0.0,0.0,0.0,0.0,0.0,1.0,0.0,0.0,0.0,1.0,0.0,0.0,0.0,0.0,0.0,1.0,0.0
929,0.29629629629629634,1.0,0.0,1.0,0.22222222222222227,0.0,0.48923083320309235,0.0,1.0,0.0,0.9375,0.6987529228371017,0.6025104602510458,0.9573792790750397,0.8597353497164448,0.0,1.0,0.0,0.0,0.0,0.0,0.0,0.0,0.0,0.0,0.0,0.0,0.0,0.0,0.0,0.0,0.0,0.0,0.0,0.0,0.0,0.0,1.0,1.0,0.0
930,0.4938271604938272,1.0,0.0,1.0,0.22222222222222227,0.0,0.6166136936809081,0.0,1.0,0.0,0.9375,0.6987529228371017,0.6025104602510458,0.9573792790750397,0.8597353497164448,0.0,0.0,0.0,0.0,0.0,1.0,0.0,0.0,0.0,0.0,0.0,0.0,0.0,1.0,0.0,0.0,0.0,0.0,0.0,1.0,0.0,0.0,0.0,1.0,0.0
931,0.1111111111111111,1.0,0.0,1.0,0.22222222222222227,0.0,0.5984801554161608,0.05263157894736842,1.0,0.0,0.9375,0.6987529228371017,0.6025104602510458,0.9573792790750397,0.8597353497164448,0.0,1.0,0.0,0.0,0.0,0.0,0.0,0.0,0.0,0.0,0.0,0.0,1.0,0.0,0.0,0.0,1.0,0.0,0.0,0.0,0.0,0.0,0.0,1.0,0.0
932,0.2222222222222222,1.0,0.0,1.0,0.22222222222222227,0.0,0.6953174467991899,0.13157894736842105,1.0,0.0,0.9375,0.6987529228371017,0.6025104602510458,0.9573792790750397,0.8597353497164448,0.0,0.0,0.0,0.0,0.0,0.0,0.0,1.0,0.0,0.0,0.0,0.0,1.0,0.0,0.0,0.0,0.0,1.0,0.0,0.0,0.0,0.0,0.0,1.0,0.0
933,0.2345679012345679,1.0,1.0,1.0,0.22222222222222227,0.0,0.5725931427044147,0.05263157894736842,1.0,0.0,0.9375,0.6987529228371017,0.6025104602510458,0.9573792790750397,0.8597353497164448,0.0,0.0,0.0,0.0,0.0,0.0,0.0,1.0,0.0,0.0,0.0,0.0,0.0,1.0,0.0,0.0,1.0,0.0,0.0,0.0,0.0,0.0,0.0,1.0,0.0
934,0.38271604938271603,1.0,0.0,1.0,0.22222222222222227,0.0,0.5787626916748434,0.02631578947368421,1.0,0.0,0.9375,0.6987529228371017,0.6025104602510458,0.9573792790750397,0.8597353497164448,0.0,0.0,0.0,0.0,0.0,1.0,0.0,0.0,0.0,0.0,0.0,0.0,0.0,0.0,0.0,0.0,0.0,0.0,0.0,1.0,0.0,0.0,0.0,1.0,0.0
935,0.29629629629629634,0.0,0.0,1.0,0.22222222222222227,0.0,0.6115259753720838,0.02631578947368421,1.0,0.0,0.9375,0.6987529228371017,0.6025104602510458,0.9573792790750397,0.8597353497164448,0.0,0.0,0.0,0.0,0.0,0.0,0.0,0.0,0.0,1.0,0.0,0.0,1.0,0.0,0.0,0.0,1.0,0.0,0.0,0.0,0.0,0.0,0.0,1.0,0.0
936,0.30864197530864196,0.0,0.0,1.0,0.22222222222222227,0.0,0.6261730746079361,0.0,1.0,0.0,0.9375,0.6987529228371017,0.6025104602510458,0.9573792790750397,0.8597353497164448,0.0,0.0,1.0,0.0,0.0,0.0,0.0,0.0,0.0,0.0,0.0,0.0,1.0,0.0,0.0,1.0,0.0,0.0,0.0,0.0,0.0,0.0,0.0,1.0,0.0
937,0.29629629629629634,1.0,0.0,1.0,0.22222222222222227,0.0,0.7489207028129266,0.0,1.0,0.0,0.9375,0.6987529228371017,0.6025104602510458,0.9573792790750397,0.8597353497164448,0.0,1.0,0.0,0.0,0.0,0.0,0.0,0.0,0.0,0.0,0.0,0.0,1.0,0.0,0.0,0.0,1.0,0.0,0.0,0.0,0.0,0.0,1.0,1.0,0.0
938,0.3703703703703703,0.0,0.0,1.0,0.22222222222222227,0.0,0.6202900913078108,0.0,1.0,0.0,0.9375,0.6987529228371017,0.6025104602510458,0.9573792790750397,0.8597353497164448,0.0,0.0,0.0,0.0,0.0,0.0,0.0,0.0,0.0,1.0,0.0,0.0,1.0,0.0,0.0,0.0,0.0,0.0,0.0,1.0,0.0,0.0,1.0,1.0,0.0
939,0.3333333333333333,1.0,1.0,1.0,0.22222222222222227,0.0,0.7024302791398942,0.0,1.0,0.0,0.9375,0.6987529228371017,0.6025104602510458,0.9573792790750397,0.8597353497164448,0.0,0.0,0.0,0.0,0.0,0.0,0.0,1.0,0.0,0.0,0.0,0.0,1.0,0.0,0.0,0.0,0.0,1.0,0.0,0.0,0.0,0.0,0.0,1.0,0.0
940,0.19753086419753085,0.0,1.0,1.0,0.22222222222222227,0.0,0.784716593334517,0.26315789473684215,1.0,0.0,0.9375,0.6987529228371017,0.6025104602510458,0.9573792790750397,0.8597353497164448,1.0,1.0,0.0,0.0,0.0,0.0,0.0,0.0,0.0,0.0,0.0,0.0,0.0,1.0,0.0,0.0,1.0,0.0,0.0,0.0,0.0,0.0,1.0,1.0,0.0
941,0.35802469135802467,0.0,0.0,1.0,0.22222222222222227,0.0,0.6653434421536871,0.0,1.0,0.0,0.9375,0.6987529228371017,0.6025104602510458,0.9573792790750397,0.8597353497164448,0.0,0.0,0.0,0.0,0.0,0.0,0.0,0.0,0.0,0.0,0.0,0.0,1.0,0.0,0.0,0.0,0.0,0.0,0.0,0.0,0.0,1.0,1.0,1.0,0.0
942,0.18518518518518517,1.0,0.0,1.0,0.22222222222222227,0.0,0.6536782997023916,0.0,1.0,0.0,0.9375,0.6987529228371017,0.6025104602510458,0.9573792790750397,0.8597353497164448,0.0,0.0,0.0,0.0,0.0,0.0,0.0,0.0,0.0,0.0,0.0,0.0,0.0,1.0,0.0,0.0,0.0,0.0,0.0,0.0,1.0,0.0,1.0,1.0,0.0
943,0.2345679012345679,0.0,0.0,1.0,0.22222222222222227,0.0,0.6386818846696665,0.0,1.0,0.0,0.9375,0.6987529228371017,0.6025104602510458,0.9573792790750397,0.8597353497164448,0.0,0.0,0.0,0.0,0.0,0.0,0.0,0.0,0.0,0.0,0.0,0.0,1.0,0.0,0.0,0.0,0.0,0.0,0.0,0.0,1.0,0.0,0.0,1.0,0.0
944,0.24691358024691357,0.0,0.0,1.0,0.22222222222222227,0.0,0.6062082270603242,0.0,1.0,0.0,0.9375,0.6987529228371017,0.6025104602510458,0.9573792790750397,0.8597353497164448,0.0,0.0,0.0,0.0,0.0,0.0,0.0,0.0,0.0,0.0,0.0,0.0,1.0,0.0,0.0,0.0,0.0,0.0,0.0,0.0,1.0,0.0,0.0,1.0,0.0
945,0.16049382716049382,1.0,0.0,1.0,0.22222222222222227,0.0,0.5821481094717212,0.02631578947368421,1.0,0.0,0.9375,0.6987529228371017,0.6025104602510458,0.9573792790750397,0.8597353497164448,0.0,0.0,0.0,0.0,0.0,0.0,0.0,0.0,0.0,0.0,0.0,0.0,0.0,1.0,0.0,0.0,0.0,0.0,0.0,0.0,1.0,0.0,0.0,1.0,0.0
946,0.48148148148148145,1.0,0.0,1.0,0.22222222222222227,0.0,0.75673986943965,0.07894736842105263,1.0,0.0,0.9375,0.6987529228371017,0.6025104602510458,0.9573792790750397,0.8597353497164448,1.0,1.0,0.0,0.0,0.0,0.0,0.0,0.0,0.0,0.0,0.0,0.0,1.0,0.0,0.0,0.0,0.0,0.0,0.0,1.0,0.0,0.0,0.0,1.0,0.0
947,0.5061728395061729,0.0,0.0,1.0,0.22222222222222227,0.0,0.7409778362545074,0.02631578947368421,1.0,0.0,0.9375,0.6987529228371017,0.6025104602510458,0.9573792790750397,0.8597353497164448,1.0,0.0,0.0,0.0,0.0,0.0,0.0,0.0,0.0,0.0,0.0,0.0,0.0,1.0,0.0,0.0,0.0,0.0,0.0,0.0,1.0,0.0,0.0,1.0,0.0
948,0.3333333333333333,0.0,0.0,1.0,0.22222222222222227,0.0,0.467045882751165,0.0,1.0,0.0,0.9375,0.6987529228371017,0.6025104602510458,0.9573792790750397,0.8597353497164448,0.0,1.0,0.0,0.0,0.0,0.0,0.0,0.0,0.0,0.0,0.0,0.0,0.0,1.0,0.0,0.0,1.0,0.0,0.0,0.0,0.0,0.0,1.0,1.0,0.0
949,0.1111111111111111,0.0,1.0,1.0,0.22222222222222227,0.0,0.5183850773918827,0.18421052631578946,1.0,0.0,0.9375,0.6987529228371017,0.6025104602510458,0.9573792790750397,0.8597353497164448,0.0,0.0,0.0,0.0,0.0,0.0,0.0,1.0,0.0,0.0,0.0,0.0,0.0,0.0,0.0,1.0,0.0,0.0,0.0,0.0,0.0,0.0,0.0,1.0,0.0
950,0.14814814814814814,1.0,0.0,1.0,0.22222222222222227,0.0,0.6509210996671051,0.02631578947368421,1.0,0.0,0.9375,0.6987529228371017,0.6025104602510458,0.9573792790750397,0.8597353497164448,0.0,0.0,0.0,0.0,0.0,0.0,0.0,0.0,0.0,1.0,0.0,0.0,1.0,0.0,0.0,0.0,0.0,0.0,0.0,0.0,0.0,1.0,0.0,1.0,0.0
951,0.3333333333333333,1.0,0.0,1.0,0.22222222222222227,0.0,0.7781242347845155,0.07894736842105263,1.0,0.0,0.9375,0.6987529228371017,0.6025104602510458,0.9573792790750397,0.8597353497164448,1.0,0.0,0.0,0.0,1.0,0.0,0.0,0.0,0.0,0.0,0.0,0.0,0.0,1.0,0.0,0.0,0.0,0.0,0.0,0.0,1.0,0.0,1.0,1.0,0.0
952,0.14814814814814814,0.0,1.0,1.0,0.22222222222222227,0.0,0.7584297889177843,0.0,1.0,0.0,0.9375,0.6987529228371017,0.6025104602510458,0.9573792790750397,0.8597353497164448,1.0,0.0,0.0,0.0,0.0,0.0,0.0,0.0,1.0,0.0,0.0,0.0,0.0,1.0,0.0,0.0,0.0,1.0,0.0,0.0,0.0,0.0,0.0,1.0,0.0
953,0.38271604938271603,1.0,1.0,1.0,0.22222222222222227,0.0,0.6278820898893921,0.02631578947368421,1.0,0.0,0.9375,0.6987529228371017,0.6025104602510458,0.9573792790750397,0.8597353497164448,0.0,0.0,0.0,0.0,0.0,0.0,0.0,0.0,0.0,1.0,0.0,0.0,1.0,0.0,0.0,0.0,0.0,0.0,0.0,0.0,0.0,0.0,1.0,1.0,0.0
954,0.29629629629629634,1.0,0.0,1.0,0.22222222222222227,0.0,0.7672273612700455,0.02631578947368421,1.0,0.0,0.9375,0.6987529228371017,0.6025104602510458,0.9573792790750397,0.8597353497164448,1.0,0.0,0.0,0.0,0.0,0.0,0.0,1.0,0.0,0.0,0.0,0.0,1.0,0.0,0.0,0.0,0.0,1.0,0.0,0.0,0.0,0.0,1.0,1.0,0.0
955,0.16049382716049382,1.0,0.0,1.0,0.22222222222222227,0.0,0.5854388177384106,0.05263157894736842,1.0,0.0,0.9375,0.6987529228371017,0.6025104602510458,0.9573792790750397,0.8597353497164448,0.0,0.0,0.0,0.0,0.0,0.0,0.0,0.0,0.0,1.0,0.0,0.0,0.0,1.0,0.0,0.0,0.0,0.0,0.0,0.0,0.0,1.0,0.0,1.0,0.0
956,0.18518518518518517,0.0,0.0,1.0,0.22222222222222227,0.0,0.5561069727294308,0.0,1.0,0.0,0.9375,0.6987529228371017,0.6025104602510458,0.9573792790750397,0.8597353497164448,0.0,0.0,0.0,0.0,0.0,0.0,0.0,0.0,0.0,0.0,0.0,0.0,0.0,1.0,0.0,0.0,0.0,0.0,0.0,0.0,1.0,0.0,0.0,1.0,0.0
957,0.48148148148148145,0.0,0.0,1.0,0.22222222222222227,0.0,0.5787626916748434,0.0,1.0,0.0,0.9375,0.6987529228371017,0.6025104602510458,0.9573792790750397,0.8597353497164448,0.0,1.0,0.0,0.0,0.0,0.0,0.0,0.0,0.0,0.0,0.0,0.0,1.0,0.0,0.0,0.0,0.0,0.0,0.0,0.0,0.0,0.0,1.0,1.0,0.0
958,0.2345679012345679,0.0,0.0,1.0,0.22222222222222227,0.0,0.6082306576679029,0.02631578947368421,1.0,0.0,0.9375,0.6987529228371017,0.6025104602510458,0.9573792790750397,0.8597353497164448,0.0,0.0,0.0,0.0,0.0,0.0,0.0,0.0,0.0,1.0,0.0,0.0,1.0,0.0,0.0,0.0,0.0,0.0,0.0,1.0,0.0,0.0,0.0,1.0,0.0
959,0.5061728395061729,0.0,0.0,1.0,0.22222222222222227,0.0,0.8374241899686238,0.05263157894736842,1.0,0.0,0.9375,0.6987529228371017,0.6025104602510458,0.9573792790750397,0.8597353497164448,1.0,0.0,0.0,0.0,0.0,0.0,0.0,0.0,0.0,0.0,0.0,0.0,0.0,1.0,0.0,0.0,0.0,0.0,0.0,0.0,1.0,0.0,0.0,1.0,0.0
960,0.3209876543209876,1.0,1.0,1.0,0.22222222222222227,0.0,0.7606459012295749,0.02631578947368421,1.0,0.0,0.9375,0.6987529228371017,0.6025104602510458,0.9573792790750397,0.8597353497164448,1.0,0.0,1.0,0.0,0.0,0.0,0.0,0.0,0.0,0.0,0.0,0.0,1.0,0.0,0.0,0.0,0.0,1.0,0.0,0.0,0.0,0.0,0.0,1.0,0.0
961,0.14814814814814814,0.0,0.0,1.0,0.22222222222222227,0.0,0.6055262822549443,0.0,1.0,0.0,0.9375,0.6987529228371017,0.6025104602510458,0.9573792790750397,0.8597353497164448,0.0,0.0,0.0,0.0,0.0,0.0,0.0,0.0,0.0,1.0,0.0,0.0,0.0,1.0,0.0,0.0,0.0,1.0,0.0,0.0,0.0,0.0,0.0,1.0,0.0
962,0.1728395061728395,1.0,1.0,1.0,0.22222222222222227,0.0,0.758243214494081,0.02631578947368421,1.0,0.0,0.9375,0.6987529228371017,0.6025104602510458,0.9573792790750397,0.8597353497164448,0.0,1.0,0.0,0.0,0.0,0.0,0.0,0.0,0.0,0.0,0.0,0.0,1.0,0.0,0.0,0.0,1.0,0.0,0.0,0.0,0.0,0.0,0.0,1.0,0.0
963,0.39506172839506176,0.0,0.0,1.0,0.22222222222222227,0.0,0.5507832068127649,0.05263157894736842,1.0,0.0,0.9375,0.6987529228371017,0.6025104602510458,0.9573792790750397,0.8597353497164448,0.0,0.0,0.0,0.0,0.0,0.0,0.0,0.0,0.0,1.0,0.0,0.0,1.0,0.0,0.0,0.0,0.0,0.0,0.0,0.0,1.0,0.0,0.0,1.0,0.0
964,0.19753086419753085,1.0,0.0,1.0,0.22222222222222227,0.0,0.529335783224907,0.05263157894736842,1.0,0.0,0.9375,0.6987529228371017,0.6025104602510458,0.9573792790750397,0.8597353497164448,0.0,0.0,0.0,0.0,0.0,0.0,0.0,0.0,0.0,0.0,0.0,0.0,1.0,0.0,0.0,0.0,0.0,0.0,0.0,0.0,1.0,0.0,0.0,1.0,0.0
965,0.2222222222222222,0.0,1.0,1.0,0.22222222222222227,0.0,0.6284462883305656,0.05263157894736842,1.0,0.0,0.9375,0.6987529228371017,0.6025104602510458,0.9573792790750397,0.8597353497164448,0.0,0.0,0.0,0.0,0.0,0.0,0.0,0.0,0.0,0.0,0.0,0.0,1.0,0.0,0.0,0.0,0.0,1.0,0.0,0.0,0.0,0.0,0.0,1.0,0.0
966,0.29629629629629634,1.0,1.0,1.0,0.22222222222222227,0.0,0.7996767366727818,0.07894736842105263,1.0,0.0,0.9375,0.6987529228371017,0.6025104602510458,0.9573792790750397,0.8597353497164448,1.0,0.0,0.0,0.0,0.0,0.0,0.0,0.0,0.0,0.0,1.0,0.0,1.0,0.0,0.0,0.0,1.0,0.0,0.0,0.0,0.0,0.0,1.0,1.0,0.0
967,0.4938271604938272,0.0,1.0,1.0,0.22222222222222227,0.0,0.6814620217929135,0.0,1.0,0.0,0.9375,0.6987529228371017,0.6025104602510458,0.9573792790750397,0.8597353497164448,0.0,0.0,0.0,0.0,0.0,0.0,0.0,0.0,0.0,0.0,0.0,0.0,1.0,0.0,0.0,0.0,0.0,0.0,0.0,0.0,1.0,0.0,0.0,1.0,0.0
968,0.30864197530864196,0.0,0.0,1.0,0.22222222222222227,0.0,0.7322268613080786,0.02631578947368421,1.0,0.0,0.9375,0.6987529228371017,0.6025104602510458,0.9573792790750397,0.8597353497164448,0.0,0.0,0.0,0.0,0.0,0.0,0.0,0.0,0.0,1.0,0.0,0.0,0.0,1.0,0.0,0.0,1.0,0.0,0.0,0.0,0.0,0.0,0.0,1.0,0.0
969,0.30864197530864196,1.0,0.0,1.0,0.22222222222222227,0.0,0.6082306576679029,0.0,1.0,0.0,0.9375,0.6987529228371017,0.6025104602510458,0.9573792790750397,0.8597353497164448,0.0,1.0,0.0,0.0,0.0,0.0,0.0,0.0,0.0,0.0,0.0,0.0,1.0,0.0,0.0,0.0,0.0,0.0,0.0,0.0,0.0,1.0,0.0,1.0,0.0
970,0.29629629629629634,1.0,0.0,1.0,0.22222222222222227,0.0,0.6447157790225418,0.05263157894736842,1.0,0.0,0.9375,0.6987529228371017,0.6025104602510458,0.9573792790750397,0.8597353497164448,0.0,0.0,1.0,0.0,0.0,0.0,0.0,0.0,0.0,0.0,0.0,0.0,1.0,0.0,0.0,0.0,0.0,0.0,0.0,0.0,1.0,0.0,1.0,1.0,0.0
971,0.1728395061728395,0.0,1.0,1.0,0.22222222222222227,0.0,0.6095598825393173,0.0,1.0,0.0,0.9375,0.6987529228371017,0.6025104602510458,0.9573792790750397,0.8597353497164448,0.0,0.0,0.0,0.0,0.0,0.0,0.0,0.0,0.0,0.0,0.0,0.0,0.0,1.0,0.0,0.0,0.0,0.0,0.0,0.0,1.0,0.0,0.0,1.0,0.0
972,0.19753086419753085,1.0,0.0,1.0,0.22222222222222227,0.0,0.5540062892371289,0.02631578947368421,1.0,0.0,0.9375,0.6987529228371017,0.6025104602510458,0.9573792790750397,0.8597353497164448,0.0,0.0,0.0,0.0,0.0,0.0,0.0,0.0,0.0,1.0,0.0,0.0,0.0,0.0,0.0,0.0,0.0,0.0,0.0,1.0,0.0,0.0,0.0,1.0,0.0
973,0.3703703703703703,1.0,0.0,1.0,0.22222222222222227,0.0,0.33328547525193053,0.0,1.0,0.0,0.9375,0.6987529228371017,0.6025104602510458,0.9573792790750397,0.8597353497164448,0.0,0.0,0.0,0.0,0.0,0.0,0.0,1.0,0.0,0.0,0.0,0.0,1.0,0.0,0.0,0.0,0.0,1.0,0.0,0.0,0.0,0.0,1.0,1.0,0.0
974,0.25925925925925924,1.0,0.0,1.0,0.22222222222222227,0.0,0.7176119318291706,0.02631578947368421,1.0,0.0,0.9375,0.6987529228371017,0.6025104602510458,0.9573792790750397,0.8597353497164448,0.0,0.0,0.0,1.0,0.0,0.0,0.0,0.0,0.0,0.0,0.0,0.0,1.0,0.0,0.0,0.0,1.0,0.0,0.0,0.0,0.0,0.0,0.0,1.0,0.0
975,0.29629629629629634,1.0,0.0,1.0,0.22222222222222227,0.0,0.7859033388293614,0.0,1.0,0.0,0.9375,0.6987529228371017,0.6025104602510458,0.9573792790750397,0.8597353497164448,0.0,0.0,0.0,0.0,0.0,0.0,1.0,0.0,0.0,0.0,0.0,0.0,1.0,0.0,0.0,0.0,0.0,0.0,0.0,0.0,1.0,0.0,0.0,1.0,0.0
976,0.20987654320987653,0.0,0.0,1.0,0.22222222222222227,0.0,0.467045882751165,0.05263157894736842,1.0,0.0,0.9375,0.6987529228371017,0.6025104602510458,0.9573792790750397,0.8597353497164448,0.0,0.0,0.0,0.0,0.0,0.0,0.0,0.0,0.0,0.0,0.0,0.0,0.0,1.0,0.0,0.0,0.0,1.0,0.0,0.0,0.0,0.0,0.0,1.0,0.0
977,0.2716049382716049,0.0,0.0,1.0,0.22222222222222227,0.0,0.7138601512137958,0.02631578947368421,1.0,0.0,0.9375,0.6987529228371017,0.6025104602510458,0.9573792790750397,0.8597353497164448,1.0,0.0,0.0,0.0,1.0,0.0,0.0,0.0,0.0,0.0,0.0,0.0,1.0,0.0,0.0,0.0,0.0,0.0,0.0,0.0,1.0,0.0,0.0,1.0,0.0
978,0.09876543209876543,1.0,1.0,1.0,0.22222222222222227,0.0,0.7774917862208544,0.13157894736842105,1.0,0.0,0.9375,0.6987529228371017,0.6025104602510458,0.9573792790750397,0.8597353497164448,1.0,1.0,0.0,0.0,0.0,0.0,0.0,0.0,0.0,0.0,0.0,0.0,1.0,0.0,0.0,0.0,0.0,1.0,0.0,0.0,0.0,0.0,1.0,1.0,0.0
979,0.4074074074074074,0.0,0.0,1.0,0.22222222222222227,0.0,0.5909849360662706,0.05263157894736842,1.0,0.0,0.9375,0.6987529228371017,0.6025104602510458,0.9573792790750397,0.8597353497164448,0.0,1.0,0.0,0.0,0.0,0.0,0.0,0.0,0.0,0.0,0.0,0.0,1.0,0.0,0.0,1.0,0.0,0.0,0.0,0.0,0.0,0.0,1.0,1.0,0.0
980,0.1728395061728395,1.0,1.0,1.0,0.22222222222222227,0.0,0.6041504168690148,0.07894736842105263,1.0,0.0,0.9375,0.6987529228371017,0.6025104602510458,0.9573792790750397,0.8597353497164448,0.0,0.0,0.0,0.0,0.0,0.0,0.0,0.0,0.0,0.0,1.0,0.0,1.0,0.0,0.0,0.0,0.0,0.0,0.0,1.0,0.0,0.0,0.0,1.0,0.0
981,0.16049382716049382,1.0,0.0,1.0,0.22222222222222227,0.0,0.5581708002178327,0.02631578947368421,1.0,0.0,0.9375,0.6987529228371017,0.6025104602510458,0.9573792790750397,0.8597353497164448,0.0,0.0,0.0,0.0,0.0,0.0,0.0,0.0,1.0,0.0,0.0,0.0,0.0,1.0,0.0,0.0,0.0,0.0,0.0,0.0,0.0,1.0,1.0,1.0,0.0
982,0.1728395061728395,0.0,0.0,1.0,0.22222222222222227,0.0,0.5452070373544604,0.02631578947368421,1.0,0.0,0.9375,0.6987529228371017,0.6025104602510458,0.9573792790750397,0.8597353497164448,0.0,0.0,0.0,0.0,0.0,0.0,0.0,1.0,0.0,0.0,0.0,0.0,1.0,0.0,0.0,0.0,0.0,1.0,0.0,0.0,0.0,0.0,0.0,1.0,0.0
983,0.25925925925925924,0.0,0.0,1.0,0.22222222222222227,0.0,0.7091374448666395,0.02631578947368421,1.0,0.0,0.9375,0.6987529228371017,0.6025104602510458,0.9573792790750397,0.8597353497164448,1.0,0.0,0.0,0.0,0.0,0.0,1.0,0.0,0.0,0.0,0.0,0.0,0.0,1.0,0.0,0.0,0.0,0.0,0.0,0.0,1.0,0.0,0.0,1.0,0.0
984,0.16049382716049382,1.0,0.0,1.0,0.22222222222222227,0.0,0.5955391234938983,0.05263157894736842,1.0,0.0,0.9375,0.6987529228371017,0.6025104602510458,0.9573792790750397,0.8597353497164448,0.0,1.0,0.0,0.0,0.0,0.0,0.0,0.0,0.0,0.0,0.0,0.0,0.0,1.0,0.0,0.0,1.0,0.0,0.0,0.0,0.0,0.0,0.0,1.0,0.0
985,0.2345679012345679,1.0,0.0,1.0,0.22222222222222227,0.0,0.5761581170225034,0.07894736842105263,1.0,0.0,0.9375,0.6987529228371017,0.6025104602510458,0.9573792790750397,0.8597353497164448,0.0,0.0,0.0,0.0,0.0,0.0,0.0,1.0,0.0,0.0,0.0,0.0,1.0,0.0,0.0,0.0,0.0,1.0,0.0,0.0,0.0,0.0,0.0,1.0,0.0
986,0.3209876543209876,0.0,0.0,1.0,0.22222222222222227,0.0,0.5529417104829256,0.10526315789473684,1.0,0.0,0.9375,0.6987529228371017,0.6025104602510458,0.9573792790750397,0.8597353497164448,0.0,0.0,1.0,0.0,0.0,0.0,0.0,0.0,0.0,0.0,0.0,0.0,1.0,0.0,0.0,0.0,1.0,0.0,0.0,0.0,0.0,0.0,1.0,1.0,0.0
987,0.19753086419753085,0.0,0.0,1.0,0.22222222222222227,0.0,0.6102189047082401,0.10526315789473684,1.0,0.0,0.9375,0.6987529228371017,0.6025104602510458,0.9573792790750397,0.8597353497164448,0.0,0.0,0.0,0.0,0.0,0.0,0.0,1.0,0.0,0.0,0.0,0.0,0.0,1.0,0.0,0.0,0.0,1.0,0.0,0.0,0.0,0.0,0.0,1.0,0.0
988,0.2716049382716049,0.0,0.0,1.0,0.22222222222222227,0.0,0.749324254321852,0.13157894736842105,1.0,0.0,0.9375,0.6987529228371017,0.6025104602510458,0.9573792790750397,0.8597353497164448,0.0,0.0,0.0,0.0,0.0,0.0,0.0,0.0,0.0,0.0,0.0,0.0,1.0,0.0,0.0,0.0,0.0,0.0,0.0,0.0,1.0,0.0,0.0,1.0,0.0
989,0.43209876543209874,1.0,0.0,1.0,0.22222222222222227,0.0,0.7785963497305363,0.05263157894736842,1.0,0.0,0.9375,0.6987529228371017,0.6025104602510458,0.9573792790750397,0.8597353497164448,1.0,1.0,0.0,0.0,0.0,0.0,0.0,0.0,0.0,0.0,0.0,0.0,1.0,0.0,0.0,0.0,0.0,0.0,0.0,0.0,0.0,0.0,1.0,1.0,0.0
990,0.38271604938271603,1.0,1.0,1.0,0.22222222222222227,0.0,0.31856189022048026,0.26315789473684215,1.0,0.0,0.9375,0.6987529228371017,0.6025104602510458,0.9573792790750397,0.8597353497164448,0.0,1.0,0.0,0.0,0.0,0.0,0.0,0.0,0.0,0.0,0.0,0.0,1.0,0.0,0.0,0.0,0.0,0.0,0.0,0.0,0.0,0.0,1.0,1.0,0.0
991,0.13580246913580246,0.0,0.0,1.0,0.22222222222222227,0.0,0.7998079526925057,0.05263157894736842,1.0,0.0,0.9375,0.6987529228371017,0.6025104602510458,0.9573792790750397,0.8597353497164448,1.0,0.0,1.0,0.0,0.0,0.0,0.0,0.0,0.0,0.0,0.0,0.0,1.0,0.0,0.0,0.0,1.0,0.0,0.0,0.0,0.0,0.0,0.0,1.0,0.0
992,0.2222222222222222,1.0,1.0,1.0,0.22222222222222227,0.0,0.5212197964741162,0.0,1.0,0.0,0.9375,0.6987529228371017,0.6025104602510458,0.9573792790750397,0.8597353497164448,0.0,1.0,0.0,0.0,0.0,0.0,0.0,0.0,0.0,0.0,0.0,0.0,1.0,0.0,0.0,0.0,0.0,1.0,0.0,0.0,0.0,0.0,0.0,1.0,0.0
993,0.08641975308641975,1.0,0.0,1.0,0.22222222222222227,0.0,0.7810827862763221,0.02631578947368421,1.0,0.0,0.9375,0.6987529228371017,0.6025104602510458,0.9573792790750397,0.8597353497164448,1.0,0.0,0.0,0.0,0.0,0.0,0.0,0.0,0.0,0.0,0.0,0.0,1.0,0.0,0.0,0.0,1.0,0.0,0.0,0.0,0.0,0.0,0.0,1.0,0.0
994,0.3703703703703703,1.0,1.0,1.0,0.22222222222222227,0.0,0.5621929065211045,0.13157894736842105,1.0,0.0,0.9375,0.6987529228371017,0.6025104602510458,0.9573792790750397,0.8597353497164448,0.0,0.0,0.0,0.0,0.0,0.0,0.0,0.0,0.0,1.0,0.0,0.0,0.0,1.0,0.0,0.0,0.0,0.0,0.0,0.0,1.0,0.0,1.0,1.0,0.0
995,0.3333333333333333,1.0,0.0,1.0,0.22222222222222227,0.0,0.6082306576679029,0.10526315789473684,1.0,0.0,0.9375,0.6987529228371017,0.6025104602510458,0.9573792790750397,0.8597353497164448,0.0,0.0,0.0,0.0,0.0,0.0,0.0,0.0,0.0,0.0,0.0,0.0,1.0,0.0,0.0,0.0,0.0,1.0,0.0,0.0,0.0,0.0,0.0,1.0,0.0
996,0.24691358024691357,0.0,0.0,1.0,0.22222222222222227,0.0,0.7065582517915311,0.07894736842105263,1.0,0.0,0.9375,0.6987529228371017,0.6025104602510458,0.9573792790750397,0.8597353497164448,0.0,1.0,0.0,0.0,0.0,0.0,0.0,0.0,0.0,0.0,0.0,0.0,0.0,0.0,0.0,0.0,1.0,0.0,0.0,0.0,0.0,0.0,1.0,1.0,0.0
997,0.14814814814814814,0.0,1.0,1.0,0.22222222222222227,0.0,0.6504552172780276,0.26315789473684215,1.0,0.0,0.9375,0.6987529228371017,0.6025104602510458,0.9573792790750397,0.8597353497164448,0.0,0.0,0.0,0.0,0.0,0.0,0.0,1.0,0.0,0.0,0.0,0.0,0.0,0.0,0.0,0.0,0.0,1.0,0.0,0.0,0.0,0.0,0.0,1.0,0.0
998,0.1728395061728395,1.0,0.0,1.0,0.22222222222222227,0.0,0.6166136936809081,0.15789473684210525,1.0,0.0,0.9375,0.6987529228371017,0.6025104602510458,0.9573792790750397,0.8597353497164448,0.0,0.0,0.0,0.0,0.0,0.0,0.0,0.0,0.0,1.0,0.0,0.0,0.0,1.0,0.0,0.0,0.0,0.0,0.0,1.0,0.0,0.0,1.0,1.0,0.0
999,0.25925925925925924,1.0,0.0,1.0,0.22222222222222227,0.0,0.7809289142472077,0.13157894736842105,1.0,0.0,0.9375,0.6987529228371017,0.6025104602510458,0.9573792790750397,0.8597353497164448,0.0,0.0,0.0,0.0,0.0,0.0,0.0,0.0,1.0,0.0,0.0,0.0,0.0,1.0,0.0,0.0,0.0,0.0,0.0,0.0,1.0,0.0,0.0,1.0,0.0
1000,0.2222222222222222,1.0,0.0,1.0,0.22222222222222227,0.0,0.5621929065211045,0.02631578947368421,1.0,0.0,0.9375,0.6987529228371017,0.6025104602510458,0.9573792790750397,0.8597353497164448,0.0,1.0,0.0,0.0,0.0,0.0,0.0,0.0,0.0,0.0,0.0,0.0,1.0,0.0,0.0,0.0,1.0,0.0,0.0,0.0,0.0,0.0,0.0,1.0,0.0
1001,0.19753086419753085,1.0,0.0,1.0,0.22222222222222227,0.0,0.6890988423028271,0.07894736842105263,1.0,0.0,0.9375,0.6987529228371017,0.6025104602510458,0.9573792790750397,0.8597353497164448,0.0,0.0,0.0,0.0,0.0,0.0,0.0,0.0,0.0,1.0,0.0,0.0,1.0,0.0,0.0,0.0,0.0,0.0,0.0,1.0,0.0,0.0,0.0,1.0,0.0
1002,0.39506172839506176,0.0,0.0,1.0,0.22222222222222227,0.0,0.7445976649216831,0.07894736842105263,1.0,0.0,0.9375,0.6987529228371017,0.6025104602510458,0.9573792790750397,0.8597353497164448,0.0,1.0,0.0,0.0,0.0,0.0,0.0,0.0,0.0,0.0,0.0,0.0,1.0,0.0,0.0,0.0,0.0,1.0,0.0,0.0,0.0,0.0,0.0,1.0,0.0
1003,0.4691358024691357,1.0,0.0,1.0,0.22222222222222227,0.25,0.6978405494091722,0.05263157894736842,1.0,0.0,0.9375,0.6987529228371017,0.6025104602510458,0.9573792790750397,0.8597353497164448,0.0,0.0,0.0,1.0,0.0,0.0,0.0,0.0,0.0,0.0,0.0,0.0,0.0,0.0,0.0,0.0,0.0,0.0,0.0,0.0,0.0,1.0,1.0,1.0,0.0
1004,0.20987654320987653,1.0,0.0,1.0,0.22222222222222227,0.25,0.5631773068220264,0.02631578947368421,1.0,0.0,0.9375,0.6987529228371017,0.6025104602510458,0.9573792790750397,0.8597353497164448,0.0,0.0,0.0,0.0,0.0,0.0,0.0,0.0,0.0,1.0,0.0,0.0,0.0,1.0,0.0,0.0,0.0,0.0,0.0,1.0,0.0,0.0,0.0,1.0,0.0
1005,0.25925925925925924,0.0,0.0,1.0,0.22222222222222227,0.25,0.5561069727294308,0.05263157894736842,1.0,0.0,0.9375,0.6987529228371017,0.6025104602510458,0.9573792790750397,0.8597353497164448,0.0,1.0,0.0,0.0,0.0,0.0,0.0,0.0,0.0,0.0,0.0,0.0,0.0,1.0,0.0,0.0,0.0,1.0,0.0,0.0,0.0,0.0,0.0,1.0,0.0
1006,0.35802469135802467,0.0,0.0,1.0,0.22222222222222227,0.25,0.6134597474028101,0.21052631578947367,1.0,0.0,0.9375,0.6987529228371017,0.6025104602510458,0.9573792790750397,0.8597353497164448,0.0,1.0,0.0,0.0,0.0,0.0,0.0,0.0,0.0,0.0,0.0,0.0,0.0,0.0,0.0,1.0,0.0,0.0,0.0,0.0,0.0,0.0,0.0,1.0,0.0
1007,0.08641975308641975,0.0,0.0,1.0,0.22222222222222227,0.25,0.5932840675469451,0.0,1.0,0.0,0.9375,0.6987529228371017,0.6025104602510458,0.9573792790750397,0.8597353497164448,0.0,1.0,0.0,0.0,0.0,0.0,0.0,0.0,0.0,0.0,0.0,0.0,1.0,0.0,0.0,0.0,1.0,0.0,0.0,0.0,0.0,0.0,0.0,1.0,0.0
1008,0.34567901234567905,1.0,0.0,1.0,0.22222222222222227,0.25,0.8198923673354446,0.10526315789473684,1.0,0.0,0.9375,0.6987529228371017,0.6025104602510458,0.9573792790750397,0.8597353497164448,1.0,0.0,0.0,0.0,0.0,0.0,0.0,1.0,0.0,0.0,0.0,0.0,0.0,0.0,0.0,0.0,0.0,0.0,0.0,0.0,0.0,1.0,0.0,1.0,0.0
1009,0.3703703703703703,0.0,0.0,1.0,0.22222222222222227,0.25,0.6208918069393788,0.0,1.0,0.0,0.9375,0.6987529228371017,0.6025104602510458,0.9573792790750397,0.8597353497164448,0.0,0.0,0.0,0.0,1.0,0.0,0.0,0.0,0.0,0.0,0.0,0.0,1.0,0.0,0.0,0.0,0.0,0.0,0.0,1.0,0.0,0.0,0.0,1.0,0.0
1010,0.30864197530864196,1.0,0.0,1.0,0.22222222222222227,0.25,0.8346289586303263,0.0,1.0,0.0,0.9375,0.6987529228371017,0.6025104602510458,0.9573792790750397,0.8597353497164448,1.0,0.0,0.0,0.0,0.0,0.0,0.0,1.0,0.0,0.0,0.0,0.0,1.0,0.0,0.0,0.0,0.0,0.0,0.0,1.0,0.0,0.0,0.0,1.0,0.0
1011,0.4074074074074074,1.0,0.0,1.0,0.22222222222222227,0.25,0.6397092724183482,0.02631578947368421,1.0,0.0,0.9375,0.6987529228371017,0.6025104602510458,0.9573792790750397,0.8597353497164448,0.0,1.0,0.0,0.0,0.0,0.0,0.0,0.0,0.0,0.0,0.0,0.0,1.0,0.0,0.0,0.0,0.0,0.0,0.0,0.0,0.0,0.0,0.0,1.0,0.0
1012,0.4938271604938272,0.0,0.0,1.0,0.22222222222222227,0.25,0.5878478128342483,0.0,1.0,0.0,0.9375,0.6987529228371017,0.6025104602510458,0.9573792790750397,0.8597353497164448,0.0,0.0,0.0,0.0,0.0,1.0,0.0,0.0,0.0,0.0,0.0,0.0,1.0,0.0,0.0,0.0,0.0,1.0,0.0,0.0,0.0,0.0,1.0,1.0,0.0
1013,0.2839506172839506,1.0,0.0,1.0,0.22222222222222227,0.25,0.6108742554254224,0.0,1.0,0.0,0.9375,0.6987529228371017,0.6025104602510458,0.9573792790750397,0.8597353497164448,0.0,0.0,0.0,0.0,0.0,0.0,0.0,1.0,0.0,0.0,0.0,0.0,0.0,1.0,0.0,0.0,0.0,1.0,0.0,0.0,0.0,0.0,0.0,1.0,0.0
1014,0.2222222222222222,0.0,1.0,1.0,0.22222222222222227,0.25,0.6422391580843787,0.0,1.0,0.0,0.9375,0.6987529228371017,0.6025104602510458,0.9573792790750397,0.8597353497164448,0.0,0.0,0.0,0.0,0.0,0.0,0.0,1.0,0.0,0.0,0.0,0.0,0.0,1.0,0.0,0.0,0.0,1.0,0.0,0.0,0.0,0.0,1.0,1.0,0.0
1015,0.48148148148148145,0.0,0.0,1.0,0.22222222222222227,0.25,0.5591892927228724,0.0,1.0,0.0,0.9375,0.6987529228371017,0.6025104602510458,0.9573792790750397,0.8597353497164448,0.0,0.0,0.0,1.0,0.0,0.0,0.0,0.0,0.0,0.0,0.0,0.0,0.0,0.0,0.0,0.0,0.0,0.0,0.0,0.0,0.0,0.0,1.0,1.0,0.0
1016,0.14814814814814814,1.0,0.0,1.0,0.22222222222222227,0.25,0.8185581169316366,0.0,1.0,0.0,0.9375,0.6987529228371017,0.6025104602510458,0.9573792790750397,0.8597353497164448,1.0,0.0,0.0,0.0,0.0,0.0,0.0,0.0,0.0,1.0,0.0,0.0,0.0,1.0,0.0,0.0,0.0,0.0,0.0,0.0,1.0,0.0,0.0,1.0,0.0
1017,0.12345679012345678,1.0,0.0,1.0,0.22222222222222227,0.25,0.5838049699531718,0.0,1.0,0.0,0.9375,0.6987529228371017,0.6025104602510458,0.9573792790750397,0.8597353497164448,0.0,0.0,0.0,0.0,0.0,0.0,0.0,0.0,0.0,0.0,0.0,0.0,0.0,1.0,0.0,0.0,0.0,0.0,0.0,0.0,1.0,0.0,0.0,1.0,0.0
1018,0.39506172839506176,0.5,0.5,1.0,0.22222222222222227,0.25,0.455389309605973,0.0,1.0,0.0,0.9375,0.6987529228371017,0.6025104602510458,0.9573792790750397,0.8597353497164448,0.0,1.0,0.0,0.0,0.0,0.0,0.0,0.0,0.0,0.0,0.0,0.0,1.0,0.0,0.0,0.0,0.0,0.0,0.0,0.0,0.0,0.0,0.0,1.0,0.0
1019,0.3333333333333333,1.0,0.0,1.0,0.22222222222222227,0.25,0.5846247304098844,0.0,1.0,0.0,0.9375,0.6987529228371017,0.6025104602510458,0.9573792790750397,0.8597353497164448,0.0,0.0,0.0,0.0,1.0,0.0,0.0,0.0,0.0,0.0,0.0,0.0,1.0,0.0,0.0,0.0,0.0,0.0,0.0,0.0,1.0,0.0,0.0,1.0,0.0
1020,0.20987654320987653,0.0,0.0,1.0,0.22222222222222227,0.25,0.7773331413559661,0.0,1.0,0.0,0.9375,0.6987529228371017,0.6025104602510458,0.9573792790750397,0.8597353497164448,1.0,1.0,0.0,0.0,0.0,0.0,0.0,0.0,0.0,0.0,0.0,0.0,1.0,0.0,0.0,0.0,1.0,0.0,0.0,0.0,0.0,0.0,0.0,1.0,0.0
1021,0.14814814814814814,1.0,0.0,1.0,0.22222222222222227,0.25,0.6825330624191547,0.02631578947368421,1.0,0.0,0.9375,0.6987529228371017,0.6025104602510458,0.9573792790750397,0.8597353497164448,0.0,1.0,0.0,0.0,0.0,0.0,0.0,0.0,0.0,0.0,0.0,0.0,0.0,1.0,0.0,0.0,1.0,0.0,0.0,0.0,0.0,0.0,0.0,1.0,0.0
1022,0.20987654320987653,0.0,0.0,1.0,0.22222222222222227,0.25,0.7345335067710294,0.0,1.0,0.0,0.9375,0.6987529228371017,0.6025104602510458,0.9573792790750397,0.8597353497164448,0.0,0.0,0.0,0.0,0.0,0.0,0.0,1.0,0.0,0.0,0.0,0.0,1.0,0.0,0.0,0.0,0.0,1.0,0.0,0.0,0.0,0.0,0.0,1.0,0.0
1023,0.3209876543209876,0.0,0.0,1.0,0.22222222222222227,0.25,0.742481867786566,0.0,1.0,0.0,0.9375,0.6987529228371017,0.6025104602510458,0.9573792790750397,0.8597353497164448,0.0,1.0,0.0,0.0,0.0,0.0,0.0,0.0,0.0,0.0,0.0,0.0,1.0,0.0,0.0,0.0,1.0,0.0,0.0,0.0,0.0,0.0,1.0,1.0,0.0
1024,0.24691358024691357,1.0,0.0,1.0,0.22222222222222227,0.25,0.5581708002178327,0.0,1.0,0.0,0.9375,0.6987529228371017,0.6025104602510458,0.9573792790750397,0.8597353497164448,0.0,0.0,0.0,0.0,0.0,0.0,0.0,0.0,0.0,1.0,0.0,0.0,0.0,1.0,0.0,0.0,0.0,0.0,0.0,0.0,1.0,0.0,0.0,1.0,0.0
1025,0.09876543209876543,0.0,0.0,1.0,0.22222222222222227,0.25,0.35240341381759965,0.0,1.0,0.0,0.9375,0.6987529228371017,0.6025104602510458,0.9573792790750397,0.8597353497164448,0.0,0.0,0.0,0.0,1.0,0.0,0.0,0.0,0.0,0.0,0.0,0.0,0.0,1.0,0.0,0.0,0.0,0.0,0.0,0.0,0.0,0.0,0.0,1.0,0.0
1026,0.14814814814814814,1.0,0.0,1.0,0.22222222222222227,0.25,0.6075603701023119,0.0,1.0,0.0,0.9375,0.6987529228371017,0.6025104602510458,0.9573792790750397,0.8597353497164448,0.0,1.0,0.0,0.0,0.0,0.0,0.0,0.0,0.0,0.0,0.0,0.0,0.0,1.0,0.0,0.0,0.0,1.0,0.0,0.0,0.0,0.0,0.0,1.0,0.0
1027,0.3209876543209876,0.0,0.0,1.0,0.22222222222222227,0.25,0.5529417104829256,0.02631578947368421,1.0,0.0,0.9375,0.6987529228371017,0.6025104602510458,0.9573792790750397,0.8597353497164448,0.0,0.0,0.0,0.0,0.0,0.0,0.0,0.0,0.0,0.0,0.0,1.0,1.0,0.0,0.0,0.0,0.0,1.0,0.0,0.0,0.0,0.0,1.0,1.0,0.0
1028,0.24691358024691357,0.0,0.0,1.0,0.22222222222222227,0.25,0.6208918069393788,0.02631578947368421,1.0,0.0,0.9375,0.6987529228371017,0.6025104602510458,0.9573792790750397,0.8597353497164448,0.0,1.0,0.0,0.0,0.0,0.0,0.0,0.0,0.0,0.0,0.0,0.0,0.0,1.0,0.0,1.0,0.0,0.0,0.0,0.0,0.0,0.0,1.0,1.0,0.0
1029,0.2345679012345679,0.0,0.0,1.0,0.22222222222222227,0.25,0.6244388640920251,0.02631578947368421,1.0,0.0,0.9375,0.6987529228371017,0.6025104602510458,0.9573792790750397,0.8597353497164448,0.0,1.0,0.0,0.0,0.0,0.0,0.0,0.0,0.0,0.0,0.0,0.0,0.0,1.0,0.0,0.0,1.0,0.0,0.0,0.0,0.0,0.0,1.0,1.0,0.0
1030,0.3703703703703703,0.0,0.0,1.0,0.22222222222222227,0.25,0.7758956267323722,0.05263157894736842,1.0,0.0,0.9375,0.6987529228371017,0.6025104602510458,0.9573792790750397,0.8597353497164448,1.0,0.0,0.0,0.0,0.0,0.0,0.0,0.0,0.0,0.0,0.0,0.0,1.0,0.0,0.0,0.0,0.0,1.0,0.0,0.0,0.0,0.0,0.0,1.0,0.0
1031,0.2716049382716049,0.0,0.0,1.0,0.22222222222222227,0.25,0.4756049402686357,0.02631578947368421,1.0,0.0,0.9375,0.6987529228371017,0.6025104602510458,0.9573792790750397,0.8597353497164448,0.0,1.0,0.0,0.0,0.0,0.0,0.0,0.0,0.0,0.0,0.0,0.0,1.0,0.0,0.0,0.0,0.0,0.0,0.0,0.0,0.0,0.0,1.0,1.0,0.0
1032,0.13580246913580246,0.0,0.0,1.0,0.22222222222222227,0.25,0.697528105269356,0.0,1.0,0.0,0.9375,0.6987529228371017,0.6025104602510458,0.9573792790750397,0.8597353497164448,0.0,0.0,0.0,0.0,1.0,0.0,0.0,0.0,0.0,0.0,0.0,0.0,1.0,0.0,0.0,0.0,0.0,1.0,0.0,0.0,0.0,0.0,1.0,1.0,0.0
1033,0.16049382716049382,0.0,0.0,1.0,0.22222222222222227,0.25,0.5886399717165399,0.05263157894736842,1.0,0.0,0.9375,0.6987529228371017,0.6025104602510458,0.9573792790750397,0.8597353497164448,0.0,0.0,0.0,0.0,0.0,0.0,1.0,0.0,0.0,0.0,0.0,0.0,1.0,0.0,0.0,0.0,1.0,0.0,0.0,0.0,0.0,0.0,0.0,1.0,0.0
1034,0.2222222222222222,0.0,0.0,1.0,0.22222222222222227,0.25,0.7361216621301798,0.0,1.0,0.0,0.9375,0.6987529228371017,0.6025104602510458,0.9573792790750397,0.8597353497164448,0.0,1.0,0.0,0.0,0.0,0.0,0.0,0.0,0.0,0.0,0.0,0.0,0.0,0.0,0.0,0.0,1.0,0.0,0.0,0.0,0.0,0.0,1.0,1.0,0.0
1035,0.18518518518518517,0.0,0.0,1.0,0.22222222222222227,0.25,0.7396731816673451,0.21052631578947367,1.0,0.0,0.9375,0.6987529228371017,0.6025104602510458,0.9573792790750397,0.8597353497164448,0.0,1.0,0.0,0.0,0.0,0.0,0.0,0.0,0.0,0.0,0.0,0.0,0.0,0.0,0.0,0.0,0.0,0.0,0.0,0.0,0.0,0.0,0.0,1.0,0.0
1036,0.4074074074074074,0.0,0.0,1.0,0.22222222222222227,0.25,0.6832417100410403,0.0,1.0,0.0,0.9375,0.6987529228371017,0.6025104602510458,0.9573792790750397,0.8597353497164448,0.0,0.0,0.0,0.0,0.0,0.0,0.0,1.0,0.0,0.0,0.0,0.0,0.0,1.0,0.0,0.0,0.0,1.0,0.0,0.0,0.0,0.0,1.0,1.0,0.0
1037,0.1728395061728395,0.0,0.0,1.0,0.22222222222222227,0.25,0.8048144592966994,0.0,1.0,0.0,0.9375,0.6987529228371017,0.6025104602510458,0.9573792790750397,0.8597353497164448,1.0,1.0,0.0,0.0,0.0,0.0,0.0,0.0,0.0,0.0,0.0,0.0,1.0,0.0,0.0,0.0,1.0,0.0,0.0,0.0,0.0,0.0,0.0,1.0,0.0
1038,0.43209876543209874,0.0,0.0,1.0,0.22222222222222227,0.25,0.6763307033473182,0.0,1.0,0.0,0.9375,0.6987529228371017,0.6025104602510458,0.9573792790750397,0.8597353497164448,0.0,0.0,0.0,0.0,1.0,0.0,0.0,0.0,0.0,0.0,0.0,0.0,0.0,0.0,0.0,0.0,0.0,0.0,0.0,0.0,1.0,0.0,0.0,1.0,0.0
1039,0.14814814814814814,0.0,1.0,1.0,0.22222222222222227,0.25,0.6020559671887218,0.21052631578947367,1.0,0.0,0.9375,0.6987529228371017,0.6025104602510458,0.9573792790750397,0.8597353497164448,0.0,0.0,0.0,0.0,0.0,0.0,0.0,0.0,0.0,0.0,0.0,0.0,0.0,1.0,0.0,0.0,0.0,0.0,0.0,0.0,1.0,0.0,0.0,1.0,0.0
1040,0.2716049382716049,1.0,0.0,1.0,0.22222222222222227,0.25,0.7790665774698714,0.0,1.0,0.0,0.9375,0.6987529228371017,0.6025104602510458,0.9573792790750397,0.8597353497164448,1.0,0.0,0.0,0.0,1.0,0.0,0.0,0.0,0.0,0.0,0.0,0.0,0.0,1.0,0.0,0.0,0.0,0.0,0.0,0.0,1.0,0.0,0.0,1.0,0.0
1041,0.35802469135802467,1.0,0.0,1.0,0.22222222222222227,0.25,0.6978405494091722,0.02631578947368421,1.0,0.0,0.9375,0.6987529228371017,0.6025104602510458,0.9573792790750397,0.8597353497164448,0.0,0.0,0.0,0.0,0.0,0.0,0.0,0.0,0.0,0.0,0.0,0.0,0.0,0.0,0.0,0.0,0.0,0.0,0.0,0.0,1.0,0.0,0.0,1.0,0.0
1042,0.18518518518518517,0.0,0.0,1.0,0.22222222222222227,0.25,0.6295666315558228,0.02631578947368421,1.0,0.0,0.9375,0.6987529228371017,0.6025104602510458,0.9573792790750397,0.8597353497164448,0.0,1.0,0.0,0.0,0.0,0.0,0.0,0.0,0.0,0.0,0.0,0.0,1.0,0.0,0.0,0.0,1.0,0.0,0.0,0.0,0.0,0.0,1.0,1.0,0.0
1043,0.3333333333333333,0.0,0.0,1.0,0.22222222222222227,0.25,0.6620060509558884,0.0,1.0,0.0,0.9375,0.6987529228371017,0.6025104602510458,0.9573792790750397,0.8597353497164448,0.0,0.0,0.0,0.0,0.0,0.0,0.0,0.0,0.0,0.0,0.0,0.0,1.0,0.0,0.0,0.0,0.0,0.0,0.0,0.0,0.0,1.0,0.0,1.0,0.0
1044,0.20987654320987653,0.0,0.0,1.0,0.22222222222222227,0.25,0.6910983547398326,0.0,1.0,0.0,0.9375,0.6987529228371017,0.6025104602510458,0.9573792790750397,0.8597353497164448,0.0,0.0,0.0,0.0,0.0,0.0,0.0,1.0,0.0,0.0,0.0,0.0,1.0,0.0,0.0,0.0,0.0,1.0,0.0,0.0,0.0,0.0,1.0,1.0,0.0
1045,0.20987654320987653,0.0,1.0,1.0,0.22222222222222227,0.25,0.5977517620704379,0.0,1.0,0.0,0.9375,0.6987529228371017,0.6025104602510458,0.9573792790750397,0.8597353497164448,0.0,1.0,0.0,0.0,0.0,0.0,0.0,0.0,0.0,0.0,0.0,0.0,0.0,1.0,0.0,0.0,0.0,1.0,0.0,0.0,0.0,0.0,0.0,1.0,0.0
1046,0.2345679012345679,0.0,1.0,1.0,0.22222222222222227,0.25,0.867220206287131,0.02631578947368421,1.0,0.0,0.9375,0.6987529228371017,0.6025104602510458,0.9573792790750397,0.8597353497164448,0.0,0.0,0.0,0.0,0.0,0.0,0.0,1.0,0.0,0.0,0.0,0.0,1.0,0.0,0.0,0.0,0.0,1.0,0.0,0.0,0.0,0.0,0.0,1.0,0.0
1047,0.16049382716049382,1.0,0.0,1.0,0.22222222222222227,0.25,0.7033271207099517,0.0,1.0,0.0,0.9375,0.6987529228371017,0.6025104602510458,0.9573792790750397,0.8597353497164448,0.0,0.0,0.0,0.0,0.0,0.0,0.0,1.0,0.0,0.0,0.0,0.0,0.0,1.0,0.0,0.0,0.0,1.0,0.0,0.0,0.0,0.0,0.0,1.0,0.0
1048,0.5061728395061729,0.0,0.0,1.0,0.22222222222222227,0.25,0.6391967001499177,0.0,1.0,0.0,0.9375,0.6987529228371017,0.6025104602510458,0.9573792790750397,0.8597353497164448,0.0,0.0,0.0,0.0,0.0,0.0,0.0,0.0,0.0,0.0,0.0,0.0,1.0,0.0,0.0,0.0,1.0,0.0,0.0,0.0,0.0,0.0,1.0,1.0,0.0
1049,0.43209876543209874,1.0,0.0,1.0,0.22222222222222227,0.25,0.7723059261610165,0.0,1.0,0.0,0.9375,0.6987529228371017,0.6025104602510458,0.9573792790750397,0.8597353497164448,1.0,0.0,0.0,0.0,1.0,0.0,0.0,0.0,0.0,0.0,0.0,0.0,1.0,0.0,0.0,0.0,0.0,0.0,0.0,1.0,0.0,0.0,0.0,1.0,0.0
1050,0.34567901234567905,0.0,0.0,1.0,0.22222222222222227,0.25,0.5140006512933829,0.02631578947368421,1.0,0.0,0.9375,0.6987529228371017,0.6025104602510458,0.9573792790750397,0.8597353497164448,0.0,1.0,0.0,0.0,0.0,0.0,0.0,0.0,0.0,0.0,0.0,0.0,0.0,0.0,0.0,0.0,0.0,0.0,0.0,0.0,0.0,0.0,0.0,1.0,0.0
1051,0.5308641975308641,1.0,0.0,1.0,0.22222222222222227,0.25,0.6476204981957939,0.02631578947368421,1.0,0.0,0.9375,0.6987529228371017,0.6025104602510458,0.9573792790750397,0.8597353497164448,0.0,0.0,0.0,0.0,0.0,1.0,0.0,0.0,0.0,0.0,0.0,0.0,1.0,0.0,0.0,0.0,0.0,0.0,0.0,0.0,1.0,0.0,1.0,1.0,0.0
1052,0.25925925925925924,1.0,0.0,1.0,0.22222222222222227,0.25,0.7027299866892384,0.05263157894736842,1.0,0.0,0.9375,0.6987529228371017,0.6025104602510458,0.9573792790750397,0.8597353497164448,0.0,0.0,0.0,0.0,0.0,0.0,0.0,1.0,0.0,0.0,0.0,0.0,1.0,0.0,0.0,0.0,0.0,1.0,0.0,0.0,0.0,0.0,0.0,1.0,0.0
1053,0.3333333333333333,0.0,0.0,1.0,0.22222222222222227,0.25,0.49105467050389934,0.0,1.0,0.0,0.9375,0.6987529228371017,0.6025104602510458,0.9573792790750397,0.8597353497164448,0.0,1.0,0.0,0.0,0.0,0.0,0.0,0.0,0.0,0.0,0.0,0.0,1.0,0.0,0.0,0.0,0.0,0.0,0.0,1.0,0.0,0.0,0.0,1.0,0.0
1054,0.25925925925925924,0.0,0.0,1.0,0.22222222222222227,0.25,0.7257630807830285,0.26315789473684215,1.0,0.0,0.9375,0.6987529228371017,0.6025104602510458,0.9573792790750397,0.8597353497164448,0.0,0.0,1.0,0.0,0.0,0.0,0.0,0.0,0.0,0.0,0.0,0.0,1.0,0.0,0.0,0.0,0.0,0.0,0.0,0.0,1.0,0.0,1.0,1.0,0.0
1055,0.2716049382716049,1.0,0.0,1.0,0.22222222222222227,0.25,0.4039575981303762,0.18421052631578946,1.0,0.0,0.9375,0.6987529228371017,0.6025104602510458,0.9573792790750397,0.8597353497164448,0.0,1.0,0.0,0.0,0.0,0.0,0.0,0.0,0.0,0.0,0.0,0.0,1.0,0.0,0.0,0.0,1.0,0.0,0.0,0.0,0.0,0.0,1.0,1.0,0.0
1056,0.16049382716049382,0.0,0.0,1.0,0.22222222222222227,0.25,0.9454975940763634,0.02631578947368421,1.0,0.0,0.9375,0.6987529228371017,0.6025104602510458,0.9573792790750397,0.8597353497164448,1.0,0.0,0.0,0.0,0.0,0.0,1.0,0.0,0.0,0.0,0.0,0.0,1.0,0.0,0.0,0.0,1.0,0.0,0.0,0.0,0.0,0.0,0.0,1.0,0.0
1057,0.35802469135802467,1.0,0.0,1.0,0.22222222222222227,0.25,0.5909849360662706,0.10526315789473684,1.0,0.0,0.9375,0.6987529228371017,0.6025104602510458,0.9573792790750397,0.8597353497164448,0.0,0.0,0.0,0.0,0.0,0.0,1.0,0.0,0.0,0.0,0.0,0.0,1.0,0.0,0.0,0.0,0.0,0.0,0.0,0.0,1.0,0.0,0.0,1.0,0.0
1058,0.3209876543209876,0.0,0.0,1.0,0.22222222222222227,0.25,0.5752769507338984,0.13157894736842105,1.0,0.0,0.9375,0.6987529228371017,0.6025104602510458,0.9573792790750397,0.8597353497164448,0.0,0.0,0.0,0.0,0.0,0.0,0.0,0.0,0.0,0.0,0.0,0.0,1.0,0.0,0.0,0.0,0.0,1.0,0.0,0.0,0.0,0.0,0.0,1.0,0.0
1059,0.4938271604938272,1.0,0.0,1.0,0.22222222222222227,0.25,0.6673822306124111,0.02631578947368421,1.0,0.0,0.9375,0.6987529228371017,0.6025104602510458,0.9573792790750397,0.8597353497164448,0.0,0.0,1.0,0.0,0.0,0.0,0.0,0.0,0.0,0.0,0.0,0.0,1.0,0.0,0.0,0.0,0.0,0.0,0.0,0.0,1.0,0.0,0.0,1.0,0.0
1060,0.29629629629629634,0.0,0.0,1.0,0.22222222222222227,0.25,0.6572568311427133,0.07894736842105263,1.0,0.0,0.9375,0.6987529228371017,0.6025104602510458,0.9573792790750397,0.8597353497164448,0.0,0.0,0.0,0.0,0.0,0.0,0.0,0.0,0.0,0.0,0.0,0.0,0.0,1.0,0.0,0.0,0.0,0.0,0.0,0.0,1.0,0.0,0.0,1.0,0.0
1061,0.1728395061728395,0.0,0.0,1.0,0.22222222222222227,0.25,0.8176601343306952,0.02631578947368421,1.0,0.0,0.9375,0.6987529228371017,0.6025104602510458,0.9573792790750397,0.8597353497164448,0.0,0.0,0.0,0.0,0.0,0.0,0.0,0.0,0.0,0.0,0.0,0.0,1.0,0.0,0.0,0.0,0.0,1.0,0.0,0.0,0.0,0.0,0.0,1.0,0.0
1062,0.25925925925925924,1.0,0.0,1.0,0.22222222222222227,0.25,0.5496889184613623,0.02631578947368421,1.0,0.0,0.9375,0.6987529228371017,0.6025104602510458,0.9573792790750397,0.8597353497164448,0.0,1.0,0.0,0.0,0.0,0.0,0.0,0.0,0.0,0.0,0.0,0.0,1.0,0.0,0.0,0.0,0.0,0.0,0.0,0.0,0.0,0.0,0.0,1.0,0.0
1063,0.09876543209876543,1.0,0.0,1.0,0.22222222222222227,0.25,0.5955391234938983,0.02631578947368421,1.0,0.0,0.9375,0.6987529228371017,0.6025104602510458,0.9573792790750397,0.8597353497164448,0.0,0.0,1.0,0.0,0.0,0.0,0.0,0.0,0.0,0.0,0.0,0.0,0.0,1.0,0.0,0.0,0.0,1.0,0.0,0.0,0.0,0.0,0.0,1.0,0.0
1064,0.4691358024691357,0.0,0.0,1.0,0.22222222222222227,0.25,0.21077389300442675,0.05263157894736842,1.0,0.0,0.9375,0.6987529228371017,0.6025104602510458,0.9573792790750397,0.8597353497164448,0.0,0.0,0.0,0.0,0.0,0.0,0.0,0.0,0.0,0.0,0.0,0.0,1.0,0.0,0.0,0.0,0.0,1.0,0.0,0.0,0.0,0.0,1.0,1.0,0.0
1065,0.34567901234567905,1.0,0.0,1.0,0.22222222222222227,0.25,0.6894344634990646,0.07894736842105263,1.0,0.0,0.9375,0.6987529228371017,0.6025104602510458,0.9573792790750397,0.8597353497164448,0.0,0.0,0.0,0.0,0.0,0.0,0.0,0.0,0.0,1.0,0.0,0.0,1.0,0.0,0.0,0.0,0.0,0.0,0.0,1.0,0.0,0.0,0.0,1.0,0.0
1066,0.3703703703703703,1.0,0.0,1.0,0.22222222222222227,0.25,0.48923083320309235,0.21052631578947367,1.0,0.0,0.9375,0.6987529228371017,0.6025104602510458,0.9573792790750397,0.8597353497164448,0.0,0.0,0.0,0.0,0.0,0.0,0.0,1.0,0.0,0.0,0.0,0.0,1.0,0.0,0.0,0.0,0.0,0.0,0.0,0.0,1.0,0.0,0.0,1.0,0.0
1067,0.4074074074074074,0.0,0.0,1.0,0.22222222222222227,0.25,0.5440593682563573,0.05263157894736842,1.0,0.0,0.9375,0.6987529228371017,0.6025104602510458,0.9573792790750397,0.8597353497164448,0.0,0.0,0.0,0.0,0.0,0.0,0.0,0.0,0.0,0.0,0.0,0.0,0.0,1.0,0.0,0.0,0.0,0.0,0.0,0.0,1.0,0.0,0.0,1.0,0.0
1068,0.34567901234567905,0.0,0.0,1.0,0.22222222222222227,0.25,0.7947158870260738,0.13157894736842105,1.0,0.0,0.9375,0.6987529228371017,0.6025104602510458,0.9573792790750397,0.8597353497164448,1.0,1.0,0.0,0.0,0.0,0.0,0.0,0.0,0.0,0.0,0.0,0.0,1.0,0.0,0.0,1.0,0.0,0.0,0.0,0.0,0.0,0.0,1.0,1.0,0.0
1069,0.24691358024691357,1.0,0.0,1.0,0.22222222222222227,0.25,0.6677857821213365,0.02631578947368421,1.0,0.0,0.9375,0.6987529228371017,0.6025104602510458,0.9573792790750397,0.8597353497164448,0.0,0.0,0.0,0.0,0.0,0.0,0.0,0.0,0.0,1.0,0.0,0.0,0.0,1.0,0.0,0.0,0.0,0.0,0.0,0.0,1.0,0.0,0.0,1.0,0.0
1070,0.4444444444444445,1.0,0.0,1.0,0.22222222222222227,0.25,0.36884433080126383,0.39473684210526316,1.0,0.0,0.9375,0.6987529228371017,0.6025104602510458,0.9573792790750397,0.8597353497164448,0.0,0.0,0.0,0.0,0.0,0.0,0.0,1.0,0.0,0.0,0.0,0.0,0.0,0.0,0.0,0.0,0.0,0.0,0.0,0.0,1.0,0.0,0.0,1.0,0.0
1071,0.2345679012345679,1.0,0.0,1.0,0.22222222222222227,0.25,0.6736785908672379,0.10526315789473684,1.0,0.0,0.9375,0.6987529228371017,0.6025104602510458,0.9573792790750397,0.8597353497164448,0.0,1.0,0.0,0.0,0.0,0.0,0.0,0.0,0.0,0.0,0.0,0.0,1.0,0.0,0.0,1.0,0.0,0.0,0.0,0.0,0.0,0.0,1.0,1.0,0.0
1072,0.34567901234567905,0.0,0.0,1.0,0.22222222222222227,0.25,0.6568154229344138,0.07894736842105263,1.0,0.0,0.9375,0.6987529228371017,0.6025104602510458,0.9573792790750397,0.8597353497164448,0.0,0.0,0.0,0.0,0.0,0.0,0.0,0.0,0.0,0.0,0.0,0.0,0.0,1.0,0.0,0.0,0.0,0.0,0.0,1.0,0.0,0.0,0.0,1.0,0.0
1073,0.1111111111111111,1.0,0.0,1.0,0.22222222222222227,0.25,0.5862473099208212,0.02631578947368421,1.0,0.0,0.9375,0.6987529228371017,0.6025104602510458,0.9573792790750397,0.8597353497164448,0.0,1.0,0.0,0.0,0.0,0.0,0.0,0.0,0.0,0.0,0.0,0.0,0.0,1.0,0.0,0.0,1.0,0.0,0.0,0.0,0.0,0.0,0.0,1.0,0.0
1074,0.4074074074074074,0.0,1.0,1.0,0.22222222222222227,0.25,0.3581428520730854,0.07894736842105263,1.0,0.0,0.9375,0.6987529228371017,0.6025104602510458,0.9573792790750397,0.8597353497164448,0.0,0.0,0.0,0.0,0.0,0.0,0.0,0.0,0.0,0.0,0.0,0.0,1.0,0.0,0.0,0.0,0.0,0.0,0.0,0.0,1.0,0.0,0.0,1.0,0.0
1075,0.20987654320987653,1.0,1.0,1.0,0.22222222222222227,0.25,0.8309633984578958,0.02631578947368421,1.0,0.0,0.9375,0.6987529228371017,0.6025104602510458,0.9573792790750397,0.8597353497164448,0.0,0.0,0.0,0.0,0.0,0.0,0.0,1.0,0.0,0.0,0.0,0.0,0.0,1.0,0.0,0.0,1.0,0.0,0.0,0.0,0.0,0.0,1.0,1.0,0.0
1076,0.2839506172839506,0.0,0.0,1.0,0.22222222222222227,0.5,0.6172344610818086,0.15789473684210525,1.0,0.0,0.9375,0.6987529228371017,0.6025104602510458,0.9573792790750397,0.8597353497164448,0.0,0.0,0.0,0.0,0.0,0.0,0.0,1.0,0.0,0.0,0.0,0.0,0.0,1.0,0.0,0.0,0.0,1.0,0.0,0.0,0.0,0.0,1.0,1.0,0.0
1077,0.14814814814814814,1.0,0.0,1.0,0.22222222222222227,0.5,0.5651217337279456,0.0,1.0,0.0,0.9375,0.6987529228371017,0.6025104602510458,0.9573792790750397,0.8597353497164448,0.0,0.0,0.0,0.0,0.0,0.0,0.0,1.0,0.0,0.0,0.0,0.0,1.0,0.0,0.0,0.0,0.0,1.0,0.0,0.0,0.0,0.0,0.0,1.0,0.0
1078,0.34567901234567905,0.0,0.0,1.0,0.22222222222222227,0.5,0.6323216790132803,0.02631578947368421,1.0,0.0,0.9375,0.6987529228371017,0.6025104602510458,0.9573792790750397,0.8597353497164448,0.0,0.0,0.0,0.0,0.0,0.0,0.0,0.0,0.0,0.0,0.0,0.0,1.0,0.0,0.0,0.0,0.0,1.0,0.0,0.0,0.0,0.0,0.0,1.0,0.0
1079,0.24691358024691357,0.0,0.0,1.0,0.22222222222222227,0.5,0.6832417100410403,0.0,1.0,0.0,0.9375,0.6987529228371017,0.6025104602510458,0.9573792790750397,0.8597353497164448,0.0,1.0,0.0,0.0,0.0,0.0,0.0,0.0,0.0,0.0,0.0,0.0,0.0,1.0,0.0,0.0,0.0,1.0,0.0,0.0,0.0,0.0,0.0,1.0,0.0
1080,0.43209876543209874,1.0,0.0,1.0,0.22222222222222227,0.5,0.8051908920962754,0.02631578947368421,1.0,0.0,0.9375,0.6987529228371017,0.6025104602510458,0.9573792790750397,0.8597353497164448,1.0,0.0,0.0,0.0,0.0,0.0,0.0,0.0,0.0,0.0,0.0,0.0,0.0,0.0,0.0,0.0,0.0,0.0,0.0,0.0,1.0,0.0,0.0,1.0,0.0
1081,0.3703703703703703,1.0,0.0,1.0,0.22222222222222227,0.5,0.7006158192674063,0.0,1.0,0.0,0.9375,0.6987529228371017,0.6025104602510458,0.9573792790750397,0.8597353497164448,0.0,0.0,0.0,0.0,0.0,0.0,0.0,0.0,0.0,0.0,0.0,0.0,1.0,0.0,0.0,0.0,0.0,0.0,0.0,0.0,1.0,0.0,0.0,1.0,0.0
1082,0.20987654320987653,0.0,0.0,1.0,0.22222222222222227,0.5,0.7479057254249325,0.05263157894736842,1.0,0.0,0.9375,0.6987529228371017,0.6025104602510458,0.9573792790750397,0.8597353497164448,1.0,1.0,0.0,0.0,0.0,0.0,0.0,0.0,0.0,0.0,0.0,0.0,0.0,1.0,0.0,0.0,1.0,0.0,0.0,0.0,0.0,0.0,1.0,1.0,0.0
1083,0.2839506172839506,0.0,0.0,1.0,0.22222222222222227,0.5,0.6550330380858423,0.13157894736842105,1.0,0.0,0.9375,0.6987529228371017,0.6025104602510458,0.9573792790750397,0.8597353497164448,0.0,0.0,0.0,0.0,0.0,0.0,0.0,0.0,0.0,0.0,0.0,0.0,0.0,1.0,0.0,0.0,0.0,1.0,0.0,0.0,0.0,0.0,1.0,1.0,0.0
1084,0.1728395061728395,0.0,0.0,1.0,0.22222222222222227,0.5,0.6894344634990646,0.0,1.0,0.0,0.9375,0.6987529228371017,0.6025104602510458,0.9573792790750397,0.8597353497164448,0.0,0.0,0.0,0.0,0.0,0.0,0.0,0.0,0.0,0.0,0.0,0.0,1.0,0.0,0.0,0.0,0.0,1.0,0.0,0.0,0.0,0.0,0.0,1.0,0.0
1085,0.19753086419753085,0.0,0.0,1.0,0.22222222222222227,0.5,0.5878478128342483,0.0,1.0,0.0,0.9375,0.6987529228371017,0.6025104602510458,0.9573792790750397,0.8597353497164448,0.0,0.0,0.0,0.0,0.0,0.0,0.0,1.0,0.0,0.0,0.0,0.0,1.0,0.0,0.0,0.0,0.0,1.0,0.0,0.0,0.0,0.0,0.0,1.0,0.0
1086,0.3209876543209876,1.0,0.0,1.0,0.22222222222222227,0.5,0.5829794567444476,0.02631578947368421,1.0,0.0,0.9375,0.6987529228371017,0.6025104602510458,0.9573792790750397,0.8597353497164448,0.0,1.0,0.0,0.0,0.0,0.0,0.0,0.0,0.0,0.0,0.0,0.0,1.0,0.0,0.0,0.0,1.0,0.0,0.0,0.0,0.0,0.0,0.0,1.0,0.0
1087,0.18518518518518517,0.0,0.0,1.0,0.22222222222222227,0.5,0.599923549592398,0.0,1.0,0.0,0.9375,0.6987529228371017,0.6025104602510458,0.9573792790750397,0.8597353497164448,0.0,1.0,0.0,0.0,0.0,0.0,0.0,0.0,0.0,0.0,0.0,0.0,1.0,0.0,0.0,1.0,0.0,0.0,0.0,0.0,0.0,0.0,0.0,1.0,0.0
1088,0.16049382716049382,1.0,1.0,1.0,0.22222222222222227,0.5,0.6208918069393788,0.05263157894736842,1.0,0.0,0.9375,0.6987529228371017,0.6025104602510458,0.9573792790750397,0.8597353497164448,0.0,0.0,0.0,0.0,0.0,0.0,0.0,0.0,0.0,1.0,0.0,0.0,1.0,0.0,0.0,0.0,0.0,0.0,0.0,1.0,0.0,0.0,0.0,1.0,0.0
1089,0.2222222222222222,1.0,1.0,1.0,0.22222222222222227,0.5,0.5787626916748434,0.0,1.0,0.0,0.9375,0.6987529228371017,0.6025104602510458,0.9573792790750397,0.8597353497164448,0.0,0.0,0.0,0.0,1.0,0.0,0.0,0.0,0.0,0.0,0.0,0.0,1.0,0.0,0.0,0.0,0.0,0.0,0.0,1.0,0.0,0.0,0.0,1.0,0.0
1090,0.24691358024691357,1.0,0.0,1.0,0.22222222222222227,0.5,0.5356959888812932,0.0,1.0,0.0,0.9375,0.6987529228371017,0.6025104602510458,0.9573792790750397,0.8597353497164448,0.0,1.0,0.0,0.0,0.0,0.0,0.0,0.0,0.0,0.0,0.0,0.0,1.0,0.0,0.0,0.0,0.0,0.0,0.0,1.0,0.0,0.0,1.0,1.0,0.0
1091,0.34567901234567905,1.0,0.0,1.0,0.22222222222222227,0.5,0.6055262822549443,0.13157894736842105,1.0,0.0,0.9375,0.6987529228371017,0.6025104602510458,0.9573792790750397,0.8597353497164448,0.0,0.0,0.0,0.0,0.0,0.0,0.0,1.0,0.0,0.0,0.0,0.0,1.0,0.0,0.0,0.0,0.0,1.0,0.0,0.0,0.0,0.0,1.0,1.0,0.0
1092,0.4938271604938272,1.0,0.0,1.0,0.22222222222222227,0.5,0.7409778362545074,0.02631578947368421,1.0,0.0,0.9375,0.6987529228371017,0.6025104602510458,0.9573792790750397,0.8597353497164448,1.0,1.0,0.0,0.0,0.0,0.0,0.0,0.0,0.0,0.0,0.0,0.0,0.0,0.0,0.0,0.0,1.0,0.0,0.0,0.0,0.0,0.0,0.0,1.0,0.0
1093,0.18518518518518517,0.0,0.0,1.0,0.22222222222222227,0.5,0.5829794567444476,0.0,1.0,0.0,0.9375,0.6987529228371017,0.6025104602510458,0.9573792790750397,0.8597353497164448,0.0,0.0,0.0,0.0,0.0,0.0,0.0,0.0,0.0,1.0,0.0,0.0,0.0,1.0,0.0,0.0,0.0,0.0,0.0,0.0,1.0,0.0,0.0,1.0,0.0
1094,0.20987654320987653,1.0,1.0,1.0,0.22222222222222227,0.5,0.6013494476505862,0.0,1.0,0.0,0.9375,0.6987529228371017,0.6025104602510458,0.9573792790750397,0.8597353497164448,0.0,1.0,0.0,0.0,0.0,0.0,0.0,0.0,0.0,0.0,0.0,0.0,0.0,1.0,0.0,0.0,0.0,0.0,0.0,0.0,1.0,0.0,0.0,1.0,0.0
1095,0.20987654320987653,1.0,1.0,1.0,0.22222222222222227,0.5,0.8587127544513325,0.07894736842105263,1.0,0.0,0.9375,0.6987529228371017,0.6025104602510458,0.9573792790750397,0.8597353497164448,1.0,1.0,0.0,0.0,0.0,0.0,0.0,0.0,0.0,0.0,0.0,0.0,1.0,0.0,0.0,0.0,1.0,0.0,0.0,0.0,0.0,0.0,0.0,1.0,0.0
1096,0.3703703703703703,1.0,0.0,1.0,0.22222222222222227,0.5,0.5787626916748434,0.0,1.0,0.0,0.9375,0.6987529228371017,0.6025104602510458,0.9573792790750397,0.8597353497164448,0.0,0.0,0.0,0.0,0.0,0.0,0.0,0.0,0.0,0.0,0.0,0.0,1.0,0.0,0.0,0.0,1.0,0.0,0.0,0.0,0.0,0.0,0.0,1.0,0.0
1097,0.2345679012345679,1.0,0.0,1.0,0.22222222222222227,0.5,0.3636152410663567,0.5263157894736842,1.0,0.0,0.9375,0.6987529228371017,0.6025104602510458,0.9573792790750397,0.8597353497164448,0.0,1.0,0.0,0.0,0.0,0.0,0.0,0.0,0.0,0.0,0.0,0.0,1.0,0.0,0.0,0.0,0.0,0.0,0.0,0.0,0.0,0.0,1.0,1.0,0.0
1098,0.19753086419753085,0.0,1.0,1.0,0.22222222222222227,0.5,0.6917573769087555,0.0,1.0,0.0,0.9375,0.6987529228371017,0.6025104602510458,0.9573792790750397,0.8597353497164448,0.0,0.0,0.0,0.0,0.0,0.0,0.0,0.0,0.0,0.0,0.0,0.0,1.0,0.0,0.0,0.0,0.0,1.0,0.0,0.0,0.0,0.0,0.0,1.0,0.0
1099,0.2345679012345679,1.0,1.0,1.0,0.22222222222222227,0.5,0.6432360720972943,0.0,1.0,0.0,0.9375,0.6987529228371017,0.6025104602510458,0.9573792790750397,0.8597353497164448,0.0,1.0,0.0,0.0,0.0,0.0,0.0,0.0,0.0,0.0,0.0,0.0,1.0,0.0,0.0,0.0,0.0,0.0,0.0,1.0,0.0,0.0,1.0,1.0,0.0
1100,0.3333333333333333,1.0,1.0,1.0,0.22222222222222227,0.5,0.5846247304098844,0.02631578947368421,1.0,0.0,0.9375,0.6987529228371017,0.6025104602510458,0.9573792790750397,0.8597353497164448,0.0,0.0,0.0,0.0,0.0,0.0,0.0,0.0,0.0,0.0,0.0,0.0,1.0,0.0,0.0,0.0,0.0,0.0,0.0,0.0,1.0,0.0,0.0,1.0,0.0
1101,0.2716049382716049,0.0,0.0,1.0,0.22222222222222227,0.5,0.6121741045570199,0.0,1.0,0.0,0.9375,0.6987529228371017,0.6025104602510458,0.9573792790750397,0.8597353497164448,0.0,1.0,0.0,0.0,0.0,0.0,0.0,0.0,0.0,0.0,0.0,0.0,1.0,0.0,0.0,1.0,0.0,0.0,0.0,0.0,0.0,0.0,1.0,1.0,0.0
1102,0.16049382716049382,1.0,0.0,1.0,0.22222222222222227,0.5,0.6166136936809081,0.0,1.0,0.0,0.9375,0.6987529228371017,0.6025104602510458,0.9573792790750397,0.8597353497164448,0.0,0.0,0.0,0.0,0.0,0.0,0.0,0.0,0.0,1.0,0.0,0.0,0.0,0.0,0.0,0.0,1.0,0.0,0.0,0.0,0.0,0.0,0.0,1.0,0.0
1103,0.4444444444444445,1.0,0.0,1.0,0.22222222222222227,0.5,0.6273151724090865,0.0,1.0,0.0,0.9375,0.6987529228371017,0.6025104602510458,0.9573792790750397,0.8597353497164448,0.0,0.0,0.0,0.0,0.0,0.0,0.0,0.0,0.0,1.0,0.0,0.0,0.0,0.0,0.0,0.0,0.0,0.0,0.0,0.0,1.0,0.0,0.0,1.0,0.0
1104,0.16049382716049382,1.0,0.0,1.0,0.22222222222222227,0.5,0.7895365846792701,0.02631578947368421,1.0,0.0,0.9375,0.6987529228371017,0.6025104602510458,0.9573792790750397,0.8597353497164448,0.0,0.0,0.0,0.0,0.0,0.0,0.0,1.0,0.0,0.0,0.0,0.0,1.0,0.0,0.0,0.0,1.0,0.0,0.0,0.0,0.0,0.0,0.0,1.0,0.0
1105,0.4444444444444445,1.0,0.0,1.0,0.22222222222222227,0.5,0.6901028468283567,0.0,1.0,0.0,0.9375,0.6987529228371017,0.6025104602510458,0.9573792790750397,0.8597353497164448,0.0,0.0,0.0,0.0,0.0,0.0,0.0,0.0,0.0,1.0,0.0,0.0,0.0,0.0,0.0,0.0,0.0,0.0,0.0,0.0,1.0,0.0,0.0,1.0,0.0
1106,0.2839506172839506,1.0,0.0,1.0,0.22222222222222227,0.5,0.7555996167365615,0.02631578947368421,1.0,0.0,0.9375,0.6987529228371017,0.6025104602510458,0.9573792790750397,0.8597353497164448,1.0,0.0,0.0,0.0,0.0,0.0,0.0,0.0,0.0,0.0,0.0,0.0,1.0,0.0,0.0,0.0,0.0,0.0,0.0,0.0,1.0,0.0,0.0,1.0,0.0
1107,0.25925925925925924,1.0,0.0,1.0,0.22222222222222227,0.5,0.5485843549516803,0.07894736842105263,1.0,0.0,0.9375,0.6987529228371017,0.6025104602510458,0.9573792790750397,0.8597353497164448,0.0,0.0,0.0,0.0,0.0,0.0,0.0,0.0,0.0,0.0,0.0,0.0,0.0,1.0,0.0,0.0,0.0,0.0,0.0,0.0,1.0,0.0,0.0,1.0,0.0
1108,0.1728395061728395,1.0,0.0,1.0,0.22222222222222227,0.5,0.6778197757555917,0.0,1.0,0.0,0.9375,0.6987529228371017,0.6025104602510458,0.9573792790750397,0.8597353497164448,0.0,0.0,0.0,0.0,0.0,0.0,0.0,1.0,0.0,0.0,0.0,0.0,0.0,1.0,0.0,0.0,0.0,1.0,0.0,0.0,0.0,0.0,1.0,1.0,0.0
1109,0.4074074074074074,1.0,0.0,1.0,0.22222222222222227,0.5,0.7329236164515708,0.0,1.0,0.0,0.9375,0.6987529228371017,0.6025104602510458,0.9573792790750397,0.8597353497164448,1.0,0.0,0.0,0.0,0.0,0.0,0.0,1.0,0.0,0.0,0.0,0.0,1.0,0.0,0.0,0.0,0.0,0.0,0.0,0.0,0.0,0.0,1.0,1.0,0.0
1110,0.19753086419753085,0.0,0.0,1.0,0.22222222222222227,0.5,0.8324632294357945,0.0,1.0,0.0,0.9375,0.6987529228371017,0.6025104602510458,0.9573792790750397,0.8597353497164448,1.0,1.0,0.0,0.0,0.0,0.0,0.0,0.0,0.0,0.0,0.0,0.0,1.0,0.0,0.0,1.0,0.0,0.0,0.0,0.0,0.0,0.0,0.0,1.0,0.0
1111,0.4691358024691357,0.0,0.0,1.0,0.22222222222222227,0.5,0.672135812695421,0.0,1.0,0.0,0.9375,0.6987529228371017,0.6025104602510458,0.9573792790750397,0.8597353497164448,0.0,0.0,0.0,0.0,0.0,1.0,0.0,0.0,0.0,0.0,0.0,0.0,1.0,0.0,0.0,0.0,0.0,1.0,0.0,0.0,0.0,0.0,0.0,1.0,0.0
1112,0.12345679012345678,0.0,0.0,1.0,0.22222222222222227,0.5,0.6244388640920251,0.0,1.0,0.0,0.9375,0.6987529228371017,0.6025104602510458,0.9573792790750397,0.8597353497164448,0.0,0.0,0.0,0.0,0.0,0.0,0.0,0.0,0.0,1.0,0.0,0.0,1.0,0.0,0.0,0.0,0.0,1.0,0.0,0.0,0.0,0.0,0.0,1.0,0.0
1113,0.38271604938271603,0.0,0.0,1.0,0.22222222222222227,0.5,0.6381648062569562,0.0,1.0,0.0,0.9375,0.6987529228371017,0.6025104602510458,0.9573792790750397,0.8597353497164448,0.0,0.0,1.0,0.0,0.0,0.0,0.0,0.0,0.0,0.0,0.0,0.0,1.0,0.0,0.0,0.0,0.0,0.0,0.0,0.0,1.0,0.0,0.0,1.0,0.0
1114,0.39506172839506176,0.0,0.0,1.0,0.22222222222222227,0.5,0.7665333465756918,0.0,1.0,0.0,0.9375,0.6987529228371017,0.6025104602510458,0.9573792790750397,0.8597353497164448,0.0,0.0,0.0,0.0,1.0,0.0,0.0,0.0,0.0,0.0,0.0,0.0,0.0,0.0,0.0,0.0,0.0,0.0,0.0,0.0,1.0,0.0,0.0,1.0,0.0
1115,0.09876543209876543,0.0,0.0,1.0,0.22222222222222227,0.5,0.7697940481719419,0.02631578947368421,1.0,0.0,0.9375,0.6987529228371017,0.6025104602510458,0.9573792790750397,0.8597353497164448,1.0,0.0,0.0,0.0,0.0,0.0,0.0,0.0,0.0,0.0,1.0,0.0,0.0,1.0,0.0,0.0,0.0,1.0,0.0,0.0,0.0,0.0,1.0,1.0,0.0
1116,0.4938271604938272,1.0,0.0,1.0,0.22222222222222227,0.5,0.6665709505038611,0.05263157894736842,1.0,0.0,0.9375,0.6987529228371017,0.6025104602510458,0.9573792790750397,0.8597353497164448,0.0,0.0,0.0,1.0,0.0,0.0,0.0,0.0,0.0,0.0,0.0,0.0,0.0,0.0,0.0,0.0,0.0,0.0,0.0,0.0,0.0,0.0,1.0,1.0,0.0
1117,0.2222222222222222,0.0,0.0,1.0,0.22222222222222227,0.5,0.4247708684332175,0.0,1.0,0.0,0.9375,0.6987529228371017,0.6025104602510458,0.9573792790750397,0.8597353497164448,0.0,1.0,0.0,0.0,0.0,0.0,0.0,0.0,0.0,0.0,0.0,0.0,1.0,0.0,0.0,0.0,0.0,0.0,0.0,0.0,0.0,0.0,1.0,1.0,0.0
1118,0.38271604938271603,0.0,0.0,1.0,0.22222222222222227,0.5,0.5955391234938983,0.0,1.0,0.0,0.9375,0.6987529228371017,0.6025104602510458,0.9573792790750397,0.8597353497164448,0.0,0.0,0.0,0.0,0.0,1.0,0.0,0.0,0.0,0.0,0.0,0.0,1.0,0.0,0.0,0.0,0.0,0.0,0.0,0.0,0.0,0.0,0.0,1.0,0.0
1119,0.4567901234567901,0.0,0.0,1.0,0.22222222222222227,0.5,0.7859033388293614,0.0,1.0,0.0,0.9375,0.6987529228371017,0.6025104602510458,0.9573792790750397,0.8597353497164448,1.0,0.0,0.0,0.0,0.0,0.0,0.0,0.0,0.0,1.0,0.0,0.0,1.0,0.0,0.0,0.0,0.0,0.0,0.0,1.0,0.0,0.0,0.0,1.0,0.0
1120,0.1728395061728395,0.0,1.0,1.0,0.22222222222222227,0.5,0.5689167450775122,0.02631578947368421,1.0,0.0,0.9375,0.6987529228371017,0.6025104602510458,0.9573792790750397,0.8597353497164448,0.0,0.0,0.0,0.0,0.0,0.0,0.0,0.0,0.0,1.0,0.0,0.0,1.0,0.0,0.0,0.0,0.0,0.0,0.0,0.0,1.0,0.0,0.0,1.0,0.0
1121,0.2345679012345679,1.0,0.0,1.0,0.22222222222222227,0.5,0.7521110040891097,0.05263157894736842,1.0,0.0,0.9375,0.6987529228371017,0.6025104602510458,0.9573792790750397,0.8597353497164448,0.0,1.0,0.0,0.0,0.0,0.0,0.0,0.0,0.0,0.0,0.0,0.0,1.0,0.0,0.0,0.0,1.0,0.0,0.0,0.0,0.0,0.0,0.0,1.0,0.0
1122,0.19753086419753085,0.0,0.0,1.0,0.22222222222222227,0.5,0.7646034201504672,0.02631578947368421,1.0,0.0,0.9375,0.6987529228371017,0.6025104602510458,0.9573792790750397,0.8597353497164448,1.0,0.0,0.0,0.0,0.0,0.0,0.0,0.0,0.0,0.0,0.0,0.0,1.0,0.0,0.0,0.0,0.0,0.0,0.0,0.0,1.0,0.0,0.0,1.0,0.0
1123,0.4691358024691357,0.0,0.0,1.0,0.22222222222222227,0.5,0.5631773068220264,0.0,1.0,0.0,0.9375,0.6987529228371017,0.6025104602510458,0.9573792790750397,0.8597353497164448,0.0,0.0,0.0,0.0,0.0,0.0,0.0,0.0,0.0,0.0,0.0,0.0,1.0,0.0,0.0,0.0,1.0,0.0,0.0,0.0,0.0,0.0,0.0,1.0,0.0
1124,0.19753086419753085,0.0,0.0,1.0,0.22222222222222227,0.5,0.6653434421536871,0.02631578947368421,1.0,0.0,0.9375,0.6987529228371017,0.6025104602510458,0.9573792790750397,0.8597353497164448,0.0,1.0,0.0,0.0,0.0,0.0,0.0,0.0,0.0,0.0,0.0,0.0,0.0,1.0,0.0,0.0,1.0,0.0,0.0,0.0,0.0,0.0,0.0,1.0,0.0
1125,0.43209876543209874,0.0,0.0,1.0,0.22222222222222227,0.5,0.6386818846696665,0.0,1.0,0.0,0.9375,0.6987529228371017,0.6025104602510458,0.9573792790750397,0.8597353497164448,0.0,0.0,0.0,0.0,0.0,0.0,0.0,1.0,0.0,0.0,0.0,0.0,1.0,0.0,0.0,0.0,0.0,0.0,0.0,0.0,0.0,1.0,1.0,1.0,0.0
1126,0.29629629629629634,1.0,0.0,1.0,0.22222222222222227,0.5,0.761738495611787,0.0,1.0,0.0,0.9375,0.6987529228371017,0.6025104602510458,0.9573792790750397,0.8597353497164448,1.0,0.0,0.0,0.0,1.0,0.0,0.0,0.0,0.0,0.0,0.0,0.0,1.0,0.0,0.0,1.0,0.0,0.0,0.0,0.0,0.0,0.0,0.0,1.0,0.0
1127,0.3333333333333333,0.0,0.0,1.0,0.22222222222222227,0.5,0.664102989715846,0.02631578947368421,1.0,0.0,0.9375,0.6987529228371017,0.6025104602510458,0.9573792790750397,0.8597353497164448,0.0,0.0,0.0,0.0,1.0,0.0,0.0,0.0,0.0,0.0,0.0,0.0,1.0,0.0,0.0,0.0,1.0,0.0,0.0,0.0,0.0,0.0,1.0,1.0,0.0
1128,0.18518518518518517,1.0,0.0,1.0,0.22222222222222227,0.5,0.6585712040288184,0.02631578947368421,1.0,0.0,0.9375,0.6987529228371017,0.6025104602510458,0.9573792790750397,0.8597353497164448,0.0,0.0,0.0,0.0,0.0,0.0,0.0,0.0,0.0,1.0,0.0,0.0,0.0,1.0,0.0,0.0,0.0,0.0,0.0,0.0,1.0,0.0,0.0,1.0,0.0
1129,0.2716049382716049,0.0,0.0,1.0,0.22222222222222227,0.5,0.48358326152743014,0.13157894736842105,1.0,0.0,0.9375,0.6987529228371017,0.6025104602510458,0.9573792790750397,0.8597353497164448,0.0,0.0,0.0,0.0,0.0,0.0,0.0,0.0,0.0,0.0,0.0,0.0,1.0,0.0,0.0,1.0,0.0,0.0,0.0,0.0,0.0,0.0,1.0,1.0,0.0
1130,0.4444444444444445,0.0,0.0,1.0,0.22222222222222227,0.5,0.795534696476893,0.02631578947368421,1.0,0.0,0.9375,0.6987529228371017,0.6025104602510458,0.9573792790750397,0.8597353497164448,1.0,0.0,0.0,0.0,0.0,0.0,0.0,0.0,0.0,1.0,0.0,0.0,1.0,0.0,0.0,0.0,0.0,0.0,0.0,1.0,0.0,0.0,1.0,1.0,0.0
1131,0.3209876543209876,0.0,0.0,1.0,0.22222222222222227,0.5,0.5169416832156455,0.21052631578947367,1.0,0.0,0.9375,0.6987529228371017,0.6025104602510458,0.9573792790750397,0.8597353497164448,0.0,0.0,0.0,0.0,0.0,0.0,0.0,0.0,0.0,1.0,0.0,0.0,0.0,0.0,0.0,0.0,0.0,0.0,0.0,0.0,0.0,1.0,0.0,1.0,0.0
1132,0.1728395061728395,0.0,0.0,1.0,0.22222222222222227,0.5,0.529335783224907,0.10526315789473684,1.0,0.0,0.9375,0.6987529228371017,0.6025104602510458,0.9573792790750397,0.8597353497164448,0.0,0.0,0.0,0.0,0.0,0.0,0.0,0.0,0.0,1.0,0.0,0.0,1.0,0.0,0.0,0.0,0.0,0.0,0.0,1.0,0.0,0.0,0.0,1.0,0.0
1133,0.2839506172839506,0.0,0.0,1.0,0.22222222222222227,0.5,0.647141331954917,0.05263157894736842,1.0,0.0,0.9375,0.6987529228371017,0.6025104602510458,0.9573792790750397,0.8597353497164448,0.0,0.0,0.0,0.0,0.0,0.0,0.0,0.0,0.0,0.0,0.0,0.0,0.0,1.0,0.0,0.0,0.0,0.0,0.0,0.0,1.0,0.0,0.0,1.0,0.0
1134,0.2222222222222222,1.0,1.0,1.0,0.22222222222222227,0.5,0.7144035016000657,0.05263157894736842,1.0,0.0,0.9375,0.6987529228371017,0.6025104602510458,0.9573792790750397,0.8597353497164448,0.0,1.0,0.0,0.0,0.0,0.0,0.0,0.0,0.0,0.0,0.0,0.0,0.0,0.0,0.0,0.0,0.0,0.0,0.0,0.0,0.0,0.0,0.0,1.0,0.0
1135,0.4691358024691357,1.0,0.0,1.0,0.22222222222222227,0.5,0.5821481094717212,0.02631578947368421,1.0,0.0,0.9375,0.6987529228371017,0.6025104602510458,0.9573792790750397,0.8597353497164448,0.0,0.0,0.0,0.0,0.0,0.0,0.0,0.0,0.0,0.0,1.0,0.0,1.0,0.0,0.0,0.0,0.0,0.0,0.0,0.0,0.0,0.0,1.0,1.0,0.0
1136,0.2345679012345679,1.0,0.0,1.0,0.22222222222222227,0.5,0.47140323828241015,0.0,1.0,0.0,0.9375,0.6987529228371017,0.6025104602510458,0.9573792790750397,0.8597353497164448,0.0,0.0,0.0,0.0,0.0,0.0,0.0,1.0,0.0,0.0,0.0,0.0,1.0,0.0,0.0,0.0,0.0,1.0,0.0,0.0,0.0,0.0,0.0,1.0,0.0
1137,0.4074074074074074,1.0,1.0,1.0,0.22222222222222227,0.5,0.5679794082497067,0.0,1.0,0.0,0.9375,0.6987529228371017,0.6025104602510458,0.9573792790750397,0.8597353497164448,0.0,0.0,0.0,0.0,0.0,0.0,0.0,0.0,0.0,1.0,0.0,0.0,1.0,0.0,0.0,0.0,0.0,0.0,0.0,1.0,0.0,0.0,1.0,1.0,0.0
1138,0.39506172839506176,0.0,0.0,1.0,0.22222222222222227,0.5,0.6874062210217441,0.0,1.0,0.0,0.9375,0.6987529228371017,0.6025104602510458,0.9573792790750397,0.8597353497164448,0.0,1.0,0.0,0.0,0.0,0.0,0.0,0.0,0.0,0.0,0.0,0.0,1.0,0.0,0.0,0.0,0.0,0.0,0.0,0.0,0.0,0.0,1.0,1.0,0.0
1139,0.18518518518518517,0.0,0.0,1.0,0.22222222222222227,0.5,0.6770775956944137,0.02631578947368421,1.0,0.0,0.9375,0.6987529228371017,0.6025104602510458,0.9573792790750397,0.8597353497164448,0.0,0.0,0.0,0.0,0.0,0.0,0.0,0.0,0.0,0.0,0.0,0.0,0.0,0.0,0.0,0.0,0.0,0.0,0.0,0.0,1.0,0.0,0.0,1.0,0.0
1140,0.35802469135802467,0.0,0.0,1.0,0.22222222222222227,0.5,0.5356959888812932,0.0,1.0,0.0,0.9375,0.6987529228371017,0.6025104602510458,0.9573792790750397,0.8597353497164448,0.0,0.0,0.0,0.0,0.0,1.0,0.0,0.0,0.0,0.0,0.0,0.0,1.0,0.0,0.0,0.0,0.0,0.0,0.0,0.0,0.0,0.0,0.0,1.0,0.0
1141,0.35802469135802467,0.0,0.0,1.0,0.22222222222222227,0.5,0.6027582686746316,0.0,1.0,0.0,0.9375,0.6987529228371017,0.6025104602510458,0.9573792790750397,0.8597353497164448,0.0,1.0,0.0,0.0,0.0,0.0,0.0,0.0,0.0,0.0,0.0,0.0,1.0,0.0,0.0,0.0,1.0,0.0,0.0,0.0,0.0,0.0,1.0,1.0,0.0
1142,0.4567901234567901,0.0,0.0,1.0,0.22222222222222227,0.5,0.8771411462288438,0.0,1.0,0.0,0.9375,0.6987529228371017,0.6025104602510458,0.9573792790750397,0.8597353497164448,1.0,0.0,0.0,0.0,0.0,1.0,0.0,0.0,0.0,0.0,0.0,0.0,1.0,0.0,0.0,0.0,0.0,0.0,0.0,0.0,0.0,0.0,1.0,1.0,0.0
1143,0.29629629629629634,0.0,0.0,1.0,0.22222222222222227,0.5,0.649517880450222,0.02631578947368421,1.0,0.0,0.9375,0.6987529228371017,0.6025104602510458,0.9573792790750397,0.8597353497164448,0.0,0.0,0.0,0.0,0.0,0.0,0.0,0.0,0.0,0.0,0.0,0.0,1.0,0.0,0.0,0.0,0.0,1.0,0.0,0.0,0.0,0.0,0.0,1.0,0.0
1144,0.2839506172839506,1.0,0.0,1.0,0.22222222222222227,0.5,0.5761581170225034,0.0,1.0,0.0,0.9375,0.6987529228371017,0.6025104602510458,0.9573792790750397,0.8597353497164448,0.0,0.0,0.0,0.0,0.0,0.0,0.0,1.0,0.0,0.0,0.0,0.0,1.0,0.0,0.0,0.0,0.0,1.0,0.0,0.0,0.0,0.0,1.0,1.0,0.0
1145,0.29629629629629634,1.0,0.0,1.0,0.22222222222222227,0.5,0.6504552172780276,0.05263157894736842,1.0,0.0,0.9375,0.6987529228371017,0.6025104602510458,0.9573792790750397,0.8597353497164448,0.0,0.0,0.0,0.0,0.0,0.0,0.0,1.0,0.0,0.0,0.0,0.0,1.0,0.0,0.0,0.0,1.0,0.0,0.0,0.0,0.0,0.0,0.0,1.0,0.0
1146,0.29629629629629634,1.0,0.0,1.0,0.22222222222222227,0.5,0.5591892927228724,0.0,1.0,0.0,0.9375,0.6987529228371017,0.6025104602510458,0.9573792790750397,0.8597353497164448,0.0,1.0,0.0,0.0,0.0,0.0,0.0,0.0,0.0,0.0,0.0,0.0,1.0,0.0,0.0,1.0,0.0,0.0,0.0,0.0,0.0,0.0,0.0,1.0,0.0
1147,0.16049382716049382,0.0,1.0,1.0,0.22222222222222227,0.5,0.7692851714613549,0.10526315789473684,1.0,0.0,0.9375,0.6987529228371017,0.6025104602510458,0.9573792790750397,0.8597353497164448,1.0,0.0,0.0,0.0,1.0,0.0,0.0,0.0,0.0,0.0,0.0,0.0,0.0,1.0,0.0,0.0,0.0,0.0,0.0,0.0,1.0,0.0,0.0,1.0,0.0
1148,0.13580246913580246,1.0,0.0,1.0,0.22222222222222227,0.5,0.6628493172872891,0.02631578947368421,1.0,0.0,0.9375,0.6987529228371017,0.6025104602510458,0.9573792790750397,0.8597353497164448,0.0,0.0,0.0,0.0,0.0,0.0,0.0,0.0,0.0,0.0,0.0,0.0,0.0,1.0,0.0,0.0,0.0,0.0,0.0,0.0,0.0,1.0,0.0,1.0,0.0
1149,0.30864197530864196,1.0,0.0,1.0,0.22222222222222227,0.5,0.5125020940917573,0.05263157894736842,1.0,0.0,0.9375,0.6987529228371017,0.6025104602510458,0.9573792790750397,0.8597353497164448,0.0,0.0,0.0,0.0,0.0,0.0,0.0,0.0,0.0,1.0,0.0,0.0,1.0,0.0,0.0,0.0,0.0,0.0,0.0,1.0,0.0,0.0,0.0,1.0,0.0
1150,0.16049382716049382,0.0,1.0,1.0,0.22222222222222227,0.5,0.5369277818064884,0.02631578947368421,1.0,0.0,0.9375,0.6987529228371017,0.6025104602510458,0.9573792790750397,0.8597353497164448,0.0,0.0,0.0,0.0,1.0,0.0,0.0,0.0,0.0,0.0,0.0,0.0,0.0,1.0,0.0,0.0,0.0,0.0,0.0,0.0,1.0,0.0,0.0,1.0,0.0
1151,0.3703703703703703,1.0,0.0,1.0,0.22222222222222227,0.5,0.49105467050389934,0.0,1.0,0.0,0.9375,0.6987529228371017,0.6025104602510458,0.9573792790750397,0.8597353497164448,0.0,1.0,0.0,0.0,0.0,0.0,0.0,0.0,0.0,0.0,0.0,0.0,0.0,0.0,0.0,0.0,1.0,0.0,0.0,0.0,0.0,0.0,1.0,1.0,0.0
1152,0.09876543209876543,0.0,0.0,1.0,0.22222222222222227,0.5,0.6860343669962174,0.05263157894736842,1.0,0.0,0.9375,0.6987529228371017,0.6025104602510458,0.9573792790750397,0.8597353497164448,0.0,1.0,0.0,0.0,0.0,0.0,0.0,0.0,0.0,0.0,0.0,0.0,1.0,0.0,0.0,0.0,1.0,0.0,0.0,0.0,0.0,0.0,0.0,1.0,0.0
1153,0.09876543209876543,0.0,0.0,1.0,0.22222222222222227,0.5,0.6763307033473182,0.02631578947368421,1.0,0.0,0.9375,0.6987529228371017,0.6025104602510458,0.9573792790750397,0.8597353497164448,0.0,1.0,0.0,0.0,0.0,0.0,0.0,0.0,0.0,0.0,0.0,0.0,0.0,1.0,0.0,0.0,0.0,1.0,0.0,0.0,0.0,0.0,0.0,1.0,0.0
1154,0.2345679012345679,0.0,0.0,1.0,0.22222222222222227,0.5,0.7009201794617362,0.05263157894736842,1.0,0.0,0.9375,0.6987529228371017,0.6025104602510458,0.9573792790750397,0.8597353497164448,0.0,0.0,1.0,0.0,0.0,0.0,0.0,0.0,0.0,0.0,0.0,0.0,1.0,0.0,0.0,0.0,0.0,0.0,0.0,0.0,1.0,0.0,0.0,1.0,0.0
1155,0.1111111111111111,1.0,0.0,1.0,0.22222222222222227,0.5,0.684296740875147,0.02631578947368421,1.0,0.0,0.9375,0.6987529228371017,0.6025104602510458,0.9573792790750397,0.8597353497164448,0.0,1.0,0.0,0.0,0.0,0.0,0.0,0.0,0.0,0.0,0.0,0.0,0.0,1.0,0.0,0.0,1.0,0.0,0.0,0.0,0.0,0.0,1.0,1.0,0.0
1156,0.13580246913580246,1.0,1.0,1.0,0.22222222222222227,0.5,0.5239878100544288,0.05263157894736842,1.0,0.0,0.9375,0.6987529228371017,0.6025104602510458,0.9573792790750397,0.8597353497164448,0.0,0.0,0.0,0.0,0.0,0.0,1.0,0.0,0.0,0.0,0.0,0.0,1.0,0.0,0.0,0.0,0.0,0.0,0.0,1.0,0.0,0.0,0.0,1.0,0.0
1157,0.4074074074074074,0.0,0.0,1.0,0.22222222222222227,0.5,0.6447157790225418,0.07894736842105263,1.0,0.0,0.9375,0.6987529228371017,0.6025104602510458,0.9573792790750397,0.8597353497164448,0.0,0.0,0.0,0.0,0.0,0.0,0.0,0.0,0.0,1.0,0.0,0.0,1.0,0.0,0.0,0.0,0.0,0.0,0.0,1.0,0.0,0.0,1.0,1.0,0.0
1158,0.24691358024691357,0.0,0.0,1.0,0.22222222222222227,0.5,0.7157509980005988,0.02631578947368421,1.0,0.0,0.9375,0.6987529228371017,0.6025104602510458,0.9573792790750397,0.8597353497164448,0.0,0.0,0.0,0.0,1.0,0.0,0.0,0.0,0.0,0.0,0.0,0.0,0.0,1.0,0.0,0.0,0.0,1.0,0.0,0.0,0.0,0.0,0.0,1.0,0.0
1159,0.30864197530864196,0.0,0.0,1.0,0.22222222222222227,0.5,0.5529417104829256,0.05263157894736842,1.0,0.0,0.9375,0.6987529228371017,0.6025104602510458,0.9573792790750397,0.8597353497164448,0.0,0.0,0.0,0.0,1.0,0.0,0.0,0.0,0.0,0.0,0.0,0.0,1.0,0.0,0.0,0.0,0.0,0.0,0.0,0.0,1.0,0.0,0.0,1.0,0.0
1160,0.19753086419753085,0.0,0.0,1.0,0.22222222222222227,0.5,0.5331930189342876,0.10526315789473684,1.0,0.0,0.9375,0.6987529228371017,0.6025104602510458,0.9573792790750397,0.8597353497164448,0.0,0.0,0.0,0.0,0.0,0.0,0.0,0.0,0.0,0.0,0.0,0.0,1.0,0.0,0.0,0.0,0.0,0.0,0.0,0.0,1.0,0.0,0.0,1.0,0.0
1161,0.3209876543209876,0.0,1.0,1.0,0.22222222222222227,0.5,0.6055262822549443,0.10526315789473684,1.0,0.0,0.9375,0.6987529228371017,0.6025104602510458,0.9573792790750397,0.8597353497164448,0.0,0.0,0.0,0.0,0.0,0.0,0.0,0.0,0.0,0.0,0.0,0.0,0.0,1.0,0.0,0.0,0.0,1.0,0.0,0.0,0.0,0.0,0.0,1.0,0.0
1162,0.5185185185185184,0.0,0.0,1.0,0.22222222222222227,0.5,0.7445976649216831,0.21052631578947367,1.0,0.0,0.9375,0.6987529228371017,0.6025104602510458,0.9573792790750397,0.8597353497164448,1.0,0.0,0.0,0.0,0.0,1.0,0.0,0.0,0.0,0.0,0.0,0.0,1.0,0.0,0.0,0.0,0.0,0.0,0.0,1.0,0.0,0.0,0.0,1.0,0.0
1163,0.25925925925925924,1.0,0.0,1.0,0.22222222222222227,0.5,0.5507832068127649,0.05263157894736842,1.0,0.0,0.9375,0.6987529228371017,0.6025104602510458,0.9573792790750397,0.8597353497164448,0.0,0.0,0.0,0.0,0.0,0.0,0.0,0.0,0.0,0.0,0.0,1.0,0.0,0.0,0.0,0.0,0.0,1.0,0.0,0.0,0.0,0.0,1.0,1.0,0.0
1164,0.3209876543209876,1.0,0.0,1.0,0.22222222222222227,0.5,0.7497264261648069,0.05263157894736842,1.0,0.0,0.9375,0.6987529228371017,0.6025104602510458,0.9573792790750397,0.8597353497164448,0.0,0.0,0.0,0.0,0.0,0.0,0.0,0.0,0.0,0.0,1.0,0.0,1.0,0.0,0.0,0.0,0.0,1.0,0.0,0.0,0.0,0.0,0.0,1.0,0.0
1165,0.2345679012345679,0.0,0.0,1.0,0.22222222222222227,0.5,0.5870502833422594,0.02631578947368421,1.0,0.0,0.9375,0.6987529228371017,0.6025104602510458,0.9573792790750397,0.8597353497164448,0.0,0.0,0.0,0.0,0.0,0.0,0.0,0.0,0.0,1.0,0.0,0.0,1.0,0.0,0.0,0.0,0.0,0.0,0.0,0.0,1.0,0.0,0.0,1.0,0.0
1166,0.38271604938271603,0.0,0.0,1.0,0.22222222222222227,0.75,0.5094464638657551,0.0,1.0,0.0,0.9375,0.6987529228371017,0.6025104602510458,0.9580593969621403,0.8597353497164448,0.0,0.0,1.0,0.0,0.0,0.0,0.0,0.0,0.0,0.0,0.0,0.0,0.0,0.0,0.0,0.0,0.0,0.0,0.0,0.0,0.0,0.0,0.0,1.0,0.0
1167,0.14814814814814814,0.0,0.0,1.0,0.22222222222222227,0.75,0.5344511608683252,0.0,1.0,0.0,0.9375,0.6987529228371017,0.6025104602510458,0.9580593969621403,0.8597353497164448,0.0,0.0,0.0,0.0,0.0,0.0,0.0,0.0,0.0,0.0,0.0,0.0,0.0,1.0,0.0,0.0,1.0,0.0,0.0,0.0,0.0,0.0,1.0,1.0,0.0
1168,0.48148148148148145,0.0,0.0,1.0,0.22222222222222227,0.75,0.77891004364839,0.02631578947368421,1.0,0.0,0.9375,0.6987529228371017,0.6025104602510458,0.9580593969621403,0.8597353497164448,0.0,0.0,0.0,0.0,1.0,0.0,0.0,0.0,0.0,0.0,0.0,0.0,1.0,0.0,0.0,0.0,0.0,0.0,0.0,0.0,1.0,0.0,0.0,1.0,0.0
1169,0.2345679012345679,0.0,0.0,1.0,0.22222222222222227,0.75,0.6835944393892373,0.05263157894736842,1.0,0.0,0.9375,0.6987529228371017,0.6025104602510458,0.9580593969621403,0.8597353497164448,0.0,1.0,0.0,0.0,0.0,0.0,0.0,0.0,0.0,0.0,0.0,0.0,0.0,1.0,0.0,0.0,1.0,0.0,0.0,0.0,0.0,0.0,0.0,1.0,0.0
1170,0.43209876543209874,1.0,0.0,1.0,0.22222222222222227,0.75,0.580467578755373,0.0,1.0,0.0,0.9375,0.6987529228371017,0.6025104602510458,0.9580593969621403,0.8597353497164448,0.0,0.0,0.0,0.0,0.0,1.0,0.0,0.0,0.0,0.0,0.0,0.0,1.0,0.0,0.0,0.0,0.0,0.0,0.0,0.0,0.0,0.0,0.0,1.0,0.0
1171,0.2716049382716049,1.0,0.0,1.0,0.22222222222222227,0.75,0.7409778362545074,0.0,1.0,0.0,0.9375,0.6987529228371017,0.6025104602510458,0.9580593969621403,0.8597353497164448,1.0,0.0,0.0,0.0,0.0,0.0,0.0,0.0,0.0,0.0,0.0,0.0,1.0,0.0,0.0,0.0,0.0,0.0,0.0,0.0,1.0,0.0,0.0,1.0,0.0
1172,0.2839506172839506,1.0,0.0,1.0,0.22222222222222227,0.75,0.6095598825393173,0.0,1.0,0.0,0.9375,0.6987529228371017,0.6025104602510458,0.9580593969621403,0.8597353497164448,0.0,0.0,0.0,0.0,0.0,0.0,0.0,0.0,0.0,0.0,0.0,0.0,0.0,1.0,0.0,0.0,0.0,0.0,0.0,0.0,0.0,1.0,1.0,1.0,0.0
1173,0.419753086419753,1.0,0.0,1.0,0.22222222222222227,0.75,0.5787626916748434,0.02631578947368421,1.0,0.0,0.9375,0.6987529228371017,0.6025104602510458,0.9580593969621403,0.8597353497164448,0.0,0.0,0.0,0.0,0.0,0.0,0.0,0.0,0.0,1.0,0.0,0.0,1.0,0.0,0.0,0.0,0.0,0.0,0.0,0.0,0.0,1.0,0.0,1.0,0.0
1174,0.48148148148148145,1.0,0.0,1.0,0.22222222222222227,0.75,0.5770327318283031,0.0,1.0,0.0,0.9375,0.6987529228371017,0.6025104602510458,0.9580593969621403,0.8597353497164448,0.0,0.0,0.0,0.0,0.0,0.0,0.0,0.0,0.0,0.0,0.0,0.0,0.0,0.0,0.0,0.0,0.0,0.0,0.0,0.0,0.0,1.0,1.0,1.0,0.0
1175,0.1111111111111111,0.0,0.0,1.0,0.22222222222222227,0.75,0.31856189022048026,0.0,1.0,0.0,0.9375,0.6987529228371017,0.6025104602510458,0.9580593969621403,0.8597353497164448,0.0,0.0,0.0,0.0,0.0,0.0,0.0,0.0,0.0,1.0,0.0,0.0,0.0,1.0,0.0,0.0,0.0,0.0,0.0,1.0,0.0,0.0,0.0,1.0,0.0
1176,0.2839506172839506,1.0,0.0,1.0,0.22222222222222227,0.75,0.7401096762293339,0.0,1.0,0.0,0.9375,0.6987529228371017,0.6025104602510458,0.9580593969621403,0.8597353497164448,1.0,0.0,0.0,0.0,0.0,0.0,0.0,0.0,0.0,1.0,0.0,0.0,1.0,0.0,0.0,0.0,1.0,0.0,0.0,0.0,0.0,0.0,1.0,1.0,0.0
1177,0.4444444444444445,0.0,0.0,1.0,0.22222222222222227,0.75,0.6140973378497864,0.0,1.0,0.0,0.9375,0.6987529228371017,0.6025104602510458,0.9580593969621403,0.8597353497164448,0.0,0.0,1.0,0.0,0.0,0.0,0.0,0.0,0.0,0.0,0.0,0.0,0.0,0.0,0.0,0.0,0.0,0.0,0.0,0.0,0.0,1.0,0.0,1.0,0.0
1178,0.24691358024691357,0.0,1.0,1.0,0.22222222222222227,0.75,0.4477973110243916,0.0,1.0,0.0,0.9375,0.6987529228371017,0.6025104602510458,0.9580593969621403,0.8597353497164448,0.0,0.0,0.0,0.0,0.0,0.0,0.0,0.0,0.0,1.0,0.0,0.0,1.0,0.0,0.0,0.0,0.0,0.0,0.0,1.0,0.0,0.0,0.0,1.0,0.0
1179,0.24691358024691357,0.0,0.0,1.0,0.22222222222222227,0.75,0.6677857821213365,0.0,1.0,0.0,0.9375,0.6987529228371017,0.6025104602510458,0.9580593969621403,0.8597353497164448,0.0,1.0,0.0,0.0,0.0,0.0,0.0,0.0,0.0,0.0,0.0,0.0,1.0,0.0,0.0,0.0,1.0,0.0,0.0,0.0,0.0,0.0,0.0,1.0,0.0
1180,0.13580246913580246,1.0,0.0,1.0,0.22222222222222227,0.75,0.7762165959614749,0.0,1.0,0.0,0.9375,0.6987529228371017,0.6025104602510458,0.9580593969621403,0.8597353497164448,1.0,0.0,1.0,0.0,0.0,0.0,0.0,0.0,0.0,0.0,0.0,0.0,1.0,0.0,0.0,0.0,1.0,0.0,0.0,0.0,0.0,0.0,1.0,1.0,0.0
1181,0.25925925925925924,1.0,0.0,1.0,0.22222222222222227,0.75,0.6196852820090151,0.0,1.0,0.0,0.9375,0.6987529228371017,0.6025104602510458,0.9580593969621403,0.8597353497164448,0.0,0.0,0.0,0.0,0.0,0.0,0.0,1.0,0.0,0.0,0.0,0.0,0.0,1.0,0.0,0.0,1.0,0.0,0.0,0.0,0.0,0.0,0.0,1.0,0.0
1182,0.34567901234567905,1.0,1.0,1.0,0.22222222222222227,0.75,0.6518473654724107,0.0,1.0,0.0,0.9375,0.6987529228371017,0.6025104602510458,0.9580593969621403,0.8597353497164448,0.0,0.0,0.0,0.0,0.0,0.0,0.0,0.0,0.0,0.0,0.0,0.0,1.0,0.0,0.0,0.0,1.0,0.0,0.0,0.0,0.0,0.0,0.0,1.0,0.0
1183,0.4074074074074074,0.0,0.0,1.0,0.22222222222222227,0.75,0.3738508374054576,0.0,1.0,0.0,0.9375,0.6987529228371017,0.6025104602510458,0.9580593969621403,0.8597353497164448,0.0,0.0,0.0,0.0,0.0,0.0,1.0,0.0,0.0,0.0,0.0,0.0,1.0,0.0,0.0,0.0,0.0,0.0,0.0,0.0,0.0,0.0,1.0,1.0,0.0
1184,0.16049382716049382,1.0,0.0,1.0,0.22222222222222227,0.75,0.7483127678708024,0.05263157894736842,1.0,0.0,0.9375,0.6987529228371017,0.6025104602510458,0.9580593969621403,0.8597353497164448,0.0,1.0,0.0,0.0,0.0,0.0,0.0,0.0,0.0,0.0,0.0,0.0,0.0,1.0,0.0,0.0,1.0,0.0,0.0,0.0,0.0,0.0,1.0,1.0,0.0
1185,0.25925925925925924,1.0,0.0,1.0,0.22222222222222227,0.75,0.8231632494961368,0.0,1.0,0.0,0.9375,0.6987529228371017,0.6025104602510458,0.9580593969621403,0.8597353497164448,1.0,0.0,0.0,0.0,0.0,0.0,0.0,0.0,0.0,1.0,0.0,0.0,0.0,0.0,0.0,0.0,0.0,0.0,0.0,1.0,0.0,0.0,0.0,1.0,0.0
1186,0.48148148148148145,1.0,0.0,1.0,0.22222222222222227,0.75,0.6624284397381989,0.0,1.0,0.0,0.9375,0.6987529228371017,0.6025104602510458,0.9580593969621403,0.8597353497164448,0.0,0.0,0.0,0.0,0.0,1.0,0.0,0.0,0.0,0.0,0.0,0.0,0.0,0.0,0.0,0.0,0.0,0.0,0.0,0.0,0.0,0.0,1.0,1.0,0.0
1187,0.20987654320987653,0.0,0.0,1.0,0.22222222222222227,0.75,0.7851630270752102,0.02631578947368421,1.0,0.0,0.9375,0.6987529228371017,0.6025104602510458,0.9580593969621403,0.8597353497164448,1.0,0.0,0.0,0.0,0.0,0.0,0.0,1.0,0.0,0.0,0.0,0.0,1.0,0.0,0.0,0.0,0.0,1.0,0.0,0.0,0.0,0.0,0.0,1.0,0.0
1188,0.4938271604938272,0.0,0.0,1.0,0.22222222222222227,0.75,0.5932840675469451,0.0,1.0,0.0,0.9375,0.6987529228371017,0.6025104602510458,0.9580593969621403,0.8597353497164448,0.0,1.0,0.0,0.0,0.0,0.0,0.0,0.0,0.0,0.0,0.0,0.0,1.0,0.0,0.0,0.0,0.0,0.0,0.0,0.0,0.0,0.0,1.0,1.0,0.0
1189,0.48148148148148145,0.5,0.5,1.0,0.22222222222222227,0.75,0.5796182238056906,0.0,1.0,0.0,0.9375,0.6987529228371017,0.6025104602510458,0.9580593969621403,0.8597353497164448,0.0,1.0,0.0,0.0,0.0,0.0,0.0,0.0,0.0,0.0,0.0,0.0,1.0,0.0,0.0,0.0,0.0,0.0,0.0,0.0,0.0,0.0,1.0,1.0,0.0
1190,0.35802469135802467,0.0,0.0,1.0,0.22222222222222227,0.75,0.6880861948773884,0.13157894736842105,1.0,0.0,0.9375,0.6987529228371017,0.6025104602510458,0.9580593969621403,0.8597353497164448,0.0,1.0,0.0,0.0,0.0,0.0,0.0,0.0,0.0,0.0,0.0,0.0,1.0,0.0,0.0,0.0,1.0,0.0,0.0,0.0,0.0,0.0,1.0,1.0,0.0
1191,0.29629629629629634,0.0,0.0,1.0,0.22222222222222227,0.75,0.5779008918534767,0.02631578947368421,1.0,0.0,0.9375,0.6987529228371017,0.6025104602510458,0.9580593969621403,0.8597353497164448,0.0,0.0,0.0,0.0,0.0,0.0,0.0,0.0,0.0,0.0,0.0,0.0,1.0,0.0,0.0,0.0,0.0,1.0,0.0,0.0,0.0,0.0,0.0,1.0,0.0
1192,0.24691358024691357,0.0,0.0,1.0,0.22222222222222227,0.75,0.7782818170578935,0.0,1.0,0.0,0.9375,0.6987529228371017,0.6025104602510458,0.9580593969621403,0.8597353497164448,1.0,0.0,0.0,0.0,0.0,0.0,0.0,0.0,0.0,0.0,1.0,0.0,1.0,0.0,0.0,0.0,0.0,0.0,0.0,1.0,0.0,0.0,1.0,1.0,0.0
1193,0.29629629629629634,1.0,0.0,1.0,0.22222222222222227,0.75,0.56984667205054,0.0,1.0,0.0,0.9375,0.6987529228371017,0.6025104602510458,0.9580593969621403,0.8597353497164448,0.0,0.0,1.0,0.0,0.0,0.0,0.0,0.0,0.0,0.0,0.0,0.0,1.0,0.0,0.0,0.0,0.0,0.0,0.0,0.0,1.0,0.0,1.0,1.0,0.0
1194,0.2839506172839506,1.0,0.0,1.0,0.22222222222222227,0.75,0.5854388177384106,0.0,1.0,0.0,0.9375,0.6987529228371017,0.6025104602510458,0.9580593969621403,0.8597353497164448,0.0,0.0,0.0,0.0,0.0,0.0,1.0,0.0,0.0,0.0,0.0,0.0,1.0,0.0,0.0,0.0,0.0,1.0,0.0,0.0,0.0,0.0,1.0,1.0,0.0
1195,0.16049382716049382,0.0,0.0,1.0,0.22222222222222227,0.75,0.6095598825393173,0.0,1.0,0.0,0.9375,0.6987529228371017,0.6025104602510458,0.9580593969621403,0.8597353497164448,0.0,0.0,0.0,0.0,0.0,0.0,0.0,1.0,0.0,0.0,0.0,0.0,0.0,0.0,0.0,0.0,1.0,0.0,0.0,0.0,0.0,0.0,0.0,1.0,0.0
1196,0.1728395061728395,0.0,0.0,1.0,0.22222222222222227,0.75,0.8348238802150831,0.0,1.0,0.0,0.9375,0.6987529228371017,0.6025104602510458,0.9580593969621403,0.8597353497164448,1.0,0.0,0.0,0.0,0.0,0.0,0.0,0.0,0.0,0.0,0.0,0.0,0.0,0.0,0.0,0.0,0.0,1.0,0.0,0.0,0.0,0.0,0.0,1.0,0.0
1197,0.4938271604938272,1.0,0.0,1.0,0.22222222222222227,0.75,0.6115259753720838,0.0,1.0,0.0,0.9375,0.6987529228371017,0.6025104602510458,0.9580593969621403,0.8597353497164448,0.0,0.0,0.0,0.0,0.0,0.0,0.0,1.0,0.0,0.0,0.0,0.0,1.0,0.0,0.0,0.0,0.0,1.0,0.0,0.0,0.0,0.0,1.0,1.0,0.0
1198,0.3703703703703703,0.0,0.0,1.0,0.22222222222222227,0.75,0.5707693054036078,0.0,1.0,0.0,0.9375,0.6987529228371017,0.6025104602510458,0.9580593969621403,0.8597353497164448,0.0,0.0,0.0,0.0,0.0,0.0,0.0,0.0,0.0,0.0,0.0,0.0,0.0,1.0,0.0,0.0,0.0,0.0,0.0,0.0,0.0,1.0,1.0,1.0,0.0
1199,0.2345679012345679,0.0,0.0,1.0,0.22222222222222227,0.75,0.6006386590863215,0.05263157894736842,1.0,0.0,0.9375,0.6987529228371017,0.6025104602510458,0.9580593969621403,0.8597353497164448,0.0,1.0,0.0,0.0,0.0,0.0,0.0,0.0,0.0,0.0,0.0,0.0,0.0,1.0,0.0,0.0,0.0,1.0,0.0,0.0,0.0,0.0,0.0,1.0,0.0
1200,0.1111111111111111,0.0,0.0,1.0,0.22222222222222227,0.75,0.3104459034696894,0.0,1.0,0.0,0.9375,0.6987529228371017,0.6025104602510458,0.9580593969621403,0.8597353497164448,0.0,0.0,0.0,0.0,0.0,0.0,1.0,0.0,0.0,0.0,0.0,0.0,1.0,0.0,0.0,0.0,0.0,0.0,0.0,0.0,1.0,0.0,0.0,1.0,0.0
1201,0.24691358024691357,0.0,0.0,1.0,0.22222222222222227,0.75,0.5109842001350153,0.05263157894736842,1.0,0.0,0.9375,0.6987529228371017,0.6025104602510458,0.9580593969621403,0.8597353497164448,0.0,0.0,0.0,0.0,0.0,0.0,0.0,0.0,0.0,0.0,1.0,0.0,1.0,0.0,0.0,0.0,0.0,0.0,0.0,0.0,1.0,0.0,1.0,1.0,0.0
1202,0.1728395061728395,0.0,0.0,1.0,0.22222222222222227,0.75,0.7392350614235342,0.02631578947368421,1.0,0.0,0.9375,0.6987529228371017,0.6025104602510458,0.9580593969621403,0.8597353497164448,1.0,1.0,0.0,0.0,0.0,0.0,0.0,0.0,0.0,0.0,0.0,0.0,1.0,0.0,0.0,0.0,1.0,0.0,0.0,0.0,0.0,0.0,0.0,1.0,0.0
1203,0.2716049382716049,0.0,1.0,1.0,0.22222222222222227,0.75,0.6940353071368747,0.05263157894736842,1.0,0.0,0.9375,0.6987529228371017,0.6025104602510458,0.9580593969621403,0.8597353497164448,0.0,0.0,0.0,0.0,0.0,0.0,0.0,0.0,0.0,0.0,0.0,0.0,0.0,1.0,0.0,0.0,0.0,0.0,0.0,0.0,1.0,0.0,0.0,1.0,0.0
1204,0.20987654320987653,1.0,0.0,1.0,0.22222222222222227,0.75,0.5962813035550764,0.0,1.0,0.0,0.9375,0.6987529228371017,0.6025104602510458,0.9580593969621403,0.8597353497164448,0.0,0.0,0.0,0.0,0.0,0.0,0.0,1.0,0.0,0.0,0.0,0.0,0.0,0.0,0.0,0.0,0.0,0.0,0.0,1.0,0.0,0.0,1.0,1.0,0.0
1205,0.30864197530864196,0.0,0.0,1.0,0.22222222222222227,0.75,0.5725931427044147,0.02631578947368421,1.0,0.0,0.9375,0.6987529228371017,0.6025104602510458,0.9580593969621403,0.8597353497164448,0.0,0.0,0.0,0.0,0.0,0.0,0.0,0.0,0.0,0.0,0.0,0.0,1.0,0.0,0.0,0.0,0.0,0.0,0.0,0.0,1.0,0.0,0.0,1.0,0.0
1206,0.2716049382716049,0.0,0.0,1.0,0.22222222222222227,0.75,0.6924127276259379,0.05263157894736842,1.0,0.0,0.9375,0.6987529228371017,0.6025104602510458,0.9580593969621403,0.8597353497164448,0.0,0.0,0.0,0.0,0.0,0.0,0.0,1.0,0.0,0.0,0.0,0.0,1.0,0.0,0.0,0.0,0.0,1.0,0.0,0.0,0.0,0.0,0.0,1.0,0.0
1207,0.20987654320987653,0.0,0.0,1.0,0.22222222222222227,0.75,0.6978405494091722,0.0,1.0,0.0,0.9375,0.6987529228371017,0.6025104602510458,0.9580593969621403,0.8597353497164448,0.0,0.0,0.0,0.0,0.0,0.0,0.0,1.0,0.0,0.0,0.0,0.0,1.0,0.0,0.0,0.0,0.0,1.0,0.0,0.0,0.0,0.0,1.0,1.0,0.0
1208,0.1728395061728395,0.0,0.0,1.0,0.22222222222222227,0.75,0.726499069520548,0.23684210526315788,1.0,0.0,0.9375,0.6987529228371017,0.6025104602510458,0.9580593969621403,0.8597353497164448,0.0,0.0,0.0,1.0,0.0,0.0,0.0,0.0,0.0,0.0,0.0,0.0,1.0,0.0,0.0,0.0,0.0,1.0,0.0,0.0,0.0,0.0,0.0,1.0,0.0
1209,0.20987654320987653,0.0,0.0,1.0,0.22222222222222227,0.75,0.7274732792250687,0.10526315789473684,1.0,0.0,0.9375,0.6987529228371017,0.6025104602510458,0.9580593969621403,0.8597353497164448,0.0,0.0,0.0,0.0,1.0,0.0,0.0,0.0,0.0,0.0,0.0,0.0,1.0,0.0,0.0,0.0,0.0,0.0,0.0,1.0,0.0,0.0,1.0,1.0,0.0
1210,0.34567901234567905,0.0,0.0,1.0,0.22222222222222227,0.75,0.7750893511326109,0.0,1.0,0.0,0.9375,0.6987529228371017,0.6025104602510458,0.9580593969621403,0.8597353497164448,0.0,1.0,0.0,0.0,0.0,0.0,0.0,0.0,0.0,0.0,0.0,0.0,1.0,0.0,0.0,0.0,1.0,0.0,0.0,0.0,0.0,0.0,1.0,1.0,0.0
1211,0.2839506172839506,1.0,0.0,1.0,0.22222222222222227,0.75,0.8181099824868732,0.02631578947368421,1.0,0.0,0.9375,0.6987529228371017,0.6025104602510458,0.9580593969621403,0.8597353497164448,1.0,0.0,0.0,0.0,0.0,0.0,0.0,0.0,0.0,0.0,0.0,0.0,0.0,1.0,0.0,0.0,0.0,1.0,0.0,0.0,0.0,0.0,0.0,1.0,0.0
1212,0.24691358024691357,1.0,0.0,1.0,0.22222222222222227,0.75,0.8194492965687646,0.02631578947368421,1.0,0.0,0.9375,0.6987529228371017,0.6025104602510458,0.9580593969621403,0.8597353497164448,1.0,0.0,0.0,0.0,0.0,0.0,0.0,0.0,0.0,0.0,0.0,0.0,1.0,0.0,0.0,0.0,0.0,0.0,0.0,0.0,1.0,0.0,0.0,1.0,0.0
1213,0.2222222222222222,1.0,1.0,1.0,0.22222222222222227,0.75,0.6513851442510553,0.02631578947368421,1.0,0.0,0.9375,0.6987529228371017,0.6025104602510458,0.9580593969621403,0.8597353497164448,0.0,0.0,1.0,0.0,0.0,0.0,0.0,0.0,0.0,0.0,0.0,0.0,1.0,0.0,0.0,0.0,0.0,0.0,0.0,0.0,1.0,0.0,1.0,1.0,0.0
1214,0.39506172839506176,0.0,0.0,1.0,0.22222222222222227,0.75,0.6480977205520548,0.02631578947368421,1.0,0.0,0.9375,0.6987529228371017,0.6025104602510458,0.9580593969621403,0.8597353497164448,0.0,1.0,0.0,0.0,0.0,0.0,0.0,0.0,0.0,0.0,0.0,0.0,1.0,0.0,0.0,0.0,0.0,0.0,0.0,0.0,0.0,1.0,1.0,1.0,0.0
1215,0.419753086419753,1.0,0.0,1.0,0.22222222222222227,0.75,0.7079981124787547,0.05263157894736842,1.0,0.0,0.9375,0.6987529228371017,0.6025104602510458,0.9580593969621403,0.8597353497164448,0.0,0.0,0.0,0.0,1.0,0.0,0.0,0.0,0.0,0.0,0.0,0.0,1.0,0.0,0.0,0.0,0.0,0.0,0.0,0.0,1.0,0.0,0.0,1.0,0.0
1216,0.2345679012345679,0.0,0.0,1.0,0.22222222222222227,0.75,0.7853114626147606,0.05263157894736842,1.0,0.0,0.9375,0.6987529228371017,0.6025104602510458,0.9580593969621403,0.8597353497164448,1.0,0.0,0.0,0.0,0.0,0.0,0.0,0.0,0.0,0.0,0.0,0.0,0.0,1.0,0.0,0.0,0.0,0.0,0.0,0.0,1.0,0.0,0.0,1.0,0.0
1217,0.35802469135802467,1.0,0.0,1.0,0.22222222222222227,0.75,0.5440593682563573,0.07894736842105263,1.0,0.0,0.9375,0.6987529228371017,0.6025104602510458,0.9580593969621403,0.8597353497164448,0.0,1.0,0.0,0.0,0.0,0.0,0.0,0.0,0.0,0.0,0.0,0.0,1.0,0.0,0.0,0.0,0.0,0.0,0.0,0.0,0.0,0.0,1.0,1.0,0.0
1218,0.16049382716049382,1.0,0.0,1.0,0.22222222222222227,0.75,0.4796617267459457,0.0,1.0,0.0,0.9375,0.6987529228371017,0.6025104602510458,0.9580593969621403,0.8597353497164448,0.0,1.0,0.0,0.0,0.0,0.0,0.0,0.0,0.0,0.0,0.0,0.0,1.0,0.0,0.0,0.0,1.0,0.0,0.0,0.0,0.0,0.0,0.0,1.0,0.0
1219,0.2222222222222222,0.0,0.0,1.0,0.22222222222222227,0.75,0.645692009932198,0.07894736842105263,1.0,0.0,0.9375,0.6987529228371017,0.6025104602510458,0.9580593969621403,0.8597353497164448,0.0,0.0,0.0,0.0,0.0,0.0,0.0,0.0,0.0,0.0,0.0,1.0,1.0,0.0,0.0,0.0,1.0,0.0,0.0,0.0,0.0,0.0,0.0,1.0,0.0
1220,0.2222222222222222,0.0,0.0,1.0,0.22222222222222227,0.75,0.6128186823313415,0.0,1.0,0.0,0.9375,0.6987529228371017,0.6025104602510458,0.9580593969621403,0.8597353497164448,0.0,1.0,0.0,0.0,0.0,0.0,0.0,0.0,0.0,0.0,0.0,0.0,1.0,0.0,0.0,0.0,0.0,0.0,0.0,0.0,0.0,0.0,0.0,1.0,0.0
1221,0.16049382716049382,1.0,0.0,1.0,0.22222222222222227,0.75,0.6273151724090865,0.05263157894736842,1.0,0.0,0.9375,0.6987529228371017,0.6025104602510458,0.9580593969621403,0.8597353497164448,0.0,0.0,0.0,0.0,0.0,0.0,0.0,0.0,0.0,0.0,0.0,0.0,0.0,1.0,0.0,0.0,0.0,0.0,0.0,0.0,1.0,0.0,0.0,1.0,0.0
1222,0.2222222222222222,0.0,1.0,1.0,0.22222222222222227,0.75,0.6166136936809081,0.13157894736842105,1.0,0.0,0.9375,0.6987529228371017,0.6025104602510458,0.9580593969621403,0.8597353497164448,0.0,0.0,0.0,0.0,0.0,0.0,1.0,0.0,0.0,0.0,0.0,0.0,1.0,0.0,0.0,0.0,0.0,0.0,0.0,0.0,1.0,0.0,0.0,1.0,0.0
1223,0.1728395061728395,1.0,0.0,1.0,0.22222222222222227,0.75,0.5452070373544604,0.05263157894736842,1.0,0.0,0.9375,0.6987529228371017,0.6025104602510458,0.9580593969621403,0.8597353497164448,0.0,0.0,0.0,0.0,0.0,0.0,0.0,1.0,0.0,0.0,0.0,0.0,0.0,1.0,0.0,0.0,0.0,1.0,0.0,0.0,0.0,0.0,1.0,1.0,0.0
1224,0.48148148148148145,1.0,0.0,1.0,0.22222222222222227,0.75,0.5679794082497067,0.05263157894736842,1.0,0.0,0.9375,0.6987529228371017,0.6025104602510458,0.9580593969621403,0.8597353497164448,0.0,0.0,0.0,0.0,0.0,0.0,0.0,0.0,0.0,1.0,0.0,0.0,1.0,0.0,0.0,0.0,0.0,0.0,0.0,1.0,0.0,0.0,1.0,1.0,0.0
1225,0.29629629629629634,1.0,0.0,1.0,0.22222222222222227,0.75,0.6689881961625146,0.05263157894736842,1.0,0.0,0.9375,0.6987529228371017,0.6025104602510458,0.9580593969621403,0.8597353497164448,0.0,0.0,0.0,0.0,0.0,0.0,0.0,0.0,0.0,1.0,0.0,0.0,0.0,1.0,0.0,0.0,0.0,0.0,0.0,1.0,0.0,0.0,0.0,1.0,0.0
1226,0.20987654320987653,1.0,0.0,1.0,0.22222222222222227,0.75,0.832661769819608,0.05263157894736842,1.0,0.0,0.9375,0.6987529228371017,0.6025104602510458,0.9580593969621403,0.8597353497164448,0.0,0.0,0.0,0.0,0.0,0.0,0.0,0.0,1.0,0.0,0.0,0.0,0.0,1.0,0.0,0.0,0.0,0.0,0.0,0.0,0.0,0.0,1.0,1.0,0.0
1227,0.4444444444444445,0.0,0.0,1.0,0.22222222222222227,0.75,0.5571434124691511,0.02631578947368421,1.0,0.0,0.9375,0.6987529228371017,0.6025104602510458,0.9580593969621403,0.8597353497164448,0.0,0.0,0.0,0.0,0.0,0.0,0.0,1.0,0.0,0.0,0.0,0.0,1.0,0.0,0.0,0.0,0.0,1.0,0.0,0.0,0.0,0.0,1.0,1.0,0.0
1228,0.34567901234567905,1.0,0.0,1.0,0.22222222222222227,0.75,0.6846463255291116,0.05263157894736842,1.0,0.0,0.9375,0.6987529228371017,0.6025104602510458,0.9580593969621403,0.8597353497164448,0.0,0.0,0.0,0.0,0.0,0.0,0.0,0.0,0.0,1.0,0.0,0.0,1.0,0.0,0.0,0.0,0.0,0.0,0.0,0.0,1.0,0.0,0.0,1.0,0.0
1229,0.25925925925925924,0.0,0.0,1.0,0.22222222222222227,0.75,0.6301228271521957,0.13157894736842105,1.0,0.0,0.9375,0.6987529228371017,0.6025104602510458,0.9580593969621403,0.8597353497164448,0.0,1.0,0.0,0.0,0.0,0.0,0.0,0.0,0.0,0.0,0.0,0.0,1.0,0.0,0.0,0.0,0.0,0.0,0.0,0.0,0.0,0.0,1.0,1.0,0.0
1230,0.18518518518518517,1.0,0.0,1.0,0.22222222222222227,0.75,0.5878478128342483,0.07894736842105263,1.0,0.0,0.9375,0.6987529228371017,0.6025104602510458,0.9580593969621403,0.8597353497164448,0.0,0.0,0.0,0.0,0.0,0.0,0.0,0.0,0.0,0.0,0.0,0.0,0.0,0.0,0.0,0.0,0.0,0.0,0.0,0.0,1.0,0.0,0.0,1.0,0.0
1231,0.24691358024691357,1.0,0.0,1.0,0.22222222222222227,0.75,0.8003313580030954,0.02631578947368421,1.0,0.0,0.9375,0.6987529228371017,0.6025104602510458,0.9580593969621403,0.8597353497164448,1.0,0.0,0.0,0.0,0.0,0.0,0.0,0.0,0.0,0.0,0.0,0.0,0.0,1.0,0.0,0.0,0.0,0.0,0.0,0.0,1.0,0.0,0.0,1.0,0.0
1232,0.4444444444444445,0.5,0.5,1.0,0.22222222222222227,0.75,0.5779008918534767,0.02631578947368421,1.0,0.0,0.9375,0.6987529228371017,0.6025104602510458,0.9580593969621403,0.8597353497164448,0.0,0.0,0.0,0.0,1.0,0.0,0.0,0.0,0.0,0.0,0.0,0.0,1.0,0.0,0.0,0.0,0.0,0.0,0.0,0.0,1.0,0.0,1.0,1.0,0.0
1233,0.419753086419753,1.0,0.0,1.0,0.22222222222222227,0.75,0.649517880450222,0.02631578947368421,1.0,0.0,0.9375,0.6987529228371017,0.6025104602510458,0.9580593969621403,0.8597353497164448,0.0,0.0,0.0,0.0,0.0,0.0,0.0,0.0,0.0,0.0,1.0,0.0,1.0,0.0,0.0,0.0,0.0,0.0,0.0,0.0,0.0,0.0,1.0,1.0,0.0
1234,0.30864197530864196,1.0,0.0,1.0,0.22222222222222227,0.75,0.7885305357294845,0.02631578947368421,1.0,0.0,0.9375,0.6987529228371017,0.6025104602510458,0.9580593969621403,0.8597353497164448,1.0,0.0,0.0,0.0,0.0,0.0,0.0,0.0,0.0,0.0,0.0,0.0,0.0,1.0,0.0,0.0,0.0,0.0,0.0,0.0,1.0,0.0,1.0,1.0,0.0
1235,0.38271604938271603,1.0,0.0,1.0,0.22222222222222227,0.75,0.7948527516715133,0.02631578947368421,1.0,0.0,0.9375,0.6987529228371017,0.6025104602510458,0.9580593969621403,0.8597353497164448,0.0,0.0,0.0,0.0,0.0,0.0,0.0,1.0,0.0,0.0,0.0,0.0,1.0,0.0,0.0,0.0,0.0,1.0,0.0,0.0,0.0,0.0,0.0,1.0,0.0
1236,0.4567901234567901,0.0,1.0,1.0,0.22222222222222227,0.75,0.5496889184613623,0.07894736842105263,1.0,0.0,0.9375,0.6987529228371017,0.6025104602510458,0.9580593969621403,0.8597353497164448,0.0,1.0,0.0,0.0,0.0,0.0,0.0,0.0,0.0,0.0,0.0,0.0,1.0,0.0,0.0,0.0,0.0,0.0,0.0,0.0,1.0,0.0,0.0,1.0,0.0
1237,0.29629629629629634,1.0,0.0,1.0,0.22222222222222227,0.75,0.7272304821327134,0.02631578947368421,1.0,0.0,0.9375,0.6987529228371017,0.6025104602510458,0.9580593969621403,0.8597353497164448,0.0,0.0,1.0,0.0,0.0,0.0,0.0,0.0,0.0,0.0,0.0,0.0,1.0,0.0,0.0,0.0,1.0,0.0,0.0,0.0,0.0,0.0,0.0,1.0,0.0
1238,0.4567901234567901,0.0,0.0,1.0,0.22222222222222227,0.75,0.6513851442510553,0.05263157894736842,1.0,0.0,0.9375,0.6987529228371017,0.6025104602510458,0.9580593969621403,0.8597353497164448,0.0,1.0,0.0,0.0,0.0,0.0,0.0,0.0,0.0,0.0,0.0,0.0,0.0,1.0,0.0,0.0,0.0,0.0,0.0,0.0,0.0,0.0,0.0,1.0,0.0
1239,0.16049382716049382,1.0,0.0,1.0,0.22222222222222227,0.75,0.8248712308542132,0.05263157894736842,1.0,0.0,0.9375,0.6987529228371017,0.6025104602510458,0.9580593969621403,0.8597353497164448,1.0,0.0,0.0,0.0,0.0,0.0,0.0,0.0,0.0,1.0,0.0,0.0,0.0,1.0,0.0,0.0,0.0,0.0,0.0,0.0,1.0,0.0,1.0,1.0,0.0
1240,0.5061728395061729,1.0,0.0,1.0,0.22222222222222227,0.75,0.7905341025237766,0.05263157894736842,1.0,0.0,0.9375,0.6987529228371017,0.6025104602510458,0.9580593969621403,0.8597353497164448,1.0,0.0,0.0,0.0,0.0,1.0,0.0,0.0,0.0,0.0,0.0,0.0,1.0,0.0,0.0,0.0,1.0,0.0,0.0,0.0,0.0,0.0,1.0,1.0,0.0
1241,0.4691358024691357,0.0,1.0,1.0,0.22222222222222227,0.75,0.5770327318283031,0.07894736842105263,1.0,0.0,0.9375,0.6987529228371017,0.6025104602510458,0.9580593969621403,0.8597353497164448,0.0,0.0,0.0,0.0,0.0,0.0,0.0,0.0,0.0,0.0,0.0,0.0,1.0,0.0,0.0,0.0,0.0,1.0,0.0,0.0,0.0,0.0,0.0,1.0,0.0
1242,0.24691358024691357,0.0,0.0,1.0,0.22222222222222227,0.75,0.4039575981303762,0.02631578947368421,1.0,0.0,0.9375,0.6987529228371017,0.6025104602510458,0.9580593969621403,0.8597353497164448,0.0,0.0,0.0,0.0,1.0,0.0,0.0,0.0,0.0,0.0,0.0,0.0,1.0,0.0,0.0,0.0,1.0,0.0,0.0,0.0,0.0,0.0,0.0,1.0,0.0
1243,0.24691358024691357,1.0,0.0,1.0,0.22222222222222227,0.75,0.3832666732878459,0.26315789473684215,1.0,0.0,0.9375,0.6987529228371017,0.6025104602510458,0.9580593969621403,0.8597353497164448,0.0,0.0,0.0,1.0,0.0,0.0,0.0,0.0,0.0,0.0,0.0,0.0,1.0,0.0,0.0,0.0,0.0,0.0,0.0,0.0,1.0,0.0,1.0,1.0,0.0
1244,0.18518518518518517,1.0,0.0,1.0,0.22222222222222227,0.75,0.467045882751165,0.05263157894736842,1.0,0.0,0.9375,0.6987529228371017,0.6025104602510458,0.9580593969621403,0.8597353497164448,0.0,1.0,0.0,0.0,0.0,0.0,0.0,0.0,0.0,0.0,0.0,0.0,1.0,0.0,0.0,1.0,0.0,0.0,0.0,0.0,0.0,0.0,0.0,1.0,0.0
1245,0.5185185185185184,1.0,1.0,1.0,0.22222222222222227,0.75,0.7111051037563383,0.05263157894736842,1.0,0.0,0.9375,0.6987529228371017,0.6025104602510458,0.9580593969621403,0.8597353497164448,0.0,0.0,0.0,0.0,0.0,0.0,0.0,0.0,0.0,0.0,0.0,0.0,0.0,1.0,0.0,0.0,0.0,0.0,0.0,0.0,1.0,0.0,0.0,1.0,0.0
1246,0.30864197530864196,0.5,0.5,1.0,0.22222222222222227,1.0,0.6755790384927881,0.07894736842105263,1.0,0.0,0.9375,0.6987529228371017,0.6025104602510458,0.9589662208116074,0.8597353497164448,0.0,1.0,0.0,0.0,0.0,0.0,0.0,0.0,0.0,0.0,0.0,0.0,1.0,0.0,0.0,0.0,0.0,0.0,0.0,0.0,0.0,1.0,1.0,1.0,0.0
1247,0.09876543209876543,1.0,0.0,1.0,0.22222222222222227,1.0,0.5813108450867737,0.05263157894736842,1.0,0.0,0.9375,0.6987529228371017,0.6025104602510458,0.9589662208116074,0.8597353497164448,0.0,1.0,0.0,0.0,0.0,0.0,0.0,0.0,0.0,0.0,0.0,0.0,0.0,1.0,0.0,0.0,0.0,1.0,0.0,0.0,0.0,0.0,0.0,1.0,0.0
1248,0.20987654320987653,1.0,0.0,1.0,0.22222222222222227,1.0,0.6417375148956687,0.0,1.0,0.0,0.9375,0.6987529228371017,0.6025104602510458,0.9589662208116074,0.8597353497164448,0.0,0.0,1.0,0.0,0.0,0.0,0.0,0.0,0.0,0.0,0.0,0.0,1.0,0.0,0.0,0.0,0.0,0.0,0.0,0.0,0.0,0.0,0.0,1.0,0.0
1249,0.3703703703703703,0.0,0.0,1.0,0.22222222222222227,1.0,0.5239878100544288,0.15789473684210525,1.0,0.0,0.9375,0.6987529228371017,0.6025104602510458,0.9589662208116074,0.8597353497164448,0.0,1.0,0.0,0.0,0.0,0.0,0.0,0.0,0.0,0.0,0.0,0.0,1.0,0.0,0.0,0.0,1.0,0.0,0.0,0.0,0.0,0.0,0.0,1.0,0.0
1250,0.20987654320987653,0.0,0.0,1.0,0.22222222222222227,1.0,0.7431206122490668,0.05263157894736842,1.0,0.0,0.9375,0.6987529228371017,0.6025104602510458,0.9589662208116074,0.8597353497164448,1.0,0.0,0.0,1.0,0.0,0.0,0.0,0.0,0.0,0.0,0.0,0.0,0.0,0.0,0.0,0.0,0.0,1.0,0.0,0.0,0.0,0.0,0.0,1.0,0.0
1251,0.2222222222222222,0.0,1.0,1.0,0.22222222222222227,1.0,0.6190773470668909,0.13157894736842105,1.0,0.0,0.9375,0.6987529228371017,0.6025104602510458,0.9589662208116074,0.8597353497164448,0.0,1.0,0.0,0.0,0.0,0.0,0.0,0.0,0.0,0.0,0.0,0.0,0.0,0.0,0.0,0.0,1.0,0.0,0.0,0.0,0.0,0.0,0.0,1.0,0.0
1252,0.34567901234567905,0.0,0.0,1.0,0.22222222222222227,1.0,0.6278820898893921,0.07894736842105263,1.0,0.0,0.9375,0.6987529228371017,0.6025104602510458,0.9589662208116074,0.8597353497164448,0.0,0.0,0.0,0.0,0.0,0.0,0.0,0.0,0.0,1.0,0.0,0.0,1.0,0.0,0.0,0.0,0.0,0.0,0.0,1.0,0.0,0.0,1.0,1.0,0.0
1253,0.1111111111111111,0.0,0.0,1.0,0.22222222222222227,1.0,0.6261730746079361,0.07894736842105263,1.0,0.0,0.9375,0.6987529228371017,0.6025104602510458,0.9589662208116074,0.8597353497164448,0.0,1.0,0.0,0.0,0.0,0.0,0.0,0.0,0.0,0.0,0.0,0.0,0.0,1.0,0.0,0.0,1.0,0.0,0.0,0.0,0.0,0.0,0.0,1.0,0.0
1254,0.20987654320987653,1.0,0.0,1.0,0.22222222222222227,1.0,0.5670345425314071,0.0,1.0,0.0,0.9375,0.6987529228371017,0.6025104602510458,0.9589662208116074,0.8597353497164448,0.0,1.0,0.0,0.0,0.0,0.0,0.0,0.0,0.0,0.0,0.0,0.0,1.0,0.0,0.0,0.0,1.0,0.0,0.0,0.0,0.0,0.0,1.0,1.0,0.0
1255,0.419753086419753,1.0,0.0,1.0,0.22222222222222227,1.0,0.5239878100544288,0.0,1.0,0.0,0.9375,0.6987529228371017,0.6025104602510458,0.9589662208116074,0.8597353497164448,0.0,0.0,0.0,0.0,0.0,0.0,0.0,1.0,0.0,0.0,0.0,0.0,1.0,0.0,0.0,0.0,0.0,1.0,0.0,0.0,0.0,0.0,1.0,1.0,0.0
1256,0.2839506172839506,0.0,1.0,1.0,0.22222222222222227,1.0,0.7807748406829615,0.05263157894736842,1.0,0.0,0.9375,0.6987529228371017,0.6025104602510458,0.9589662208116074,0.8597353497164448,1.0,0.0,0.0,0.0,0.0,0.0,0.0,1.0,0.0,0.0,0.0,0.0,1.0,0.0,0.0,0.0,0.0,1.0,0.0,0.0,0.0,0.0,0.0,1.0,0.0
1257,0.4691358024691357,1.0,0.0,1.0,0.22222222222222227,1.0,0.7186622526414759,0.0,1.0,0.0,0.9375,0.6987529228371017,0.6025104602510458,0.9589662208116074,0.8597353497164448,0.0,0.0,0.0,0.0,0.0,0.0,0.0,0.0,0.0,0.0,0.0,1.0,1.0,0.0,0.0,0.0,0.0,0.0,0.0,0.0,0.0,1.0,1.0,1.0,0.0
1258,0.38271604938271603,1.0,0.0,1.0,0.22222222222222227,1.0,0.6673822306124111,0.10526315789473684,1.0,0.0,0.9375,0.6987529228371017,0.6025104602510458,0.9589662208116074,0.8597353497164448,1.0,1.0,0.0,0.0,0.0,0.0,0.0,0.0,0.0,0.0,0.0,0.0,1.0,0.0,0.0,1.0,0.0,0.0,0.0,0.0,0.0,0.0,0.0,1.0,0.0
1259,0.13580246913580246,0.0,1.0,1.0,0.22222222222222227,1.0,0.5779008918534767,0.0,1.0,0.0,0.9375,0.6987529228371017,0.6025104602510458,0.9589662208116074,0.8597353497164448,0.0,0.0,0.0,0.0,0.0,0.0,0.0,1.0,0.0,0.0,0.0,0.0,1.0,0.0,0.0,0.0,0.0,0.0,0.0,0.0,0.0,1.0,0.0,1.0,0.0
1260,0.3209876543209876,0.0,0.0,1.0,0.22222222222222227,1.0,0.6480977205520548,0.0,1.0,0.0,0.9375,0.6987529228371017,0.6025104602510458,0.9589662208116074,0.8597353497164448,0.0,0.0,0.0,1.0,0.0,0.0,0.0,0.0,0.0,0.0,0.0,0.0,1.0,0.0,0.0,0.0,0.0,0.0,0.0,0.0,0.0,0.0,1.0,1.0,0.0
1261,0.20987654320987653,0.0,0.0,1.0,0.22222222222222227,1.0,0.5463436176888766,0.10526315789473684,1.0,0.0,0.9375,0.6987529228371017,0.6025104602510458,0.9589662208116074,0.8597353497164448,0.0,0.0,0.0,0.0,0.0,0.0,0.0,1.0,0.0,0.0,0.0,0.0,1.0,0.0,0.0,0.0,0.0,1.0,0.0,0.0,0.0,0.0,0.0,1.0,0.0
1262,0.16049382716049382,0.0,0.0,1.0,0.22222222222222227,1.0,0.795534696476893,0.0,1.0,0.0,0.9375,0.6987529228371017,0.6025104602510458,0.9589662208116074,0.8597353497164448,1.0,0.0,0.0,0.0,0.0,0.0,0.0,0.0,0.0,0.0,0.0,0.0,1.0,0.0,0.0,0.0,0.0,0.0,0.0,0.0,1.0,0.0,0.0,1.0,0.0
1263,0.39506172839506176,0.0,0.0,1.0,0.22222222222222227,1.0,0.5752769507338984,0.0,1.0,0.0,0.9375,0.6987529228371017,0.6025104602510458,0.9589662208116074,0.8597353497164448,0.0,0.0,0.0,0.0,0.0,0.0,0.0,0.0,0.0,0.0,0.0,0.0,0.0,0.0,0.0,0.0,0.0,1.0,0.0,0.0,0.0,0.0,0.0,1.0,0.0
1264,0.19753086419753085,0.0,0.0,1.0,0.22222222222222227,1.0,0.664517928944963,0.0,1.0,0.0,0.9375,0.6987529228371017,0.6025104602510458,0.9589662208116074,0.8597353497164448,0.0,0.0,0.0,0.0,0.0,0.0,0.0,0.0,0.0,0.0,0.0,0.0,1.0,0.0,0.0,0.0,0.0,1.0,0.0,0.0,0.0,0.0,0.0,1.0,0.0
1265,0.34567901234567905,0.5,0.5,1.0,0.22222222222222227,1.0,0.5140006512933829,0.0,1.0,0.0,0.9375,0.6987529228371017,0.6025104602510458,0.9589662208116074,0.8597353497164448,0.0,1.0,0.0,0.0,0.0,0.0,0.0,0.0,0.0,0.0,0.0,0.0,0.0,0.0,0.0,0.0,1.0,0.0,0.0,0.0,0.0,0.0,0.0,1.0,0.0
1266,0.3209876543209876,1.0,0.0,1.0,0.22222222222222227,1.0,0.7561711246597944,0.02631578947368421,1.0,0.0,0.9375,0.6987529228371017,0.6025104602510458,0.9589662208116074,0.8597353497164448,1.0,1.0,0.0,0.0,0.0,0.0,0.0,0.0,0.0,0.0,0.0,0.0,0.0,0.0,0.0,0.0,0.0,0.0,0.0,0.0,0.0,0.0,1.0,1.0,0.0
1267,0.09876543209876543,1.0,0.0,1.0,0.22222222222222227,1.0,0.7809289142472077,0.0,1.0,0.0,0.9375,0.6987529228371017,0.6025104602510458,0.9589662208116074,0.8597353497164448,1.0,1.0,0.0,0.0,0.0,0.0,0.0,0.0,0.0,0.0,0.0,0.0,1.0,0.0,0.0,0.0,1.0,0.0,0.0,0.0,0.0,0.0,1.0,1.0,0.0
1268,0.12345679012345678,0.0,0.0,1.0,0.22222222222222227,1.0,0.7677451984209532,0.0,1.0,0.0,0.9375,0.6987529228371017,0.6025104602510458,0.9589662208116074,0.8597353497164448,1.0,0.0,0.0,0.0,0.0,0.0,0.0,0.0,0.0,0.0,0.0,0.0,0.0,1.0,0.0,0.0,0.0,1.0,0.0,0.0,0.0,0.0,1.0,1.0,0.0
1269,0.16049382716049382,1.0,0.0,1.0,0.22222222222222227,1.0,0.5641535377316825,0.05263157894736842,1.0,0.0,0.9375,0.6987529228371017,0.6025104602510458,0.9589662208116074,0.8597353497164448,0.0,0.0,0.0,0.0,0.0,0.0,0.0,1.0,0.0,0.0,0.0,0.0,0.0,1.0,0.0,0.0,0.0,0.0,0.0,1.0,0.0,0.0,0.0,1.0,0.0
1270,0.43209876543209874,0.0,0.0,1.0,0.22222222222222227,1.0,0.49636241965296135,0.02631578947368421,1.0,0.0,0.9375,0.6987529228371017,0.6025104602510458,0.9589662208116074,0.8597353497164448,0.0,1.0,0.0,0.0,0.0,0.0,0.0,0.0,0.0,0.0,0.0,0.0,0.0,1.0,0.0,0.0,0.0,0.0,0.0,0.0,0.0,1.0,1.0,1.0,0.0
1271,0.48148148148148145,0.0,0.0,1.0,0.22222222222222227,1.0,0.5369277818064884,0.0,1.0,0.0,0.9375,0.6987529228371017,0.6025104602510458,0.9589662208116074,0.8597353497164448,0.0,0.0,0.0,0.0,0.0,0.0,0.0,0.0,0.0,1.0,0.0,0.0,1.0,0.0,0.0,0.0,0.0,0.0,0.0,0.0,0.0,0.0,1.0,1.0,0.0
1272,0.2839506172839506,1.0,1.0,1.0,0.22222222222222227,1.0,0.6244388640920251,0.05263157894736842,1.0,0.0,0.9375,0.6987529228371017,0.6025104602510458,0.9589662208116074,0.8597353497164448,0.0,0.0,0.0,0.0,1.0,0.0,0.0,0.0,0.0,0.0,0.0,0.0,0.0,0.0,0.0,0.0,0.0,0.0,0.0,0.0,1.0,0.0,1.0,1.0,0.0
1273,0.16049382716049382,1.0,0.0,1.0,0.22222222222222227,1.0,0.608897147549857,0.07894736842105263,1.0,0.0,0.9375,0.6987529228371017,0.6025104602510458,0.9589662208116074,0.8597353497164448,0.0,1.0,0.0,0.0,0.0,0.0,0.0,0.0,0.0,0.0,0.0,0.0,1.0,0.0,0.0,0.0,0.0,0.0,0.0,0.0,0.0,0.0,1.0,1.0,0.0
1274,0.30864197530864196,0.0,0.0,1.0,0.22222222222222227,1.0,0.661156696006206,0.02631578947368421,1.0,0.0,0.9375,0.6987529228371017,0.6025104602510458,0.9589662208116074,0.8597353497164448,0.0,0.0,0.0,0.0,0.0,0.0,0.0,0.0,0.0,0.0,1.0,0.0,0.0,0.0,0.0,0.0,0.0,1.0,0.0,0.0,0.0,0.0,0.0,1.0,0.0
1275,0.18518518518518517,0.0,0.0,1.0,0.22222222222222227,1.0,0.6244388640920251,0.07894736842105263,1.0,0.0,0.9375,0.6987529228371017,0.6025104602510458,0.9589662208116074,0.8597353497164448,0.0,1.0,0.0,0.0,0.0,0.0,0.0,0.0,0.0,0.0,0.0,0.0,1.0,0.0,0.0,0.0,0.0,0.0,0.0,0.0,0.0,0.0,0.0,1.0,0.0
1276,0.3209876543209876,0.0,0.0,1.0,0.22222222222222227,1.0,0.6220860826741794,0.05263157894736842,1.0,0.0,0.9375,0.6987529228371017,0.6025104602510458,0.9589662208116074,0.8597353497164448,0.0,0.0,0.0,0.0,0.0,0.0,0.0,0.0,0.0,0.0,0.0,0.0,1.0,0.0,0.0,0.0,0.0,0.0,0.0,0.0,1.0,0.0,0.0,1.0,0.0
1277,0.29629629629629634,1.0,0.0,1.0,0.22222222222222227,1.0,0.5925226723355308,0.02631578947368421,1.0,0.0,0.9375,0.6987529228371017,0.6025104602510458,0.9589662208116074,0.8597353497164448,0.0,1.0,0.0,0.0,0.0,0.0,0.0,0.0,0.0,0.0,0.0,0.0,1.0,0.0,0.0,0.0,0.0,0.0,0.0,0.0,0.0,0.0,0.0,1.0,0.0
1278,0.2716049382716049,0.0,0.0,1.0,0.22222222222222227,1.0,0.6220860826741794,0.2894736842105263,1.0,0.0,0.9375,0.6987529228371017,0.6025104602510458,0.9589662208116074,0.8597353497164448,0.0,0.0,0.0,0.0,0.0,0.0,0.0,0.0,0.0,1.0,0.0,0.0,1.0,0.0,0.0,0.0,0.0,0.0,0.0,1.0,0.0,0.0,0.0,1.0,0.0
1279,0.3703703703703703,1.0,0.0,1.0,0.22222222222222227,1.0,0.7534800071482515,0.02631578947368421,1.0,0.0,0.9375,0.6987529228371017,0.6025104602510458,0.9589662208116074,0.8597353497164448,1.0,1.0,0.0,0.0,0.0,0.0,0.0,0.0,0.0,0.0,0.0,0.0,1.0,0.0,0.0,1.0,0.0,0.0,0.0,0.0,0.0,0.0,1.0,1.0,0.0
1280,0.43209876543209874,0.5,0.5,1.0,0.22222222222222227,1.0,0.7941668304891158,0.02631578947368421,1.0,0.0,0.9375,0.6987529228371017,0.6025104602510458,0.9589662208116074,0.8597353497164448,1.0,0.0,0.0,0.0,0.0,0.0,0.0,1.0,0.0,0.0,0.0,0.0,1.0,0.0,0.0,0.0,0.0,1.0,0.0,0.0,0.0,0.0,1.0,1.0,0.0
1281,0.3333333333333333,1.0,0.0,1.0,0.22222222222222227,1.0,0.5909849360662706,0.02631578947368421,1.0,0.0,0.9375,0.6987529228371017,0.6025104602510458,0.9589662208116074,0.8597353497164448,0.0,1.0,0.0,0.0,0.0,0.0,0.0,0.0,0.0,0.0,0.0,0.0,1.0,0.0,0.0,0.0,0.0,0.0,0.0,0.0,0.0,0.0,0.0,1.0,0.0
1282,0.4074074074074074,1.0,0.0,1.0,0.22222222222222227,1.0,0.7943043350629084,0.02631578947368421,1.0,0.0,0.9375,0.6987529228371017,0.6025104602510458,0.9589662208116074,0.8597353497164448,1.0,0.0,0.0,0.0,0.0,0.0,0.0,0.0,0.0,1.0,0.0,0.0,1.0,0.0,0.0,0.0,0.0,0.0,0.0,1.0,0.0,0.0,0.0,1.0,0.0
1283,0.1728395061728395,0.0,0.0,1.0,0.22222222222222227,1.0,0.8407116136676243,0.0,1.0,0.0,0.9375,0.6987529228371017,0.6025104602510458,0.9589662208116074,0.8597353497164448,1.0,0.0,0.0,0.0,0.0,0.0,0.0,1.0,0.0,0.0,0.0,0.0,1.0,0.0,0.0,0.0,0.0,1.0,0.0,0.0,0.0,0.0,0.0,1.0,0.0
1284,0.35802469135802467,0.0,0.0,1.0,0.22222222222222227,1.0,0.6767047422935657,0.0,1.0,0.0,0.9375,0.6987529228371017,0.6025104602510458,0.9589662208116074,0.8597353497164448,0.0,0.0,0.0,0.0,0.0,0.0,0.0,0.0,0.0,0.0,1.0,0.0,0.0,0.0,0.0,0.0,1.0,0.0,0.0,0.0,0.0,0.0,0.0,1.0,0.0
1285,0.08641975308641975,1.0,0.0,1.0,0.22222222222222227,1.0,0.7006158192674063,0.02631578947368421,1.0,0.0,0.9375,0.6987529228371017,0.6025104602510458,0.9589662208116074,0.8597353497164448,0.0,1.0,0.0,0.0,0.0,0.0,0.0,0.0,0.0,0.0,0.0,0.0,1.0,0.0,0.0,0.0,1.0,0.0,0.0,0.0,0.0,0.0,1.0,1.0,0.0
1286,0.25925925925925924,0.0,0.0,1.0,0.22222222222222227,1.0,0.7184005503099906,0.0,1.0,0.0,0.9375,0.6987529228371017,0.6025104602510458,0.9589662208116074,0.8597353497164448,0.0,0.0,0.0,0.0,0.0,0.0,0.0,0.0,0.0,1.0,0.0,0.0,1.0,0.0,0.0,0.0,0.0,0.0,0.0,1.0,0.0,0.0,0.0,1.0,0.0
1287,0.4691358024691357,0.0,0.0,1.0,0.22222222222222227,1.0,0.4796617267459457,0.0,1.0,0.0,0.9375,0.6987529228371017,0.6025104602510458,0.9589662208116074,0.8597353497164448,0.0,0.0,0.0,0.0,0.0,0.0,0.0,0.0,0.0,1.0,0.0,0.0,1.0,0.0,0.0,0.0,0.0,0.0,0.0,0.0,1.0,0.0,0.0,1.0,0.0
1288,0.1728395061728395,1.0,0.0,1.0,0.22222222222222227,1.0,0.5707693054036078,0.0,1.0,0.0,0.9375,0.6987529228371017,0.6025104602510458,0.9589662208116074,0.8597353497164448,0.0,1.0,0.0,0.0,0.0,0.0,0.0,0.0,0.0,0.0,0.0,0.0,1.0,0.0,0.0,0.0,1.0,0.0,0.0,0.0,0.0,0.0,0.0,1.0,0.0
1289,0.3209876543209876,0.0,0.0,1.0,0.22222222222222227,1.0,0.5725931427044147,0.05263157894736842,1.0,0.0,0.9375,0.6987529228371017,0.6025104602510458,0.9589662208116074,0.8597353497164448,0.0,0.0,0.0,0.0,0.0,0.0,0.0,0.0,0.0,0.0,0.0,0.0,1.0,0.0,0.0,0.0,0.0,0.0,0.0,0.0,1.0,0.0,0.0,1.0,0.0
1290,0.2345679012345679,0.0,0.0,1.0,0.22222222222222227,1.0,0.6937125767575353,0.18421052631578946,1.0,0.0,0.9375,0.6987529228371017,0.6025104602510458,0.9589662208116074,0.8597353497164448,0.0,0.0,0.0,0.0,0.0,0.0,0.0,0.0,0.0,0.0,1.0,0.0,1.0,0.0,0.0,0.0,1.0,0.0,0.0,0.0,0.0,0.0,0.0,1.0,0.0
1291,0.3703703703703703,1.0,0.0,1.0,0.22222222222222227,1.0,0.5962813035550764,0.0,1.0,0.0,0.9375,0.6987529228371017,0.6025104602510458,0.9589662208116074,0.8597353497164448,0.0,0.0,0.0,0.0,0.0,0.0,1.0,0.0,0.0,0.0,0.0,0.0,1.0,0.0,0.0,0.0,0.0,0.0,0.0,0.0,0.0,1.0,1.0,1.0,0.0
1292,0.29629629629629634,1.0,0.0,1.0,0.22222222222222227,1.0,0.5047088377203057,0.0,1.0,0.0,0.9375,0.6987529228371017,0.6025104602510458,0.9589662208116074,0.8597353497164448,0.0,0.0,0.0,0.0,0.0,0.0,0.0,0.0,0.0,0.0,0.0,0.0,1.0,0.0,0.0,0.0,0.0,0.0,0.0,1.0,0.0,0.0,1.0,1.0,0.0
1293,0.4567901234567901,0.5,0.5,1.0,0.22222222222222227,1.0,0.6697830312775754,0.0,1.0,0.0,0.9375,0.6987529228371017,0.6025104602510458,0.9589662208116074,0.8597353497164448,0.0,0.0,0.0,0.0,0.0,0.0,0.0,0.0,0.0,0.0,0.0,0.0,1.0,0.0,0.0,0.0,0.0,0.0,0.0,0.0,0.0,0.0,1.0,1.0,0.0
1294,0.29629629629629634,1.0,0.0,1.0,0.22222222222222227,1.0,0.7692851714613549,0.23684210526315788,1.0,0.0,0.9375,0.6987529228371017,0.6025104602510458,0.9589662208116074,0.8597353497164448,1.0,0.0,1.0,0.0,0.0,0.0,0.0,0.0,0.0,0.0,0.0,0.0,1.0,0.0,0.0,0.0,0.0,0.0,0.0,0.0,1.0,0.0,0.0,1.0,0.0
1295,0.16049382716049382,1.0,0.0,1.0,0.22222222222222227,1.0,0.6442246085825132,0.05263157894736842,1.0,0.0,0.9375,0.6987529228371017,0.6025104602510458,0.9589662208116074,0.8597353497164448,0.0,0.0,0.0,0.0,0.0,0.0,0.0,0.0,0.0,0.0,0.0,0.0,1.0,0.0,0.0,0.0,0.0,0.0,0.0,0.0,1.0,0.0,0.0,1.0,0.0
1296,0.48148148148148145,0.0,0.0,1.0,0.22222222222222227,1.0,0.8235925753357682,0.368421052631579,1.0,0.0,0.9375,0.6987529228371017,0.6025104602510458,0.9589662208116074,0.8597353497164448,1.0,1.0,0.0,0.0,0.0,0.0,0.0,0.0,0.0,0.0,0.0,0.0,1.0,0.0,0.0,0.0,0.0,0.0,0.0,0.0,0.0,0.0,1.0,1.0,0.0
1297,0.3209876543209876,0.0,0.0,1.0,0.22222222222222227,1.0,0.8603701707581072,0.02631578947368421,1.0,0.0,0.9375,0.6987529228371017,0.6025104602510458,0.9589662208116074,0.8597353497164448,1.0,1.0,0.0,0.0,0.0,0.0,0.0,0.0,0.0,0.0,0.0,0.0,1.0,0.0,0.0,0.0,1.0,0.0,0.0,0.0,0.0,0.0,1.0,1.0,0.0
1298,0.24691358024691357,0.0,0.0,1.0,0.22222222222222227,1.0,0.8376145381484822,0.02631578947368421,1.0,0.0,0.9375,0.6987529228371017,0.6025104602510458,0.9589662208116074,0.8597353497164448,1.0,1.0,0.0,0.0,0.0,0.0,0.0,0.0,0.0,0.0,0.0,0.0,1.0,0.0,0.0,0.0,0.0,1.0,0.0,0.0,0.0,0.0,0.0,1.0,0.0
1299,0.14814814814814814,0.0,0.0,1.0,0.22222222222222227,1.0,0.5109842001350153,0.02631578947368421,1.0,0.0,0.9375,0.6987529228371017,0.6025104602510458,0.9589662208116074,0.8597353497164448,0.0,0.0,0.0,0.0,0.0,0.0,0.0,1.0,0.0,0.0,0.0,0.0,1.0,0.0,0.0,0.0,0.0,1.0,0.0,0.0,0.0,0.0,0.0,1.0,0.0
1300,0.14814814814814814,0.0,0.0,1.0,0.22222222222222227,1.0,0.7984891591773443,0.05263157894736842,1.0,0.0,0.9375,0.6987529228371017,0.6025104602510458,0.9589662208116074,0.8597353497164448,1.0,0.0,0.0,0.0,0.0,0.0,0.0,0.0,0.0,1.0,0.0,0.0,1.0,0.0,0.0,0.0,0.0,0.0,0.0,1.0,0.0,0.0,0.0,1.0,0.0
1301,0.48148148148148145,0.5,0.5,1.0,0.22222222222222227,1.0,0.6860343669962174,0.0,1.0,0.0,0.9375,0.6987529228371017,0.6025104602510458,0.9589662208116074,0.8597353497164448,0.0,1.0,0.0,0.0,0.0,0.0,0.0,0.0,0.0,0.0,0.0,0.0,1.0,0.0,0.0,0.0,0.0,0.0,0.0,1.0,0.0,0.0,0.0,1.0,0.0
1302,0.25925925925925924,1.0,0.0,1.0,0.22222222222222227,1.0,0.6371237804409605,0.10526315789473684,1.0,0.0,0.9375,0.6987529228371017,0.6025104602510458,0.9589662208116074,0.8597353497164448,0.0,0.0,0.0,0.0,0.0,0.0,0.0,0.0,0.0,0.0,0.0,0.0,0.0,0.0,0.0,0.0,0.0,1.0,0.0,0.0,0.0,0.0,0.0,1.0,0.0
1303,0.3703703703703703,0.0,0.0,1.0,0.22222222222222227,1.0,0.5878478128342483,0.0,1.0,0.0,0.9375,0.6987529228371017,0.6025104602510458,0.9589662208116074,0.8597353497164448,0.0,0.0,0.0,0.0,0.0,0.0,0.0,0.0,0.0,0.0,0.0,1.0,1.0,0.0,0.0,0.0,0.0,0.0,0.0,0.0,0.0,1.0,1.0,1.0,0.0
1304,0.38271604938271603,1.0,0.0,1.0,0.22222222222222227,1.0,0.6371237804409605,0.07894736842105263,1.0,0.0,0.9375,0.6987529228371017,0.6025104602510458,0.9589662208116074,0.8597353497164448,0.0,0.0,0.0,0.0,0.0,0.0,0.0,0.0,0.0,0.0,0.0,0.0,0.0,0.0,0.0,0.0,0.0,0.0,0.0,0.0,1.0,0.0,0.0,1.0,0.0
1305,0.29629629629629634,1.0,0.0,1.0,0.22222222222222227,1.0,0.4796617267459457,0.05263157894736842,1.0,0.0,0.9375,0.6987529228371017,0.6025104602510458,0.9589662208116074,0.8597353497164448,0.0,0.0,0.0,0.0,0.0,0.0,0.0,1.0,0.0,0.0,0.0,0.0,1.0,0.0,0.0,0.0,0.0,1.0,0.0,0.0,0.0,0.0,1.0,1.0,0.0
1306,0.38271604938271603,1.0,0.0,1.0,0.22222222222222227,1.0,0.4182339006857429,0.02631578947368421,1.0,0.0,0.9375,0.6987529228371017,0.6025104602510458,0.9589662208116074,0.8597353497164448,0.0,0.0,0.0,0.0,0.0,0.0,0.0,0.0,0.0,0.0,0.0,0.0,1.0,0.0,0.0,0.0,0.0,0.0,0.0,1.0,0.0,0.0,1.0,1.0,0.0
1307,0.4444444444444445,1.0,0.0,1.0,0.22222222222222227,1.0,0.603456402174661,0.05263157894736842,1.0,0.0,0.9375,0.6987529228371017,0.6025104602510458,0.9589662208116074,0.8597353497164448,0.0,0.0,0.0,0.0,0.0,0.0,0.0,0.0,0.0,0.0,0.0,0.0,1.0,0.0,0.0,0.0,1.0,0.0,0.0,0.0,0.0,0.0,1.0,1.0,0.0
1308,0.2222222222222222,1.0,0.0,1.0,0.22222222222222227,1.0,0.6166136936809081,0.02631578947368421,1.0,0.0,0.9375,0.6987529228371017,0.6025104602510458,0.9589662208116074,0.8597353497164448,0.0,1.0,0.0,0.0,0.0,0.0,0.0,0.0,0.0,0.0,0.0,0.0,1.0,0.0,0.0,0.0,1.0,0.0,0.0,0.0,0.0,0.0,0.0,1.0,0.0
1309,0.39506172839506176,1.0,0.0,1.0,0.22222222222222227,1.0,0.8930104209850201,0.02631578947368421,1.0,0.0,0.9375,0.6987529228371017,0.6025104602510458,0.9589662208116074,0.8597353497164448,1.0,1.0,0.0,0.0,0.0,0.0,0.0,0.0,0.0,0.0,0.0,0.0,1.0,0.0,0.0,1.0,0.0,0.0,0.0,0.0,0.0,0.0,0.0,1.0,0.0
1310,0.1728395061728395,1.0,0.0,1.0,0.22222222222222227,1.0,0.6527663947522088,0.13157894736842105,1.0,0.0,0.9375,0.6987529228371017,0.6025104602510458,0.9589662208116074,0.8597353497164448,0.0,0.0,0.0,0.0,1.0,0.0,0.0,0.0,0.0,0.0,0.0,0.0,0.0,1.0,0.0,0.0,0.0,0.0,0.0,1.0,0.0,0.0,0.0,1.0,0.0
1311,0.38271604938271603,1.0,0.0,1.0,0.22222222222222227,1.0,0.7744403279718529,0.05263157894736842,1.0,0.0,0.9375,0.6987529228371017,0.6025104602510458,0.9589662208116074,0.8597353497164448,1.0,0.0,0.0,0.0,0.0,0.0,0.0,0.0,0.0,1.0,0.0,0.0,0.0,1.0,0.0,0.0,0.0,0.0,0.0,0.0,0.0,1.0,0.0,1.0,0.0
1312,0.43209876543209874,1.0,1.0,1.0,0.22222222222222227,1.0,0.5821481094717212,0.02631578947368421,1.0,0.0,0.9375,0.6987529228371017,0.6025104602510458,0.9589662208116074,0.8597353497164448,0.0,0.0,0.0,0.0,0.0,0.0,1.0,0.0,0.0,0.0,0.0,0.0,0.0,1.0,0.0,0.0,0.0,0.0,0.0,0.0,1.0,0.0,1.0,1.0,0.0
1313,0.3703703703703703,0.0,0.0,1.0,0.22222222222222227,1.0,0.6328650293995502,0.05263157894736842,1.0,0.0,0.9375,0.6987529228371017,0.6025104602510458,0.9589662208116074,0.8597353497164448,0.0,0.0,0.0,0.0,0.0,0.0,0.0,0.0,0.0,0.0,0.0,0.0,1.0,0.0,0.0,0.0,0.0,0.0,0.0,0.0,1.0,0.0,1.0,1.0,0.0
1314,0.34567901234567905,0.0,0.0,1.0,0.22222222222222227,1.0,0.6360734596286551,0.21052631578947367,1.0,0.0,0.9375,0.6987529228371017,0.6025104602510458,0.9589662208116074,0.8597353497164448,0.0,1.0,0.0,0.0,0.0,0.0,0.0,0.0,0.0,0.0,0.0,0.0,1.0,0.0,0.0,0.0,1.0,0.0,0.0,0.0,0.0,0.0,1.0,1.0,0.0
1315,0.4691358024691357,0.0,0.0,1.0,0.22222222222222227,1.0,0.4396813242736008,0.05263157894736842,1.0,0.0,0.9375,0.6987529228371017,0.6025104602510458,0.9589662208116074,0.8597353497164448,0.0,0.0,0.0,0.0,0.0,0.0,0.0,0.0,0.0,1.0,0.0,0.0,1.0,0.0,0.0,0.0,0.0,0.0,0.0,0.0,1.0,0.0,0.0,1.0,0.0
1316,0.19753086419753085,1.0,0.0,1.0,0.22222222222222227,1.0,0.7776502174225604,0.02631578947368421,1.0,0.0,0.9375,0.6987529228371017,0.6025104602510458,0.9589662208116074,0.8597353497164448,0.0,0.0,0.0,0.0,0.0,0.0,1.0,0.0,0.0,0.0,0.0,0.0,0.0,1.0,0.0,0.0,0.0,0.0,0.0,0.0,0.0,0.0,0.0,1.0,0.0
1317,0.48148148148148145,1.0,0.0,1.0,0.22222222222222227,1.0,0.580467578755373,0.02631578947368421,1.0,0.0,0.9375,0.6987529228371017,0.6025104602510458,0.9589662208116074,0.8597353497164448,0.0,0.0,0.0,0.0,0.0,0.0,0.0,0.0,0.0,0.0,0.0,0.0,1.0,0.0,0.0,0.0,0.0,1.0,0.0,0.0,0.0,0.0,0.0,1.0,0.0
1318,0.30864197530864196,0.0,0.0,1.0,0.22222222222222227,1.0,0.8108169298082005,0.02631578947368421,1.0,0.0,0.9375,0.6987529228371017,0.6025104602510458,0.9589662208116074,0.8597353497164448,1.0,0.0,0.0,0.0,0.0,0.0,0.0,1.0,0.0,0.0,0.0,0.0,1.0,0.0,0.0,0.0,0.0,1.0,0.0,0.0,0.0,0.0,0.0,1.0,0.0
1319,0.12345679012345678,1.0,0.0,1.0,0.22222222222222227,1.0,0.6607297076989791,0.02631578947368421,1.0,0.0,0.9375,0.6987529228371017,0.6025104602510458,0.9589662208116074,0.8597353497164448,0.0,0.0,0.0,0.0,0.0,0.0,0.0,1.0,0.0,0.0,0.0,0.0,0.0,1.0,0.0,0.0,0.0,1.0,0.0,0.0,0.0,0.0,0.0,1.0,0.0
1320,0.12345679012345678,0.0,0.0,1.0,0.22222222222222227,1.0,0.6402196209389266,0.02631578947368421,1.0,0.0,0.9375,0.6987529228371017,0.6025104602510458,0.9589662208116074,0.8597353497164448,0.0,0.0,0.0,0.0,0.0,0.0,0.0,0.0,0.0,1.0,0.0,0.0,0.0,1.0,0.0,0.0,0.0,0.0,0.0,1.0,0.0,0.0,0.0,1.0,0.0
1321,0.16049382716049382,1.0,0.0,1.0,0.22222222222222227,1.0,0.5047088377203057,0.05263157894736842,1.0,0.0,0.9375,0.6987529228371017,0.6025104602510458,0.9589662208116074,0.8597353497164448,0.0,1.0,0.0,0.0,0.0,0.0,0.0,0.0,0.0,0.0,0.0,0.0,0.0,1.0,0.0,1.0,0.0,0.0,0.0,0.0,0.0,0.0,0.0,1.0,0.0
1322,0.2716049382716049,0.0,0.0,1.0,0.22222222222222227,1.0,0.5540062892371289,0.13157894736842105,1.0,0.0,0.9375,0.6987529228371017,0.6025104602510458,0.9589662208116074,0.8597353497164448,0.0,0.0,0.0,0.0,0.0,0.0,0.0,1.0,0.0,0.0,0.0,0.0,1.0,0.0,0.0,0.0,0.0,1.0,0.0,0.0,0.0,0.0,0.0,1.0,0.0
1323,0.43209876543209874,0.0,0.0,1.0,0.22222222222222227,1.0,0.47140323828241015,0.07894736842105263,1.0,0.0,0.9375,0.6987529228371017,0.6025104602510458,0.9589662208116074,0.8597353497164448,0.0,0.0,0.0,0.0,0.0,0.0,0.0,0.0,0.0,0.0,0.0,1.0,1.0,0.0,0.0,1.0,0.0,0.0,0.0,0.0,0.0,0.0,0.0,1.0,0.0
1324,0.2222222222222222,0.0,0.0,1.0,0.22222222222222227,1.0,0.4776508205223571,0.23684210526315788,1.0,0.0,0.9375,0.6987529228371017,0.6025104602510458,0.9589662208116074,0.8597353497164448,0.0,0.0,0.0,0.0,0.0,0.0,0.0,0.0,0.0,1.0,0.0,0.0,0.0,0.0,0.0,0.0,0.0,0.0,0.0,1.0,0.0,0.0,0.0,1.0,0.0
1325,0.4444444444444445,0.0,0.0,1.0,0.22222222222222227,1.0,0.5253477691257531,0.10526315789473684,1.0,0.0,0.9375,0.6987529228371017,0.6025104602510458,0.9589662208116074,0.8597353497164448,0.0,0.0,0.0,0.0,0.0,0.0,0.0,1.0,0.0,0.0,0.0,0.0,1.0,0.0,0.0,0.0,0.0,0.0,0.0,0.0,0.0,0.0,0.0,1.0,0.0
1326,0.20987654320987653,0.0,0.0,1.0,0.22222222222222227,1.0,0.5239878100544288,0.07894736842105263,1.0,0.0,0.9375,0.6987529228371017,0.6025104602510458,0.9589662208116074,0.8597353497164448,0.0,0.0,0.0,0.0,0.0,0.0,0.0,0.0,0.0,0.0,0.0,0.0,1.0,0.0,0.0,0.0,0.0,0.0,0.0,0.0,1.0,0.0,0.0,1.0,0.0
1327,0.3703703703703703,1.0,0.0,1.0,0.22222222222222227,1.0,0.5239878100544288,0.13157894736842105,1.0,0.0,0.9375,0.6987529228371017,0.6025104602510458,0.9589662208116074,0.8597353497164448,0.0,0.0,0.0,0.0,0.0,0.0,0.0,0.0,0.0,0.0,0.0,0.0,1.0,0.0,0.0,1.0,0.0,0.0,0.0,0.0,0.0,0.0,1.0,1.0,0.0
1328,0.18518518518518517,1.0,0.0,1.0,0.22222222222222227,1.0,0.799150404029686,0.07894736842105263,1.0,0.0,0.9375,0.6987529228371017,0.6025104602510458,0.9589662208116074,0.8597353497164448,1.0,0.0,0.0,0.0,0.0,0.0,0.0,0.0,0.0,0.0,0.0,0.0,0.0,1.0,0.0,0.0,0.0,1.0,0.0,0.0,0.0,0.0,0.0,1.0,0.0
1329,0.3209876543209876,0.0,0.0,1.0,0.22222222222222227,1.0,0.7781242347845155,0.2894736842105263,1.0,0.0,0.9375,0.6987529228371017,0.6025104602510458,0.9589662208116074,0.8597353497164448,1.0,1.0,0.0,0.0,0.0,0.0,0.0,0.0,0.0,0.0,0.0,0.0,1.0,0.0,0.0,0.0,0.0,0.0,0.0,0.0,0.0,0.0,1.0,1.0,0.0
1330,0.2839506172839506,1.0,0.0,1.0,0.22222222222222227,1.0,0.7401096762293339,0.2894736842105263,1.0,0.0,0.9375,0.6987529228371017,0.6025104602510458,0.9589662208116074,0.8597353497164448,1.0,0.0,0.0,0.0,0.0,0.0,0.0,0.0,0.0,0.0,0.0,0.0,0.0,0.0,0.0,0.0,0.0,0.0,0.0,1.0,0.0,0.0,0.0,1.0,0.0
1331,0.24691358024691357,1.0,0.0,1.0,0.22222222222222227,1.0,0.9643186950590177,0.02631578947368421,1.0,0.0,0.9375,0.6987529228371017,0.6025104602510458,0.9589662208116074,0.8597353497164448,1.0,0.0,0.0,0.0,0.0,0.0,0.0,0.0,0.0,0.0,1.0,0.0,1.0,0.0,0.0,0.0,0.0,0.0,0.0,1.0,0.0,0.0,0.0,1.0,0.0
1332,0.1728395061728395,0.0,0.0,1.0,0.22222222222222227,1.0,0.8177727577471344,0.10526315789473684,1.0,0.0,0.9375,0.6987529228371017,0.6025104602510458,0.9589662208116074,0.8597353497164448,1.0,0.0,0.0,0.0,0.0,0.0,0.0,1.0,0.0,0.0,0.0,0.0,0.0,1.0,0.0,0.0,1.0,0.0,0.0,0.0,0.0,0.0,0.0,1.0,0.0
1333,0.5308641975308641,0.0,0.0,1.0,0.22222222222222227,1.0,0.41482394745244594,0.07894736842105263,1.0,0.0,0.9375,0.6987529228371017,0.6025104602510458,0.9589662208116074,0.8597353497164448,0.0,0.0,0.0,0.0,0.0,0.0,0.0,0.0,0.0,0.0,0.0,1.0,0.0,1.0,0.0,0.0,0.0,0.0,0.0,0.0,0.0,1.0,1.0,1.0,0.0
1334,0.2839506172839506,1.0,0.0,1.0,0.22222222222222227,1.0,0.6665709505038611,0.05263157894736842,1.0,0.0,0.9375,0.6987529228371017,0.6025104602510458,0.9589662208116074,0.8597353497164448,0.0,0.0,0.0,0.0,0.0,0.0,0.0,1.0,0.0,0.0,0.0,0.0,1.0,0.0,0.0,0.0,0.0,1.0,0.0,0.0,0.0,0.0,0.0,1.0,0.0
1335,0.419753086419753,0.0,0.0,1.0,0.22222222222222227,1.0,0.3832666732878459,0.10526315789473684,1.0,0.0,0.9375,0.6987529228371017,0.6025104602510458,0.9589662208116074,0.8597353497164448,0.0,0.0,0.0,0.0,0.0,0.0,0.0,0.0,0.0,0.0,0.0,0.0,1.0,0.0,0.0,0.0,1.0,0.0,0.0,0.0,0.0,0.0,0.0,1.0,0.0
1336,0.2222222222222222,0.0,0.0,1.0,0.22222222222222227,1.0,0.5670345425314071,0.07894736842105263,1.0,0.0,0.9375,0.6987529228371017,0.6025104602510458,0.9589662208116074,0.8597353497164448,0.0,0.0,0.0,0.0,0.0,0.0,0.0,0.0,0.0,0.0,0.0,0.0,0.0,1.0,0.0,0.0,0.0,0.0,0.0,0.0,1.0,0.0,0.0,1.0,0.0
1337,0.12345679012345678,0.0,1.0,1.0,0.22222222222222227,1.0,0.5707693054036078,0.10526315789473684,1.0,0.0,0.9375,0.6987529228371017,0.6025104602510458,0.9589662208116074,0.8597353497164448,0.0,1.0,0.0,0.0,0.0,0.0,0.0,0.0,0.0,0.0,0.0,0.0,1.0,0.0,0.0,0.0,1.0,0.0,0.0,0.0,0.0,0.0,1.0,1.0,0.0
1338,0.3703703703703703,0.0,0.0,1.0,0.3333333333333333,0.0,0.5821481094717212,0.05263157894736842,1.0,0.0,1.0,0.8823070927513683,0.37656903765690375,0.9591929267739743,1.0,0.0,1.0,0.0,0.0,0.0,0.0,0.0,0.0,0.0,0.0,0.0,0.0,0.0,0.0,0.0,0.0,0.0,0.0,0.0,0.0,0.0,0.0,0.0,1.0,0.0
1339,0.30864197530864196,0.0,0.0,1.0,0.3333333333333333,0.0,0.573494565885327,0.02631578947368421,1.0,0.0,1.0,0.8823070927513683,0.37656903765690375,0.9591929267739743,1.0,0.0,0.0,0.0,0.0,0.0,0.0,0.0,0.0,0.0,0.0,0.0,0.0,1.0,0.0,0.0,0.0,0.0,0.0,0.0,0.0,1.0,0.0,0.0,1.0,0.0
1340,0.5061728395061729,0.0,0.0,1.0,0.3333333333333333,0.0,0.5306356323565045,0.05263157894736842,1.0,0.0,1.0,0.8823070927513683,0.37656903765690375,0.9591929267739743,1.0,0.0,1.0,0.0,0.0,0.0,0.0,0.0,0.0,0.0,0.0,0.0,0.0,1.0,0.0,0.0,0.0,1.0,0.0,0.0,0.0,0.0,0.0,0.0,1.0,0.0
1341,0.4938271604938272,0.0,0.0,1.0,0.3333333333333333,0.0,0.4980797516051752,0.0,1.0,0.0,1.0,0.8823070927513683,0.37656903765690375,0.9591929267739743,1.0,0.0,1.0,0.0,0.0,0.0,0.0,0.0,0.0,0.0,0.0,0.0,0.0,0.0,0.0,0.0,0.0,0.0,0.0,0.0,0.0,0.0,1.0,1.0,1.0,0.0
1342,0.5185185185185184,1.0,0.0,1.0,0.3333333333333333,0.0,0.7274732792250687,0.0,1.0,0.0,1.0,0.8823070927513683,0.37656903765690375,0.9591929267739743,1.0,0.0,0.0,0.0,0.0,0.0,1.0,0.0,0.0,0.0,0.0,0.0,0.0,1.0,0.0,0.0,0.0,0.0,0.0,0.0,0.0,1.0,0.0,1.0,1.0,0.0
1343,0.35802469135802467,1.0,0.0,1.0,0.3333333333333333,0.0,0.7317600545467579,0.10526315789473684,1.0,0.0,1.0,0.8823070927513683,0.37656903765690375,0.9591929267739743,1.0,1.0,0.0,0.0,0.0,0.0,0.0,0.0,0.0,0.0,0.0,0.0,0.0,1.0,0.0,0.0,0.0,0.0,0.0,0.0,0.0,1.0,0.0,0.0,1.0,0.0
1344,0.3703703703703703,1.0,0.0,1.0,0.3333333333333333,0.0,0.6853423935333421,0.02631578947368421,1.0,0.0,1.0,0.8823070927513683,0.37656903765690375,0.9591929267739743,1.0,0.0,0.0,0.0,0.0,0.0,0.0,1.0,0.0,0.0,0.0,0.0,0.0,1.0,0.0,0.0,0.0,0.0,0.0,0.0,1.0,0.0,0.0,0.0,1.0,0.0
1345,0.30864197530864196,0.0,0.0,1.0,0.3333333333333333,0.0,0.6581347094668296,0.0,1.0,0.0,1.0,0.8823070927513683,0.37656903765690375,0.9591929267739743,1.0,0.0,1.0,0.0,0.0,0.0,0.0,0.0,0.0,0.0,0.0,0.0,0.0,1.0,0.0,0.0,0.0,0.0,0.0,0.0,0.0,0.0,1.0,1.0,1.0,0.0
1346,0.3333333333333333,0.0,0.0,1.0,0.3333333333333333,0.0,0.3877062624117341,0.0,1.0,0.0,1.0,0.8823070927513683,0.37656903765690375,0.9591929267739743,1.0,0.0,0.0,0.0,0.0,0.0,0.0,0.0,0.0,0.0,1.0,0.0,0.0,1.0,0.0,0.0,0.0,0.0,0.0,0.0,0.0,0.0,0.0,0.0,1.0,0.0
1347,0.38271604938271603,0.0,1.0,1.0,0.3333333333333333,0.0,0.6323216790132803,0.0,1.0,0.0,1.0,0.8823070927513683,0.37656903765690375,0.9591929267739743,1.0,0.0,0.0,1.0,0.0,0.0,0.0,0.0,0.0,0.0,0.0,0.0,0.0,1.0,0.0,0.0,0.0,0.0,0.0,0.0,0.0,0.0,0.0,0.0,1.0,0.0
1348,0.25925925925925924,0.0,0.0,1.0,0.3333333333333333,0.0,0.806313016498325,0.07894736842105263,1.0,0.0,1.0,0.8823070927513683,0.37656903765690375,0.9591929267739743,1.0,1.0,0.0,0.0,0.0,0.0,0.0,0.0,0.0,0.0,0.0,1.0,0.0,1.0,0.0,0.0,1.0,0.0,0.0,0.0,0.0,0.0,0.0,0.0,1.0,0.0
1349,0.3333333333333333,1.0,0.0,1.0,0.3333333333333333,0.0,0.5670345425314071,0.0,1.0,0.0,1.0,0.8823070927513683,0.37656903765690375,0.9591929267739743,1.0,0.0,0.0,0.0,0.0,0.0,0.0,1.0,0.0,0.0,0.0,0.0,0.0,0.0,0.0,0.0,0.0,0.0,1.0,0.0,0.0,0.0,0.0,0.0,1.0,0.0
1350,0.5308641975308641,0.0,0.0,1.0,0.3333333333333333,0.0,0.7372430733823068,0.02631578947368421,1.0,0.0,1.0,0.8823070927513683,0.37656903765690375,0.9591929267739743,1.0,1.0,0.0,0.0,0.0,1.0,0.0,0.0,0.0,0.0,0.0,0.0,0.0,1.0,0.0,0.0,0.0,0.0,0.0,0.0,0.0,1.0,0.0,0.0,1.0,0.0
1351,0.16049382716049382,0.0,0.0,1.0,0.3333333333333333,0.0,0.7033271207099517,0.0,1.0,0.0,1.0,0.8823070927513683,0.37656903765690375,0.9591929267739743,1.0,1.0,0.0,0.0,0.0,0.0,0.0,0.0,1.0,0.0,0.0,0.0,0.0,0.0,0.0,0.0,0.0,1.0,0.0,0.0,0.0,0.0,0.0,0.0,1.0,0.0
1352,0.13580246913580246,0.0,0.0,1.0,0.3333333333333333,0.0,0.7637156034873523,0.02631578947368421,1.0,0.0,1.0,0.8823070927513683,0.37656903765690375,0.9591929267739743,1.0,1.0,0.0,0.0,0.0,0.0,0.0,0.0,1.0,0.0,0.0,0.0,0.0,1.0,0.0,0.0,0.0,0.0,1.0,0.0,0.0,0.0,0.0,0.0,1.0,0.0
1353,0.2222222222222222,1.0,0.0,1.0,0.3333333333333333,0.0,0.5854388177384106,0.02631578947368421,1.0,0.0,1.0,0.8823070927513683,0.37656903765690375,0.9591929267739743,1.0,0.0,0.0,0.0,0.0,0.0,0.0,0.0,0.0,0.0,0.0,0.0,0.0,0.0,0.0,0.0,0.0,0.0,0.0,0.0,0.0,1.0,0.0,0.0,1.0,0.0
1354,0.2222222222222222,1.0,1.0,1.0,0.3333333333333333,0.0,0.49105467050389934,0.0,1.0,0.0,1.0,0.8823070927513683,0.37656903765690375,0.9591929267739743,1.0,0.0,1.0,0.0,0.0,0.0,0.0,0.0,0.0,0.0,0.0,0.0,0.0,1.0,0.0,0.0,1.0,0.0,0.0,0.0,0.0,0.0,0.0,0.0,1.0,0.0
1355,0.30864197530864196,1.0,0.0,1.0,0.3333333333333333,0.0,0.8168687367793607,0.0,1.0,0.0,1.0,0.8823070927513683,0.37656903765690375,0.9591929267739743,1.0,1.0,1.0,0.0,0.0,0.0,0.0,0.0,0.0,0.0,0.0,0.0,0.0,1.0,0.0,0.0,1.0,0.0,0.0,0.0,0.0,0.0,0.0,0.0,1.0,0.0
1356,0.38271604938271603,0.0,0.0,1.0,0.3333333333333333,0.0,0.5485843549516803,0.05263157894736842,1.0,0.0,1.0,0.8823070927513683,0.37656903765690375,0.9591929267739743,1.0,0.0,0.0,0.0,0.0,0.0,0.0,0.0,0.0,0.0,1.0,0.0,0.0,1.0,0.0,0.0,0.0,0.0,0.0,0.0,1.0,0.0,0.0,1.0,1.0,0.0
1357,0.2222222222222222,1.0,0.0,1.0,0.3333333333333333,0.0,0.4980797516051752,0.5263157894736842,1.0,0.0,1.0,0.8823070927513683,0.37656903765690375,0.9591929267739743,1.0,0.0,0.0,0.0,0.0,1.0,0.0,0.0,0.0,0.0,0.0,0.0,0.0,0.0,1.0,0.0,0.0,0.0,0.0,0.0,0.0,1.0,0.0,0.0,1.0,0.0
1358,0.2716049382716049,1.0,0.0,1.0,0.3333333333333333,0.0,0.7230243610120375,0.0,1.0,0.0,1.0,0.8823070927513683,0.37656903765690375,0.9591929267739743,1.0,0.0,1.0,0.0,0.0,0.0,0.0,0.0,0.0,0.0,0.0,0.0,0.0,1.0,0.0,0.0,0.0,0.0,0.0,0.0,0.0,0.0,0.0,1.0,1.0,0.0
1359,0.20987654320987653,1.0,0.0,1.0,0.3333333333333333,0.0,0.6220860826741794,0.0,1.0,0.0,1.0,0.8823070927513683,0.37656903765690375,0.9591929267739743,1.0,0.0,1.0,0.0,0.0,0.0,0.0,0.0,0.0,0.0,0.0,0.0,0.0,1.0,0.0,0.0,0.0,1.0,0.0,0.0,0.0,0.0,0.0,1.0,1.0,0.0
1360,0.3333333333333333,0.0,0.0,1.0,0.3333333333333333,0.0,0.6447157790225418,0.0,1.0,0.0,1.0,0.8823070927513683,0.37656903765690375,0.9591929267739743,1.0,0.0,1.0,0.0,0.0,0.0,0.0,0.0,0.0,0.0,0.0,0.0,0.0,1.0,0.0,0.0,0.0,0.0,0.0,0.0,1.0,0.0,0.0,0.0,1.0,0.0
1361,0.18518518518518517,1.0,1.0,1.0,0.3333333333333333,0.0,0.5947922311468027,0.0,1.0,0.0,1.0,0.8823070927513683,0.37656903765690375,0.9591929267739743,1.0,0.0,1.0,0.0,0.0,0.0,0.0,0.0,0.0,0.0,0.0,0.0,0.0,0.0,1.0,0.0,0.0,0.0,0.0,0.0,0.0,0.0,0.0,0.0,1.0,0.0
1362,0.2716049382716049,1.0,1.0,1.0,0.3333333333333333,0.0,0.7452250538727521,0.0,1.0,0.0,1.0,0.8823070927513683,0.37656903765690375,0.9591929267739743,1.0,1.0,0.0,0.0,0.0,0.0,0.0,0.0,1.0,0.0,0.0,0.0,0.0,0.0,1.0,0.0,0.0,0.0,1.0,0.0,0.0,0.0,0.0,1.0,1.0,0.0
1363,0.43209876543209874,1.0,0.0,1.0,0.3333333333333333,0.0,0.5485843549516803,0.05263157894736842,1.0,0.0,1.0,0.8823070927513683,0.37656903765690375,0.9591929267739743,1.0,0.0,0.0,0.0,0.0,0.0,0.0,0.0,1.0,0.0,0.0,0.0,0.0,1.0,0.0,0.0,0.0,0.0,1.0,0.0,0.0,0.0,0.0,1.0,1.0,0.0
1364,0.3703703703703703,1.0,1.0,1.0,0.3333333333333333,0.0,0.5212197964741162,0.0,1.0,0.0,1.0,0.8823070927513683,0.37656903765690375,0.9591929267739743,1.0,0.0,0.0,0.0,0.0,1.0,0.0,0.0,0.0,0.0,0.0,0.0,0.0,0.0,0.0,0.0,0.0,0.0,0.0,0.0,0.0,1.0,0.0,0.0,1.0,0.0
1365,0.13580246913580246,0.0,0.0,1.0,0.3333333333333333,0.0,0.6933889585355939,0.02631578947368421,1.0,0.0,1.0,0.8823070927513683,0.37656903765690375,0.9591929267739743,1.0,0.0,0.0,0.0,0.0,0.0,0.0,0.0,0.0,0.0,0.0,0.0,0.0,0.0,1.0,0.0,0.0,0.0,0.0,0.0,0.0,1.0,0.0,0.0,1.0,0.0
1366,0.34567901234567905,1.0,0.0,1.0,0.3333333333333333,0.0,0.8204438692808256,0.0,1.0,0.0,1.0,0.8823070927513683,0.37656903765690375,0.9591929267739743,1.0,1.0,0.0,0.0,0.0,0.0,0.0,0.0,0.0,0.0,0.0,0.0,0.0,1.0,0.0,0.0,0.0,0.0,0.0,0.0,0.0,0.0,1.0,0.0,1.0,0.0
1367,0.1728395061728395,1.0,0.0,1.0,0.3333333333333333,0.0,0.5356959888812932,0.07894736842105263,1.0,0.0,1.0,0.8823070927513683,0.37656903765690375,0.9591929267739743,1.0,0.0,1.0,0.0,0.0,0.0,0.0,0.0,0.0,0.0,0.0,0.0,0.0,1.0,0.0,0.0,0.0,1.0,0.0,0.0,0.0,0.0,0.0,0.0,1.0,0.0
1368,0.18518518518518517,0.0,0.0,1.0,0.3333333333333333,0.0,0.3738508374054576,0.02631578947368421,1.0,0.0,1.0,0.8823070927513683,0.37656903765690375,0.9591929267739743,1.0,0.0,1.0,0.0,0.0,0.0,0.0,0.0,0.0,0.0,0.0,0.0,0.0,0.0,0.0,0.0,0.0,0.0,0.0,0.0,0.0,0.0,0.0,1.0,1.0,0.0
1369,0.4567901234567901,0.0,1.0,1.0,0.3333333333333333,0.0,0.5821481094717212,0.07894736842105263,1.0,0.0,1.0,0.8823070927513683,0.37656903765690375,0.9591929267739743,1.0,0.0,0.0,0.0,0.0,1.0,0.0,0.0,0.0,0.0,0.0,0.0,0.0,1.0,0.0,0.0,0.0,0.0,0.0,0.0,0.0,1.0,0.0,1.0,1.0,0.0
1370,0.3703703703703703,0.0,1.0,1.0,0.3333333333333333,0.0,0.672135812695421,0.0,1.0,0.0,1.0,0.8823070927513683,0.37656903765690375,0.9591929267739743,1.0,0.0,0.0,0.0,0.0,1.0,0.0,0.0,0.0,0.0,0.0,0.0,0.0,0.0,0.0,0.0,0.0,0.0,0.0,0.0,0.0,1.0,0.0,0.0,1.0,0.0
1371,0.1111111111111111,0.0,0.0,1.0,0.3333333333333333,0.0,0.6402196209389266,0.05263157894736842,1.0,0.0,1.0,0.8823070927513683,0.37656903765690375,0.9591929267739743,1.0,1.0,1.0,0.0,0.0,0.0,0.0,0.0,0.0,0.0,0.0,0.0,0.0,1.0,0.0,0.0,0.0,1.0,0.0,0.0,0.0,0.0,0.0,0.0,1.0,0.0
1372,0.13580246913580246,1.0,0.0,1.0,0.3333333333333333,0.0,0.5452070373544604,0.02631578947368421,1.0,0.0,1.0,0.8823070927513683,0.37656903765690375,0.9591929267739743,1.0,0.0,1.0,0.0,0.0,0.0,0.0,0.0,0.0,0.0,0.0,0.0,0.0,0.0,1.0,0.0,0.0,0.0,1.0,0.0,0.0,0.0,0.0,0.0,1.0,0.0
1373,0.2345679012345679,1.0,0.0,1.0,0.3333333333333333,0.0,0.46252089605584185,0.02631578947368421,1.0,0.0,1.0,0.8823070927513683,0.37656903765690375,0.9591929267739743,1.0,0.0,1.0,0.0,0.0,0.0,0.0,0.0,0.0,0.0,0.0,0.0,0.0,0.0,1.0,0.0,0.0,0.0,0.0,0.0,0.0,0.0,0.0,0.0,1.0,0.0
1374,0.4691358024691357,1.0,1.0,1.0,0.3333333333333333,0.0,0.6572568311427133,0.02631578947368421,1.0,0.0,1.0,0.8823070927513683,0.37656903765690375,0.9591929267739743,1.0,0.0,1.0,0.0,0.0,0.0,0.0,0.0,0.0,0.0,0.0,0.0,0.0,1.0,0.0,0.0,0.0,0.0,0.0,0.0,0.0,0.0,0.0,1.0,1.0,0.0
1375,0.38271604938271603,1.0,0.0,1.0,0.3333333333333333,0.0,0.599923549592398,0.02631578947368421,1.0,0.0,1.0,0.8823070927513683,0.37656903765690375,0.9591929267739743,1.0,0.0,1.0,0.0,0.0,0.0,0.0,0.0,0.0,0.0,0.0,0.0,0.0,0.0,0.0,0.0,0.0,0.0,0.0,0.0,0.0,0.0,0.0,1.0,1.0,0.0
1376,0.34567901234567905,0.0,0.0,1.0,0.3333333333333333,0.0,0.5154803582186305,0.05263157894736842,1.0,0.0,1.0,0.8823070927513683,0.37656903765690375,0.9591929267739743,1.0,0.0,0.0,0.0,0.0,0.0,0.0,0.0,0.0,0.0,1.0,0.0,0.0,1.0,0.0,0.0,0.0,0.0,0.0,0.0,0.0,1.0,0.0,0.0,1.0,0.0
1377,0.3209876543209876,1.0,0.0,1.0,0.3333333333333333,0.0,0.5014409845439322,0.05263157894736842,1.0,0.0,1.0,0.8823070927513683,0.37656903765690375,0.9591929267739743,1.0,0.0,0.0,0.0,0.0,0.0,0.0,0.0,0.0,0.0,1.0,0.0,0.0,0.0,1.0,0.0,0.0,0.0,0.0,0.0,1.0,0.0,0.0,0.0,1.0,0.0
1378,0.19753086419753085,0.0,0.0,1.0,0.3333333333333333,0.0,0.7784391885188026,0.02631578947368421,1.0,0.0,1.0,0.8823070927513683,0.37656903765690375,0.9591929267739743,1.0,1.0,0.0,0.0,0.0,0.0,0.0,0.0,1.0,0.0,0.0,0.0,0.0,0.0,1.0,0.0,0.0,0.0,0.0,0.0,0.0,1.0,0.0,1.0,1.0,0.0
1379,0.39506172839506176,0.0,0.0,1.0,0.3333333333333333,0.0,0.5878478128342483,0.0,1.0,0.0,1.0,0.8823070927513683,0.37656903765690375,0.9591929267739743,1.0,0.0,0.0,0.0,0.0,0.0,0.0,0.0,0.0,0.0,1.0,0.0,0.0,1.0,0.0,0.0,0.0,0.0,0.0,0.0,1.0,0.0,0.0,0.0,1.0,0.0
1380,0.43209876543209874,0.0,0.0,1.0,0.3333333333333333,0.0,0.6244388640920251,0.05263157894736842,1.0,0.0,1.0,0.8823070927513683,0.37656903765690375,0.9591929267739743,1.0,0.0,0.0,0.0,0.0,0.0,0.0,0.0,0.0,0.0,0.0,0.0,0.0,0.0,0.0,0.0,0.0,0.0,0.0,0.0,0.0,1.0,0.0,0.0,1.0,0.0
1381,0.16049382716049382,0.0,0.0,1.0,0.3333333333333333,0.0,0.6159896330688406,0.21052631578947367,1.0,0.0,1.0,0.8823070927513683,0.37656903765690375,0.9591929267739743,1.0,0.0,1.0,0.0,0.0,0.0,0.0,0.0,0.0,0.0,0.0,0.0,0.0,0.0,1.0,0.0,0.0,0.0,0.0,0.0,0.0,0.0,0.0,0.0,1.0,0.0
1382,0.20987654320987653,0.0,0.0,1.0,0.3333333333333333,0.0,0.7077115468084515,0.07894736842105263,1.0,0.0,1.0,0.8823070927513683,0.37656903765690375,0.9591929267739743,1.0,0.0,0.0,0.0,0.0,0.0,0.0,0.0,0.0,0.0,0.0,1.0,0.0,0.0,1.0,0.0,0.0,0.0,0.0,0.0,0.0,1.0,0.0,0.0,1.0,0.0
1383,0.5061728395061729,1.0,0.0,1.0,0.3333333333333333,0.0,0.664102989715846,0.15789473684210525,1.0,0.0,1.0,0.8823070927513683,0.37656903765690375,0.9591929267739743,1.0,0.0,0.0,0.0,0.0,0.0,0.0,0.0,0.0,0.0,0.0,0.0,0.0,0.0,0.0,0.0,0.0,0.0,0.0,0.0,0.0,1.0,0.0,0.0,1.0,0.0
1384,0.4691358024691357,1.0,0.0,1.0,0.3333333333333333,0.0,0.7435445231564038,0.10526315789473684,1.0,0.0,1.0,0.8823070927513683,0.37656903765690375,0.9591929267739743,1.0,1.0,0.0,0.0,0.0,0.0,0.0,0.0,0.0,0.0,1.0,0.0,0.0,1.0,0.0,0.0,0.0,0.0,0.0,0.0,1.0,0.0,0.0,0.0,1.0,0.0
1385,0.30864197530864196,0.0,1.0,1.0,0.3333333333333333,0.0,0.6339442585242172,0.02631578947368421,1.0,0.0,1.0,0.8823070927513683,0.37656903765690375,0.9591929267739743,1.0,0.0,0.0,0.0,0.0,0.0,0.0,0.0,0.0,0.0,0.0,0.0,0.0,1.0,0.0,0.0,0.0,0.0,1.0,0.0,0.0,0.0,0.0,0.0,1.0,0.0
1386,0.16049382716049382,0.0,0.0,1.0,0.3333333333333333,0.0,0.5253477691257531,0.0,1.0,0.0,1.0,0.8823070927513683,0.37656903765690375,0.9591929267739743,1.0,0.0,0.0,0.0,0.0,1.0,0.0,0.0,0.0,0.0,0.0,0.0,0.0,0.0,1.0,0.0,0.0,0.0,0.0,0.0,0.0,1.0,0.0,0.0,1.0,0.0
1387,0.19753086419753085,1.0,0.0,1.0,0.3333333333333333,0.0,0.5550613200712357,0.05263157894736842,1.0,0.0,1.0,0.8823070927513683,0.37656903765690375,0.9591929267739743,1.0,0.0,0.0,0.0,0.0,0.0,0.0,0.0,0.0,0.0,0.0,0.0,0.0,1.0,0.0,0.0,0.0,0.0,1.0,0.0,0.0,0.0,0.0,0.0,1.0,0.0
1388,0.34567901234567905,0.0,0.0,1.0,0.3333333333333333,0.0,0.5030862582093689,0.0,1.0,0.0,1.0,0.8823070927513683,0.37656903765690375,0.9591929267739743,1.0,0.0,0.0,0.0,0.0,0.0,0.0,0.0,0.0,0.0,0.0,0.0,0.0,0.0,0.0,0.0,0.0,0.0,0.0,0.0,0.0,1.0,0.0,1.0,1.0,0.0
1389,0.13580246913580246,1.0,1.0,1.0,0.3333333333333333,0.0,0.6665709505038611,0.0,1.0,0.0,1.0,0.8823070927513683,0.37656903765690375,0.9591929267739743,1.0,0.0,1.0,0.0,0.0,0.0,0.0,0.0,0.0,0.0,0.0,0.0,0.0,1.0,0.0,0.0,0.0,1.0,0.0,0.0,0.0,0.0,0.0,0.0,1.0,0.0
1390,0.29629629629629634,0.0,0.0,1.0,0.3333333333333333,0.0,0.6877466992608396,0.05263157894736842,1.0,0.0,1.0,0.8823070927513683,0.37656903765690375,0.9591929267739743,1.0,0.0,1.0,0.0,0.0,0.0,0.0,0.0,0.0,0.0,0.0,0.0,0.0,1.0,0.0,0.0,0.0,1.0,0.0,0.0,0.0,0.0,0.0,0.0,1.0,0.0
1391,0.30864197530864196,1.0,0.0,1.0,0.3333333333333333,0.0,0.5886399717165399,0.07894736842105263,1.0,0.0,1.0,0.8823070927513683,0.37656903765690375,0.9591929267739743,1.0,0.0,0.0,0.0,0.0,0.0,0.0,0.0,0.0,0.0,1.0,0.0,0.0,1.0,0.0,0.0,0.0,0.0,0.0,0.0,0.0,1.0,0.0,0.0,1.0,0.0
1392,0.43209876543209874,0.0,0.0,1.0,0.3333333333333333,0.0,0.7830650197547939,0.07894736842105263,1.0,0.0,1.0,0.8823070927513683,0.37656903765690375,0.9591929267739743,1.0,1.0,1.0,0.0,0.0,0.0,0.0,0.0,0.0,0.0,0.0,0.0,0.0,1.0,0.0,0.0,0.0,0.0,1.0,0.0,0.0,0.0,0.0,1.0,1.0,0.0
1393,0.4444444444444445,0.0,0.0,1.0,0.3333333333333333,0.0,0.5319212752022946,0.0,1.0,0.0,1.0,0.8823070927513683,0.37656903765690375,0.9591929267739743,1.0,0.0,0.0,0.0,0.0,0.0,0.0,0.0,1.0,0.0,0.0,0.0,0.0,0.0,0.0,0.0,0.0,0.0,0.0,0.0,0.0,0.0,0.0,1.0,1.0,0.0
1394,0.2716049382716049,0.0,0.0,1.0,0.3333333333333333,0.0,0.6102189047082401,0.0,1.0,0.0,1.0,0.8823070927513683,0.37656903765690375,0.9591929267739743,1.0,0.0,0.0,0.0,0.0,0.0,0.0,0.0,0.0,0.0,0.0,0.0,0.0,1.0,0.0,0.0,0.0,0.0,0.0,0.0,0.0,1.0,0.0,0.0,1.0,0.0
1395,0.20987654320987653,0.0,0.0,1.0,0.3333333333333333,0.0,0.6386818846696665,0.368421052631579,1.0,0.0,1.0,0.8823070927513683,0.37656903765690375,0.9591929267739743,1.0,0.0,1.0,0.0,0.0,0.0,0.0,0.0,0.0,0.0,0.0,0.0,0.0,1.0,0.0,0.0,0.0,1.0,0.0,0.0,0.0,0.0,0.0,0.0,1.0,0.0
1396,0.3209876543209876,0.0,0.0,1.0,0.3333333333333333,0.0,0.6102189047082401,0.02631578947368421,1.0,0.0,1.0,0.8823070927513683,0.37656903765690375,0.9591929267739743,1.0,0.0,0.0,0.0,0.0,0.0,0.0,0.0,1.0,0.0,0.0,0.0,0.0,1.0,0.0,0.0,0.0,0.0,1.0,0.0,0.0,0.0,0.0,1.0,1.0,0.0
1397,0.2222222222222222,1.0,1.0,1.0,0.3333333333333333,0.0,0.7173478797553707,0.02631578947368421,1.0,0.0,1.0,0.8823070927513683,0.37656903765690375,0.9591929267739743,1.0,1.0,0.0,0.0,0.0,0.0,0.0,0.0,0.0,1.0,0.0,0.0,0.0,0.0,1.0,0.0,0.0,0.0,0.0,0.0,0.0,1.0,0.0,1.0,1.0,0.0
1398,0.38271604938271603,0.0,0.0,1.0,0.3333333333333333,0.0,0.8108169298082005,0.07894736842105263,1.0,0.0,1.0,0.8823070927513683,0.37656903765690375,0.9591929267739743,1.0,0.0,1.0,0.0,0.0,0.0,0.0,0.0,0.0,0.0,0.0,0.0,0.0,1.0,0.0,0.0,0.0,0.0,0.0,0.0,0.0,0.0,0.0,0.0,1.0,0.0
1399,0.5185185185185184,0.0,0.0,1.0,0.3333333333333333,0.0,0.7536742848959364,0.13157894736842105,1.0,0.0,1.0,0.8823070927513683,0.37656903765690375,0.9591929267739743,1.0,1.0,0.0,0.0,0.0,0.0,1.0,0.0,0.0,0.0,0.0,0.0,0.0,0.0,0.0,0.0,0.0,0.0,0.0,0.0,0.0,1.0,0.0,0.0,1.0,0.0
1400,0.19753086419753085,0.0,0.0,1.0,0.3333333333333333,0.0,0.5356959888812932,0.3421052631578947,1.0,0.0,1.0,0.8823070927513683,0.37656903765690375,0.9591929267739743,1.0,0.0,0.0,0.0,0.0,0.0,0.0,0.0,1.0,0.0,0.0,0.0,0.0,1.0,0.0,0.0,0.0,0.0,1.0,0.0,0.0,0.0,0.0,0.0,1.0,0.0
1401,0.2716049382716049,0.0,0.0,1.0,0.3333333333333333,0.0,0.7141321401199037,0.07894736842105263,1.0,0.0,1.0,0.8823070927513683,0.37656903765690375,0.9591929267739743,1.0,1.0,0.0,0.0,0.0,0.0,0.0,0.0,0.0,0.0,1.0,0.0,0.0,0.0,1.0,0.0,0.0,0.0,0.0,0.0,1.0,0.0,0.0,1.0,1.0,0.0
1402,0.2345679012345679,0.0,0.0,1.0,0.3333333333333333,0.25,0.5014409845439322,0.23684210526315788,1.0,0.0,1.0,0.8823070927513683,0.37656903765690375,0.9589662208116074,1.0,0.0,0.0,0.0,0.0,0.0,0.0,0.0,1.0,0.0,0.0,0.0,0.0,0.0,1.0,0.0,0.0,1.0,0.0,0.0,0.0,0.0,0.0,0.0,1.0,0.0
1403,0.18518518518518517,1.0,0.0,1.0,0.3333333333333333,0.25,0.49636241965296135,0.23684210526315788,1.0,0.0,1.0,0.8823070927513683,0.37656903765690375,0.9589662208116074,1.0,0.0,0.0,0.0,0.0,0.0,0.0,0.0,0.0,0.0,1.0,0.0,0.0,1.0,0.0,0.0,0.0,0.0,0.0,0.0,1.0,0.0,0.0,0.0,1.0,0.0
1404,0.35802469135802467,1.0,0.0,1.0,0.3333333333333333,0.25,0.6108742554254224,0.0,1.0,0.0,1.0,0.8823070927513683,0.37656903765690375,0.9589662208116074,1.0,0.0,0.0,0.0,0.0,0.0,0.0,0.0,0.0,0.0,0.0,1.0,0.0,1.0,0.0,0.0,1.0,0.0,0.0,0.0,0.0,0.0,0.0,1.0,1.0,0.0
1405,0.35802469135802467,0.0,0.0,1.0,0.3333333333333333,0.25,0.6360734596286551,0.0,1.0,0.0,1.0,0.8823070927513683,0.37656903765690375,0.9589662208116074,1.0,0.0,1.0,0.0,0.0,0.0,0.0,0.0,0.0,0.0,0.0,0.0,0.0,1.0,0.0,0.0,0.0,1.0,0.0,0.0,0.0,0.0,0.0,1.0,1.0,0.0
1406,0.1111111111111111,0.0,0.0,1.0,0.3333333333333333,0.25,0.8314654698537857,0.05263157894736842,1.0,0.0,1.0,0.8823070927513683,0.37656903765690375,0.9589662208116074,1.0,1.0,0.0,0.0,0.0,0.0,0.0,0.0,0.0,0.0,1.0,0.0,0.0,0.0,1.0,0.0,0.0,0.0,0.0,0.0,0.0,1.0,0.0,0.0,1.0,0.0
1407,0.25925925925925924,0.0,0.0,1.0,0.3333333333333333,0.25,0.5878478128342483,0.02631578947368421,1.0,0.0,1.0,0.8823070927513683,0.37656903765690375,0.9589662208116074,1.0,0.0,0.0,0.0,0.0,0.0,0.0,0.0,0.0,0.0,0.0,0.0,0.0,1.0,0.0,0.0,0.0,0.0,1.0,0.0,0.0,0.0,0.0,0.0,1.0,0.0
1408,0.20987654320987653,0.0,0.0,1.0,0.3333333333333333,0.25,0.8082818515689723,0.02631578947368421,1.0,0.0,1.0,0.8823070927513683,0.37656903765690375,0.9589662208116074,1.0,1.0,1.0,0.0,0.0,0.0,0.0,0.0,0.0,0.0,0.0,0.0,0.0,1.0,0.0,0.0,0.0,1.0,0.0,0.0,0.0,0.0,0.0,0.0,1.0,0.0
1409,0.29629629629629634,0.5,0.5,1.0,0.3333333333333333,0.25,0.6250197795910157,0.0,1.0,0.0,1.0,0.8823070927513683,0.37656903765690375,0.9589662208116074,1.0,0.0,1.0,0.0,0.0,0.0,0.0,0.0,0.0,0.0,0.0,0.0,0.0,1.0,0.0,0.0,1.0,0.0,0.0,0.0,0.0,0.0,0.0,0.0,1.0,0.0
1410,0.24691358024691357,0.0,0.0,1.0,0.3333333333333333,0.25,0.46252089605584185,0.07894736842105263,1.0,0.0,1.0,0.8823070927513683,0.37656903765690375,0.9589662208116074,1.0,0.0,1.0,0.0,0.0,0.0,0.0,0.0,0.0,0.0,0.0,0.0,0.0,1.0,0.0,0.0,1.0,0.0,0.0,0.0,0.0,0.0,0.0,1.0,1.0,0.0
1411,0.30864197530864196,0.0,0.0,1.0,0.3333333333333333,0.25,0.7485157621394414,0.0,1.0,0.0,1.0,0.8823070927513683,0.37656903765690375,0.9589662208116074,1.0,0.0,0.0,0.0,0.0,0.0,0.0,0.0,0.0,0.0,0.0,0.0,0.0,0.0,1.0,0.0,0.0,0.0,1.0,0.0,0.0,0.0,0.0,0.0,1.0,0.0
1412,0.18518518518518517,0.0,0.0,1.0,0.3333333333333333,0.25,0.8074245379915943,0.05263157894736842,1.0,0.0,1.0,0.8823070927513683,0.37656903765690375,0.9589662208116074,1.0,1.0,1.0,0.0,0.0,0.0,0.0,0.0,0.0,0.0,0.0,0.0,0.0,0.0,1.0,0.0,0.0,0.0,1.0,0.0,0.0,0.0,0.0,0.0,1.0,0.0
1413,0.38271604938271603,0.0,1.0,1.0,0.3333333333333333,0.25,0.6134597474028101,0.07894736842105263,1.0,0.0,1.0,0.8823070927513683,0.37656903765690375,0.9589662208116074,1.0,0.0,0.0,0.0,0.0,0.0,0.0,0.0,0.0,0.0,0.0,0.0,0.0,1.0,0.0,0.0,0.0,0.0,1.0,0.0,0.0,0.0,0.0,0.0,1.0,0.0
1414,0.29629629629629634,0.0,0.0,1.0,0.3333333333333333,0.25,0.6244388640920251,0.0,1.0,0.0,1.0,0.8823070927513683,0.37656903765690375,0.9589662208116074,1.0,0.0,1.0,0.0,0.0,0.0,0.0,0.0,0.0,0.0,0.0,0.0,0.0,1.0,0.0,0.0,0.0,1.0,0.0,0.0,0.0,0.0,0.0,1.0,1.0,0.0
1415,0.25925925925925924,1.0,0.0,1.0,0.3333333333333333,0.25,0.7181382644722665,0.0,1.0,0.0,1.0,0.8823070927513683,0.37656903765690375,0.9589662208116074,1.0,0.0,0.0,0.0,0.0,0.0,0.0,0.0,0.0,0.0,1.0,0.0,0.0,1.0,0.0,0.0,0.0,1.0,0.0,0.0,0.0,0.0,0.0,0.0,1.0,0.0
1416,0.25925925925925924,1.0,0.0,1.0,0.3333333333333333,0.25,0.5631773068220264,0.02631578947368421,1.0,0.0,1.0,0.8823070927513683,0.37656903765690375,0.9589662208116074,1.0,0.0,1.0,0.0,0.0,0.0,0.0,0.0,0.0,0.0,0.0,0.0,0.0,1.0,0.0,0.0,0.0,0.0,0.0,0.0,0.0,0.0,0.0,1.0,1.0,0.0
1417,0.25925925925925924,1.0,0.0,1.0,0.3333333333333333,0.25,0.6536782997023916,0.0,1.0,0.0,1.0,0.8823070927513683,0.37656903765690375,0.9589662208116074,1.0,0.0,1.0,0.0,0.0,0.0,0.0,0.0,0.0,0.0,0.0,0.0,0.0,1.0,0.0,0.0,1.0,0.0,0.0,0.0,0.0,0.0,0.0,1.0,1.0,0.0
1418,0.38271604938271603,0.0,1.0,1.0,0.3333333333333333,0.25,0.6677857821213365,0.0,1.0,0.0,1.0,0.8823070927513683,0.37656903765690375,0.9589662208116074,1.0,0.0,1.0,0.0,0.0,0.0,0.0,0.0,0.0,0.0,0.0,0.0,0.0,1.0,0.0,0.0,0.0,0.0,0.0,0.0,0.0,0.0,0.0,0.0,1.0,0.0
1419,0.48148148148148145,1.0,0.0,1.0,0.3333333333333333,0.25,0.8055661241512295,0.05263157894736842,1.0,0.0,1.0,0.8823070927513683,0.37656903765690375,0.9589662208116074,1.0,1.0,0.0,0.0,0.0,1.0,0.0,0.0,0.0,0.0,0.0,0.0,0.0,1.0,0.0,0.0,0.0,1.0,0.0,0.0,0.0,0.0,0.0,0.0,1.0,0.0
1420,0.2345679012345679,1.0,0.0,1.0,0.3333333333333333,0.25,0.7821542914679217,0.0,1.0,0.0,1.0,0.8823070927513683,0.37656903765690375,0.9589662208116074,1.0,0.0,0.0,0.0,0.0,0.0,0.0,0.0,0.0,1.0,0.0,0.0,0.0,0.0,1.0,0.0,0.0,1.0,0.0,0.0,0.0,0.0,0.0,0.0,1.0,0.0
1421,0.4074074074074074,1.0,0.0,1.0,0.3333333333333333,0.25,0.6427386711469765,0.0,1.0,0.0,1.0,0.8823070927513683,0.37656903765690375,0.9589662208116074,1.0,0.0,0.0,0.0,0.0,0.0,0.0,0.0,1.0,0.0,0.0,0.0,0.0,1.0,0.0,0.0,0.0,0.0,1.0,0.0,0.0,0.0,0.0,1.0,1.0,0.0
1422,0.38271604938271603,1.0,1.0,1.0,0.3333333333333333,0.25,0.8156142540769739,0.15789473684210525,1.0,0.0,1.0,0.8823070927513683,0.37656903765690375,0.9589662208116074,1.0,1.0,0.0,0.0,0.0,1.0,0.0,0.0,0.0,0.0,0.0,0.0,0.0,1.0,0.0,0.0,0.0,0.0,0.0,0.0,0.0,1.0,0.0,0.0,1.0,0.0
1423,0.39506172839506176,1.0,1.0,1.0,0.3333333333333333,0.25,0.5743891340707834,0.10526315789473684,1.0,0.0,1.0,0.8823070927513683,0.37656903765690375,0.9589662208116074,1.0,0.0,1.0,0.0,0.0,0.0,0.0,0.0,0.0,0.0,0.0,0.0,0.0,1.0,0.0,0.0,0.0,0.0,0.0,0.0,0.0,0.0,0.0,1.0,1.0,0.0
1424,0.20987654320987653,0.0,1.0,1.0,0.3333333333333333,0.25,0.5862473099208212,0.0,1.0,0.0,1.0,0.8823070927513683,0.37656903765690375,0.9589662208116074,1.0,0.0,0.0,0.0,0.0,0.0,0.0,0.0,0.0,0.0,1.0,0.0,0.0,1.0,0.0,0.0,0.0,0.0,0.0,0.0,1.0,0.0,0.0,0.0,1.0,0.0
1425,0.14814814814814814,0.0,1.0,1.0,0.3333333333333333,0.25,0.74646988188572,0.02631578947368421,1.0,0.0,1.0,0.8823070927513683,0.37656903765690375,0.9589662208116074,1.0,0.0,0.0,0.0,0.0,0.0,0.0,0.0,0.0,0.0,0.0,0.0,0.0,0.0,1.0,0.0,0.0,1.0,0.0,0.0,0.0,0.0,0.0,1.0,1.0,0.0
1426,0.1728395061728395,1.0,0.0,1.0,0.3333333333333333,0.25,0.3738508374054576,0.0,1.0,0.0,1.0,0.8823070927513683,0.37656903765690375,0.9589662208116074,1.0,0.0,1.0,0.0,0.0,0.0,0.0,0.0,0.0,0.0,0.0,0.0,0.0,1.0,0.0,0.0,0.0,1.0,0.0,0.0,0.0,0.0,0.0,0.0,1.0,0.0
1427,0.2839506172839506,0.0,1.0,1.0,0.3333333333333333,0.25,0.3832666732878459,0.0,1.0,0.0,1.0,0.8823070927513683,0.37656903765690375,0.9589662208116074,1.0,0.0,0.0,0.0,0.0,0.0,0.0,0.0,0.0,0.0,0.0,0.0,0.0,0.0,1.0,0.0,0.0,0.0,1.0,0.0,0.0,0.0,0.0,0.0,1.0,0.0
1428,0.14814814814814814,0.0,1.0,1.0,0.3333333333333333,0.25,0.6427386711469765,0.0,1.0,0.0,1.0,0.8823070927513683,0.37656903765690375,0.9589662208116074,1.0,0.0,0.0,0.0,0.0,0.0,0.0,0.0,1.0,0.0,0.0,0.0,0.0,0.0,1.0,0.0,0.0,0.0,0.0,0.0,0.0,1.0,0.0,1.0,1.0,0.0
1429,0.2716049382716049,1.0,0.0,1.0,0.3333333333333333,0.25,0.5670345425314071,0.10526315789473684,1.0,0.0,1.0,0.8823070927513683,0.37656903765690375,0.9589662208116074,1.0,0.0,0.0,0.0,0.0,0.0,0.0,1.0,0.0,0.0,0.0,0.0,0.0,1.0,0.0,0.0,0.0,0.0,0.0,0.0,0.0,1.0,0.0,1.0,1.0,0.0
1430,0.4938271604938272,1.0,0.0,1.0,0.3333333333333333,0.25,0.6202900913078108,0.02631578947368421,1.0,0.0,1.0,0.8823070927513683,0.37656903765690375,0.9589662208116074,1.0,0.0,0.0,0.0,0.0,0.0,0.0,0.0,0.0,0.0,1.0,0.0,0.0,1.0,0.0,0.0,0.0,0.0,0.0,0.0,1.0,0.0,0.0,0.0,1.0,0.0
1431,0.25925925925925924,1.0,0.0,1.0,0.3333333333333333,0.25,0.811768483223066,0.0,1.0,0.0,1.0,0.8823070927513683,0.37656903765690375,0.9589662208116074,1.0,1.0,0.0,0.0,0.0,0.0,0.0,0.0,0.0,0.0,0.0,0.0,0.0,0.0,1.0,0.0,0.0,0.0,0.0,0.0,0.0,1.0,0.0,1.0,1.0,0.0
1432,0.29629629629629634,1.0,0.0,1.0,0.3333333333333333,0.25,0.7760562208180453,0.02631578947368421,1.0,0.0,1.0,0.8823070927513683,0.37656903765690375,0.9589662208116074,1.0,1.0,1.0,0.0,0.0,0.0,0.0,0.0,0.0,0.0,0.0,0.0,0.0,1.0,0.0,0.0,1.0,0.0,0.0,0.0,0.0,0.0,0.0,0.0,1.0,0.0
1433,0.35802469135802467,0.0,0.0,1.0,0.3333333333333333,0.25,0.6196852820090151,0.0,1.0,0.0,1.0,0.8823070927513683,0.37656903765690375,0.9589662208116074,1.0,0.0,0.0,0.0,0.0,0.0,0.0,0.0,0.0,0.0,0.0,0.0,0.0,0.0,1.0,0.0,0.0,0.0,0.0,0.0,0.0,1.0,0.0,1.0,1.0,0.0
1434,0.4691358024691357,1.0,0.0,1.0,0.3333333333333333,0.25,0.6328650293995502,0.02631578947368421,1.0,0.0,1.0,0.8823070927513683,0.37656903765690375,0.9589662208116074,1.0,0.0,0.0,0.0,0.0,0.0,0.0,0.0,0.0,0.0,0.0,0.0,1.0,1.0,0.0,0.0,0.0,0.0,0.0,0.0,0.0,0.0,0.0,1.0,1.0,0.0
1435,0.3333333333333333,1.0,0.0,1.0,0.3333333333333333,0.25,0.649517880450222,0.0,1.0,0.0,1.0,0.8823070927513683,0.37656903765690375,0.9589662208116074,1.0,0.0,0.0,0.0,0.0,0.0,0.0,1.0,0.0,0.0,0.0,0.0,0.0,1.0,0.0,0.0,0.0,1.0,0.0,0.0,0.0,0.0,0.0,0.0,1.0,0.0
1436,0.16049382716049382,0.0,0.0,1.0,0.3333333333333333,0.25,0.6853423935333421,0.0,1.0,0.0,1.0,0.8823070927513683,0.37656903765690375,0.9589662208116074,1.0,0.0,1.0,0.0,0.0,0.0,0.0,0.0,0.0,0.0,0.0,0.0,0.0,1.0,0.0,0.0,1.0,0.0,0.0,0.0,0.0,0.0,0.0,0.0,1.0,0.0
1437,0.3209876543209876,1.0,0.0,1.0,0.3333333333333333,0.25,0.664102989715846,0.02631578947368421,1.0,0.0,1.0,0.8823070927513683,0.37656903765690375,0.9589662208116074,1.0,0.0,0.0,0.0,0.0,0.0,0.0,0.0,0.0,0.0,0.0,0.0,0.0,1.0,0.0,0.0,0.0,0.0,1.0,0.0,0.0,0.0,0.0,0.0,1.0,0.0
1438,0.4444444444444445,0.5,0.5,1.0,0.3333333333333333,0.25,0.6541316149049302,0.0,1.0,0.0,1.0,0.8823070927513683,0.37656903765690375,0.9589662208116074,1.0,0.0,0.0,0.0,1.0,0.0,0.0,0.0,0.0,0.0,0.0,0.0,0.0,1.0,0.0,0.0,0.0,0.0,0.0,0.0,0.0,0.0,0.0,0.0,1.0,0.0
1439,0.25925925925925924,0.0,0.0,1.0,0.3333333333333333,0.25,0.8178852734414948,0.05263157894736842,1.0,0.0,1.0,0.8823070927513683,0.37656903765690375,0.9589662208116074,1.0,1.0,1.0,0.0,0.0,0.0,0.0,0.0,0.0,0.0,0.0,0.0,0.0,1.0,0.0,0.0,1.0,0.0,0.0,0.0,0.0,0.0,0.0,1.0,1.0,0.0
1440,0.39506172839506176,1.0,0.0,1.0,0.3333333333333333,0.25,0.6013494476505862,0.05263157894736842,1.0,0.0,1.0,0.8823070927513683,0.37656903765690375,0.9589662208116074,1.0,0.0,0.0,0.0,0.0,1.0,0.0,0.0,0.0,0.0,0.0,0.0,0.0,0.0,0.0,0.0,0.0,0.0,0.0,0.0,0.0,1.0,0.0,1.0,1.0,0.0
1441,0.4938271604938272,1.0,0.0,1.0,0.3333333333333333,0.25,0.6095598825393173,0.0,1.0,0.0,1.0,0.8823070927513683,0.37656903765690375,0.9589662208116074,1.0,0.0,1.0,0.0,0.0,0.0,0.0,0.0,0.0,0.0,0.0,0.0,0.0,0.0,0.0,0.0,0.0,1.0,0.0,0.0,0.0,0.0,0.0,0.0,1.0,0.0
1442,0.16049382716049382,0.0,0.0,1.0,0.3333333333333333,0.25,0.7604628114657891,0.02631578947368421,1.0,0.0,1.0,0.8823070927513683,0.37656903765690375,0.9589662208116074,1.0,0.0,0.0,0.0,0.0,0.0,0.0,0.0,0.0,0.0,0.0,0.0,0.0,0.0,1.0,0.0,0.0,0.0,1.0,0.0,0.0,0.0,0.0,1.0,1.0,0.0
1443,0.19753086419753085,0.0,0.0,1.0,0.3333333333333333,0.25,0.6006386590863215,0.15789473684210525,1.0,0.0,1.0,0.8823070927513683,0.37656903765690375,0.9589662208116074,1.0,0.0,1.0,0.0,0.0,0.0,0.0,0.0,0.0,0.0,0.0,0.0,0.0,1.0,0.0,0.0,0.0,1.0,0.0,0.0,0.0,0.0,0.0,1.0,1.0,0.0
1444,0.08641975308641975,0.0,0.0,1.0,0.3333333333333333,0.25,0.7816962695415204,0.0,1.0,0.0,1.0,0.8823070927513683,0.37656903765690375,0.9589662208116074,1.0,1.0,0.0,0.0,0.0,0.0,0.0,0.0,0.0,0.0,0.0,0.0,0.0,0.0,1.0,0.0,0.0,0.0,1.0,0.0,0.0,0.0,0.0,0.0,1.0,0.0
1445,0.16049382716049382,1.0,0.0,1.0,0.3333333333333333,0.25,0.6238550656258994,0.0,1.0,0.0,1.0,0.8823070927513683,0.37656903765690375,0.9589662208116074,1.0,0.0,0.0,0.0,0.0,0.0,0.0,0.0,1.0,0.0,0.0,0.0,0.0,1.0,0.0,0.0,0.0,0.0,0.0,0.0,0.0,1.0,0.0,1.0,1.0,0.0
1446,0.1728395061728395,1.0,0.0,1.0,0.3333333333333333,0.25,0.7866390207111226,0.0,1.0,0.0,1.0,0.8823070927513683,0.37656903765690375,0.9589662208116074,1.0,1.0,0.0,0.0,0.0,0.0,0.0,0.0,0.0,0.0,0.0,1.0,0.0,0.0,0.0,0.0,0.0,0.0,0.0,0.0,0.0,0.0,0.0,0.0,1.0,0.0
1447,0.16049382716049382,1.0,0.0,1.0,0.3333333333333333,0.25,0.7269871828743492,0.02631578947368421,1.0,0.0,1.0,0.8823070927513683,0.37656903765690375,0.9589662208116074,1.0,1.0,1.0,0.0,0.0,0.0,0.0,0.0,0.0,0.0,0.0,0.0,0.0,1.0,0.0,0.0,1.0,0.0,0.0,0.0,0.0,0.0,0.0,1.0,1.0,0.0
1448,0.2839506172839506,0.0,1.0,1.0,0.3333333333333333,0.25,0.9183418947682386,0.02631578947368421,1.0,0.0,1.0,0.8823070927513683,0.37656903765690375,0.9589662208116074,1.0,1.0,1.0,0.0,0.0,0.0,0.0,0.0,0.0,0.0,0.0,0.0,0.0,1.0,0.0,0.0,0.0,1.0,0.0,0.0,0.0,0.0,0.0,0.0,1.0,0.0
1449,0.2222222222222222,0.0,0.0,1.0,0.3333333333333333,0.25,0.6559276062712989,0.13157894736842105,1.0,0.0,1.0,0.8823070927513683,0.37656903765690375,0.9589662208116074,1.0,0.0,1.0,0.0,0.0,0.0,0.0,0.0,0.0,0.0,0.0,0.0,0.0,1.0,0.0,0.0,0.0,0.0,0.0,0.0,0.0,0.0,0.0,1.0,1.0,0.0
1450,0.2839506172839506,1.0,1.0,1.0,0.3333333333333333,0.25,0.6108742554254224,0.02631578947368421,1.0,0.0,1.0,0.8823070927513683,0.37656903765690375,0.9589662208116074,1.0,0.0,1.0,0.0,0.0,0.0,0.0,0.0,0.0,0.0,0.0,0.0,0.0,1.0,0.0,0.0,0.0,1.0,0.0,0.0,0.0,0.0,0.0,0.0,1.0,0.0
1451,0.16049382716049382,0.0,0.0,1.0,0.3333333333333333,0.25,0.6323216790132803,0.23684210526315788,1.0,0.0,1.0,0.8823070927513683,0.37656903765690375,0.9589662208116074,1.0,0.0,0.0,0.0,0.0,0.0,0.0,0.0,0.0,0.0,0.0,1.0,0.0,1.0,0.0,0.0,1.0,0.0,0.0,0.0,0.0,0.0,0.0,1.0,1.0,0.0
1452,0.2839506172839506,0.0,0.0,1.0,0.3333333333333333,0.25,0.4854960703308916,0.02631578947368421,1.0,0.0,1.0,0.8823070927513683,0.37656903765690375,0.9589662208116074,1.0,0.0,0.0,0.0,0.0,0.0,0.0,0.0,0.0,0.0,1.0,0.0,0.0,1.0,0.0,0.0,0.0,0.0,0.0,0.0,1.0,0.0,0.0,0.0,1.0,0.0
1453,0.25925925925925924,0.0,0.0,1.0,0.3333333333333333,0.25,0.7068476372990588,0.0,1.0,0.0,1.0,0.8823070927513683,0.37656903765690375,0.9589662208116074,1.0,0.0,1.0,0.0,0.0,0.0,0.0,0.0,0.0,0.0,0.0,0.0,0.0,1.0,0.0,0.0,0.0,1.0,0.0,0.0,0.0,0.0,0.0,1.0,1.0,0.0
1454,0.4074074074074074,1.0,0.0,1.0,0.3333333333333333,0.25,0.623268355434684,0.05263157894736842,1.0,0.0,1.0,0.8823070927513683,0.37656903765690375,0.9589662208116074,1.0,0.0,0.0,0.0,0.0,0.0,0.0,0.0,0.0,0.0,0.0,0.0,0.0,1.0,0.0,0.0,0.0,0.0,0.0,0.0,0.0,1.0,0.0,0.0,1.0,0.0
1455,0.18518518518518517,0.0,0.0,1.0,0.3333333333333333,0.25,0.6172344610818086,0.0,1.0,0.0,1.0,0.8823070927513683,0.37656903765690375,0.9589662208116074,1.0,0.0,1.0,0.0,0.0,0.0,0.0,0.0,0.0,0.0,0.0,0.0,0.0,0.0,0.0,0.0,0.0,1.0,0.0,0.0,0.0,0.0,0.0,0.0,1.0,0.0
1456,0.19753086419753085,0.0,1.0,1.0,0.3333333333333333,0.25,0.6620060509558884,0.0,1.0,0.0,1.0,0.8823070927513683,0.37656903765690375,0.9589662208116074,1.0,0.0,0.0,0.0,0.0,0.0,0.0,0.0,0.0,0.0,0.0,0.0,0.0,1.0,0.0,0.0,0.0,0.0,1.0,0.0,0.0,0.0,0.0,0.0,1.0,0.0
1457,0.30864197530864196,0.0,0.0,1.0,0.3333333333333333,0.25,0.5770327318283031,0.05263157894736842,1.0,0.0,1.0,0.8823070927513683,0.37656903765690375,0.9589662208116074,1.0,0.0,1.0,0.0,0.0,0.0,0.0,0.0,0.0,0.0,0.0,0.0,0.0,0.0,0.0,0.0,0.0,0.0,0.0,0.0,0.0,0.0,0.0,0.0,1.0,0.0
1458,0.30864197530864196,0.0,0.0,1.0,0.3333333333333333,0.25,0.31856189022048026,0.5263157894736842,1.0,0.0,1.0,0.8823070927513683,0.37656903765690375,0.9589662208116074,1.0,0.0,0.0,0.0,0.0,0.0,0.0,0.0,0.0,0.0,0.0,0.0,0.0,1.0,0.0,0.0,0.0,0.0,0.0,0.0,0.0,0.0,1.0,1.0,1.0,0.0
1459,0.2839506172839506,0.0,1.0,1.0,0.3333333333333333,0.25,0.8397816866945965,0.13157894736842105,1.0,0.0,1.0,0.8823070927513683,0.37656903765690375,0.9589662208116074,1.0,1.0,1.0,0.0,0.0,0.0,0.0,0.0,0.0,0.0,0.0,0.0,0.0,0.0,0.0,0.0,0.0,1.0,0.0,0.0,0.0,0.0,0.0,1.0,1.0,0.0
1460,0.1728395061728395,1.0,0.0,1.0,0.3333333333333333,0.25,0.6317758072704824,0.02631578947368421,1.0,0.0,1.0,0.8823070927513683,0.37656903765690375,0.9589662208116074,1.0,0.0,0.0,0.0,0.0,1.0,0.0,0.0,0.0,0.0,0.0,0.0,0.0,0.0,1.0,0.0,0.0,0.0,0.0,0.0,0.0,1.0,0.0,0.0,1.0,0.0
1461,0.2839506172839506,1.0,0.0,1.0,0.3333333333333333,0.25,0.5030862582093689,0.02631578947368421,1.0,0.0,1.0,0.8823070927513683,0.37656903765690375,0.9589662208116074,1.0,0.0,0.0,0.0,0.0,0.0,0.0,0.0,1.0,0.0,0.0,0.0,0.0,1.0,0.0,0.0,0.0,0.0,0.0,0.0,0.0,0.0,1.0,0.0,1.0,0.0
1462,0.2345679012345679,1.0,1.0,1.0,0.3333333333333333,0.25,0.2923123652049422,0.4473684210526315,1.0,0.0,1.0,0.8823070927513683,0.37656903765690375,0.9589662208116074,1.0,0.0,1.0,0.0,0.0,0.0,0.0,0.0,0.0,0.0,0.0,0.0,0.0,1.0,0.0,0.0,0.0,1.0,0.0,0.0,0.0,0.0,0.0,0.0,1.0,0.0
1463,0.24691358024691357,0.0,0.0,1.0,0.3333333333333333,0.25,0.8491113113972483,0.15789473684210525,1.0,0.0,1.0,0.8823070927513683,0.37656903765690375,0.9589662208116074,1.0,1.0,0.0,0.0,0.0,0.0,0.0,0.0,0.0,0.0,0.0,0.0,0.0,0.0,0.0,0.0,0.0,1.0,0.0,0.0,0.0,0.0,0.0,0.0,1.0,0.0
1464,0.34567901234567905,1.0,0.0,1.0,0.3333333333333333,0.25,0.5955391234938983,0.02631578947368421,1.0,0.0,1.0,0.8823070927513683,0.37656903765690375,0.9589662208116074,1.0,0.0,0.0,0.0,0.0,0.0,0.0,0.0,0.0,0.0,1.0,0.0,0.0,0.0,0.0,0.0,0.0,0.0,0.0,0.0,1.0,0.0,0.0,0.0,1.0,0.0
1465,0.38271604938271603,0.0,1.0,1.0,0.3333333333333333,0.25,0.6480977205520548,0.10526315789473684,1.0,0.0,1.0,0.8823070927513683,0.37656903765690375,0.9589662208116074,1.0,0.0,0.0,0.0,0.0,0.0,0.0,0.0,1.0,0.0,0.0,0.0,0.0,0.0,1.0,0.0,0.0,0.0,1.0,0.0,0.0,0.0,0.0,1.0,1.0,0.0
1466,0.25925925925925924,0.0,0.0,1.0,0.3333333333333333,0.25,0.6585712040288184,0.02631578947368421,1.0,0.0,1.0,0.8823070927513683,0.37656903765690375,0.9589662208116074,1.0,0.0,0.0,0.0,0.0,0.0,0.0,0.0,1.0,0.0,0.0,0.0,0.0,0.0,0.0,0.0,1.0,0.0,0.0,0.0,0.0,0.0,0.0,0.0,1.0,0.0
1467,0.29629629629629634,0.0,0.0,1.0,0.3333333333333333,0.25,0.5886399717165399,0.02631578947368421,1.0,0.0,1.0,0.8823070927513683,0.37656903765690375,0.9589662208116074,1.0,0.0,1.0,0.0,0.0,0.0,0.0,0.0,0.0,0.0,0.0,0.0,0.0,1.0,0.0,0.0,0.0,0.0,0.0,0.0,0.0,0.0,0.0,0.0,1.0,0.0
1468,0.35802469135802467,0.0,0.0,1.0,0.3333333333333333,0.25,0.7289196312507039,0.13157894736842105,1.0,0.0,1.0,0.8823070927513683,0.37656903765690375,0.9589662208116074,1.0,0.0,0.0,0.0,0.0,0.0,0.0,0.0,0.0,0.0,0.0,0.0,0.0,1.0,0.0,0.0,0.0,0.0,1.0,0.0,0.0,0.0,0.0,1.0,1.0,0.0
1469,0.30864197530864196,0.0,0.0,1.0,0.3333333333333333,0.25,0.7534800071482515,0.3421052631578947,1.0,0.0,1.0,0.8823070927513683,0.37656903765690375,0.9589662208116074,1.0,0.0,0.0,0.0,0.0,0.0,0.0,0.0,0.0,0.0,0.0,0.0,0.0,1.0,0.0,0.0,0.0,0.0,0.0,0.0,0.0,1.0,0.0,0.0,1.0,0.0
1470,0.13580246913580246,0.0,0.0,1.0,0.3333333333333333,0.25,0.742481867786566,0.0,1.0,0.0,1.0,0.8823070927513683,0.37656903765690375,0.9589662208116074,1.0,0.0,1.0,0.0,0.0,0.0,0.0,0.0,0.0,0.0,0.0,0.0,0.0,0.0,1.0,0.0,0.0,1.0,0.0,0.0,0.0,0.0,0.0,0.0,1.0,0.0
1471,0.25925925925925924,0.0,0.0,1.0,0.3333333333333333,0.25,0.5571434124691511,0.26315789473684215,1.0,0.0,1.0,0.8823070927513683,0.37656903765690375,0.9589662208116074,1.0,0.0,0.0,0.0,0.0,0.0,0.0,0.0,1.0,0.0,0.0,0.0,0.0,1.0,0.0,0.0,0.0,0.0,1.0,0.0,0.0,0.0,0.0,1.0,1.0,0.0
1472,0.34567901234567905,0.0,1.0,1.0,0.3333333333333333,0.25,0.846759401115351,0.07894736842105263,1.0,0.0,1.0,0.8823070927513683,0.37656903765690375,0.9589662208116074,1.0,1.0,0.0,0.0,0.0,0.0,0.0,0.0,0.0,0.0,1.0,0.0,0.0,1.0,0.0,0.0,0.0,0.0,0.0,0.0,0.0,1.0,0.0,1.0,1.0,0.0
1473,0.2222222222222222,0.0,0.0,1.0,0.3333333333333333,0.5,0.6068862413262684,0.3421052631578947,1.0,0.0,1.0,0.8823070927513683,0.37656903765690375,0.9589662208116074,1.0,0.0,0.0,0.0,0.0,0.0,0.0,0.0,1.0,0.0,0.0,0.0,0.0,1.0,0.0,0.0,0.0,0.0,1.0,0.0,0.0,0.0,0.0,1.0,1.0,0.0
1474,0.2222222222222222,1.0,0.0,1.0,0.3333333333333333,0.5,0.6115259753720838,0.13157894736842105,1.0,0.0,1.0,0.8823070927513683,0.37656903765690375,0.9589662208116074,1.0,0.0,1.0,0.0,0.0,0.0,0.0,0.0,0.0,0.0,0.0,0.0,0.0,1.0,0.0,0.0,0.0,0.0,0.0,0.0,0.0,0.0,0.0,1.0,1.0,0.0
1475,0.48148148148148145,0.0,0.0,1.0,0.3333333333333333,0.5,0.5417298832341686,0.13157894736842105,1.0,0.0,1.0,0.8823070927513683,0.37656903765690375,0.9589662208116074,1.0,0.0,1.0,0.0,0.0,0.0,0.0,0.0,0.0,0.0,0.0,0.0,0.0,1.0,0.0,0.0,0.0,1.0,0.0,0.0,0.0,0.0,0.0,1.0,1.0,0.0
1476,0.43209876543209874,0.0,0.0,1.0,0.3333333333333333,0.5,0.7589877432419946,0.0,1.0,0.0,1.0,0.8823070927513683,0.37656903765690375,0.9589662208116074,1.0,1.0,0.0,0.0,0.0,0.0,1.0,0.0,0.0,0.0,0.0,0.0,0.0,1.0,0.0,0.0,0.0,0.0,0.0,0.0,0.0,0.0,0.0,0.0,1.0,0.0
1477,0.2716049382716049,1.0,0.0,1.0,0.3333333333333333,0.5,0.5381468098084997,0.05263157894736842,1.0,0.0,1.0,0.8823070927513683,0.37656903765690375,0.9589662208116074,1.0,0.0,0.0,0.0,0.0,0.0,0.0,0.0,1.0,0.0,0.0,0.0,0.0,1.0,0.0,0.0,0.0,0.0,1.0,0.0,0.0,0.0,0.0,1.0,1.0,0.0
1478,0.16049382716049382,0.0,0.0,1.0,0.3333333333333333,0.5,0.8381837415952721,0.0,1.0,0.0,1.0,0.8823070927513683,0.37656903765690375,0.9589662208116074,1.0,1.0,0.0,0.0,0.0,0.0,0.0,0.0,0.0,1.0,0.0,0.0,0.0,0.0,1.0,0.0,0.0,0.0,1.0,0.0,0.0,0.0,0.0,0.0,1.0,0.0
1479,0.38271604938271603,0.0,0.0,1.0,0.3333333333333333,0.5,0.529335783224907,0.05263157894736842,1.0,0.0,1.0,0.8823070927513683,0.37656903765690375,0.9589662208116074,1.0,0.0,0.0,0.0,0.0,0.0,0.0,0.0,0.0,0.0,0.0,0.0,0.0,0.0,0.0,0.0,0.0,0.0,1.0,0.0,0.0,0.0,0.0,0.0,1.0,0.0
1480,0.1111111111111111,1.0,1.0,1.0,0.3333333333333333,0.5,0.7367957909062232,0.368421052631579,1.0,0.0,1.0,0.8823070927513683,0.37656903765690375,0.9589662208116074,1.0,1.0,0.0,0.0,0.0,0.0,0.0,0.0,0.0,0.0,0.0,0.0,1.0,0.0,1.0,0.0,0.0,0.0,1.0,0.0,0.0,0.0,0.0,1.0,1.0,0.0
1481,0.2716049382716049,1.0,0.0,1.0,0.3333333333333333,0.5,0.8282145507200736,0.07894736842105263,1.0,0.0,1.0,0.8823070927513683,0.37656903765690375,0.9589662208116074,1.0,1.0,0.0,0.0,0.0,0.0,0.0,0.0,0.0,0.0,0.0,0.0,0.0,1.0,0.0,0.0,0.0,0.0,1.0,0.0,0.0,0.0,0.0,0.0,1.0,0.0
1482,0.2345679012345679,0.0,0.0,1.0,0.3333333333333333,0.5,0.5689167450775122,0.10526315789473684,1.0,0.0,1.0,0.8823070927513683,0.37656903765690375,0.9589662208116074,1.0,0.0,0.0,1.0,0.0,0.0,0.0,0.0,0.0,0.0,0.0,0.0,0.0,1.0,0.0,0.0,1.0,0.0,0.0,0.0,0.0,0.0,0.0,1.0,1.0,0.0
1483,0.14814814814814814,0.0,0.0,1.0,0.3333333333333333,0.5,0.64373137872162,0.0,1.0,0.0,1.0,0.8823070927513683,0.37656903765690375,0.9589662208116074,1.0,0.0,0.0,0.0,0.0,0.0,0.0,0.0,0.0,0.0,0.0,1.0,0.0,1.0,0.0,0.0,0.0,0.0,1.0,0.0,0.0,0.0,0.0,1.0,1.0,0.0
1484,0.25925925925925924,0.0,1.0,1.0,0.3333333333333333,0.5,0.7483127678708024,0.0,1.0,0.0,1.0,0.8823070927513683,0.37656903765690375,0.9589662208116074,1.0,1.0,0.0,0.0,0.0,0.0,0.0,0.0,0.0,0.0,0.0,0.0,0.0,0.0,1.0,0.0,0.0,0.0,0.0,0.0,0.0,1.0,0.0,0.0,1.0,0.0
1485,0.19753086419753085,0.0,0.0,1.0,0.3333333333333333,0.5,0.5838049699531718,0.02631578947368421,1.0,0.0,1.0,0.8823070927513683,0.37656903765690375,0.9589662208116074,1.0,0.0,0.0,0.0,0.0,0.0,0.0,0.0,0.0,0.0,0.0,0.0,0.0,1.0,0.0,0.0,0.0,0.0,0.0,0.0,0.0,1.0,0.0,0.0,1.0,0.0
1486,0.2222222222222222,0.0,0.0,1.0,0.3333333333333333,0.5,0.8108169298082005,0.02631578947368421,1.0,0.0,1.0,0.8823070927513683,0.37656903765690375,0.9589662208116074,1.0,1.0,0.0,0.0,0.0,0.0,0.0,0.0,0.0,0.0,0.0,0.0,0.0,0.0,1.0,0.0,0.0,0.0,1.0,0.0,0.0,0.0,0.0,0.0,1.0,0.0
1487,0.35802469135802467,1.0,1.0,1.0,0.3333333333333333,0.5,0.5886399717165399,0.23684210526315788,1.0,0.0,1.0,0.8823070927513683,0.37656903765690375,0.9589662208116074,1.0,0.0,0.0,0.0,0.0,0.0,0.0,0.0,0.0,0.0,0.0,0.0,0.0,1.0,0.0,0.0,0.0,0.0,1.0,0.0,0.0,0.0,0.0,0.0,1.0,0.0
1488,0.1728395061728395,0.0,0.0,1.0,0.3333333333333333,0.5,0.5319212752022946,0.07894736842105263,1.0,0.0,1.0,0.8823070927513683,0.37656903765690375,0.9589662208116074,1.0,0.0,1.0,0.0,0.0,0.0,0.0,0.0,0.0,0.0,0.0,0.0,0.0,1.0,0.0,0.0,1.0,0.0,0.0,0.0,0.0,0.0,0.0,1.0,1.0,0.0
1489,0.07407407407407407,1.0,0.0,1.0,0.3333333333333333,0.5,0.5212197964741162,0.0,1.0,0.0,1.0,0.8823070927513683,0.37656903765690375,0.9589662208116074,1.0,0.0,1.0,0.0,0.0,0.0,0.0,0.0,0.0,0.0,0.0,0.0,0.0,0.0,1.0,0.0,0.0,1.0,0.0,0.0,0.0,0.0,0.0,0.0,1.0,0.0
1490,0.20987654320987653,0.0,0.0,1.0,0.3333333333333333,0.5,0.7599118261517549,0.0,1.0,0.0,1.0,0.8823070927513683,0.37656903765690375,0.9589662208116074,1.0,1.0,0.0,0.0,0.0,0.0,0.0,0.0,0.0,0.0,0.0,0.0,0.0,1.0,0.0,0.0,0.0,0.0,1.0,0.0,0.0,0.0,0.0,0.0,1.0,0.0
1491,0.12345679012345678,1.0,1.0,1.0,0.3333333333333333,0.5,0.5984801554161608,0.0,1.0,0.0,1.0,0.8823070927513683,0.37656903765690375,0.9589662208116074,1.0,0.0,0.0,0.0,0.0,0.0,0.0,1.0,0.0,0.0,0.0,0.0,0.0,0.0,1.0,0.0,0.0,0.0,0.0,0.0,0.0,1.0,0.0,0.0,1.0,0.0
1492,0.16049382716049382,0.0,0.0,1.0,0.3333333333333333,0.5,0.6717469358140523,0.0,1.0,0.0,1.0,0.8823070927513683,0.37656903765690375,0.9589662208116074,1.0,0.0,1.0,0.0,0.0,0.0,0.0,0.0,0.0,0.0,0.0,0.0,0.0,1.0,0.0,0.0,0.0,0.0,1.0,0.0,0.0,0.0,0.0,0.0,1.0,0.0
1493,0.34567901234567905,0.0,0.0,1.0,0.3333333333333333,0.5,0.6013494476505862,0.0,1.0,0.0,1.0,0.8823070927513683,0.37656903765690375,0.9589662208116074,1.0,0.0,0.0,0.0,0.0,0.0,0.0,1.0,0.0,0.0,0.0,0.0,0.0,0.0,1.0,0.0,0.0,0.0,1.0,0.0,0.0,0.0,0.0,0.0,1.0,0.0
1494,0.14814814814814814,0.0,0.0,1.0,0.3333333333333333,0.5,0.664517928944963,0.0,1.0,0.0,1.0,0.8823070927513683,0.37656903765690375,0.9589662208116074,1.0,0.0,0.0,0.0,0.0,0.0,0.0,0.0,0.0,0.0,0.0,0.0,0.0,0.0,1.0,0.0,0.0,0.0,1.0,0.0,0.0,0.0,0.0,0.0,1.0,0.0
1495,0.1728395061728395,0.0,0.0,1.0,0.3333333333333333,0.5,0.7815431984080345,0.02631578947368421,1.0,0.0,1.0,0.8823070927513683,0.37656903765690375,0.9589662208116074,1.0,1.0,1.0,0.0,0.0,0.0,0.0,0.0,0.0,0.0,0.0,0.0,0.0,0.0,1.0,0.0,0.0,1.0,0.0,0.0,0.0,0.0,0.0,0.0,1.0,0.0
1496,0.25925925925925924,1.0,0.0,1.0,0.3333333333333333,0.5,0.804940070786996,0.0,1.0,0.0,1.0,0.8823070927513683,0.37656903765690375,0.9589662208116074,1.0,1.0,1.0,0.0,0.0,0.0,0.0,0.0,0.0,0.0,0.0,0.0,0.0,0.0,1.0,0.0,0.0,0.0,1.0,0.0,0.0,0.0,0.0,1.0,1.0,0.0
1497,0.4444444444444445,1.0,0.0,1.0,0.3333333333333333,0.5,0.5474693214896542,0.02631578947368421,1.0,0.0,1.0,0.8823070927513683,0.37656903765690375,0.9589662208116074,1.0,0.0,0.0,0.0,0.0,0.0,0.0,0.0,0.0,0.0,1.0,0.0,0.0,1.0,0.0,0.0,0.0,0.0,0.0,0.0,1.0,0.0,0.0,1.0,1.0,0.0
1498,0.18518518518518517,0.0,0.0,1.0,0.3333333333333333,0.5,0.7370196447311212,0.02631578947368421,1.0,0.0,1.0,0.8823070927513683,0.37656903765690375,0.9589662208116074,1.0,1.0,0.0,0.0,0.0,0.0,0.0,0.0,0.0,0.0,0.0,0.0,0.0,1.0,0.0,0.0,0.0,0.0,0.0,0.0,0.0,1.0,0.0,0.0,1.0,0.0
1499,0.13580246913580246,1.0,0.0,1.0,0.3333333333333333,0.5,0.7370196447311212,0.0,1.0,0.0,1.0,0.8823070927513683,0.37656903765690375,0.9589662208116074,1.0,0.0,1.0,0.0,0.0,0.0,0.0,0.0,0.0,0.0,0.0,0.0,0.0,0.0,1.0,0.0,0.0,1.0,0.0,0.0,0.0,0.0,0.0,0.0,1.0,0.0
1500,0.19753086419753085,0.0,0.0,1.0,0.3333333333333333,0.5,0.7452250538727521,0.0,1.0,0.0,1.0,0.8823070927513683,0.37656903765690375,0.9589662208116074,1.0,1.0,0.0,0.0,0.0,0.0,0.0,0.0,0.0,0.0,0.0,1.0,0.0,1.0,0.0,0.0,0.0,1.0,0.0,0.0,0.0,0.0,0.0,0.0,1.0,0.0
1501,0.09876543209876543,0.0,1.0,1.0,0.3333333333333333,0.5,0.7144035016000657,0.02631578947368421,1.0,0.0,1.0,0.8823070927513683,0.37656903765690375,0.9589662208116074,1.0,0.0,0.0,0.0,0.0,0.0,0.0,0.0,0.0,1.0,0.0,0.0,0.0,0.0,1.0,0.0,0.0,0.0,1.0,0.0,0.0,0.0,0.0,0.0,1.0,0.0
1502,0.2839506172839506,0.0,0.0,1.0,0.3333333333333333,0.5,0.8563037593554949,0.13157894736842105,1.0,0.0,1.0,0.8823070927513683,0.37656903765690375,0.9589662208116074,1.0,1.0,0.0,0.0,1.0,0.0,0.0,0.0,0.0,0.0,0.0,0.0,0.0,0.0,0.0,0.0,0.0,0.0,1.0,0.0,0.0,0.0,0.0,0.0,1.0,0.0
1503,0.4444444444444445,0.5,0.5,1.0,0.3333333333333333,0.5,0.6412337233355714,0.0,1.0,0.0,1.0,0.8823070927513683,0.37656903765690375,0.9589662208116074,1.0,0.0,0.0,0.0,0.0,1.0,0.0,0.0,0.0,0.0,0.0,0.0,0.0,1.0,0.0,0.0,0.0,0.0,0.0,0.0,0.0,1.0,0.0,0.0,1.0,0.0
1504,0.2345679012345679,0.0,1.0,1.0,0.3333333333333333,0.5,0.8029140116711493,0.0,1.0,0.0,1.0,0.8823070927513683,0.37656903765690375,0.9589662208116074,1.0,1.0,1.0,0.0,0.0,0.0,0.0,0.0,0.0,0.0,0.0,0.0,0.0,1.0,0.0,0.0,0.0,1.0,0.0,0.0,0.0,0.0,0.0,0.0,1.0,0.0
1505,0.2222222222222222,0.0,0.0,1.0,0.3333333333333333,0.5,0.6874062210217441,0.02631578947368421,1.0,0.0,1.0,0.8823070927513683,0.37656903765690375,0.9589662208116074,1.0,0.0,1.0,0.0,0.0,0.0,0.0,0.0,0.0,0.0,0.0,0.0,0.0,1.0,0.0,0.0,0.0,0.0,1.0,0.0,0.0,0.0,0.0,0.0,1.0,0.0
1506,0.30864197530864196,0.0,0.0,1.0,0.3333333333333333,0.5,0.3261538888020616,0.0,1.0,0.0,1.0,0.8823070927513683,0.37656903765690375,0.9589662208116074,1.0,0.0,0.0,0.0,0.0,0.0,0.0,0.0,1.0,0.0,0.0,0.0,0.0,1.0,0.0,0.0,0.0,1.0,0.0,0.0,0.0,0.0,0.0,0.0,1.0,0.0
1507,0.24691358024691357,0.0,0.0,1.0,0.3333333333333333,0.5,0.7628210353018958,0.02631578947368421,1.0,0.0,1.0,0.8823070927513683,0.37656903765690375,0.9589662208116074,1.0,0.0,1.0,0.0,0.0,0.0,0.0,0.0,0.0,0.0,0.0,0.0,0.0,1.0,0.0,0.0,1.0,0.0,0.0,0.0,0.0,0.0,0.0,0.0,1.0,0.0
1508,0.2716049382716049,0.0,0.0,1.0,0.3333333333333333,0.5,0.5813108450867737,0.02631578947368421,1.0,0.0,1.0,0.8823070927513683,0.37656903765690375,0.9589662208116074,1.0,0.0,0.0,0.0,0.0,0.0,0.0,0.0,0.0,0.0,0.0,0.0,0.0,0.0,1.0,0.0,0.0,0.0,1.0,0.0,0.0,0.0,0.0,0.0,1.0,0.0
1509,0.09876543209876543,0.0,0.0,1.0,0.3333333333333333,0.5,0.9055588121875968,0.02631578947368421,1.0,0.0,1.0,0.8823070927513683,0.37656903765690375,0.9589662208116074,1.0,1.0,0.0,0.0,0.0,0.0,0.0,0.0,0.0,0.0,0.0,0.0,1.0,0.0,1.0,0.0,0.0,0.0,0.0,0.0,0.0,1.0,0.0,0.0,1.0,0.0
1510,0.30864197530864196,1.0,0.0,1.0,0.3333333333333333,0.5,0.6563723521677338,0.02631578947368421,1.0,0.0,1.0,0.8823070927513683,0.37656903765690375,0.9589662208116074,1.0,0.0,1.0,0.0,0.0,0.0,0.0,0.0,0.0,0.0,0.0,0.0,0.0,1.0,0.0,0.0,0.0,1.0,0.0,0.0,0.0,0.0,0.0,0.0,1.0,0.0
1511,0.2839506172839506,0.0,0.0,1.0,0.3333333333333333,0.5,0.49977237288625836,0.0,1.0,0.0,1.0,0.8823070927513683,0.37656903765690375,0.9589662208116074,1.0,0.0,1.0,0.0,0.0,0.0,0.0,0.0,0.0,0.0,0.0,0.0,0.0,1.0,0.0,0.0,0.0,0.0,0.0,0.0,0.0,0.0,0.0,0.0,1.0,0.0
1512,0.16049382716049382,0.0,0.0,1.0,0.3333333333333333,0.5,0.6476204981957939,0.0,1.0,0.0,1.0,0.8823070927513683,0.37656903765690375,0.9589662208116074,1.0,0.0,0.0,0.0,0.0,0.0,0.0,0.0,1.0,0.0,0.0,0.0,0.0,0.0,1.0,0.0,0.0,0.0,1.0,0.0,0.0,0.0,0.0,0.0,1.0,0.0
1513,0.38271604938271603,1.0,0.0,1.0,0.3333333333333333,0.5,0.4279079916652397,0.0,1.0,0.0,1.0,0.8823070927513683,0.37656903765690375,0.9589662208116074,1.0,0.0,0.0,0.0,0.0,0.0,0.0,0.0,0.0,0.0,0.0,0.0,0.0,0.0,0.0,0.0,0.0,0.0,0.0,0.0,1.0,0.0,0.0,0.0,1.0,0.0
1514,0.14814814814814814,0.0,0.0,1.0,0.3333333333333333,0.5,0.6290077936901697,0.02631578947368421,1.0,0.0,1.0,0.8823070927513683,0.37656903765690375,0.9589662208116074,1.0,0.0,0.0,0.0,0.0,0.0,0.0,0.0,1.0,0.0,0.0,0.0,0.0,1.0,0.0,0.0,0.0,0.0,1.0,0.0,0.0,0.0,0.0,0.0,1.0,0.0
1515,0.2345679012345679,0.0,0.0,1.0,0.3333333333333333,0.5,0.647141331954917,0.02631578947368421,1.0,0.0,1.0,0.8823070927513683,0.37656903765690375,0.9589662208116074,1.0,0.0,1.0,0.0,0.0,0.0,0.0,0.0,0.0,0.0,0.0,0.0,0.0,1.0,0.0,0.0,0.0,1.0,0.0,0.0,0.0,0.0,0.0,0.0,1.0,0.0
1516,0.2345679012345679,0.0,0.0,1.0,0.3333333333333333,0.5,0.7116612993527112,0.02631578947368421,1.0,0.0,1.0,0.8823070927513683,0.37656903765690375,0.9589662208116074,1.0,0.0,1.0,0.0,0.0,0.0,0.0,0.0,0.0,0.0,0.0,0.0,0.0,1.0,0.0,0.0,0.0,1.0,0.0,0.0,0.0,0.0,0.0,0.0,1.0,0.0
1517,0.1728395061728395,0.0,0.0,1.0,0.3333333333333333,0.5,0.5266921854673875,0.02631578947368421,1.0,0.0,1.0,0.8823070927513683,0.37656903765690375,0.9589662208116074,1.0,0.0,1.0,0.0,0.0,0.0,0.0,0.0,0.0,0.0,0.0,0.0,0.0,0.0,1.0,0.0,0.0,1.0,0.0,0.0,0.0,0.0,0.0,0.0,1.0,0.0
1518,0.4567901234567901,1.0,0.0,1.0,0.3333333333333333,0.5,0.5169416832156455,0.13157894736842105,1.0,0.0,1.0,0.8823070927513683,0.37656903765690375,0.9589662208116074,1.0,0.0,0.0,0.0,0.0,0.0,0.0,0.0,0.0,0.0,1.0,0.0,0.0,1.0,0.0,0.0,0.0,0.0,0.0,0.0,1.0,0.0,0.0,0.0,1.0,0.0
1519,0.2839506172839506,1.0,0.0,1.0,0.3333333333333333,0.5,0.6397092724183482,0.13157894736842105,1.0,0.0,1.0,0.8823070927513683,0.37656903765690375,0.9589662208116074,1.0,0.0,0.0,0.0,0.0,1.0,0.0,0.0,0.0,0.0,0.0,0.0,0.0,1.0,0.0,0.0,1.0,0.0,0.0,0.0,0.0,0.0,0.0,1.0,1.0,0.0
1520,0.5185185185185184,0.0,0.0,1.0,0.3333333333333333,0.5,0.6930644475725992,0.0,1.0,0.0,1.0,0.8823070927513683,0.37656903765690375,0.9589662208116074,1.0,0.0,1.0,0.0,0.0,0.0,0.0,0.0,0.0,0.0,0.0,0.0,0.0,1.0,0.0,0.0,0.0,1.0,0.0,0.0,0.0,0.0,0.0,1.0,1.0,0.0
1521,0.19753086419753085,0.0,0.0,1.0,0.3333333333333333,0.5,0.5716847586578249,0.0,1.0,0.0,1.0,0.8823070927513683,0.37656903765690375,0.9589662208116074,1.0,0.0,0.0,0.0,0.0,0.0,0.0,0.0,0.0,0.0,1.0,0.0,0.0,0.0,0.0,0.0,0.0,0.0,0.0,0.0,1.0,0.0,0.0,0.0,1.0,0.0
1522,0.30864197530864196,0.0,1.0,1.0,0.3333333333333333,0.5,0.6681879539642915,0.0,1.0,0.0,1.0,0.8823070927513683,0.37656903765690375,0.9589662208116074,1.0,0.0,1.0,0.0,0.0,0.0,0.0,0.0,0.0,0.0,0.0,0.0,0.0,1.0,0.0,0.0,1.0,0.0,0.0,0.0,0.0,0.0,0.0,0.0,1.0,0.0
1523,0.12345679012345678,0.0,0.0,1.0,0.3333333333333333,0.5,0.6427386711469765,0.0,1.0,0.0,1.0,0.8823070927513683,0.37656903765690375,0.9589662208116074,1.0,0.0,1.0,0.0,0.0,0.0,0.0,0.0,0.0,0.0,0.0,0.0,0.0,1.0,0.0,0.0,0.0,1.0,0.0,0.0,0.0,0.0,0.0,1.0,1.0,0.0
1524,0.419753086419753,0.0,1.0,1.0,0.3333333333333333,0.75,0.6360734596286551,0.0,1.0,0.0,1.0,0.8823070927513683,0.37656903765690375,0.9594196327363409,1.0,0.0,0.0,0.0,0.0,0.0,0.0,0.0,0.0,0.0,0.0,0.0,0.0,1.0,0.0,0.0,0.0,0.0,1.0,0.0,0.0,0.0,0.0,0.0,1.0,0.0
1525,0.2222222222222222,1.0,0.0,1.0,0.3333333333333333,0.75,0.5078883596370491,0.0,1.0,0.0,1.0,0.8823070927513683,0.37656903765690375,0.9594196327363409,1.0,0.0,0.0,0.0,0.0,0.0,0.0,0.0,1.0,0.0,0.0,0.0,0.0,0.0,0.0,0.0,0.0,0.0,1.0,0.0,0.0,0.0,0.0,0.0,1.0,0.0
1526,0.24691358024691357,1.0,0.0,1.0,0.3333333333333333,0.75,0.603456402174661,0.0,1.0,0.0,1.0,0.8823070927513683,0.37656903765690375,0.9594196327363409,1.0,0.0,1.0,0.0,0.0,0.0,0.0,0.0,0.0,0.0,0.0,0.0,0.0,1.0,0.0,0.0,0.0,0.0,0.0,0.0,1.0,0.0,0.0,0.0,1.0,0.0
1527,0.1728395061728395,0.0,0.0,1.0,0.3333333333333333,0.75,0.4756049402686357,0.0,1.0,0.0,1.0,0.8823070927513683,0.37656903765690375,0.9594196327363409,1.0,0.0,0.0,0.0,0.0,0.0,0.0,0.0,1.0,0.0,0.0,0.0,0.0,0.0,1.0,0.0,0.0,0.0,0.0,0.0,1.0,0.0,0.0,0.0,1.0,0.0
1528,0.24691358024691357,0.0,0.0,1.0,0.3333333333333333,0.75,0.48923083320309235,0.0,1.0,0.0,1.0,0.8823070927513683,0.37656903765690375,0.9594196327363409,1.0,0.0,0.0,0.0,0.0,0.0,0.0,0.0,0.0,0.0,0.0,0.0,0.0,1.0,0.0,0.0,0.0,0.0,0.0,0.0,0.0,1.0,0.0,0.0,1.0,0.0
1529,0.2222222222222222,0.0,1.0,1.0,0.3333333333333333,0.75,0.5140006512933829,0.0,1.0,0.0,1.0,0.8823070927513683,0.37656903765690375,0.9594196327363409,1.0,0.0,1.0,0.0,0.0,0.0,0.0,0.0,0.0,0.0,0.0,0.0,0.0,1.0,0.0,0.0,0.0,0.0,0.0,0.0,0.0,0.0,1.0,0.0,1.0,0.0
1530,0.43209876543209874,0.0,0.0,1.0,0.3333333333333333,0.75,0.4578148625383481,0.02631578947368421,1.0,0.0,1.0,0.8823070927513683,0.37656903765690375,0.9594196327363409,1.0,0.0,0.0,0.0,0.0,0.0,1.0,0.0,0.0,0.0,0.0,0.0,0.0,1.0,0.0,0.0,0.0,0.0,1.0,0.0,0.0,0.0,0.0,0.0,1.0,0.0
1531,0.13580246913580246,0.0,0.0,1.0,0.3333333333333333,0.75,0.7293978235737721,0.02631578947368421,1.0,0.0,1.0,0.8823070927513683,0.37656903765690375,0.9594196327363409,1.0,0.0,0.0,0.0,0.0,0.0,0.0,0.0,0.0,0.0,1.0,0.0,0.0,0.0,1.0,0.0,0.0,0.0,0.0,0.0,1.0,0.0,0.0,1.0,1.0,0.0
1532,0.30864197530864196,1.0,0.0,1.0,0.3333333333333333,0.75,0.7882415057327662,0.0,1.0,0.0,1.0,0.8823070927513683,0.37656903765690375,0.9594196327363409,1.0,1.0,1.0,0.0,0.0,0.0,0.0,0.0,0.0,0.0,0.0,0.0,0.0,1.0,0.0,0.0,0.0,0.0,0.0,0.0,0.0,0.0,0.0,1.0,1.0,0.0
1533,0.43209876543209874,1.0,1.0,1.0,0.3333333333333333,0.75,0.506309340633733,0.0,1.0,0.0,1.0,0.8823070927513683,0.37656903765690375,0.9594196327363409,1.0,0.0,0.0,0.0,0.0,1.0,0.0,0.0,0.0,0.0,0.0,0.0,0.0,0.0,0.0,0.0,0.0,0.0,0.0,0.0,0.0,1.0,0.0,0.0,1.0,0.0
1534,0.29629629629629634,0.0,0.0,1.0,0.3333333333333333,0.75,0.4396813242736008,0.0,1.0,0.0,1.0,0.8823070927513683,0.37656903765690375,0.9594196327363409,1.0,0.0,0.0,0.0,0.0,0.0,0.0,0.0,0.0,0.0,1.0,0.0,0.0,1.0,0.0,0.0,1.0,0.0,0.0,0.0,0.0,0.0,0.0,0.0,1.0,0.0
1535,0.34567901234567905,0.0,0.0,1.0,0.3333333333333333,0.75,0.6412337233355714,0.0,1.0,0.0,1.0,0.8823070927513683,0.37656903765690375,0.9594196327363409,1.0,0.0,1.0,0.0,0.0,0.0,0.0,0.0,0.0,0.0,0.0,0.0,0.0,1.0,0.0,0.0,0.0,1.0,0.0,0.0,0.0,0.0,0.0,1.0,1.0,0.0
1536,0.43209876543209874,0.0,0.0,1.0,0.3333333333333333,0.75,0.8016297723934792,0.02631578947368421,1.0,0.0,1.0,0.8823070927513683,0.37656903765690375,0.9594196327363409,1.0,1.0,1.0,0.0,0.0,0.0,0.0,0.0,0.0,0.0,0.0,0.0,0.0,0.0,0.0,0.0,0.0,0.0,0.0,0.0,0.0,0.0,0.0,0.0,1.0,0.0
1537,0.35802469135802467,0.0,0.0,1.0,0.3333333333333333,0.75,0.8560601241641902,0.0,1.0,0.0,1.0,0.8823070927513683,0.37656903765690375,0.9594196327363409,1.0,1.0,1.0,0.0,0.0,0.0,0.0,0.0,0.0,0.0,0.0,0.0,0.0,1.0,0.0,0.0,0.0,0.0,0.0,0.0,1.0,0.0,0.0,0.0,1.0,0.0
1538,0.43209876543209874,0.0,0.0,1.0,0.3333333333333333,0.75,0.48358326152743014,0.0,1.0,0.0,1.0,0.8823070927513683,0.37656903765690375,0.9594196327363409,1.0,0.0,0.0,0.0,0.0,0.0,0.0,1.0,0.0,0.0,0.0,0.0,0.0,1.0,0.0,0.0,0.0,0.0,0.0,0.0,0.0,0.0,0.0,1.0,1.0,0.0
1539,0.34567901234567905,1.0,0.0,1.0,0.3333333333333333,0.75,0.48358326152743014,0.0,1.0,0.0,1.0,0.8823070927513683,0.37656903765690375,0.9594196327363409,1.0,0.0,0.0,0.0,0.0,0.0,0.0,0.0,0.0,0.0,0.0,0.0,0.0,1.0,0.0,0.0,0.0,1.0,0.0,0.0,0.0,0.0,0.0,1.0,1.0,0.0
1540,0.39506172839506176,0.0,0.0,1.0,0.3333333333333333,0.75,0.829035741834917,0.02631578947368421,1.0,0.0,1.0,0.8823070927513683,0.37656903765690375,0.9594196327363409,1.0,1.0,1.0,0.0,0.0,0.0,0.0,0.0,0.0,0.0,0.0,0.0,0.0,1.0,0.0,0.0,0.0,1.0,0.0,0.0,0.0,0.0,0.0,1.0,1.0,0.0
1541,0.1728395061728395,1.0,0.0,1.0,0.3333333333333333,0.75,0.6020559671887218,0.02631578947368421,1.0,0.0,1.0,0.8823070927513683,0.37656903765690375,0.9594196327363409,1.0,0.0,1.0,0.0,0.0,0.0,0.0,0.0,0.0,0.0,0.0,0.0,0.0,0.0,0.0,0.0,0.0,1.0,0.0,0.0,0.0,0.0,0.0,0.0,1.0,0.0
1542,0.5185185185185184,0.5,0.5,1.0,0.3333333333333333,0.75,0.6485730147319224,0.02631578947368421,1.0,0.0,1.0,0.8823070927513683,0.37656903765690375,0.9594196327363409,1.0,0.0,0.0,0.0,0.0,0.0,0.0,0.0,0.0,0.0,1.0,0.0,0.0,1.0,0.0,0.0,0.0,0.0,0.0,0.0,0.0,0.0,1.0,1.0,1.0,0.0
1543,0.43209876543209874,1.0,0.0,1.0,0.3333333333333333,0.75,0.6020559671887218,0.02631578947368421,1.0,0.0,1.0,0.8823070927513683,0.37656903765690375,0.9594196327363409,1.0,0.0,0.0,0.0,0.0,0.0,0.0,0.0,0.0,0.0,1.0,0.0,0.0,1.0,0.0,0.0,0.0,1.0,0.0,0.0,0.0,0.0,0.0,0.0,1.0,0.0
1544,0.4074074074074074,1.0,0.0,1.0,0.3333333333333333,0.75,0.5917563168597532,0.0,1.0,0.0,1.0,0.8823070927513683,0.37656903765690375,0.9594196327363409,1.0,0.0,1.0,0.0,0.0,0.0,0.0,0.0,0.0,0.0,0.0,0.0,0.0,1.0,0.0,0.0,0.0,0.0,0.0,0.0,0.0,0.0,0.0,0.0,1.0,0.0
1545,0.13580246913580246,0.0,0.0,1.0,0.3333333333333333,0.75,0.7331549540865699,0.02631578947368421,1.0,0.0,1.0,0.8823070927513683,0.37656903765690375,0.9594196327363409,1.0,1.0,0.0,0.0,0.0,0.0,0.0,0.0,0.0,0.0,1.0,0.0,0.0,0.0,1.0,0.0,0.0,0.0,0.0,0.0,1.0,0.0,0.0,0.0,1.0,0.0
1546,0.2716049382716049,1.0,0.0,1.0,0.3333333333333333,0.75,0.7091374448666395,0.0,1.0,0.0,1.0,0.8823070927513683,0.37656903765690375,0.9594196327363409,1.0,0.0,1.0,0.0,0.0,0.0,0.0,0.0,0.0,0.0,0.0,0.0,0.0,1.0,0.0,0.0,1.0,0.0,0.0,0.0,0.0,0.0,0.0,1.0,1.0,0.0
1547,0.48148148148148145,1.0,0.0,1.0,0.3333333333333333,0.75,0.48358326152743014,0.5,1.0,0.0,1.0,0.8823070927513683,0.37656903765690375,0.9594196327363409,1.0,0.0,0.0,0.0,0.0,0.0,1.0,0.0,0.0,0.0,0.0,0.0,0.0,1.0,0.0,0.0,0.0,1.0,0.0,0.0,0.0,0.0,0.0,1.0,1.0,0.0
1548,0.1728395061728395,0.0,0.0,1.0,0.3333333333333333,0.75,0.750725881195543,0.05263157894736842,1.0,0.0,1.0,0.8823070927513683,0.37656903765690375,0.9594196327363409,1.0,1.0,1.0,0.0,0.0,0.0,0.0,0.0,0.0,0.0,0.0,0.0,0.0,0.0,1.0,0.0,0.0,0.0,0.0,0.0,0.0,0.0,0.0,0.0,1.0,0.0
1549,0.29629629629629634,0.0,1.0,1.0,0.3333333333333333,0.75,0.7595430636256786,0.0,1.0,0.0,1.0,0.8823070927513683,0.37656903765690375,0.9594196327363409,1.0,1.0,0.0,0.0,0.0,1.0,0.0,0.0,0.0,0.0,0.0,0.0,0.0,1.0,0.0,0.0,0.0,0.0,0.0,0.0,0.0,0.0,1.0,1.0,1.0,0.0
1550,0.5185185185185184,0.0,0.0,1.0,0.3333333333333333,0.75,0.7709729356995799,0.0,1.0,0.0,1.0,0.8823070927513683,0.37656903765690375,0.9594196327363409,1.0,1.0,0.0,0.0,0.0,0.0,0.0,0.0,0.0,0.0,0.0,0.0,1.0,1.0,0.0,0.0,0.0,0.0,0.0,0.0,0.0,0.0,1.0,1.0,1.0,0.0
1551,0.2222222222222222,1.0,0.0,1.0,0.3333333333333333,0.75,0.5977517620704379,0.0,1.0,0.0,1.0,0.8823070927513683,0.37656903765690375,0.9594196327363409,1.0,0.0,0.0,0.0,0.0,0.0,0.0,0.0,0.0,0.0,1.0,0.0,0.0,1.0,0.0,0.0,0.0,0.0,0.0,0.0,1.0,0.0,0.0,0.0,1.0,0.0
1552,0.1728395061728395,0.0,0.0,1.0,0.3333333333333333,0.75,0.4776508205223571,0.0,1.0,0.0,1.0,0.8823070927513683,0.37656903765690375,0.9594196327363409,1.0,0.0,0.0,0.0,1.0,0.0,0.0,0.0,0.0,0.0,0.0,0.0,0.0,0.0,0.0,0.0,0.0,0.0,1.0,0.0,0.0,0.0,0.0,0.0,1.0,0.0
1553,0.20987654320987653,0.0,0.0,1.0,0.3333333333333333,0.75,0.7806205650549668,0.02631578947368421,1.0,0.0,1.0,0.8823070927513683,0.37656903765690375,0.9594196327363409,1.0,1.0,1.0,0.0,0.0,0.0,0.0,0.0,0.0,0.0,0.0,0.0,0.0,1.0,0.0,0.0,0.0,1.0,0.0,0.0,0.0,0.0,0.0,0.0,1.0,0.0
1554,0.2716049382716049,0.0,0.0,1.0,0.3333333333333333,0.75,0.8187815455828221,0.02631578947368421,1.0,0.0,1.0,0.8823070927513683,0.37656903765690375,0.9594196327363409,1.0,1.0,0.0,1.0,0.0,0.0,0.0,0.0,0.0,0.0,0.0,0.0,0.0,0.0,1.0,0.0,1.0,0.0,0.0,0.0,0.0,0.0,0.0,0.0,1.0,0.0
1555,0.3333333333333333,0.0,0.0,1.0,0.3333333333333333,0.75,0.6386818846696665,0.02631578947368421,1.0,0.0,1.0,0.8823070927513683,0.37656903765690375,0.9594196327363409,1.0,0.0,0.0,0.0,0.0,0.0,0.0,0.0,1.0,0.0,0.0,0.0,0.0,1.0,0.0,0.0,0.0,0.0,1.0,0.0,0.0,0.0,0.0,0.0,1.0,0.0
1556,0.48148148148148145,1.0,0.0,1.0,0.3333333333333333,0.75,0.6323216790132803,0.0,1.0,0.0,1.0,0.8823070927513683,0.37656903765690375,0.9594196327363409,1.0,0.0,0.0,1.0,0.0,0.0,0.0,0.0,0.0,0.0,0.0,0.0,0.0,1.0,0.0,0.0,0.0,0.0,0.0,0.0,0.0,1.0,0.0,1.0,1.0,0.0
1557,0.12345679012345678,0.0,0.0,1.0,0.3333333333333333,0.75,0.49105467050389934,0.02631578947368421,1.0,0.0,1.0,0.8823070927513683,0.37656903765690375,0.9594196327363409,1.0,0.0,0.0,0.0,0.0,0.0,0.0,0.0,0.0,0.0,0.0,0.0,0.0,0.0,1.0,0.0,0.0,0.0,0.0,0.0,0.0,1.0,0.0,0.0,1.0,0.0
1558,0.4691358024691357,0.0,0.0,1.0,0.3333333333333333,0.75,0.5796182238056906,0.07894736842105263,1.0,0.0,1.0,0.8823070927513683,0.37656903765690375,0.9594196327363409,1.0,0.0,0.0,0.0,0.0,0.0,0.0,0.0,0.0,0.0,0.0,0.0,0.0,1.0,0.0,0.0,0.0,0.0,0.0,0.0,0.0,0.0,0.0,0.0,1.0,0.0
1559,0.2839506172839506,1.0,0.0,1.0,0.3333333333333333,0.75,0.6476204981957939,0.02631578947368421,1.0,0.0,1.0,0.8823070927513683,0.37656903765690375,0.9594196327363409,1.0,0.0,0.0,0.0,0.0,0.0,0.0,0.0,0.0,0.0,1.0,0.0,0.0,1.0,0.0,0.0,0.0,1.0,0.0,0.0,0.0,0.0,0.0,1.0,1.0,0.0
1560,0.24691358024691357,0.0,0.0,1.0,0.3333333333333333,0.75,0.5198109754500708,0.0,1.0,0.0,1.0,0.8823070927513683,0.37656903765690375,0.9594196327363409,1.0,0.0,0.0,0.0,0.0,0.0,0.0,0.0,0.0,0.0,1.0,0.0,0.0,1.0,0.0,0.0,0.0,0.0,0.0,0.0,0.0,1.0,0.0,0.0,1.0,0.0
1561,0.18518518518518517,0.0,0.0,1.0,0.3333333333333333,0.75,0.35240341381759965,0.0,1.0,0.0,1.0,0.8823070927513683,0.37656903765690375,0.9594196327363409,1.0,0.0,0.0,0.0,1.0,0.0,0.0,0.0,0.0,0.0,0.0,0.0,0.0,1.0,0.0,0.0,1.0,0.0,0.0,0.0,0.0,0.0,0.0,1.0,1.0,0.0
1562,0.1728395061728395,0.0,0.0,1.0,0.3333333333333333,0.75,0.8106974425968247,0.02631578947368421,1.0,0.0,1.0,0.8823070927513683,0.37656903765690375,0.9594196327363409,1.0,1.0,0.0,0.0,0.0,0.0,0.0,0.0,0.0,0.0,1.0,0.0,0.0,1.0,0.0,0.0,0.0,0.0,0.0,0.0,0.0,1.0,0.0,0.0,1.0,0.0
1563,0.2839506172839506,0.0,0.0,1.0,0.3333333333333333,0.75,0.6355447614376443,0.02631578947368421,1.0,0.0,1.0,0.8823070927513683,0.37656903765690375,0.9594196327363409,1.0,0.0,0.0,0.0,0.0,0.0,0.0,0.0,0.0,0.0,0.0,0.0,0.0,1.0,0.0,0.0,0.0,0.0,1.0,0.0,0.0,0.0,0.0,0.0,1.0,0.0
1564,0.19753086419753085,0.5,0.5,1.0,0.3333333333333333,0.75,0.4601914110336532,0.0,1.0,0.0,1.0,0.8823070927513683,0.37656903765690375,0.9594196327363409,1.0,0.0,0.0,0.0,0.0,0.0,0.0,0.0,0.0,0.0,0.0,0.0,0.0,1.0,0.0,0.0,0.0,0.0,0.0,0.0,0.0,1.0,0.0,0.0,1.0,0.0
1565,0.34567901234567905,0.0,1.0,1.0,0.3333333333333333,0.75,0.5319212752022946,0.0,1.0,0.0,1.0,0.8823070927513683,0.37656903765690375,0.9594196327363409,1.0,0.0,0.0,0.0,0.0,0.0,0.0,0.0,0.0,0.0,0.0,0.0,1.0,1.0,0.0,0.0,0.0,0.0,0.0,0.0,0.0,0.0,1.0,1.0,1.0,0.0
1566,0.1728395061728395,1.0,0.0,1.0,0.3333333333333333,0.75,0.7889627535439022,0.02631578947368421,1.0,0.0,1.0,0.8823070927513683,0.37656903765690375,0.9594196327363409,1.0,1.0,0.0,0.0,0.0,0.0,0.0,0.0,0.0,0.0,1.0,0.0,0.0,0.0,1.0,0.0,0.0,0.0,0.0,0.0,0.0,1.0,0.0,1.0,1.0,0.0
1567,0.29629629629629634,0.5,0.5,1.0,0.3333333333333333,0.75,0.5707693054036078,0.13157894736842105,1.0,0.0,1.0,0.8823070927513683,0.37656903765690375,0.9594196327363409,1.0,0.0,1.0,0.0,0.0,0.0,0.0,0.0,0.0,0.0,0.0,0.0,0.0,0.0,0.0,0.0,0.0,0.0,0.0,0.0,1.0,0.0,0.0,0.0,1.0,0.0
1568,0.14814814814814814,1.0,0.0,1.0,0.3333333333333333,0.75,0.8148089247249208,0.05263157894736842,1.0,0.0,1.0,0.8823070927513683,0.37656903765690375,0.9594196327363409,1.0,1.0,0.0,0.0,0.0,0.0,0.0,0.0,1.0,0.0,0.0,0.0,0.0,0.0,1.0,0.0,0.0,0.0,1.0,0.0,0.0,0.0,0.0,0.0,1.0,0.0
1569,0.24691358024691357,1.0,1.0,1.0,0.3333333333333333,0.75,0.5452070373544604,0.02631578947368421,1.0,0.0,1.0,0.8823070927513683,0.37656903765690375,0.9594196327363409,1.0,0.0,0.0,1.0,0.0,0.0,0.0,0.0,0.0,0.0,0.0,0.0,0.0,1.0,0.0,0.0,0.0,1.0,0.0,0.0,0.0,0.0,0.0,0.0,1.0,0.0
1570,0.2716049382716049,1.0,0.0,1.0,0.3333333333333333,0.75,0.492850661870268,0.05263157894736842,1.0,0.0,1.0,0.8823070927513683,0.37656903765690375,0.9594196327363409,1.0,0.0,0.0,0.0,0.0,0.0,0.0,0.0,0.0,0.0,0.0,0.0,0.0,1.0,0.0,0.0,0.0,0.0,0.0,0.0,0.0,1.0,0.0,0.0,1.0,0.0
1571,0.2839506172839506,1.0,0.0,1.0,0.3333333333333333,0.75,0.7448071665789902,0.05263157894736842,1.0,0.0,1.0,0.8823070927513683,0.37656903765690375,0.9594196327363409,1.0,0.0,0.0,1.0,0.0,0.0,0.0,0.0,0.0,0.0,0.0,0.0,0.0,1.0,0.0,0.0,0.0,1.0,0.0,0.0,0.0,0.0,0.0,0.0,1.0,0.0
1572,0.20987654320987653,0.0,0.0,1.0,0.3333333333333333,0.75,0.7982236169664259,0.07894736842105263,1.0,0.0,1.0,0.8823070927513683,0.37656903765690375,0.9594196327363409,1.0,1.0,1.0,0.0,0.0,0.0,0.0,0.0,0.0,0.0,0.0,0.0,0.0,0.0,0.0,0.0,0.0,0.0,0.0,0.0,1.0,0.0,0.0,0.0,1.0,0.0
1573,0.25925925925925924,1.0,0.0,1.0,0.3333333333333333,0.75,0.49636241965296135,0.02631578947368421,1.0,0.0,1.0,0.8823070927513683,0.37656903765690375,0.9594196327363409,1.0,0.0,0.0,0.0,0.0,0.0,0.0,0.0,0.0,0.0,0.0,0.0,0.0,0.0,1.0,0.0,0.0,0.0,1.0,0.0,0.0,0.0,0.0,1.0,1.0,0.0
1574,0.09876543209876543,1.0,0.0,1.0,0.3333333333333333,0.75,0.3463695194647243,0.05263157894736842,1.0,0.0,1.0,0.8823070927513683,0.37656903765690375,0.9594196327363409,1.0,0.0,0.0,0.0,0.0,0.0,0.0,0.0,1.0,0.0,0.0,0.0,0.0,0.0,1.0,0.0,0.0,0.0,0.0,0.0,1.0,0.0,0.0,0.0,1.0,0.0
1575,0.43209876543209874,1.0,0.0,1.0,0.3333333333333333,0.75,0.48358326152743014,0.05263157894736842,1.0,0.0,1.0,0.8823070927513683,0.37656903765690375,0.9594196327363409,1.0,0.0,1.0,0.0,0.0,0.0,0.0,0.0,0.0,0.0,0.0,0.0,0.0,1.0,0.0,0.0,0.0,0.0,0.0,0.0,0.0,0.0,1.0,1.0,1.0,0.0
1576,0.24691358024691357,0.0,0.0,1.0,0.3333333333333333,0.75,0.6317758072704824,0.10526315789473684,1.0,0.0,1.0,0.8823070927513683,0.37656903765690375,0.9594196327363409,1.0,0.0,0.0,0.0,0.0,0.0,0.0,0.0,0.0,0.0,1.0,0.0,0.0,1.0,0.0,0.0,0.0,0.0,0.0,0.0,1.0,0.0,0.0,0.0,1.0,0.0
1577,0.16049382716049382,0.0,0.0,1.0,0.3333333333333333,0.75,0.39198437567020483,0.15789473684210525,1.0,0.0,1.0,0.8823070927513683,0.37656903765690375,0.9594196327363409,1.0,0.0,0.0,0.0,0.0,1.0,0.0,0.0,0.0,0.0,0.0,0.0,0.0,0.0,1.0,0.0,0.0,0.0,0.0,0.0,0.0,1.0,0.0,0.0,1.0,0.0
1578,0.38271604938271603,1.0,1.0,1.0,0.3333333333333333,0.75,0.8139980440681359,0.02631578947368421,1.0,0.0,1.0,0.8823070927513683,0.37656903765690375,0.9594196327363409,1.0,0.0,0.0,0.0,0.0,0.0,0.0,0.0,0.0,0.0,0.0,0.0,0.0,0.0,0.0,0.0,0.0,0.0,1.0,0.0,0.0,0.0,0.0,0.0,1.0,0.0
1579,0.30864197530864196,1.0,0.0,1.0,0.3333333333333333,0.75,0.5977517620704379,0.02631578947368421,1.0,0.0,1.0,0.8823070927513683,0.37656903765690375,0.9594196327363409,1.0,0.0,0.0,0.0,0.0,0.0,0.0,0.0,0.0,0.0,0.0,0.0,0.0,1.0,0.0,0.0,0.0,0.0,0.0,0.0,0.0,1.0,0.0,1.0,1.0,0.0
1580,0.25925925925925924,0.0,0.0,1.0,0.3333333333333333,0.75,0.47140323828241015,0.6578947368421052,1.0,0.0,1.0,0.8823070927513683,0.37656903765690375,0.9594196327363409,1.0,0.0,0.0,0.0,0.0,0.0,0.0,0.0,0.0,0.0,0.0,1.0,0.0,1.0,0.0,0.0,0.0,0.0,0.0,0.0,0.0,0.0,0.0,1.0,1.0,0.0
1581,0.09876543209876543,1.0,1.0,1.0,0.3333333333333333,0.75,0.5716847586578249,0.02631578947368421,1.0,0.0,1.0,0.8823070927513683,0.37656903765690375,0.9594196327363409,1.0,0.0,0.0,0.0,0.0,0.0,0.0,0.0,0.0,0.0,1.0,0.0,0.0,0.0,1.0,0.0,0.0,0.0,0.0,0.0,0.0,1.0,0.0,0.0,1.0,0.0
1582,0.2345679012345679,1.0,0.0,1.0,0.3333333333333333,0.75,0.6653434421536871,0.02631578947368421,1.0,0.0,1.0,0.8823070927513683,0.37656903765690375,0.9594196327363409,1.0,0.0,0.0,0.0,0.0,0.0,0.0,0.0,0.0,0.0,0.0,0.0,0.0,1.0,0.0,0.0,0.0,0.0,1.0,0.0,0.0,0.0,0.0,0.0,1.0,0.0
1583,0.4074074074074074,0.0,0.0,1.0,0.3333333333333333,0.75,0.6128186823313415,0.0,1.0,0.0,1.0,0.8823070927513683,0.37656903765690375,0.9594196327363409,1.0,0.0,1.0,0.0,0.0,0.0,0.0,0.0,0.0,0.0,0.0,0.0,0.0,1.0,0.0,0.0,0.0,0.0,0.0,0.0,0.0,0.0,0.0,1.0,1.0,0.0
1584,0.18518518518518517,0.0,0.0,1.0,0.3333333333333333,0.75,0.6965857625840003,0.0,1.0,0.0,1.0,0.8823070927513683,0.37656903765690375,0.9594196327363409,1.0,0.0,0.0,0.0,1.0,0.0,0.0,0.0,0.0,0.0,0.0,0.0,0.0,1.0,0.0,0.0,0.0,0.0,1.0,0.0,0.0,0.0,0.0,0.0,1.0,0.0
1585,0.16049382716049382,0.0,0.0,1.0,0.3333333333333333,1.0,0.3786529388331377,0.0,1.0,0.0,1.0,0.8823070927513683,0.37656903765690375,0.9823169349353889,1.0,0.0,0.0,0.0,0.0,0.0,0.0,0.0,1.0,0.0,0.0,0.0,0.0,1.0,0.0,0.0,0.0,0.0,1.0,0.0,0.0,0.0,0.0,1.0,1.0,0.0
1586,0.4074074074074074,1.0,1.0,1.0,0.3333333333333333,1.0,0.5854388177384106,0.368421052631579,1.0,0.0,1.0,0.8823070927513683,0.37656903765690375,0.9823169349353889,1.0,0.0,1.0,0.0,0.0,0.0,0.0,0.0,0.0,0.0,0.0,0.0,0.0,1.0,0.0,0.0,0.0,0.0,0.0,0.0,0.0,0.0,0.0,1.0,1.0,0.0
1587,0.2716049382716049,1.0,0.0,1.0,0.3333333333333333,1.0,0.7433327586536977,0.0,1.0,0.0,1.0,0.8823070927513683,0.37656903765690375,0.9823169349353889,1.0,1.0,0.0,0.0,0.0,0.0,0.0,0.0,1.0,0.0,0.0,0.0,0.0,1.0,0.0,0.0,0.0,0.0,1.0,0.0,0.0,0.0,0.0,0.0,1.0,0.0
1588,0.20987654320987653,1.0,0.0,1.0,0.3333333333333333,1.0,0.6153622441177717,0.02631578947368421,1.0,0.0,1.0,0.8823070927513683,0.37656903765690375,0.9823169349353889,1.0,0.0,0.0,0.0,0.0,0.0,0.0,0.0,0.0,0.0,0.0,0.0,0.0,1.0,0.0,0.0,0.0,0.0,0.0,0.0,0.0,1.0,0.0,0.0,1.0,0.0
1589,0.1728395061728395,0.0,0.0,1.0,0.3333333333333333,1.0,0.35240341381759965,0.0,1.0,0.0,1.0,0.8823070927513683,0.37656903765690375,0.9823169349353889,1.0,0.0,0.0,0.0,0.0,0.0,0.0,0.0,0.0,0.0,0.0,0.0,0.0,0.0,1.0,0.0,0.0,0.0,0.0,0.0,0.0,1.0,0.0,0.0,1.0,0.0
1590,0.16049382716049382,0.0,0.0,1.0,0.3333333333333333,1.0,0.5440593682563573,0.02631578947368421,1.0,0.0,1.0,0.8823070927513683,0.37656903765690375,0.9823169349353889,1.0,0.0,0.0,0.0,0.0,0.0,0.0,1.0,0.0,0.0,0.0,0.0,0.0,1.0,0.0,0.0,0.0,0.0,0.0,0.0,1.0,0.0,0.0,0.0,1.0,0.0
1591,0.1111111111111111,0.0,0.0,1.0,0.3333333333333333,1.0,0.6937125767575353,0.0,1.0,0.0,1.0,0.8823070927513683,0.37656903765690375,0.9823169349353889,1.0,0.0,0.0,0.0,0.0,0.0,0.0,0.0,1.0,0.0,0.0,0.0,0.0,0.0,1.0,0.0,0.0,0.0,1.0,0.0,0.0,0.0,0.0,0.0,1.0,0.0
1592,0.3333333333333333,1.0,1.0,1.0,0.3333333333333333,1.0,0.5540062892371289,0.0,1.0,0.0,1.0,0.8823070927513683,0.37656903765690375,0.9823169349353889,1.0,0.0,1.0,0.0,0.0,0.0,0.0,0.0,0.0,0.0,0.0,0.0,0.0,1.0,0.0,0.0,0.0,0.0,0.0,0.0,0.0,0.0,0.0,0.0,1.0,0.0
1593,0.48148148148148145,0.0,0.0,1.0,0.3333333333333333,1.0,0.8413582160387737,0.02631578947368421,1.0,0.0,1.0,0.8823070927513683,0.37656903765690375,0.9823169349353889,1.0,1.0,1.0,0.0,0.0,0.0,0.0,0.0,0.0,0.0,0.0,0.0,0.0,1.0,0.0,0.0,0.0,0.0,0.0,0.0,0.0,0.0,0.0,1.0,1.0,0.0
1594,0.29629629629629634,0.0,0.0,1.0,0.3333333333333333,1.0,0.6172344610818086,0.05263157894736842,1.0,0.0,1.0,0.8823070927513683,0.37656903765690375,0.9823169349353889,1.0,0.0,1.0,0.0,0.0,0.0,0.0,0.0,0.0,0.0,0.0,0.0,0.0,1.0,0.0,0.0,0.0,0.0,0.0,0.0,0.0,0.0,0.0,1.0,1.0,0.0
1595,0.43209876543209874,0.0,1.0,1.0,0.3333333333333333,1.0,0.6993904420466923,0.02631578947368421,1.0,0.0,1.0,0.8823070927513683,0.37656903765690375,0.9823169349353889,1.0,1.0,0.0,0.0,0.0,0.0,0.0,1.0,0.0,0.0,0.0,0.0,0.0,1.0,0.0,0.0,0.0,0.0,0.0,0.0,0.0,0.0,0.0,1.0,1.0,0.0
1596,0.16049382716049382,1.0,0.0,1.0,0.3333333333333333,1.0,0.4648051454883613,0.0,1.0,0.0,1.0,0.8823070927513683,0.37656903765690375,0.9823169349353889,1.0,0.0,0.0,0.0,0.0,0.0,0.0,0.0,1.0,0.0,0.0,0.0,0.0,1.0,0.0,0.0,0.0,0.0,1.0,0.0,0.0,0.0,0.0,0.0,1.0,0.0
1597,0.19753086419753085,0.0,0.0,1.0,0.3333333333333333,1.0,0.6825330624191547,0.0,1.0,0.0,1.0,0.8823070927513683,0.37656903765690375,0.9823169349353889,1.0,0.0,0.0,0.0,0.0,0.0,0.0,1.0,0.0,0.0,0.0,0.0,0.0,1.0,0.0,0.0,0.0,1.0,0.0,0.0,0.0,0.0,0.0,0.0,1.0,0.0
1598,0.29629629629629634,1.0,0.0,1.0,0.3333333333333333,1.0,0.4039575981303762,0.0,1.0,0.0,1.0,0.8823070927513683,0.37656903765690375,0.9823169349353889,1.0,0.0,0.0,0.0,0.0,1.0,0.0,0.0,0.0,0.0,0.0,0.0,0.0,1.0,0.0,0.0,0.0,0.0,0.0,0.0,0.0,0.0,1.0,0.0,1.0,0.0
1599,0.18518518518518517,0.0,0.0,1.0,0.3333333333333333,1.0,0.6128186823313415,0.02631578947368421,1.0,0.0,1.0,0.8823070927513683,0.37656903765690375,0.9823169349353889,1.0,0.0,1.0,0.0,0.0,0.0,0.0,0.0,0.0,0.0,0.0,0.0,0.0,1.0,0.0,0.0,0.0,0.0,1.0,0.0,0.0,0.0,0.0,1.0,1.0,0.0
1600,0.2222222222222222,1.0,0.0,1.0,0.3333333333333333,1.0,0.6920855086403026,0.0,1.0,0.0,1.0,0.8823070927513683,0.37656903765690375,0.9823169349353889,1.0,0.0,0.0,0.0,0.0,0.0,0.0,0.0,0.0,0.0,0.0,0.0,0.0,0.0,1.0,0.0,0.0,0.0,0.0,0.0,0.0,1.0,0.0,0.0,1.0,0.0
1601,0.13580246913580246,0.0,0.0,1.0,0.3333333333333333,1.0,0.6386818846696665,0.0,1.0,0.0,1.0,0.8823070927513683,0.37656903765690375,0.9823169349353889,1.0,0.0,0.0,0.0,0.0,0.0,0.0,0.0,0.0,0.0,0.0,0.0,0.0,0.0,1.0,0.0,0.0,0.0,0.0,0.0,0.0,1.0,0.0,0.0,1.0,0.0
1602,0.2716049382716049,1.0,0.0,1.0,0.3333333333333333,1.0,0.5829794567444476,0.05263157894736842,1.0,0.0,1.0,0.8823070927513683,0.37656903765690375,0.9823169349353889,1.0,0.0,0.0,0.0,0.0,0.0,0.0,0.0,0.0,0.0,0.0,0.0,0.0,0.0,1.0,0.0,0.0,0.0,1.0,0.0,0.0,0.0,0.0,0.0,1.0,0.0
1603,0.19753086419753085,1.0,0.0,1.0,0.3333333333333333,1.0,0.7952623927685294,0.26315789473684215,1.0,0.0,1.0,0.8823070927513683,0.37656903765690375,0.9823169349353889,1.0,1.0,1.0,0.0,0.0,0.0,0.0,0.0,0.0,0.0,0.0,0.0,0.0,1.0,0.0,0.0,0.0,0.0,0.0,0.0,1.0,0.0,0.0,0.0,1.0,0.0
1604,0.25925925925925924,0.0,0.0,1.0,0.3333333333333333,1.0,0.7215031956410405,0.07894736842105263,1.0,0.0,1.0,0.8823070927513683,0.37656903765690375,0.9823169349353889,1.0,1.0,0.0,0.0,0.0,0.0,0.0,0.0,0.0,0.0,0.0,0.0,0.0,1.0,0.0,0.0,0.0,0.0,0.0,0.0,0.0,1.0,0.0,0.0,1.0,0.0
1605,0.2222222222222222,0.0,0.0,1.0,0.3333333333333333,1.0,0.77280192893164,0.02631578947368421,1.0,0.0,1.0,0.8823070927513683,0.37656903765690375,0.9823169349353889,1.0,1.0,0.0,0.0,0.0,1.0,0.0,0.0,0.0,0.0,0.0,0.0,0.0,0.0,1.0,0.0,0.0,0.0,0.0,0.0,0.0,0.0,1.0,0.0,1.0,0.0
1606,0.2345679012345679,1.0,0.0,1.0,0.3333333333333333,1.0,0.865507223540925,0.02631578947368421,1.0,0.0,1.0,0.8823070927513683,0.37656903765690375,0.9823169349353889,1.0,0.0,1.0,0.0,0.0,0.0,0.0,0.0,0.0,0.0,0.0,0.0,0.0,1.0,0.0,0.0,0.0,1.0,0.0,0.0,0.0,0.0,0.0,1.0,1.0,0.0
1607,0.2222222222222222,0.0,0.0,1.0,0.3333333333333333,1.0,0.5140006512933829,0.05263157894736842,1.0,0.0,1.0,0.8823070927513683,0.37656903765690375,0.9823169349353889,1.0,0.0,0.0,0.0,0.0,0.0,0.0,0.0,0.0,0.0,1.0,0.0,0.0,0.0,1.0,0.0,0.0,0.0,0.0,0.0,0.0,1.0,0.0,0.0,1.0,0.0
1608,0.18518518518518517,0.0,0.0,1.0,0.3333333333333333,1.0,0.7606459012295749,0.02631578947368421,1.0,0.0,1.0,0.8823070927513683,0.37656903765690375,0.9823169349353889,1.0,1.0,1.0,0.0,0.0,0.0,0.0,0.0,0.0,0.0,0.0,0.0,0.0,1.0,0.0,0.0,1.0,0.0,0.0,0.0,0.0,0.0,0.0,0.0,1.0,0.0
1609,0.2222222222222222,0.0,0.0,1.0,0.3333333333333333,1.0,0.6442246085825132,0.05263157894736842,1.0,0.0,1.0,0.8823070927513683,0.37656903765690375,0.9823169349353889,1.0,0.0,0.0,0.0,0.0,0.0,0.0,0.0,0.0,0.0,0.0,0.0,0.0,1.0,0.0,0.0,0.0,0.0,1.0,0.0,0.0,0.0,0.0,1.0,1.0,0.0
1610,0.16049382716049382,1.0,0.0,1.0,0.3333333333333333,1.0,0.4368466051913672,0.0,1.0,0.0,1.0,0.8823070927513683,0.37656903765690375,0.9823169349353889,1.0,0.0,0.0,0.0,0.0,0.0,0.0,0.0,0.0,0.0,0.0,0.0,0.0,0.0,0.0,0.0,0.0,0.0,0.0,0.0,0.0,1.0,0.0,1.0,1.0,0.0
1611,0.35802469135802467,1.0,0.0,1.0,0.3333333333333333,1.0,0.6196852820090151,0.15789473684210525,1.0,0.0,1.0,0.8823070927513683,0.37656903765690375,0.9823169349353889,1.0,0.0,0.0,0.0,0.0,0.0,0.0,0.0,0.0,0.0,0.0,0.0,0.0,1.0,0.0,0.0,0.0,0.0,0.0,0.0,0.0,1.0,0.0,0.0,1.0,0.0
1612,0.35802469135802467,1.0,0.0,1.0,0.3333333333333333,1.0,0.5253477691257531,0.0,1.0,0.0,1.0,0.8823070927513683,0.37656903765690375,0.9823169349353889,1.0,0.0,0.0,1.0,0.0,0.0,0.0,0.0,0.0,0.0,0.0,0.0,0.0,1.0,0.0,0.0,0.0,0.0,0.0,0.0,0.0,0.0,1.0,1.0,1.0,0.0
1613,0.38271604938271603,0.5,0.5,1.0,0.3333333333333333,1.0,0.467045882751165,0.0,1.0,0.0,1.0,0.8823070927513683,0.37656903765690375,0.9823169349353889,1.0,0.0,1.0,0.0,0.0,0.0,0.0,0.0,0.0,0.0,0.0,0.0,0.0,1.0,0.0,0.0,1.0,0.0,0.0,0.0,0.0,0.0,0.0,0.0,1.0,0.0
1614,0.4074074074074074,0.0,0.0,1.0,0.3333333333333333,1.0,0.716817990798646,0.02631578947368421,1.0,0.0,1.0,0.8823070927513683,0.37656903765690375,0.9823169349353889,1.0,0.0,0.0,0.0,0.0,1.0,0.0,0.0,0.0,0.0,0.0,0.0,0.0,1.0,0.0,0.0,0.0,0.0,0.0,0.0,0.0,1.0,0.0,1.0,1.0,0.0
1615,0.2839506172839506,0.0,0.0,1.0,0.3333333333333333,1.0,0.7433327586536977,0.02631578947368421,1.0,0.0,1.0,0.8823070927513683,0.37656903765690375,0.9823169349353889,1.0,1.0,1.0,0.0,0.0,0.0,0.0,0.0,0.0,0.0,0.0,0.0,0.0,1.0,0.0,0.0,0.0,0.0,0.0,0.0,1.0,0.0,0.0,1.0,1.0,0.0
1616,0.38271604938271603,0.0,0.0,1.0,0.3333333333333333,1.0,0.7232759870961841,0.05263157894736842,1.0,0.0,1.0,0.8823070927513683,0.37656903765690375,0.9823169349353889,1.0,1.0,0.0,0.0,0.0,0.0,0.0,1.0,0.0,0.0,0.0,0.0,0.0,1.0,0.0,0.0,0.0,0.0,0.0,0.0,0.0,1.0,0.0,0.0,1.0,0.0
1617,0.1728395061728395,0.0,0.0,1.0,0.3333333333333333,1.0,0.599923549592398,0.02631578947368421,1.0,0.0,1.0,0.8823070927513683,0.37656903765690375,0.9823169349353889,1.0,0.0,0.0,0.0,0.0,0.0,0.0,0.0,0.0,0.0,1.0,0.0,0.0,1.0,0.0,0.0,0.0,0.0,0.0,0.0,1.0,0.0,0.0,0.0,1.0,0.0
1618,0.2222222222222222,0.0,0.0,1.0,0.3333333333333333,1.0,0.6755790384927881,0.05263157894736842,1.0,0.0,1.0,0.8823070927513683,0.37656903765690375,0.9823169349353889,1.0,0.0,1.0,0.0,0.0,0.0,0.0,0.0,0.0,0.0,0.0,0.0,0.0,1.0,0.0,0.0,0.0,1.0,0.0,0.0,0.0,0.0,0.0,0.0,1.0,0.0
1619,0.34567901234567905,0.0,0.0,1.0,0.3333333333333333,1.0,0.3104459034696894,0.10526315789473684,1.0,0.0,1.0,0.8823070927513683,0.37656903765690375,0.9823169349353889,1.0,0.0,0.0,1.0,0.0,0.0,0.0,0.0,0.0,0.0,0.0,0.0,0.0,1.0,0.0,0.0,0.0,0.0,0.0,0.0,0.0,1.0,0.0,1.0,1.0,0.0
1620,0.3703703703703703,1.0,0.0,1.0,0.3333333333333333,1.0,0.9274147223998808,0.05263157894736842,1.0,0.0,1.0,0.8823070927513683,0.37656903765690375,0.9823169349353889,1.0,1.0,0.0,0.0,0.0,0.0,0.0,0.0,0.0,0.0,0.0,0.0,0.0,0.0,0.0,0.0,0.0,0.0,0.0,0.0,0.0,1.0,0.0,0.0,1.0,0.0
1621,0.1728395061728395,0.0,0.0,1.0,0.3333333333333333,1.0,0.5047088377203057,0.13157894736842105,1.0,0.0,1.0,0.8823070927513683,0.37656903765690375,0.9823169349353889,1.0,0.0,1.0,0.0,0.0,0.0,0.0,0.0,0.0,0.0,0.0,0.0,0.0,1.0,0.0,0.0,0.0,0.0,0.0,0.0,0.0,0.0,0.0,0.0,1.0,0.0
1622,0.1728395061728395,1.0,0.0,1.0,0.3333333333333333,1.0,0.7113835302756325,0.10526315789473684,1.0,0.0,1.0,0.8823070927513683,0.37656903765690375,0.9823169349353889,1.0,0.0,0.0,0.0,0.0,1.0,0.0,0.0,0.0,0.0,0.0,0.0,0.0,1.0,0.0,0.0,0.0,0.0,0.0,0.0,0.0,1.0,0.0,0.0,1.0,0.0
1623,0.20987654320987653,1.0,1.0,1.0,0.3333333333333333,1.0,0.6013494476505862,0.02631578947368421,1.0,0.0,1.0,0.8823070927513683,0.37656903765690375,0.9823169349353889,1.0,0.0,0.0,0.0,0.0,0.0,0.0,0.0,1.0,0.0,0.0,0.0,0.0,1.0,0.0,0.0,0.0,0.0,1.0,0.0,0.0,0.0,0.0,0.0,1.0,0.0
1624,0.24691358024691357,1.0,0.0,1.0,0.3333333333333333,1.0,0.6554811725306058,0.02631578947368421,1.0,0.0,1.0,0.8823070927513683,0.37656903765690375,0.9823169349353889,1.0,0.0,0.0,0.0,1.0,0.0,0.0,0.0,0.0,0.0,0.0,0.0,0.0,1.0,0.0,0.0,0.0,0.0,0.0,0.0,0.0,1.0,0.0,0.0,1.0,0.0
1625,0.30864197530864196,0.0,1.0,1.0,0.3333333333333333,1.0,0.6312273906618776,0.02631578947368421,1.0,0.0,1.0,0.8823070927513683,0.37656903765690375,0.9823169349353889,1.0,0.0,1.0,0.0,0.0,0.0,0.0,0.0,0.0,0.0,0.0,0.0,0.0,1.0,0.0,0.0,0.0,1.0,0.0,0.0,0.0,0.0,0.0,0.0,1.0,0.0
1626,0.25925925925925924,0.5,0.5,1.0,0.3333333333333333,1.0,0.5452070373544604,0.0,1.0,0.0,1.0,0.8823070927513683,0.37656903765690375,0.9823169349353889,1.0,0.0,1.0,0.0,0.0,0.0,0.0,0.0,0.0,0.0,0.0,0.0,0.0,1.0,0.0,0.0,0.0,0.0,1.0,0.0,0.0,0.0,0.0,1.0,1.0,0.0
1627,0.29629629629629634,0.0,0.0,1.0,0.3333333333333333,1.0,0.8222998683765105,0.0,1.0,0.0,1.0,0.8823070927513683,0.37656903765690375,0.9823169349353889,1.0,1.0,1.0,0.0,0.0,0.0,0.0,0.0,0.0,0.0,0.0,0.0,0.0,1.0,0.0,0.0,0.0,1.0,0.0,0.0,0.0,0.0,0.0,0.0,1.0,0.0
1628,0.2222222222222222,0.0,1.0,1.0,0.3333333333333333,1.0,0.5970188304191458,0.21052631578947367,1.0,0.0,1.0,0.8823070927513683,0.37656903765690375,0.9823169349353889,1.0,0.0,0.0,0.0,0.0,0.0,0.0,0.0,0.0,0.0,0.0,0.0,0.0,0.0,1.0,0.0,0.0,0.0,0.0,0.0,0.0,1.0,0.0,0.0,1.0,0.0
1629,0.4444444444444445,0.0,0.0,1.0,0.3333333333333333,1.0,0.8462303065975239,0.05263157894736842,1.0,0.0,1.0,0.8823070927513683,0.37656903765690375,0.9823169349353889,1.0,0.0,0.0,0.0,0.0,0.0,0.0,0.0,0.0,0.0,0.0,0.0,0.0,0.0,0.0,0.0,0.0,0.0,0.0,0.0,0.0,1.0,0.0,0.0,1.0,0.0
1630,0.2222222222222222,0.0,0.0,1.0,0.3333333333333333,1.0,0.6785573026196613,0.02631578947368421,1.0,0.0,1.0,0.8823070927513683,0.37656903765690375,0.9823169349353889,1.0,0.0,1.0,0.0,0.0,0.0,0.0,0.0,0.0,0.0,0.0,0.0,0.0,0.0,1.0,0.0,1.0,0.0,0.0,0.0,0.0,0.0,0.0,0.0,1.0,0.0
1631,0.2345679012345679,1.0,0.0,1.0,0.3333333333333333,1.0,0.5253477691257531,0.05263157894736842,1.0,0.0,1.0,0.8823070927513683,0.37656903765690375,0.9823169349353889,1.0,0.0,1.0,0.0,0.0,0.0,0.0,0.0,0.0,0.0,0.0,0.0,0.0,1.0,0.0,0.0,0.0,0.0,0.0,0.0,0.0,0.0,0.0,0.0,1.0,0.0
1632,0.4444444444444445,0.0,0.0,1.0,0.3333333333333333,1.0,0.5169416832156455,0.10526315789473684,1.0,0.0,1.0,0.8823070927513683,0.37656903765690375,0.9823169349353889,1.0,0.0,0.0,0.0,0.0,0.0,0.0,0.0,0.0,0.0,0.0,0.0,0.0,0.0,0.0,0.0,0.0,0.0,0.0,0.0,0.0,1.0,0.0,0.0,1.0,0.0
1633,0.19753086419753085,0.0,0.0,1.0,0.3333333333333333,1.0,0.8408967201566225,0.02631578947368421,1.0,0.0,1.0,0.8823070927513683,0.37656903765690375,0.9823169349353889,1.0,0.0,0.0,0.0,0.0,0.0,0.0,0.0,0.0,0.0,1.0,0.0,0.0,1.0,0.0,0.0,0.0,0.0,0.0,0.0,1.0,0.0,0.0,0.0,1.0,0.0
1634,0.4074074074074074,1.0,0.0,1.0,0.3333333333333333,1.0,0.6736785908672379,0.02631578947368421,1.0,0.0,1.0,0.8823070927513683,0.37656903765690375,0.9823169349353889,1.0,0.0,0.0,0.0,0.0,0.0,0.0,1.0,0.0,0.0,0.0,0.0,0.0,1.0,0.0,0.0,0.0,0.0,0.0,0.0,0.0,1.0,0.0,0.0,1.0,0.0
1635,0.4567901234567901,0.0,0.0,1.0,0.3333333333333333,1.0,0.7138601512137958,0.02631578947368421,1.0,0.0,1.0,0.8823070927513683,0.37656903765690375,0.9823169349353889,1.0,0.0,0.0,0.0,0.0,0.0,0.0,0.0,0.0,0.0,1.0,0.0,0.0,1.0,0.0,0.0,0.0,0.0,0.0,0.0,0.0,1.0,0.0,1.0,1.0,0.0
1636,0.29629629629629634,0.0,1.0,1.0,0.3333333333333333,1.0,0.5862473099208212,0.0,1.0,0.0,1.0,0.8823070927513683,0.37656903765690375,0.9823169349353889,1.0,0.0,0.0,0.0,0.0,0.0,0.0,0.0,0.0,0.0,1.0,0.0,0.0,1.0,0.0,0.0,0.0,0.0,0.0,0.0,0.0,1.0,0.0,0.0,1.0,0.0
1637,0.19753086419753085,1.0,0.0,1.0,0.3333333333333333,1.0,0.686722293807522,0.23684210526315788,1.0,0.0,1.0,0.8823070927513683,0.37656903765690375,0.9823169349353889,1.0,0.0,0.0,0.0,0.0,0.0,0.0,0.0,0.0,0.0,0.0,0.0,0.0,0.0,1.0,0.0,0.0,0.0,0.0,0.0,0.0,1.0,0.0,0.0,1.0,0.0
1638,0.3209876543209876,0.0,0.0,1.0,0.3333333333333333,1.0,0.5014409845439322,0.05263157894736842,1.0,0.0,1.0,0.8823070927513683,0.37656903765690375,0.9823169349353889,1.0,0.0,0.0,0.0,0.0,0.0,0.0,0.0,0.0,0.0,0.0,0.0,0.0,0.0,0.0,0.0,0.0,0.0,0.0,0.0,0.0,1.0,0.0,0.0,1.0,0.0
1639,0.3333333333333333,1.0,0.0,1.0,0.3333333333333333,1.0,0.3832666732878459,0.13157894736842105,1.0,0.0,1.0,0.8823070927513683,0.37656903765690375,0.9823169349353889,1.0,0.0,0.0,0.0,0.0,0.0,0.0,0.0,0.0,0.0,0.0,0.0,0.0,0.0,0.0,0.0,0.0,0.0,0.0,0.0,0.0,1.0,0.0,0.0,1.0,0.0
1640,0.4691358024691357,0.0,0.0,1.0,0.3333333333333333,1.0,0.8579152249593437,0.21052631578947367,1.0,0.0,1.0,0.8823070927513683,0.37656903765690375,0.9823169349353889,1.0,1.0,0.0,0.0,0.0,0.0,0.0,0.0,0.0,0.0,0.0,0.0,0.0,1.0,0.0,0.0,0.0,0.0,0.0,0.0,0.0,0.0,0.0,1.0,1.0,0.0
1641,0.3703703703703703,0.0,1.0,1.0,0.3333333333333333,1.0,0.4279079916652397,0.05263157894736842,1.0,0.0,1.0,0.8823070927513683,0.37656903765690375,0.9823169349353889,1.0,0.0,0.0,0.0,0.0,0.0,1.0,0.0,0.0,0.0,0.0,0.0,0.0,1.0,0.0,0.0,0.0,0.0,0.0,0.0,0.0,0.0,0.0,1.0,1.0,0.0
1642,0.2839506172839506,1.0,0.0,1.0,0.3333333333333333,1.0,0.7682607660080375,0.05263157894736842,1.0,0.0,1.0,0.8823070927513683,0.37656903765690375,0.9823169349353889,1.0,1.0,0.0,0.0,0.0,0.0,0.0,0.0,1.0,0.0,0.0,0.0,0.0,0.0,0.0,0.0,0.0,0.0,1.0,0.0,0.0,0.0,0.0,0.0,1.0,0.0
1643,0.16049382716049382,0.0,0.0,1.0,0.3333333333333333,1.0,0.5094464638657551,0.0,1.0,0.0,1.0,0.8823070927513683,0.37656903765690375,0.9823169349353889,1.0,0.0,0.0,0.0,0.0,0.0,0.0,0.0,0.0,0.0,0.0,0.0,0.0,1.0,0.0,0.0,0.0,0.0,0.0,0.0,0.0,1.0,0.0,0.0,1.0,0.0
1644,0.30864197530864196,1.0,0.0,1.0,0.3333333333333333,1.0,0.6075603701023119,0.0,1.0,0.0,1.0,0.8823070927513683,0.37656903765690375,0.9823169349353889,1.0,0.0,0.0,0.0,0.0,0.0,0.0,0.0,1.0,0.0,0.0,0.0,0.0,1.0,0.0,0.0,0.0,0.0,1.0,0.0,0.0,0.0,0.0,0.0,1.0,0.0
1645,0.09876543209876543,0.0,0.0,1.0,0.3333333333333333,0.0,0.506309340633733,0.0,1.0,0.0,1.0,0.8823070927513683,0.37656903765690375,0.9809566991611882,1.0,0.0,0.0,0.0,0.0,0.0,0.0,0.0,1.0,0.0,0.0,0.0,0.0,0.0,1.0,0.0,0.0,0.0,1.0,0.0,0.0,0.0,0.0,1.0,1.0,0.0
1646,0.4567901234567901,0.0,0.0,1.0,0.3333333333333333,0.0,0.7911003377902787,0.4473684210526315,1.0,0.0,1.0,0.8823070927513683,0.37656903765690375,0.9809566991611882,1.0,0.0,1.0,0.0,0.0,0.0,0.0,0.0,0.0,0.0,0.0,0.0,0.0,0.0,0.0,1.0,1.0,0.0,0.0,0.0,0.0,0.0,0.0,1.0,1.0,0.0
1647,0.34567901234567905,1.0,0.0,1.0,0.3333333333333333,0.0,0.5571434124691511,0.0,1.0,0.0,1.0,0.8823070927513683,0.37656903765690375,0.9809566991611882,1.0,0.0,0.0,0.0,1.0,0.0,0.0,0.0,0.0,0.0,0.0,0.0,0.0,0.0,1.0,0.0,0.0,1.0,0.0,0.0,0.0,0.0,0.0,0.0,1.0,0.0
1648,0.20987654320987653,0.0,0.0,1.0,0.3333333333333333,0.0,0.4854960703308916,0.0,1.0,0.0,1.0,0.8823070927513683,0.37656903765690375,0.9809566991611882,1.0,0.0,1.0,0.0,0.0,0.0,0.0,0.0,0.0,0.0,0.0,0.0,0.0,1.0,0.0,0.0,1.0,0.0,0.0,0.0,0.0,0.0,0.0,1.0,1.0,0.0
1649,0.2716049382716049,0.0,0.0,1.0,0.3333333333333333,0.0,0.6250197795910157,0.02631578947368421,1.0,0.0,1.0,0.8823070927513683,0.37656903765690375,0.9809566991611882,1.0,0.0,1.0,0.0,0.0,0.0,0.0,0.0,0.0,0.0,0.0,0.0,0.0,1.0,0.0,0.0,0.0,0.0,0.0,0.0,0.0,0.0,0.0,1.0,1.0,0.0
1650,0.2345679012345679,1.0,0.0,1.0,0.3333333333333333,0.0,0.6214904603916316,0.0,1.0,0.0,1.0,0.8823070927513683,0.37656903765690375,0.9809566991611882,1.0,0.0,0.0,0.0,0.0,0.0,0.0,0.0,0.0,0.0,1.0,0.0,0.0,1.0,0.0,0.0,0.0,0.0,0.0,0.0,0.0,1.0,0.0,0.0,1.0,0.0
1651,0.2839506172839506,1.0,0.0,1.0,0.3333333333333333,0.0,0.467045882751165,0.0,1.0,0.0,1.0,0.8823070927513683,0.37656903765690375,0.9809566991611882,1.0,0.0,0.0,0.0,0.0,0.0,0.0,0.0,1.0,0.0,0.0,0.0,0.0,1.0,0.0,0.0,1.0,0.0,0.0,0.0,0.0,0.0,0.0,1.0,1.0,0.0
1652,0.3703703703703703,0.0,1.0,1.0,0.3333333333333333,0.0,0.5078883596370491,0.02631578947368421,1.0,0.0,1.0,0.8823070927513683,0.37656903765690375,0.9809566991611882,1.0,0.0,0.0,0.0,0.0,1.0,0.0,0.0,0.0,0.0,0.0,0.0,0.0,1.0,0.0,0.0,0.0,0.0,0.0,0.0,0.0,0.0,0.0,0.0,1.0,0.0
1653,0.2839506172839506,0.5,0.5,1.0,0.3333333333333333,0.0,0.492850661870268,0.0,1.0,0.0,1.0,0.8823070927513683,0.37656903765690375,0.9809566991611882,1.0,0.0,1.0,0.0,0.0,0.0,0.0,0.0,0.0,0.0,0.0,0.0,0.0,1.0,0.0,0.0,0.0,1.0,0.0,0.0,0.0,0.0,0.0,1.0,1.0,0.0
1654,0.19753086419753085,0.0,0.0,1.0,0.3333333333333333,0.0,0.5821481094717212,0.0,1.0,0.0,1.0,0.8823070927513683,0.37656903765690375,0.9809566991611882,1.0,0.0,0.0,0.0,0.0,1.0,0.0,0.0,0.0,0.0,0.0,0.0,0.0,1.0,0.0,0.0,0.0,0.0,0.0,0.0,0.0,1.0,0.0,0.0,1.0,0.0
1655,0.14814814814814814,0.0,0.0,1.0,0.3333333333333333,0.0,0.8190045506723297,0.23684210526315788,1.0,0.0,1.0,0.8823070927513683,0.37656903765690375,0.9809566991611882,1.0,1.0,0.0,0.0,0.0,0.0,0.0,0.0,0.0,0.0,0.0,0.0,0.0,0.0,1.0,0.0,0.0,0.0,0.0,0.0,0.0,1.0,0.0,0.0,1.0,0.0
1656,0.25925925925925924,1.0,0.0,1.0,0.3333333333333333,0.0,0.6736785908672379,0.0,1.0,0.0,1.0,0.8823070927513683,0.37656903765690375,0.9809566991611882,1.0,0.0,0.0,0.0,0.0,0.0,0.0,0.0,0.0,0.0,0.0,0.0,0.0,1.0,0.0,0.0,0.0,1.0,0.0,0.0,0.0,0.0,0.0,1.0,1.0,0.0
1657,0.2716049382716049,0.0,1.0,1.0,0.3333333333333333,0.0,0.5047088377203057,0.0,1.0,0.0,1.0,0.8823070927513683,0.37656903765690375,0.9809566991611882,1.0,0.0,0.0,0.0,0.0,0.0,0.0,1.0,0.0,0.0,0.0,0.0,0.0,1.0,0.0,0.0,0.0,0.0,0.0,0.0,0.0,1.0,0.0,0.0,1.0,0.0
1658,0.48148148148148145,1.0,1.0,1.0,0.3333333333333333,0.0,0.6661632026103997,0.0,1.0,0.0,1.0,0.8823070927513683,0.37656903765690375,0.9809566991611882,1.0,0.0,0.0,0.0,0.0,0.0,0.0,0.0,1.0,0.0,0.0,0.0,0.0,1.0,0.0,0.0,0.0,0.0,0.0,0.0,0.0,0.0,0.0,1.0,1.0,0.0
1659,0.08641975308641975,1.0,1.0,1.0,0.3333333333333333,0.0,0.6417375148956687,0.0,1.0,0.0,1.0,0.8823070927513683,0.37656903765690375,0.9809566991611882,1.0,0.0,0.0,0.0,0.0,0.0,0.0,0.0,0.0,0.0,0.0,0.0,0.0,0.0,1.0,0.0,0.0,0.0,0.0,0.0,1.0,0.0,0.0,0.0,1.0,0.0
1660,0.16049382716049382,0.0,0.0,1.0,0.3333333333333333,0.0,0.7979574739807627,0.0,1.0,0.0,1.0,0.8823070927513683,0.37656903765690375,0.9809566991611882,1.0,1.0,1.0,0.0,0.0,0.0,0.0,0.0,0.0,0.0,0.0,0.0,0.0,0.0,1.0,0.0,0.0,0.0,0.0,0.0,0.0,0.0,0.0,1.0,1.0,0.0
1661,0.20987654320987653,1.0,0.0,1.0,0.3333333333333333,0.0,0.6509210996671051,0.05263157894736842,1.0,0.0,1.0,0.8823070927513683,0.37656903765690375,0.9809566991611882,1.0,0.0,0.0,0.0,0.0,0.0,0.0,0.0,0.0,0.0,0.0,0.0,0.0,1.0,0.0,0.0,0.0,1.0,0.0,0.0,0.0,0.0,0.0,0.0,1.0,0.0
1662,0.2716049382716049,1.0,1.0,1.0,0.3333333333333333,0.0,0.5894268318375645,0.0,1.0,0.0,1.0,0.8823070927513683,0.37656903765690375,0.9809566991611882,1.0,0.0,0.0,0.0,0.0,0.0,0.0,0.0,1.0,0.0,0.0,0.0,0.0,1.0,0.0,0.0,0.0,0.0,1.0,0.0,0.0,0.0,0.0,0.0,1.0,0.0
1663,0.2222222222222222,1.0,0.0,1.0,0.3333333333333333,0.0,0.4648051454883613,0.0,1.0,0.0,1.0,0.8823070927513683,0.37656903765690375,0.9809566991611882,1.0,0.0,0.0,0.0,0.0,0.0,0.0,0.0,0.0,0.0,0.0,1.0,0.0,0.0,0.0,0.0,0.0,0.0,1.0,0.0,0.0,0.0,0.0,1.0,1.0,0.0
1664,0.20987654320987653,0.0,1.0,1.0,0.3333333333333333,0.0,0.4215477860088535,0.0,1.0,0.0,1.0,0.8823070927513683,0.37656903765690375,0.9809566991611882,1.0,0.0,1.0,0.0,0.0,0.0,0.0,0.0,0.0,0.0,0.0,0.0,0.0,1.0,0.0,0.0,1.0,0.0,0.0,0.0,0.0,0.0,0.0,1.0,1.0,0.0
1665,0.14814814814814814,0.0,0.0,1.0,0.3333333333333333,0.0,0.5429003918915096,0.0,1.0,0.0,1.0,0.8823070927513683,0.37656903765690375,0.9809566991611882,1.0,0.0,0.0,0.0,0.0,0.0,0.0,0.0,0.0,0.0,0.0,0.0,0.0,1.0,0.0,0.0,0.0,0.0,1.0,0.0,0.0,0.0,0.0,0.0,1.0,0.0
1666,0.14814814814814814,0.0,0.0,1.0,0.3333333333333333,0.0,0.6523077776041232,0.0,1.0,0.0,1.0,0.8823070927513683,0.37656903765690375,0.9809566991611882,1.0,0.0,0.0,0.0,0.0,0.0,0.0,0.0,0.0,0.0,0.0,0.0,0.0,1.0,0.0,0.0,0.0,0.0,1.0,0.0,0.0,0.0,0.0,0.0,1.0,0.0
1667,0.1111111111111111,0.0,0.0,1.0,0.3333333333333333,0.0,0.8004618462577239,0.0,1.0,0.0,1.0,0.8823070927513683,0.37656903765690375,0.9809566991611882,1.0,1.0,0.0,0.0,0.0,0.0,0.0,0.0,0.0,1.0,0.0,0.0,0.0,0.0,1.0,0.0,0.0,0.0,1.0,0.0,0.0,0.0,0.0,0.0,1.0,0.0
1668,0.09876543209876543,1.0,0.0,1.0,0.3333333333333333,0.0,0.5125020940917573,0.02631578947368421,1.0,0.0,1.0,0.8823070927513683,0.37656903765690375,0.9809566991611882,1.0,0.0,1.0,0.0,0.0,0.0,0.0,0.0,0.0,0.0,0.0,0.0,0.0,1.0,0.0,0.0,0.0,0.0,0.0,0.0,1.0,0.0,0.0,1.0,1.0,0.0
1669,0.3333333333333333,0.0,0.0,1.0,0.3333333333333333,0.0,0.48923083320309235,0.0,1.0,0.0,1.0,0.8823070927513683,0.37656903765690375,0.9809566991611882,1.0,0.0,1.0,0.0,0.0,0.0,0.0,0.0,0.0,0.0,0.0,0.0,0.0,1.0,0.0,0.0,0.0,0.0,0.0,0.0,1.0,0.0,0.0,0.0,1.0,0.0
1670,0.24691358024691357,1.0,0.0,1.0,0.3333333333333333,0.0,0.6108742554254224,0.02631578947368421,1.0,0.0,1.0,0.8823070927513683,0.37656903765690375,0.9809566991611882,1.0,0.0,1.0,0.0,0.0,0.0,0.0,0.0,0.0,0.0,0.0,0.0,0.0,1.0,0.0,0.0,0.0,0.0,0.0,0.0,1.0,0.0,0.0,0.0,1.0,0.0
1671,0.08641975308641975,0.0,0.0,1.0,0.3333333333333333,0.0,0.7708052447952238,0.0,1.0,0.0,1.0,0.8823070927513683,0.37656903765690375,0.9809566991611882,1.0,1.0,0.0,0.0,0.0,0.0,0.0,0.0,1.0,0.0,0.0,0.0,0.0,0.0,1.0,0.0,0.0,0.0,1.0,0.0,0.0,0.0,0.0,0.0,1.0,0.0
1672,0.2839506172839506,0.0,0.0,1.0,0.3333333333333333,0.0,0.5381468098084997,0.0,1.0,0.0,1.0,0.8823070927513683,0.37656903765690375,0.9809566991611882,1.0,0.0,0.0,0.0,0.0,0.0,0.0,0.0,0.0,0.0,1.0,0.0,0.0,1.0,0.0,0.0,0.0,0.0,0.0,0.0,1.0,0.0,0.0,1.0,1.0,0.0
1673,0.20987654320987653,0.0,0.0,1.0,0.3333333333333333,0.0,0.506309340633733,0.0,1.0,0.0,1.0,0.8823070927513683,0.37656903765690375,0.9809566991611882,1.0,0.0,1.0,0.0,0.0,0.0,0.0,0.0,0.0,0.0,0.0,0.0,0.0,1.0,0.0,0.0,0.0,1.0,0.0,0.0,0.0,0.0,0.0,1.0,1.0,0.0
1674,0.4074074074074074,0.0,0.0,1.0,0.3333333333333333,0.0,0.492850661870268,0.42105263157894735,1.0,0.0,1.0,0.8823070927513683,0.37656903765690375,0.9809566991611882,1.0,0.0,0.0,0.0,0.0,1.0,0.0,0.0,0.0,0.0,0.0,0.0,0.0,1.0,0.0,0.0,0.0,0.0,1.0,0.0,0.0,0.0,0.0,1.0,1.0,0.0
1675,0.419753086419753,0.0,0.0,1.0,0.3333333333333333,0.0,0.6803811399204682,0.0,1.0,0.0,1.0,0.8823070927513683,0.37656903765690375,0.9809566991611882,1.0,0.0,1.0,0.0,0.0,0.0,0.0,0.0,0.0,0.0,0.0,0.0,0.0,1.0,0.0,0.0,0.0,1.0,0.0,0.0,0.0,0.0,0.0,1.0,1.0,0.0
1676,0.19753086419753085,0.0,0.0,1.0,0.3333333333333333,0.0,0.6226787043279698,0.02631578947368421,1.0,0.0,1.0,0.8823070927513683,0.37656903765690375,0.9809566991611882,1.0,0.0,0.0,0.0,0.0,0.0,0.0,0.0,0.0,0.0,1.0,0.0,0.0,0.0,1.0,0.0,0.0,0.0,1.0,0.0,0.0,0.0,0.0,0.0,1.0,0.0
1677,0.4567901234567901,1.0,1.0,1.0,0.3333333333333333,0.0,0.5319212752022946,0.0,1.0,0.0,1.0,0.8823070927513683,0.37656903765690375,0.9809566991611882,1.0,0.0,0.0,0.0,0.0,0.0,0.0,0.0,0.0,0.0,0.0,1.0,0.0,0.0,1.0,0.0,1.0,0.0,0.0,0.0,0.0,0.0,0.0,0.0,1.0,0.0
1678,0.39506172839506176,0.0,0.0,1.0,0.3333333333333333,0.0,0.455389309605973,0.0,1.0,0.0,1.0,0.8823070927513683,0.37656903765690375,0.9809566991611882,1.0,0.0,1.0,0.0,0.0,0.0,0.0,0.0,0.0,0.0,0.0,0.0,0.0,0.0,1.0,0.0,0.0,0.0,0.0,0.0,0.0,0.0,0.0,0.0,1.0,0.0
1679,0.19753086419753085,0.0,1.0,1.0,0.3333333333333333,0.0,0.5612001989464611,0.0,1.0,0.0,1.0,0.8823070927513683,0.37656903765690375,0.9809566991611882,1.0,0.0,0.0,0.0,0.0,1.0,0.0,0.0,0.0,0.0,0.0,0.0,0.0,1.0,0.0,0.0,0.0,0.0,1.0,0.0,0.0,0.0,0.0,0.0,1.0,0.0
1680,0.20987654320987653,1.0,0.0,1.0,0.3333333333333333,0.0,0.7291589703963093,0.13157894736842105,1.0,0.0,1.0,0.8823070927513683,0.37656903765690375,0.9809566991611882,1.0,1.0,0.0,0.0,0.0,0.0,0.0,0.0,0.0,0.0,0.0,0.0,0.0,1.0,0.0,0.0,0.0,0.0,1.0,0.0,0.0,0.0,0.0,0.0,1.0,0.0
1681,0.2222222222222222,0.0,0.0,1.0,0.3333333333333333,0.0,0.5581708002178327,0.0,1.0,0.0,1.0,0.8823070927513683,0.37656903765690375,0.9809566991611882,1.0,0.0,0.0,0.0,0.0,0.0,0.0,0.0,0.0,0.0,1.0,0.0,0.0,1.0,0.0,0.0,0.0,0.0,0.0,0.0,0.0,1.0,0.0,0.0,1.0,0.0
1682,0.2345679012345679,1.0,0.0,1.0,0.3333333333333333,0.0,0.5140006512933829,0.02631578947368421,1.0,0.0,1.0,0.8823070927513683,0.37656903765690375,0.9809566991611882,1.0,0.0,0.0,0.0,0.0,0.0,0.0,0.0,0.0,0.0,1.0,0.0,0.0,1.0,0.0,0.0,0.0,0.0,0.0,0.0,0.0,1.0,0.0,0.0,1.0,0.0
1683,0.16049382716049382,0.0,1.0,1.0,0.3333333333333333,0.0,0.5266921854673875,0.02631578947368421,1.0,0.0,1.0,0.8823070927513683,0.37656903765690375,0.9809566991611882,1.0,0.0,0.0,0.0,0.0,0.0,0.0,0.0,1.0,0.0,0.0,0.0,0.0,1.0,0.0,0.0,0.0,0.0,0.0,0.0,0.0,1.0,0.0,1.0,1.0,0.0
1684,0.2345679012345679,0.0,0.0,1.0,0.3333333333333333,0.0,0.8054411797427915,0.0,1.0,0.0,1.0,0.8823070927513683,0.37656903765690375,0.9809566991611882,1.0,1.0,0.0,0.0,0.0,0.0,0.0,0.0,0.0,0.0,1.0,0.0,0.0,1.0,0.0,0.0,0.0,0.0,1.0,0.0,0.0,0.0,0.0,0.0,1.0,0.0
1685,0.20987654320987653,0.0,0.0,1.0,0.3333333333333333,0.0,0.6792902342709533,0.0,1.0,0.0,1.0,0.8823070927513683,0.37656903765690375,0.9809566991611882,1.0,0.0,0.0,0.0,0.0,0.0,0.0,0.0,0.0,0.0,1.0,0.0,0.0,1.0,0.0,0.0,0.0,0.0,0.0,0.0,0.0,1.0,0.0,0.0,1.0,0.0
1686,0.19753086419753085,1.0,0.0,1.0,0.3333333333333333,0.0,0.506309340633733,0.02631578947368421,1.0,0.0,1.0,0.8823070927513683,0.37656903765690375,0.9809566991611882,1.0,0.0,0.0,0.0,0.0,0.0,0.0,0.0,1.0,0.0,0.0,0.0,0.0,0.0,0.0,0.0,0.0,0.0,1.0,0.0,0.0,0.0,0.0,0.0,1.0,0.0
1687,0.18518518518518517,0.0,0.0,1.0,0.3333333333333333,0.0,0.5796182238056906,0.02631578947368421,1.0,0.0,1.0,0.8823070927513683,0.37656903765690375,0.9809566991611882,1.0,0.0,0.0,0.0,0.0,0.0,0.0,0.0,0.0,0.0,0.0,0.0,0.0,0.0,1.0,0.0,0.0,0.0,1.0,0.0,0.0,0.0,0.0,0.0,1.0,0.0
1688,0.13580246913580246,1.0,0.0,1.0,0.3333333333333333,0.0,0.710546265890685,0.02631578947368421,1.0,0.0,1.0,0.8823070927513683,0.37656903765690375,0.9809566991611882,1.0,0.0,0.0,1.0,0.0,0.0,0.0,0.0,0.0,0.0,0.0,0.0,0.0,0.0,1.0,0.0,0.0,0.0,1.0,0.0,0.0,0.0,0.0,0.0,1.0,0.0
1689,0.13580246913580246,1.0,0.0,1.0,0.3333333333333333,0.0,0.5014409845439322,0.05263157894736842,1.0,0.0,1.0,0.8823070927513683,0.37656903765690375,0.9809566991611882,1.0,0.0,1.0,0.0,0.0,0.0,0.0,0.0,0.0,0.0,0.0,0.0,0.0,1.0,0.0,0.0,1.0,0.0,0.0,0.0,0.0,0.0,0.0,1.0,1.0,0.0
1690,0.14814814814814814,0.0,0.0,1.0,0.3333333333333333,0.0,0.7443877894878045,0.02631578947368421,1.0,0.0,1.0,0.8823070927513683,0.37656903765690375,0.9809566991611882,1.0,0.0,1.0,0.0,0.0,0.0,0.0,0.0,0.0,0.0,0.0,0.0,0.0,0.0,1.0,0.0,0.0,0.0,1.0,0.0,0.0,0.0,0.0,1.0,1.0,0.0
1691,0.25925925925925924,1.0,0.0,1.0,0.3333333333333333,0.0,0.8069318246032705,0.02631578947368421,1.0,0.0,1.0,0.8823070927513683,0.37656903765690375,0.9809566991611882,1.0,1.0,0.0,0.0,0.0,0.0,0.0,0.0,0.0,0.0,1.0,0.0,0.0,1.0,0.0,0.0,0.0,0.0,0.0,0.0,1.0,0.0,0.0,0.0,1.0,0.0
1692,0.12345679012345678,1.0,0.0,1.0,0.3333333333333333,0.0,0.7279573751736251,0.05263157894736842,1.0,0.0,1.0,0.8823070927513683,0.37656903765690375,0.9809566991611882,1.0,1.0,0.0,1.0,0.0,0.0,0.0,0.0,0.0,0.0,0.0,0.0,0.0,0.0,1.0,0.0,0.0,0.0,0.0,0.0,0.0,1.0,0.0,0.0,1.0,0.0
1693,0.3703703703703703,1.0,0.0,1.0,0.3333333333333333,0.0,0.6371237804409605,0.05263157894736842,1.0,0.0,1.0,0.8823070927513683,0.37656903765690375,0.9809566991611882,1.0,0.0,1.0,0.0,0.0,0.0,0.0,0.0,0.0,0.0,0.0,0.0,0.0,1.0,0.0,0.0,0.0,0.0,1.0,0.0,0.0,0.0,0.0,1.0,1.0,0.0
1694,0.4567901234567901,1.0,0.0,1.0,0.3333333333333333,0.0,0.5917563168597532,0.07894736842105263,1.0,0.0,1.0,0.8823070927513683,0.37656903765690375,0.9809566991611882,1.0,0.0,0.0,0.0,1.0,0.0,0.0,0.0,0.0,0.0,0.0,0.0,0.0,1.0,0.0,0.0,0.0,0.0,0.0,0.0,1.0,0.0,0.0,0.0,1.0,0.0
1695,0.18518518518518517,1.0,0.0,1.0,0.3333333333333333,0.0,0.36884433080126383,0.42105263157894735,1.0,0.0,1.0,0.8823070927513683,0.37656903765690375,0.9809566991611882,1.0,0.0,1.0,0.0,0.0,0.0,0.0,0.0,0.0,0.0,0.0,0.0,0.0,0.0,1.0,0.0,0.0,1.0,0.0,0.0,0.0,0.0,0.0,0.0,1.0,0.0
1696,0.24691358024691357,0.0,0.0,1.0,0.3333333333333333,0.0,0.5940405662922726,0.05263157894736842,1.0,0.0,1.0,0.8823070927513683,0.37656903765690375,0.9809566991611882,1.0,0.0,0.0,0.0,0.0,0.0,0.0,0.0,0.0,0.0,0.0,0.0,0.0,1.0,0.0,0.0,0.0,0.0,1.0,0.0,0.0,0.0,0.0,0.0,1.0,0.0
1697,0.2222222222222222,1.0,0.0,1.0,0.3333333333333333,0.0,0.6328650293995502,0.02631578947368421,1.0,0.0,1.0,0.8823070927513683,0.37656903765690375,0.9809566991611882,1.0,0.0,1.0,0.0,0.0,0.0,0.0,0.0,0.0,0.0,0.0,0.0,0.0,1.0,0.0,0.0,0.0,1.0,0.0,0.0,0.0,0.0,0.0,0.0,1.0,0.0
1698,0.18518518518518517,1.0,0.0,1.0,0.3333333333333333,0.0,0.7737877041093975,0.05263157894736842,1.0,0.0,1.0,0.8823070927513683,0.37656903765690375,0.9809566991611882,1.0,0.0,0.0,0.0,0.0,0.0,0.0,0.0,0.0,0.0,0.0,0.0,0.0,1.0,0.0,0.0,0.0,0.0,0.0,0.0,0.0,1.0,0.0,1.0,1.0,0.0
1699,0.30864197530864196,1.0,0.0,1.0,0.3333333333333333,0.0,0.716817990798646,0.18421052631578946,1.0,0.0,1.0,0.8823070927513683,0.37656903765690375,0.9809566991611882,1.0,1.0,0.0,0.0,0.0,0.0,0.0,0.0,0.0,0.0,1.0,0.0,0.0,1.0,0.0,0.0,0.0,1.0,0.0,0.0,0.0,0.0,0.0,0.0,1.0,0.0
1700,0.18518518518518517,0.0,0.0,1.0,0.3333333333333333,0.0,0.8278017953861291,0.05263157894736842,1.0,0.0,1.0,0.8823070927513683,0.37656903765690375,0.9809566991611882,1.0,1.0,0.0,0.0,0.0,0.0,0.0,0.0,1.0,0.0,0.0,0.0,0.0,1.0,0.0,0.0,0.0,0.0,1.0,0.0,0.0,0.0,0.0,1.0,1.0,0.0
1701,0.4567901234567901,0.0,0.0,1.0,0.3333333333333333,0.0,0.5266921854673875,0.3157894736842105,1.0,0.0,1.0,0.8823070927513683,0.37656903765690375,0.9809566991611882,1.0,0.0,0.0,0.0,0.0,1.0,0.0,0.0,0.0,0.0,0.0,0.0,0.0,1.0,0.0,0.0,0.0,0.0,0.0,0.0,0.0,1.0,0.0,0.0,1.0,0.0
1702,0.20987654320987653,0.0,0.0,1.0,0.3333333333333333,0.0,0.64373137872162,0.02631578947368421,1.0,0.0,1.0,0.8823070927513683,0.37656903765690375,0.9809566991611882,1.0,0.0,0.0,0.0,0.0,0.0,0.0,0.0,0.0,0.0,0.0,0.0,0.0,1.0,0.0,0.0,0.0,0.0,0.0,0.0,0.0,1.0,0.0,0.0,1.0,0.0
1703,0.19753086419753085,1.0,1.0,1.0,0.3333333333333333,0.0,0.481638834621511,0.13157894736842105,1.0,0.0,1.0,0.8823070927513683,0.37656903765690375,0.9809566991611882,1.0,0.0,0.0,0.0,0.0,0.0,0.0,0.0,1.0,0.0,0.0,0.0,0.0,1.0,0.0,0.0,0.0,0.0,0.0,0.0,0.0,0.0,0.0,0.0,1.0,0.0
1704,0.29629629629629634,1.0,0.0,1.0,0.3333333333333333,0.0,0.7793790216096876,0.02631578947368421,1.0,0.0,1.0,0.8823070927513683,0.37656903765690375,0.9809566991611882,1.0,0.0,1.0,0.0,0.0,0.0,0.0,0.0,0.0,0.0,0.0,0.0,0.0,1.0,0.0,0.0,0.0,0.0,0.0,0.0,0.0,0.0,0.0,0.0,1.0,0.0
1705,0.4074074074074074,0.0,0.0,1.0,0.3333333333333333,0.0,0.44244933785391355,0.02631578947368421,1.0,0.0,1.0,0.8823070927513683,0.37656903765690375,0.9809566991611882,1.0,0.0,0.0,0.0,0.0,0.0,0.0,0.0,0.0,0.0,1.0,0.0,0.0,1.0,0.0,0.0,0.0,0.0,1.0,0.0,0.0,0.0,0.0,0.0,1.0,0.0
1706,0.38271604938271603,0.0,1.0,1.0,0.3333333333333333,0.0,0.7338462498046386,0.10526315789473684,1.0,0.0,1.0,0.8823070927513683,0.37656903765690375,0.9809566991611882,1.0,0.0,0.0,0.0,0.0,0.0,0.0,0.0,1.0,0.0,0.0,0.0,0.0,1.0,0.0,0.0,1.0,0.0,0.0,0.0,0.0,0.0,0.0,1.0,1.0,0.0
1707,0.3333333333333333,0.0,0.0,1.0,0.3333333333333333,0.0,0.67096530403808,0.10526315789473684,1.0,0.0,1.0,0.8823070927513683,0.37656903765690375,0.9809566991611882,1.0,0.0,1.0,0.0,0.0,0.0,0.0,0.0,0.0,0.0,0.0,0.0,0.0,1.0,0.0,0.0,0.0,0.0,0.0,0.0,0.0,0.0,0.0,1.0,1.0,0.0
1708,0.4074074074074074,1.0,0.0,1.0,0.3333333333333333,0.5,0.6697830312775754,0.05263157894736842,1.0,0.0,1.0,0.8823070927513683,0.37656903765690375,0.9805032872364543,1.0,0.0,0.0,1.0,0.0,0.0,0.0,0.0,0.0,0.0,0.0,0.0,0.0,1.0,0.0,0.0,0.0,1.0,0.0,0.0,0.0,0.0,0.0,0.0,1.0,0.0
1709,0.2345679012345679,0.0,0.0,1.0,0.3333333333333333,0.5,0.7974233747682028,0.05263157894736842,1.0,0.0,1.0,0.8823070927513683,0.37656903765690375,0.9805032872364543,1.0,1.0,0.0,0.0,0.0,0.0,0.0,0.0,0.0,0.0,0.0,0.0,1.0,0.0,1.0,0.0,1.0,0.0,0.0,0.0,0.0,0.0,0.0,1.0,1.0,0.0
1710,0.2716049382716049,0.0,0.0,1.0,0.3333333333333333,0.5,0.726499069520548,0.05263157894736842,1.0,0.0,1.0,0.8823070927513683,0.37656903765690375,0.9805032872364543,1.0,0.0,1.0,0.0,0.0,0.0,0.0,0.0,0.0,0.0,0.0,0.0,0.0,1.0,0.0,0.0,0.0,0.0,0.0,0.0,0.0,0.0,0.0,1.0,1.0,0.0
1711,0.14814814814814814,1.0,0.0,1.0,0.3333333333333333,0.5,0.749324254321852,0.07894736842105263,1.0,0.0,1.0,0.8823070927513683,0.37656903765690375,0.9805032872364543,1.0,1.0,0.0,0.0,0.0,0.0,0.0,0.0,0.0,0.0,0.0,0.0,0.0,1.0,0.0,0.0,0.0,0.0,0.0,0.0,1.0,0.0,0.0,0.0,1.0,0.0
1712,0.20987654320987653,0.0,0.0,1.0,0.3333333333333333,0.5,0.7994138647209665,0.18421052631578946,1.0,0.0,1.0,0.8823070927513683,0.37656903765690375,0.9805032872364543,1.0,1.0,0.0,0.0,0.0,1.0,0.0,0.0,0.0,0.0,0.0,0.0,0.0,1.0,0.0,0.0,0.0,0.0,0.0,0.0,0.0,1.0,0.0,0.0,1.0,0.0
1713,0.4691358024691357,1.0,0.0,1.0,0.3333333333333333,0.5,0.6082306576679029,0.07894736842105263,1.0,0.0,1.0,0.8823070927513683,0.37656903765690375,0.9805032872364543,1.0,0.0,0.0,0.0,0.0,0.0,0.0,0.0,0.0,0.0,0.0,1.0,0.0,1.0,0.0,0.0,0.0,0.0,0.0,0.0,0.0,0.0,0.0,1.0,1.0,0.0
1714,0.14814814814814814,0.0,0.0,1.0,0.3333333333333333,0.5,0.716817990798646,0.0,1.0,0.0,1.0,0.8823070927513683,0.37656903765690375,0.9805032872364543,1.0,0.0,0.0,0.0,0.0,0.0,0.0,0.0,0.0,0.0,0.0,0.0,0.0,0.0,1.0,0.0,0.0,0.0,0.0,0.0,0.0,1.0,0.0,0.0,1.0,0.0
1715,0.30864197530864196,0.0,0.0,1.0,0.3333333333333333,0.5,0.6220860826741794,0.05263157894736842,1.0,0.0,1.0,0.8823070927513683,0.37656903765690375,0.9805032872364543,1.0,0.0,0.0,0.0,0.0,1.0,0.0,0.0,0.0,0.0,0.0,0.0,0.0,1.0,0.0,0.0,0.0,0.0,0.0,0.0,0.0,1.0,0.0,0.0,1.0,0.0
1716,0.24691358024691357,0.0,0.0,1.0,0.3333333333333333,0.5,0.7959419738005811,0.0,1.0,0.0,1.0,0.8823070927513683,0.37656903765690375,0.9805032872364543,1.0,1.0,0.0,0.0,0.0,0.0,0.0,0.0,0.0,0.0,0.0,0.0,0.0,1.0,0.0,0.0,0.0,0.0,0.0,0.0,0.0,1.0,0.0,0.0,1.0,0.0
1717,0.16049382716049382,0.0,0.0,1.0,0.3333333333333333,0.5,0.7501272277432902,0.0,1.0,0.0,1.0,0.8823070927513683,0.37656903765690375,0.9805032872364543,1.0,1.0,0.0,0.0,0.0,0.0,0.0,1.0,0.0,0.0,0.0,0.0,0.0,0.0,1.0,0.0,0.0,0.0,0.0,0.0,0.0,1.0,0.0,0.0,1.0,0.0
1718,0.4444444444444445,0.0,0.0,1.0,0.3333333333333333,0.5,0.7718078231606837,0.0,1.0,0.0,1.0,0.8823070927513683,0.37656903765690375,0.9805032872364543,1.0,1.0,1.0,0.0,0.0,0.0,0.0,0.0,0.0,0.0,0.0,0.0,0.0,0.0,0.0,0.0,0.0,0.0,0.0,0.0,0.0,0.0,0.0,0.0,1.0,0.0
1719,0.43209876543209874,1.0,0.0,1.0,0.3333333333333333,0.5,0.634480182683441,0.0,1.0,0.0,1.0,0.8823070927513683,0.37656903765690375,0.9805032872364543,1.0,0.0,0.0,0.0,0.0,0.0,0.0,0.0,0.0,0.0,0.0,0.0,0.0,0.0,0.0,0.0,1.0,0.0,0.0,0.0,0.0,0.0,0.0,0.0,1.0,0.0
1720,0.14814814814814814,1.0,0.0,1.0,0.3333333333333333,0.5,0.7697940481719419,0.02631578947368421,1.0,0.0,1.0,0.8823070927513683,0.37656903765690375,0.9805032872364543,1.0,0.0,0.0,0.0,0.0,0.0,0.0,0.0,0.0,0.0,0.0,0.0,0.0,0.0,1.0,0.0,0.0,0.0,0.0,0.0,0.0,1.0,0.0,0.0,1.0,0.0
1721,0.25925925925925924,0.0,0.0,1.0,0.3333333333333333,0.5,0.6013494476505862,0.02631578947368421,1.0,0.0,1.0,0.8823070927513683,0.37656903765690375,0.9805032872364543,1.0,0.0,1.0,0.0,0.0,0.0,0.0,0.0,0.0,0.0,0.0,0.0,0.0,0.0,1.0,0.0,0.0,1.0,0.0,0.0,0.0,0.0,0.0,0.0,1.0,0.0
1722,0.3209876543209876,1.0,0.0,1.0,0.3333333333333333,0.5,0.3877062624117341,0.0,1.0,0.0,1.0,0.8823070927513683,0.37656903765690375,0.9805032872364543,1.0,0.0,0.0,0.0,0.0,0.0,0.0,0.0,0.0,0.0,1.0,0.0,0.0,1.0,0.0,0.0,0.0,0.0,0.0,0.0,1.0,0.0,0.0,0.0,1.0,0.0
1723,0.25925925925925924,0.0,0.0,1.0,0.3333333333333333,0.5,0.5369277818064884,0.02631578947368421,1.0,0.0,1.0,0.8823070927513683,0.37656903765690375,0.9805032872364543,1.0,0.0,1.0,0.0,0.0,0.0,0.0,0.0,0.0,0.0,0.0,0.0,0.0,1.0,0.0,0.0,0.0,0.0,0.0,0.0,0.0,0.0,0.0,1.0,1.0,0.0
1724,0.18518518518518517,1.0,0.0,1.0,0.3333333333333333,0.5,0.8340422484391108,0.0,1.0,0.0,1.0,0.8823070927513683,0.37656903765690375,0.9805032872364543,1.0,1.0,0.0,0.0,0.0,0.0,0.0,0.0,0.0,0.0,0.0,0.0,0.0,0.0,1.0,0.0,0.0,0.0,1.0,0.0,0.0,0.0,0.0,0.0,1.0,0.0
1725,0.419753086419753,1.0,0.0,1.0,0.3333333333333333,0.5,0.5821481094717212,0.0,1.0,0.0,1.0,0.8823070927513683,0.37656903765690375,0.9805032872364543,1.0,0.0,0.0,0.0,0.0,0.0,0.0,0.0,0.0,0.0,0.0,0.0,0.0,1.0,0.0,0.0,1.0,0.0,0.0,0.0,0.0,0.0,0.0,1.0,1.0,0.0
1726,0.09876543209876543,0.0,0.0,1.0,0.3333333333333333,0.5,0.5631773068220264,0.0,1.0,0.0,1.0,0.8823070927513683,0.37656903765690375,0.9805032872364543,1.0,0.0,0.0,0.0,0.0,0.0,0.0,0.0,1.0,0.0,0.0,0.0,0.0,0.0,1.0,0.0,0.0,0.0,1.0,0.0,0.0,0.0,0.0,0.0,1.0,0.0
1727,0.3209876543209876,0.0,0.0,1.0,0.3333333333333333,0.5,0.8048144592966994,0.0,1.0,0.0,1.0,0.8823070927513683,0.37656903765690375,0.9805032872364543,1.0,1.0,0.0,1.0,0.0,0.0,0.0,0.0,0.0,0.0,0.0,0.0,0.0,1.0,0.0,0.0,0.0,0.0,0.0,0.0,0.0,1.0,0.0,1.0,1.0,0.0
1728,0.5061728395061729,1.0,0.0,1.0,0.3333333333333333,0.5,0.5183850773918827,0.0,1.0,0.0,1.0,0.8823070927513683,0.37656903765690375,0.9805032872364543,1.0,0.0,0.0,0.0,0.0,1.0,0.0,0.0,0.0,0.0,0.0,0.0,0.0,1.0,0.0,0.0,0.0,0.0,0.0,0.0,0.0,1.0,0.0,0.0,1.0,0.0
1729,0.4074074074074074,0.0,0.0,1.0,0.3333333333333333,0.5,0.7499269976532702,0.0,1.0,0.0,1.0,0.8823070927513683,0.37656903765690375,0.9805032872364543,1.0,1.0,1.0,0.0,0.0,0.0,0.0,0.0,0.0,0.0,0.0,0.0,0.0,1.0,0.0,0.0,1.0,0.0,0.0,0.0,0.0,0.0,0.0,1.0,1.0,0.0
1730,0.29629629629629634,1.0,0.0,1.0,0.3333333333333333,0.5,0.8066846918453905,0.07894736842105263,1.0,0.0,1.0,0.8823070927513683,0.37656903765690375,0.9805032872364543,1.0,0.0,1.0,0.0,0.0,0.0,0.0,0.0,0.0,0.0,0.0,0.0,0.0,1.0,0.0,0.0,1.0,0.0,0.0,0.0,0.0,0.0,0.0,1.0,1.0,0.0
1731,0.1728395061728395,1.0,0.0,1.0,0.3333333333333333,0.5,0.7919446128221177,0.02631578947368421,1.0,0.0,1.0,0.8823070927513683,0.37656903765690375,0.9805032872364543,1.0,1.0,1.0,0.0,0.0,0.0,0.0,0.0,0.0,0.0,0.0,0.0,0.0,1.0,0.0,0.0,0.0,1.0,0.0,0.0,0.0,0.0,0.0,0.0,1.0,0.0
1732,0.38271604938271603,1.0,1.0,1.0,0.3333333333333333,0.5,0.8087689543332287,0.02631578947368421,1.0,0.0,1.0,0.8823070927513683,0.37656903765690375,0.9805032872364543,1.0,1.0,0.0,0.0,0.0,0.0,0.0,0.0,0.0,0.0,0.0,0.0,0.0,0.0,0.0,0.0,0.0,0.0,1.0,0.0,0.0,0.0,0.0,0.0,1.0,0.0
1733,0.4938271604938272,0.0,0.0,1.0,0.3333333333333333,0.5,0.7622810107139464,0.02631578947368421,1.0,0.0,1.0,0.8823070927513683,0.37656903765690375,0.9805032872364543,1.0,1.0,1.0,0.0,0.0,0.0,0.0,0.0,0.0,0.0,0.0,0.0,0.0,1.0,0.0,0.0,0.0,0.0,0.0,0.0,0.0,0.0,1.0,1.0,1.0,0.0
1734,0.29629629629629634,0.5,0.5,1.0,0.3333333333333333,0.5,0.5846247304098844,0.0,1.0,0.0,1.0,0.8823070927513683,0.37656903765690375,0.9805032872364543,1.0,0.0,0.0,0.0,0.0,0.0,0.0,1.0,0.0,0.0,0.0,0.0,0.0,1.0,0.0,0.0,0.0,0.0,1.0,0.0,0.0,0.0,0.0,0.0,1.0,0.0
1735,0.19753086419753085,1.0,1.0,1.0,0.3333333333333333,0.5,0.481638834621511,0.0,1.0,0.0,1.0,0.8823070927513683,0.37656903765690375,0.9805032872364543,1.0,0.0,0.0,0.0,0.0,0.0,0.0,0.0,0.0,0.0,0.0,0.0,0.0,1.0,0.0,0.0,0.0,0.0,0.0,0.0,0.0,1.0,0.0,0.0,1.0,0.0
1736,0.30864197530864196,0.0,0.0,1.0,0.3333333333333333,0.5,0.5381468098084997,0.15789473684210525,1.0,0.0,1.0,0.8823070927513683,0.37656903765690375,0.9805032872364543,1.0,0.0,1.0,0.0,0.0,0.0,0.0,0.0,0.0,0.0,0.0,0.0,0.0,1.0,0.0,0.0,0.0,0.0,0.0,0.0,0.0,0.0,1.0,0.0,1.0,0.0
1737,0.2222222222222222,1.0,0.0,1.0,0.3333333333333333,0.5,0.5429003918915096,0.10526315789473684,1.0,0.0,1.0,0.8823070927513683,0.37656903765690375,0.9805032872364543,1.0,0.0,0.0,0.0,0.0,0.0,0.0,0.0,0.0,0.0,0.0,0.0,0.0,1.0,0.0,0.0,0.0,0.0,0.0,0.0,0.0,1.0,0.0,0.0,1.0,0.0
1738,0.2839506172839506,0.0,0.0,1.0,0.3333333333333333,0.5,0.7018285635083261,0.13157894736842105,1.0,0.0,1.0,0.8823070927513683,0.37656903765690375,0.9805032872364543,1.0,0.0,0.0,0.0,0.0,0.0,0.0,0.0,0.0,0.0,1.0,0.0,0.0,1.0,0.0,0.0,0.0,1.0,0.0,0.0,0.0,0.0,0.0,0.0,1.0,0.0
1739,0.39506172839506176,0.0,0.0,1.0,0.3333333333333333,0.5,0.6360734596286551,0.21052631578947367,1.0,0.0,1.0,0.8823070927513683,0.37656903765690375,0.9805032872364543,1.0,0.0,1.0,0.0,0.0,0.0,0.0,0.0,0.0,0.0,0.0,0.0,0.0,1.0,0.0,0.0,0.0,1.0,0.0,0.0,0.0,0.0,0.0,1.0,1.0,0.0
1740,0.3703703703703703,1.0,1.0,1.0,0.3333333333333333,0.5,0.5183850773918827,0.05263157894736842,1.0,0.0,1.0,0.8823070927513683,0.37656903765690375,0.9805032872364543,1.0,0.0,1.0,0.0,0.0,0.0,0.0,0.0,0.0,0.0,0.0,0.0,0.0,1.0,0.0,0.0,0.0,0.0,0.0,0.0,0.0,0.0,0.0,1.0,1.0,0.0
1741,0.3209876543209876,1.0,0.0,1.0,0.3333333333333333,0.5,0.6140973378497864,0.05263157894736842,1.0,0.0,1.0,0.8823070927513683,0.37656903765690375,0.9805032872364543,1.0,0.0,0.0,0.0,0.0,0.0,0.0,0.0,0.0,0.0,1.0,0.0,0.0,0.0,1.0,0.0,0.0,0.0,0.0,0.0,1.0,0.0,0.0,0.0,1.0,0.0
1742,0.25925925925925924,1.0,0.0,1.0,0.3333333333333333,0.5,0.5014409845439322,0.05263157894736842,1.0,0.0,1.0,0.8823070927513683,0.37656903765690375,0.9805032872364543,1.0,0.0,0.0,0.0,0.0,0.0,0.0,0.0,0.0,0.0,0.0,0.0,0.0,1.0,0.0,0.0,0.0,0.0,0.0,0.0,0.0,1.0,0.0,0.0,1.0,0.0
1743,0.4444444444444445,0.0,0.0,1.0,0.3333333333333333,0.5,0.5550613200712357,0.23684210526315788,1.0,0.0,1.0,0.8823070927513683,0.37656903765690375,0.9805032872364543,1.0,0.0,1.0,0.0,0.0,0.0,0.0,0.0,0.0,0.0,0.0,0.0,0.0,1.0,0.0,0.0,0.0,1.0,0.0,0.0,0.0,0.0,0.0,1.0,1.0,0.0
1744,0.16049382716049382,1.0,0.0,1.0,0.3333333333333333,0.5,0.7521110040891097,0.23684210526315788,1.0,0.0,1.0,0.8823070927513683,0.37656903765690375,0.9805032872364543,1.0,0.0,0.0,0.0,0.0,0.0,0.0,0.0,1.0,0.0,0.0,0.0,0.0,1.0,0.0,0.0,0.0,0.0,0.0,0.0,0.0,0.0,1.0,0.0,1.0,0.0
1745,0.29629629629629634,1.0,0.0,1.0,0.3333333333333333,0.5,0.7619196121209837,0.05263157894736842,1.0,0.0,1.0,0.8823070927513683,0.37656903765690375,0.9805032872364543,1.0,1.0,0.0,0.0,0.0,0.0,0.0,0.0,0.0,0.0,1.0,0.0,0.0,1.0,0.0,0.0,0.0,0.0,0.0,0.0,1.0,0.0,0.0,1.0,1.0,0.0
1746,0.34567901234567905,0.0,0.0,1.0,0.3333333333333333,0.5,0.623268355434684,0.05263157894736842,1.0,0.0,1.0,0.8823070927513683,0.37656903765690375,0.9805032872364543,1.0,0.0,1.0,0.0,0.0,0.0,0.0,0.0,0.0,0.0,0.0,0.0,0.0,1.0,0.0,0.0,0.0,0.0,0.0,0.0,0.0,0.0,0.0,1.0,1.0,0.0
1747,0.39506172839506176,0.0,0.0,1.0,0.3333333333333333,0.5,0.5660820259952785,0.10526315789473684,1.0,0.0,1.0,0.8823070927513683,0.37656903765690375,0.9805032872364543,1.0,0.0,1.0,0.0,0.0,0.0,0.0,0.0,0.0,0.0,0.0,0.0,0.0,0.0,0.0,0.0,0.0,0.0,0.0,0.0,0.0,0.0,0.0,1.0,1.0,0.0
1748,0.2222222222222222,1.0,0.0,1.0,0.3333333333333333,0.5,0.5344511608683252,0.05263157894736842,1.0,0.0,1.0,0.8823070927513683,0.37656903765690375,0.9805032872364543,1.0,0.0,0.0,0.0,0.0,0.0,0.0,0.0,0.0,0.0,0.0,0.0,0.0,0.0,1.0,0.0,0.0,0.0,1.0,0.0,0.0,0.0,0.0,1.0,1.0,0.0
1749,0.48148148148148145,1.0,0.0,1.0,0.3333333333333333,0.5,0.6984629590595263,0.07894736842105263,1.0,0.0,1.0,0.8823070927513683,0.37656903765690375,0.9805032872364543,1.0,0.0,1.0,0.0,0.0,0.0,0.0,0.0,0.0,0.0,0.0,0.0,0.0,0.0,0.0,0.0,0.0,0.0,0.0,0.0,0.0,0.0,0.0,0.0,1.0,0.0
1750,0.24691358024691357,1.0,0.0,1.0,0.3333333333333333,0.75,0.5344511608683252,0.18421052631578946,1.0,0.0,1.0,0.8823070927513683,0.37656903765690375,0.9802765812740877,1.0,0.0,0.0,0.0,0.0,0.0,0.0,0.0,0.0,0.0,0.0,0.0,0.0,0.0,1.0,0.0,0.0,0.0,0.0,0.0,0.0,1.0,0.0,0.0,1.0,0.0
1751,0.14814814814814814,1.0,0.0,1.0,0.3333333333333333,0.75,0.5529417104829256,0.02631578947368421,1.0,0.0,1.0,0.8823070927513683,0.37656903765690375,0.9802765812740877,1.0,0.0,0.0,0.0,0.0,0.0,0.0,0.0,1.0,0.0,0.0,0.0,0.0,1.0,0.0,0.0,0.0,0.0,1.0,0.0,0.0,0.0,0.0,0.0,1.0,0.0
1752,0.2345679012345679,1.0,0.0,1.0,0.3333333333333333,0.75,0.7554084954118474,0.02631578947368421,1.0,0.0,1.0,0.8823070927513683,0.37656903765690375,0.9802765812740877,1.0,1.0,1.0,0.0,0.0,0.0,0.0,0.0,0.0,0.0,0.0,0.0,0.0,1.0,0.0,0.0,1.0,0.0,0.0,0.0,0.0,0.0,0.0,0.0,1.0,0.0
1753,0.3209876543209876,0.0,0.0,1.0,0.3333333333333333,0.75,0.5561069727294308,0.02631578947368421,1.0,0.0,1.0,0.8823070927513683,0.37656903765690375,0.9802765812740877,1.0,0.0,0.0,0.0,0.0,0.0,0.0,0.0,0.0,0.0,1.0,0.0,0.0,1.0,0.0,0.0,0.0,0.0,0.0,0.0,1.0,0.0,0.0,0.0,1.0,0.0
1754,0.48148148148148145,1.0,0.0,1.0,0.3333333333333333,0.75,0.5689167450775122,0.0,1.0,0.0,1.0,0.8823070927513683,0.37656903765690375,0.9802765812740877,1.0,0.0,0.0,0.0,0.0,0.0,1.0,0.0,0.0,0.0,0.0,0.0,0.0,1.0,0.0,0.0,0.0,0.0,0.0,0.0,0.0,0.0,0.0,0.0,1.0,0.0
1755,0.419753086419753,0.0,0.0,1.0,0.3333333333333333,0.75,0.6250197795910157,0.0,1.0,0.0,1.0,0.8823070927513683,0.37656903765690375,0.9802765812740877,1.0,0.0,0.0,0.0,0.0,0.0,0.0,0.0,0.0,0.0,0.0,0.0,0.0,0.0,1.0,0.0,1.0,0.0,0.0,0.0,0.0,0.0,0.0,0.0,1.0,0.0
1756,0.38271604938271603,1.0,0.0,1.0,0.3333333333333333,0.75,0.4601914110336532,0.02631578947368421,1.0,0.0,1.0,0.8823070927513683,0.37656903765690375,0.9802765812740877,1.0,0.0,0.0,0.0,0.0,0.0,0.0,0.0,0.0,0.0,0.0,0.0,0.0,1.0,0.0,0.0,0.0,0.0,0.0,0.0,1.0,0.0,0.0,1.0,1.0,0.0
1757,0.4691358024691357,0.0,0.0,1.0,0.3333333333333333,0.75,0.7983564629991614,0.0,1.0,0.0,1.0,0.8823070927513683,0.37656903765690375,0.9802765812740877,1.0,1.0,0.0,0.0,0.0,0.0,0.0,0.0,0.0,0.0,1.0,0.0,0.0,0.0,0.0,0.0,0.0,0.0,0.0,0.0,1.0,0.0,0.0,1.0,1.0,0.0
1758,0.2345679012345679,0.0,0.0,1.0,0.3333333333333333,0.75,0.5894268318375645,0.0,1.0,0.0,1.0,0.8823070927513683,0.37656903765690375,0.9802765812740877,1.0,0.0,1.0,0.0,0.0,0.0,0.0,0.0,0.0,0.0,0.0,0.0,0.0,1.0,0.0,0.0,0.0,1.0,0.0,0.0,0.0,0.0,0.0,0.0,1.0,0.0
1759,0.4567901234567901,0.0,0.0,1.0,0.3333333333333333,0.75,0.8956526991417848,0.0,1.0,0.0,1.0,0.8823070927513683,0.37656903765690375,0.9802765812740877,1.0,1.0,1.0,0.0,0.0,0.0,0.0,0.0,0.0,0.0,0.0,0.0,0.0,1.0,0.0,0.0,1.0,0.0,0.0,0.0,0.0,0.0,0.0,1.0,1.0,0.0
1760,0.29629629629629634,0.0,0.0,1.0,0.3333333333333333,0.75,0.7793790216096876,0.0,1.0,0.0,1.0,0.8823070927513683,0.37656903765690375,0.9802765812740877,1.0,0.0,0.0,0.0,0.0,0.0,0.0,0.0,1.0,0.0,0.0,0.0,0.0,0.0,0.0,0.0,0.0,1.0,0.0,0.0,0.0,0.0,0.0,0.0,1.0,0.0
1761,0.13580246913580246,0.0,0.0,1.0,0.3333333333333333,0.75,0.7622810107139464,0.10526315789473684,1.0,0.0,1.0,0.8823070927513683,0.37656903765690375,0.9802765812740877,1.0,1.0,0.0,0.0,0.0,1.0,0.0,0.0,0.0,0.0,0.0,0.0,0.0,0.0,1.0,0.0,0.0,0.0,0.0,0.0,0.0,1.0,0.0,0.0,1.0,0.0
1762,0.2222222222222222,1.0,0.0,1.0,0.3333333333333333,0.75,0.49105467050389934,0.13157894736842105,1.0,0.0,1.0,0.8823070927513683,0.37656903765690375,0.9802765812740877,1.0,0.0,1.0,0.0,0.0,0.0,0.0,0.0,0.0,0.0,0.0,0.0,0.0,1.0,0.0,0.0,1.0,0.0,0.0,0.0,0.0,0.0,0.0,0.0,1.0,0.0
1763,0.5185185185185184,0.0,0.0,1.0,0.3333333333333333,0.75,0.5761581170225034,0.0,1.0,0.0,1.0,0.8823070927513683,0.37656903765690375,0.9802765812740877,1.0,0.0,0.0,0.0,0.0,0.0,0.0,0.0,1.0,0.0,0.0,0.0,0.0,0.0,0.0,0.0,0.0,0.0,1.0,0.0,0.0,0.0,0.0,0.0,1.0,0.0
1764,0.2839506172839506,1.0,0.0,1.0,0.3333333333333333,0.75,0.5770327318283031,0.0,1.0,0.0,1.0,0.8823070927513683,0.37656903765690375,0.9802765812740877,1.0,0.0,1.0,0.0,0.0,0.0,0.0,0.0,0.0,0.0,0.0,0.0,0.0,1.0,0.0,0.0,0.0,0.0,0.0,0.0,0.0,0.0,0.0,0.0,1.0,0.0
1765,0.3209876543209876,1.0,0.0,1.0,0.3333333333333333,0.75,0.4039575981303762,0.0,1.0,0.0,1.0,0.8823070927513683,0.37656903765690375,0.9802765812740877,1.0,0.0,0.0,0.0,0.0,1.0,0.0,0.0,0.0,0.0,0.0,0.0,0.0,1.0,0.0,0.0,0.0,0.0,1.0,0.0,0.0,0.0,0.0,0.0,1.0,0.0
1766,0.35802469135802467,0.0,1.0,1.0,0.3333333333333333,0.75,0.8118868880136216,0.13157894736842105,1.0,0.0,1.0,0.8823070927513683,0.37656903765690375,0.9802765812740877,1.0,1.0,0.0,0.0,0.0,0.0,0.0,0.0,0.0,0.0,1.0,0.0,0.0,1.0,0.0,0.0,0.0,0.0,0.0,0.0,0.0,1.0,0.0,1.0,1.0,0.0
1767,0.2839506172839506,1.0,0.0,1.0,0.3333333333333333,0.75,0.5977517620704379,0.02631578947368421,1.0,0.0,1.0,0.8823070927513683,0.37656903765690375,0.9802765812740877,1.0,0.0,1.0,0.0,0.0,0.0,0.0,0.0,0.0,0.0,0.0,0.0,0.0,0.0,1.0,0.0,0.0,0.0,0.0,0.0,0.0,0.0,0.0,0.0,1.0,0.0
1768,0.30864197530864196,0.0,0.0,1.0,0.3333333333333333,0.75,0.802786216819379,0.0,1.0,0.0,1.0,0.8823070927513683,0.37656903765690375,0.9802765812740877,1.0,0.0,1.0,0.0,0.0,0.0,0.0,0.0,0.0,0.0,0.0,0.0,0.0,1.0,0.0,0.0,1.0,0.0,0.0,0.0,0.0,0.0,0.0,0.0,1.0,0.0
1769,0.43209876543209874,1.0,0.0,1.0,0.3333333333333333,0.75,0.744177538941244,0.0,1.0,0.0,1.0,0.8823070927513683,0.37656903765690375,0.9802765812740877,1.0,0.0,1.0,0.0,0.0,0.0,0.0,0.0,0.0,0.0,0.0,0.0,0.0,0.0,1.0,0.0,0.0,0.0,0.0,0.0,0.0,0.0,0.0,0.0,1.0,0.0
1770,0.2222222222222222,0.0,0.0,1.0,0.3333333333333333,0.75,0.811768483223066,0.02631578947368421,1.0,0.0,1.0,0.8823070927513683,0.37656903765690375,0.9802765812740877,1.0,1.0,1.0,0.0,0.0,0.0,0.0,0.0,0.0,0.0,0.0,0.0,0.0,1.0,0.0,0.0,0.0,0.0,1.0,0.0,0.0,0.0,0.0,0.0,1.0,0.0
1771,0.30864197530864196,0.0,0.0,1.0,0.3333333333333333,0.75,0.5183850773918827,0.0,1.0,0.0,1.0,0.8823070927513683,0.37656903765690375,0.9802765812740877,1.0,0.0,0.0,0.0,0.0,0.0,0.0,0.0,0.0,0.0,1.0,0.0,0.0,1.0,0.0,0.0,0.0,0.0,0.0,0.0,1.0,0.0,0.0,1.0,1.0,0.0
1772,0.2716049382716049,0.0,1.0,1.0,0.3333333333333333,0.75,0.5707693054036078,0.0,1.0,0.0,1.0,0.8823070927513683,0.37656903765690375,0.9802765812740877,1.0,0.0,0.0,0.0,0.0,1.0,0.0,0.0,0.0,0.0,0.0,0.0,0.0,1.0,0.0,0.0,0.0,0.0,0.0,0.0,0.0,1.0,0.0,0.0,1.0,0.0
1773,0.39506172839506176,0.0,0.0,1.0,0.3333333333333333,0.75,0.7481094227043764,0.02631578947368421,1.0,0.0,1.0,0.8823070927513683,0.37656903765690375,0.9802765812740877,1.0,1.0,1.0,0.0,0.0,0.0,0.0,0.0,0.0,0.0,0.0,0.0,0.0,1.0,0.0,0.0,0.0,0.0,0.0,0.0,0.0,0.0,0.0,0.0,1.0,0.0
1774,0.4567901234567901,0.0,0.0,1.0,0.3333333333333333,0.75,0.6796549947166548,0.02631578947368421,1.0,0.0,1.0,0.8823070927513683,0.37656903765690375,0.9802765812740877,1.0,0.0,0.0,0.0,0.0,0.0,0.0,0.0,0.0,0.0,1.0,0.0,0.0,1.0,0.0,0.0,0.0,0.0,0.0,0.0,0.0,1.0,0.0,1.0,1.0,0.0
1775,0.3209876543209876,0.0,0.0,1.0,0.3333333333333333,0.75,0.8282145507200736,0.13157894736842105,1.0,0.0,1.0,0.8823070927513683,0.37656903765690375,0.9802765812740877,1.0,1.0,0.0,1.0,0.0,0.0,0.0,0.0,0.0,0.0,0.0,0.0,0.0,1.0,0.0,0.0,0.0,0.0,1.0,0.0,0.0,0.0,0.0,0.0,1.0,0.0
1776,0.5185185185185184,1.0,0.0,1.0,0.3333333333333333,0.75,0.8406189510795439,0.02631578947368421,1.0,0.0,1.0,0.8823070927513683,0.37656903765690375,0.9802765812740877,1.0,1.0,0.0,1.0,0.0,0.0,0.0,0.0,0.0,0.0,0.0,0.0,0.0,0.0,0.0,0.0,0.0,0.0,1.0,0.0,0.0,0.0,0.0,1.0,1.0,0.0
1777,0.3333333333333333,1.0,0.0,1.0,0.3333333333333333,0.75,0.7405445571293703,0.42105263157894735,1.0,0.0,1.0,0.8823070927513683,0.37656903765690375,0.9802765812740877,1.0,1.0,0.0,0.0,0.0,0.0,0.0,0.0,0.0,0.0,0.0,0.0,0.0,0.0,1.0,0.0,0.0,0.0,0.0,0.0,0.0,1.0,0.0,0.0,1.0,0.0
1778,0.3209876543209876,0.5,0.5,1.0,0.3333333333333333,0.75,0.8692724603223944,0.02631578947368421,1.0,0.0,1.0,0.8823070927513683,0.37656903765690375,0.9802765812740877,1.0,1.0,1.0,0.0,0.0,0.0,0.0,0.0,0.0,0.0,0.0,0.0,0.0,1.0,0.0,0.0,0.0,0.0,0.0,0.0,0.0,0.0,0.0,0.0,1.0,0.0
1779,0.38271604938271603,0.0,0.0,1.0,0.3333333333333333,0.75,0.6930644475725992,0.02631578947368421,1.0,0.0,1.0,0.8823070927513683,0.37656903765690375,0.9802765812740877,1.0,0.0,1.0,0.0,0.0,0.0,0.0,0.0,0.0,0.0,0.0,0.0,0.0,1.0,0.0,0.0,1.0,0.0,0.0,0.0,0.0,0.0,0.0,1.0,1.0,0.0
1780,0.2839506172839506,0.0,0.0,1.0,0.3333333333333333,0.75,0.5429003918915096,0.07894736842105263,1.0,0.0,1.0,0.8823070927513683,0.37656903765690375,0.9802765812740877,1.0,0.0,1.0,0.0,0.0,0.0,0.0,0.0,0.0,0.0,0.0,0.0,0.0,1.0,0.0,0.0,0.0,0.0,0.0,0.0,0.0,0.0,1.0,0.0,1.0,0.0
1781,0.39506172839506176,0.0,0.0,1.0,0.3333333333333333,0.75,0.49636241965296135,0.05263157894736842,1.0,0.0,1.0,0.8823070927513683,0.37656903765690375,0.9802765812740877,1.0,0.0,1.0,0.0,0.0,0.0,0.0,0.0,0.0,0.0,0.0,0.0,0.0,1.0,0.0,0.0,0.0,0.0,0.0,0.0,0.0,0.0,0.0,1.0,1.0,0.0
1782,0.16049382716049382,1.0,0.0,1.0,0.3333333333333333,0.75,0.6261730746079361,0.05263157894736842,1.0,0.0,1.0,0.8823070927513683,0.37656903765690375,0.9802765812740877,1.0,0.0,0.0,1.0,0.0,0.0,0.0,0.0,0.0,0.0,0.0,0.0,0.0,1.0,0.0,0.0,0.0,0.0,0.0,0.0,0.0,1.0,0.0,1.0,1.0,0.0
1783,0.09876543209876543,1.0,0.0,1.0,0.3333333333333333,0.75,0.8382783416401655,0.15789473684210525,1.0,0.0,1.0,0.8823070927513683,0.37656903765690375,0.9802765812740877,1.0,1.0,0.0,0.0,0.0,0.0,0.0,0.0,0.0,0.0,0.0,0.0,0.0,0.0,1.0,0.0,0.0,0.0,1.0,0.0,0.0,0.0,0.0,0.0,1.0,0.0
1784,0.20987654320987653,0.0,0.0,1.0,0.3333333333333333,0.75,0.603456402174661,0.18421052631578946,1.0,0.0,1.0,0.8823070927513683,0.37656903765690375,0.9802765812740877,1.0,0.0,0.0,0.0,0.0,0.0,0.0,0.0,0.0,0.0,1.0,0.0,0.0,1.0,0.0,0.0,0.0,0.0,0.0,0.0,1.0,0.0,0.0,0.0,1.0,0.0
1785,0.4444444444444445,1.0,0.0,1.0,0.3333333333333333,0.75,0.6412337233355714,0.02631578947368421,1.0,0.0,1.0,0.8823070927513683,0.37656903765690375,0.9802765812740877,1.0,0.0,1.0,0.0,0.0,0.0,0.0,0.0,0.0,0.0,0.0,0.0,0.0,1.0,0.0,0.0,1.0,0.0,0.0,0.0,0.0,0.0,0.0,1.0,1.0,0.0
1786,0.25925925925925924,0.0,0.0,1.0,0.3333333333333333,0.75,0.6930644475725992,0.02631578947368421,1.0,0.0,1.0,0.8823070927513683,0.37656903765690375,0.9802765812740877,1.0,0.0,0.0,0.0,0.0,0.0,0.0,0.0,0.0,0.0,0.0,0.0,0.0,1.0,0.0,0.0,0.0,0.0,0.0,0.0,0.0,1.0,0.0,0.0,1.0,0.0
1787,0.2345679012345679,1.0,0.0,1.0,0.3333333333333333,0.0,0.6485730147319224,0.02631578947368421,1.0,0.0,1.0,0.8823070927513683,0.37656903765690375,0.9807299931988211,1.0,0.0,0.0,0.0,0.0,0.0,0.0,0.0,0.0,0.0,0.0,0.0,0.0,0.0,1.0,0.0,0.0,0.0,0.0,0.0,0.0,1.0,0.0,0.0,1.0,0.0
1788,0.18518518518518517,0.0,0.0,1.0,0.3333333333333333,0.0,0.7443877894878045,0.05263157894736842,1.0,0.0,1.0,0.8823070927513683,0.37656903765690375,0.9807299931988211,1.0,0.0,0.0,0.0,0.0,0.0,0.0,1.0,0.0,0.0,0.0,0.0,0.0,0.0,0.0,0.0,0.0,0.0,0.0,0.0,0.0,1.0,0.0,0.0,1.0,0.0
1789,0.2222222222222222,0.0,0.0,1.0,0.3333333333333333,0.0,0.28207676886584127,0.10526315789473684,1.0,0.0,1.0,0.8823070927513683,0.37656903765690375,0.9807299931988211,1.0,0.0,0.0,0.0,0.0,0.0,0.0,0.0,0.0,0.0,0.0,0.0,0.0,0.0,1.0,0.0,0.0,0.0,1.0,0.0,0.0,0.0,0.0,0.0,1.0,0.0
1790,0.14814814814814814,0.0,0.0,1.0,0.3333333333333333,0.0,0.5529417104829256,0.02631578947368421,1.0,0.0,1.0,0.8823070927513683,0.37656903765690375,0.9807299931988211,1.0,0.0,0.0,0.0,0.0,0.0,0.0,0.0,0.0,0.0,0.0,0.0,0.0,0.0,1.0,0.0,0.0,0.0,0.0,0.0,0.0,1.0,0.0,0.0,1.0,0.0
1791,0.18518518518518517,0.0,0.0,1.0,0.3333333333333333,0.0,0.5846247304098844,0.02631578947368421,1.0,0.0,1.0,0.8823070927513683,0.37656903765690375,0.9807299931988211,1.0,0.0,0.0,0.0,0.0,0.0,0.0,0.0,0.0,0.0,0.0,1.0,0.0,1.0,0.0,0.0,0.0,1.0,0.0,0.0,0.0,0.0,0.0,0.0,1.0,0.0
1792,0.35802469135802467,0.0,0.0,1.0,0.3333333333333333,0.0,0.7119384140850683,0.02631578947368421,1.0,0.0,1.0,0.8823070927513683,0.37656903765690375,0.9807299931988211,1.0,0.0,0.0,0.0,0.0,0.0,0.0,0.0,0.0,0.0,0.0,0.0,0.0,1.0,0.0,0.0,0.0,0.0,0.0,0.0,1.0,0.0,0.0,0.0,1.0,0.0
1793,0.20987654320987653,0.0,0.0,1.0,0.3333333333333333,0.0,0.5955391234938983,0.7368421052631579,1.0,0.0,1.0,0.8823070927513683,0.37656903765690375,0.9807299931988211,1.0,0.0,1.0,0.0,0.0,0.0,0.0,0.0,0.0,0.0,0.0,0.0,0.0,1.0,0.0,0.0,0.0,1.0,0.0,0.0,0.0,0.0,0.0,0.0,1.0,0.0
1794,0.2222222222222222,0.0,0.0,1.0,0.3333333333333333,0.0,0.7343048669527241,0.02631578947368421,1.0,0.0,1.0,0.8823070927513683,0.37656903765690375,0.9807299931988211,1.0,1.0,0.0,1.0,0.0,0.0,0.0,0.0,0.0,0.0,0.0,0.0,0.0,1.0,0.0,0.0,0.0,0.0,0.0,0.0,0.0,1.0,0.0,0.0,1.0,0.0
1795,0.18518518518518517,0.0,0.0,1.0,0.3333333333333333,0.0,0.6055262822549443,0.02631578947368421,1.0,0.0,1.0,0.8823070927513683,0.37656903765690375,0.9807299931988211,1.0,0.0,0.0,0.0,0.0,0.0,0.0,0.0,0.0,0.0,1.0,0.0,0.0,1.0,0.0,0.0,0.0,0.0,0.0,0.0,1.0,0.0,0.0,0.0,1.0,0.0
1796,0.19753086419753085,1.0,0.0,1.0,0.3333333333333333,0.0,0.5631773068220264,0.02631578947368421,1.0,0.0,1.0,0.8823070927513683,0.37656903765690375,0.9807299931988211,1.0,0.0,0.0,0.0,0.0,0.0,0.0,0.0,0.0,0.0,1.0,0.0,0.0,1.0,0.0,0.0,0.0,0.0,1.0,0.0,0.0,0.0,0.0,1.0,1.0,0.0
1797,0.29629629629629634,1.0,0.0,1.0,0.3333333333333333,0.0,0.6190773470668909,0.07894736842105263,1.0,0.0,1.0,0.8823070927513683,0.37656903765690375,0.9807299931988211,1.0,0.0,0.0,0.0,0.0,0.0,0.0,0.0,1.0,0.0,0.0,0.0,0.0,0.0,0.0,0.0,0.0,1.0,0.0,0.0,0.0,0.0,0.0,0.0,1.0,0.0
1798,0.29629629629629634,0.0,0.0,1.0,0.3333333333333333,0.0,0.7684321209538291,0.26315789473684215,1.0,0.0,1.0,0.8823070927513683,0.37656903765690375,0.9807299931988211,1.0,1.0,0.0,0.0,0.0,0.0,0.0,0.0,0.0,0.0,0.0,0.0,0.0,0.0,0.0,0.0,0.0,0.0,1.0,0.0,0.0,0.0,0.0,0.0,1.0,0.0
1799,0.4074074074074074,0.0,0.0,1.0,0.3333333333333333,0.0,0.7774917862208544,0.07894736842105263,1.0,0.0,1.0,0.8823070927513683,0.37656903765690375,0.9807299931988211,1.0,1.0,0.0,0.0,1.0,0.0,0.0,0.0,0.0,0.0,0.0,0.0,0.0,0.0,1.0,0.0,0.0,0.0,0.0,0.0,0.0,0.0,1.0,0.0,1.0,0.0
1800,0.24691358024691357,0.0,0.0,1.0,0.3333333333333333,0.0,0.8456100068201855,0.21052631578947367,1.0,0.0,1.0,0.8823070927513683,0.37656903765690375,0.9807299931988211,1.0,1.0,0.0,0.0,0.0,1.0,0.0,0.0,0.0,0.0,0.0,0.0,0.0,1.0,0.0,0.0,0.0,0.0,0.0,0.0,0.0,1.0,0.0,0.0,1.0,0.0
1801,0.419753086419753,0.0,0.0,1.0,0.3333333333333333,0.0,0.5761581170225034,0.02631578947368421,1.0,0.0,1.0,0.8823070927513683,0.37656903765690375,0.9807299931988211,1.0,0.0,1.0,0.0,0.0,0.0,0.0,0.0,0.0,0.0,0.0,0.0,0.0,0.0,0.0,0.0,0.0,0.0,0.0,0.0,0.0,0.0,0.0,0.0,1.0,0.0
1802,0.20987654320987653,0.0,0.0,1.0,0.3333333333333333,0.0,0.5870502833422594,0.05263157894736842,1.0,0.0,1.0,0.8823070927513683,0.37656903765690375,0.9807299931988211,1.0,0.0,0.0,0.0,0.0,0.0,0.0,0.0,0.0,0.0,0.0,0.0,0.0,1.0,0.0,0.0,0.0,0.0,0.0,0.0,0.0,1.0,0.0,0.0,1.0,0.0
1803,0.2839506172839506,0.0,0.0,1.0,0.3333333333333333,0.0,0.48358326152743014,0.02631578947368421,1.0,0.0,1.0,0.8823070927513683,0.37656903765690375,0.9807299931988211,1.0,0.0,0.0,0.0,0.0,0.0,0.0,0.0,0.0,0.0,1.0,0.0,0.0,1.0,0.0,0.0,0.0,0.0,0.0,0.0,1.0,0.0,0.0,1.0,1.0,0.0
1804,0.1728395061728395,0.0,0.0,1.0,0.3333333333333333,0.0,0.6108742554254224,0.02631578947368421,1.0,0.0,1.0,0.8823070927513683,0.37656903765690375,0.9807299931988211,1.0,0.0,1.0,0.0,0.0,0.0,0.0,0.0,0.0,0.0,0.0,0.0,0.0,1.0,0.0,0.0,0.0,1.0,0.0,0.0,0.0,0.0,0.0,0.0,1.0,0.0
1805,0.2345679012345679,0.0,0.0,1.0,0.3333333333333333,0.0,0.8231632494961368,0.0,1.0,0.0,1.0,0.8823070927513683,0.37656903765690375,0.9807299931988211,1.0,1.0,0.0,0.0,0.0,0.0,0.0,0.0,0.0,0.0,1.0,0.0,0.0,1.0,0.0,0.0,0.0,0.0,0.0,0.0,0.0,1.0,0.0,0.0,1.0,0.0
1806,0.3209876543209876,1.0,0.0,1.0,0.3333333333333333,0.0,0.8518392052167665,0.02631578947368421,1.0,0.0,1.0,0.8823070927513683,0.37656903765690375,0.9807299931988211,1.0,1.0,1.0,0.0,0.0,0.0,0.0,0.0,0.0,0.0,0.0,0.0,0.0,1.0,0.0,0.0,0.0,1.0,0.0,0.0,0.0,0.0,0.0,1.0,1.0,0.0
1807,0.13580246913580246,1.0,1.0,1.0,0.3333333333333333,0.0,0.6295666315558228,0.02631578947368421,1.0,0.0,1.0,0.8823070927513683,0.37656903765690375,0.9807299931988211,1.0,0.0,1.0,0.0,0.0,0.0,0.0,0.0,0.0,0.0,0.0,0.0,0.0,1.0,0.0,0.0,0.0,1.0,0.0,0.0,0.0,0.0,0.0,0.0,1.0,0.0
1808,0.3703703703703703,0.0,0.0,1.0,0.3333333333333333,0.0,0.41131218966975264,0.02631578947368421,1.0,0.0,1.0,0.8823070927513683,0.37656903765690375,0.9807299931988211,1.0,0.0,0.0,0.0,0.0,0.0,0.0,0.0,1.0,0.0,0.0,0.0,0.0,1.0,0.0,0.0,0.0,0.0,0.0,0.0,0.0,0.0,1.0,1.0,1.0,0.0
1809,0.24691358024691357,0.0,0.0,1.0,0.3333333333333333,0.0,0.5878478128342483,0.0,1.0,0.0,1.0,0.8823070927513683,0.37656903765690375,0.9807299931988211,1.0,0.0,0.0,0.0,0.0,0.0,0.0,0.0,0.0,0.0,0.0,0.0,0.0,0.0,0.0,0.0,0.0,0.0,0.0,0.0,0.0,1.0,0.0,0.0,1.0,0.0
1810,0.2345679012345679,1.0,0.0,1.0,0.3333333333333333,0.0,0.5829794567444476,0.0,1.0,0.0,1.0,0.8823070927513683,0.37656903765690375,0.9807299931988211,1.0,0.0,0.0,0.0,0.0,0.0,0.0,0.0,0.0,0.0,0.0,0.0,0.0,1.0,0.0,0.0,0.0,0.0,0.0,0.0,0.0,1.0,0.0,0.0,1.0,0.0
1811,0.29629629629629634,0.0,0.0,1.0,0.3333333333333333,0.0,0.7610112280743938,0.0,1.0,0.0,1.0,0.8823070927513683,0.37656903765690375,0.9807299931988211,1.0,0.0,1.0,0.0,0.0,0.0,0.0,0.0,0.0,0.0,0.0,0.0,0.0,1.0,0.0,0.0,0.0,1.0,0.0,0.0,0.0,0.0,0.0,0.0,1.0,0.0
1812,0.3209876543209876,0.0,0.0,1.0,0.3333333333333333,0.0,0.8227323510308718,0.0,1.0,0.0,1.0,0.8823070927513683,0.37656903765690375,0.9807299931988211,1.0,1.0,0.0,0.0,0.0,0.0,0.0,1.0,0.0,0.0,0.0,0.0,0.0,1.0,0.0,0.0,0.0,1.0,0.0,0.0,0.0,0.0,0.0,0.0,1.0,0.0
1813,0.4444444444444445,1.0,0.0,1.0,0.3333333333333333,0.0,0.647141331954917,0.0,1.0,0.0,1.0,0.8823070927513683,0.37656903765690375,0.9807299931988211,1.0,0.0,0.0,0.0,0.0,0.0,0.0,0.0,0.0,0.0,0.0,0.0,1.0,1.0,0.0,0.0,0.0,0.0,1.0,0.0,0.0,0.0,0.0,1.0,1.0,0.0
1814,0.34567901234567905,0.5,0.5,1.0,0.3333333333333333,0.0,0.6027582686746316,0.02631578947368421,1.0,0.0,1.0,0.8823070927513683,0.37656903765690375,0.9807299931988211,1.0,0.0,1.0,0.0,0.0,0.0,0.0,0.0,0.0,0.0,0.0,0.0,0.0,1.0,0.0,0.0,0.0,1.0,0.0,0.0,0.0,0.0,0.0,1.0,1.0,0.0
1815,0.1728395061728395,0.0,0.0,1.0,0.3333333333333333,0.0,0.8387502040838664,0.05263157894736842,1.0,0.0,1.0,0.8823070927513683,0.37656903765690375,0.9807299931988211,1.0,1.0,0.0,1.0,0.0,0.0,0.0,0.0,0.0,0.0,0.0,0.0,0.0,0.0,1.0,0.0,0.0,1.0,0.0,0.0,0.0,0.0,0.0,0.0,1.0,0.0
1816,0.18518518518518517,0.0,0.0,1.0,0.3333333333333333,0.0,0.6108742554254224,0.631578947368421,1.0,0.0,1.0,0.8823070927513683,0.37656903765690375,0.9807299931988211,1.0,0.0,0.0,0.0,0.0,0.0,0.0,0.0,0.0,0.0,0.0,0.0,0.0,0.0,1.0,0.0,0.0,0.0,0.0,0.0,0.0,1.0,0.0,1.0,1.0,0.0
1817,0.12345679012345678,1.0,0.0,1.0,0.3333333333333333,0.0,0.6290077936901697,0.2894736842105263,1.0,0.0,1.0,0.8823070927513683,0.37656903765690375,0.9807299931988211,1.0,0.0,1.0,0.0,0.0,0.0,0.0,0.0,0.0,0.0,0.0,0.0,0.0,0.0,1.0,0.0,0.0,1.0,0.0,0.0,0.0,0.0,0.0,0.0,1.0,0.0
1818,0.24691358024691357,1.0,0.0,1.0,0.3333333333333333,0.0,0.6887622608157357,0.0,1.0,0.0,1.0,0.8823070927513683,0.37656903765690375,0.9807299931988211,1.0,0.0,0.0,1.0,0.0,0.0,0.0,0.0,0.0,0.0,0.0,0.0,0.0,0.0,1.0,0.0,0.0,0.0,0.0,0.0,0.0,1.0,0.0,0.0,1.0,0.0
1819,0.34567901234567905,1.0,0.0,1.0,0.3333333333333333,0.0,0.6661632026103997,0.0,1.0,0.0,1.0,0.8823070927513683,0.37656903765690375,0.9807299931988211,1.0,0.0,1.0,0.0,0.0,0.0,0.0,0.0,0.0,0.0,0.0,0.0,0.0,0.0,0.0,0.0,0.0,1.0,0.0,0.0,0.0,0.0,0.0,0.0,1.0,0.0
1820,0.4444444444444445,0.0,0.0,1.0,0.3333333333333333,0.0,0.6196852820090151,0.0,1.0,0.0,1.0,0.8823070927513683,0.37656903765690375,0.9807299931988211,1.0,0.0,1.0,0.0,0.0,0.0,0.0,0.0,0.0,0.0,0.0,0.0,0.0,0.0,0.0,0.0,0.0,0.0,0.0,0.0,0.0,0.0,0.0,1.0,1.0,0.0
1821,0.24691358024691357,1.0,0.0,1.0,0.3333333333333333,0.0,0.7525037762385953,0.05263157894736842,1.0,0.0,1.0,0.8823070927513683,0.37656903765690375,0.9807299931988211,1.0,0.0,0.0,0.0,0.0,0.0,0.0,0.0,0.0,0.0,0.0,0.0,0.0,1.0,0.0,0.0,0.0,0.0,1.0,0.0,0.0,0.0,0.0,0.0,1.0,0.0
1822,0.2222222222222222,0.0,0.0,1.0,0.3333333333333333,0.0,0.467045882751165,0.05263157894736842,1.0,0.0,1.0,0.8823070927513683,0.37656903765690375,0.9807299931988211,1.0,0.0,1.0,0.0,0.0,0.0,0.0,0.0,0.0,0.0,0.0,0.0,0.0,0.0,0.0,0.0,0.0,1.0,0.0,0.0,0.0,0.0,0.0,0.0,1.0,0.0
1823,0.419753086419753,1.0,0.0,1.0,0.3333333333333333,0.0,0.6518473654724107,0.0,1.0,0.0,1.0,0.8823070927513683,0.37656903765690375,0.9807299931988211,1.0,0.0,1.0,0.0,0.0,0.0,0.0,0.0,0.0,0.0,0.0,0.0,0.0,1.0,0.0,0.0,0.0,1.0,0.0,0.0,0.0,0.0,0.0,1.0,1.0,0.0
1824,0.3209876543209876,1.0,0.0,1.0,0.3333333333333333,0.0,0.4648051454883613,0.0,1.0,0.0,1.0,0.8823070927513683,0.37656903765690375,0.9807299931988211,1.0,0.0,1.0,0.0,0.0,0.0,0.0,0.0,0.0,0.0,0.0,0.0,0.0,1.0,0.0,0.0,1.0,0.0,0.0,0.0,0.0,0.0,0.0,1.0,1.0,0.0
1825,0.2716049382716049,0.0,0.0,1.0,0.3333333333333333,0.0,0.774277511129964,0.05263157894736842,1.0,0.0,1.0,0.8823070927513683,0.37656903765690375,0.9807299931988211,1.0,1.0,0.0,0.0,0.0,1.0,0.0,0.0,0.0,0.0,0.0,0.0,0.0,1.0,0.0,0.0,0.0,0.0,0.0,0.0,0.0,1.0,0.0,0.0,1.0,0.0
1826,0.43209876543209874,1.0,0.0,1.0,0.3333333333333333,0.0,0.7392350614235342,0.02631578947368421,1.0,0.0,1.0,0.8823070927513683,0.37656903765690375,0.9807299931988211,1.0,0.0,0.0,1.0,0.0,0.0,0.0,0.0,0.0,0.0,0.0,0.0,0.0,1.0,0.0,0.0,0.0,0.0,0.0,0.0,0.0,0.0,0.0,1.0,1.0,0.0
1827,0.2222222222222222,0.0,1.0,1.0,0.3333333333333333,0.0,0.3261538888020616,0.368421052631579,1.0,0.0,1.0,0.8823070927513683,0.37656903765690375,0.9807299931988211,1.0,0.0,0.0,0.0,0.0,0.0,0.0,0.0,0.0,0.0,0.0,0.0,0.0,0.0,0.0,0.0,0.0,0.0,1.0,0.0,0.0,0.0,0.0,0.0,1.0,0.0
1828,0.30864197530864196,0.0,0.0,1.0,0.3333333333333333,0.0,0.6705725318885943,0.07894736842105263,1.0,0.0,1.0,0.8823070927513683,0.37656903765690375,0.9807299931988211,1.0,0.0,1.0,0.0,0.0,0.0,0.0,0.0,0.0,0.0,0.0,0.0,0.0,1.0,0.0,0.0,1.0,0.0,0.0,0.0,0.0,0.0,0.0,0.0,1.0,0.0
1829,0.1728395061728395,1.0,0.0,1.0,0.3333333333333333,0.0,0.77891004364839,0.02631578947368421,1.0,0.0,1.0,0.8823070927513683,0.37656903765690375,0.9807299931988211,1.0,1.0,1.0,0.0,0.0,0.0,0.0,0.0,0.0,0.0,0.0,0.0,0.0,0.0,1.0,0.0,0.0,0.0,1.0,0.0,0.0,0.0,0.0,0.0,1.0,0.0
1830,0.1111111111111111,1.0,0.0,1.0,0.3333333333333333,0.0,0.5452070373544604,0.8947368421052632,1.0,0.0,1.0,0.8823070927513683,0.37656903765690375,0.9807299931988211,1.0,0.0,1.0,0.0,0.0,0.0,0.0,0.0,0.0,0.0,0.0,0.0,0.0,1.0,0.0,0.0,0.0,1.0,0.0,0.0,0.0,0.0,0.0,0.0,1.0,0.0
1831,0.24691358024691357,0.0,0.0,1.0,0.3333333333333333,0.0,0.6128186823313415,0.02631578947368421,1.0,0.0,1.0,0.8823070927513683,0.37656903765690375,0.9807299931988211,1.0,0.0,0.0,0.0,0.0,0.0,0.0,0.0,0.0,0.0,1.0,0.0,0.0,0.0,1.0,0.0,0.0,0.0,0.0,0.0,0.0,1.0,0.0,0.0,1.0,0.0
1832,0.18518518518518517,0.0,0.0,1.0,0.3333333333333333,0.0,0.6904356197503724,0.02631578947368421,1.0,0.0,1.0,0.8823070927513683,0.37656903765690375,0.9807299931988211,1.0,0.0,1.0,0.0,0.0,0.0,0.0,0.0,0.0,0.0,0.0,0.0,0.0,1.0,0.0,0.0,0.0,0.0,1.0,0.0,0.0,0.0,0.0,1.0,1.0,0.0
1833,0.3333333333333333,1.0,0.0,1.0,0.3333333333333333,0.0,0.3400093138083381,0.631578947368421,1.0,0.0,1.0,0.8823070927513683,0.37656903765690375,0.9807299931988211,1.0,0.0,1.0,0.0,0.0,0.0,0.0,0.0,0.0,0.0,0.0,0.0,0.0,1.0,0.0,0.0,0.0,0.0,0.0,0.0,0.0,0.0,0.0,0.0,1.0,0.0
1834,0.3703703703703703,1.0,0.0,1.0,0.3333333333333333,0.0,0.9324470816656357,0.07894736842105263,1.0,0.0,1.0,0.8823070927513683,0.37656903765690375,0.9807299931988211,1.0,1.0,1.0,0.0,0.0,0.0,0.0,0.0,0.0,0.0,0.0,0.0,0.0,1.0,0.0,0.0,0.0,0.0,0.0,0.0,0.0,0.0,0.0,0.0,1.0,0.0
1835,0.39506172839506176,1.0,0.0,1.0,0.3333333333333333,0.0,0.3877062624117341,0.4473684210526315,1.0,0.0,1.0,0.8823070927513683,0.37656903765690375,0.9807299931988211,1.0,0.0,0.0,0.0,0.0,1.0,0.0,0.0,0.0,0.0,0.0,0.0,0.0,1.0,0.0,0.0,0.0,0.0,1.0,0.0,0.0,0.0,0.0,0.0,1.0,0.0
1836,0.2716049382716049,0.5,0.5,1.0,0.3333333333333333,0.0,0.7162857041461708,0.05263157894736842,1.0,0.0,1.0,0.8823070927513683,0.37656903765690375,0.9807299931988211,1.0,0.0,0.0,1.0,0.0,0.0,0.0,0.0,0.0,0.0,0.0,0.0,0.0,1.0,0.0,0.0,0.0,0.0,1.0,0.0,0.0,0.0,0.0,0.0,1.0,0.0
1837,0.2345679012345679,0.0,0.0,1.0,0.3333333333333333,0.0,0.6800186276166762,0.02631578947368421,1.0,0.0,1.0,0.8823070927513683,0.37656903765690375,0.9807299931988211,1.0,0.0,1.0,0.0,0.0,0.0,0.0,0.0,0.0,0.0,0.0,0.0,0.0,0.0,1.0,0.0,0.0,0.0,0.0,0.0,0.0,1.0,0.0,1.0,1.0,0.0
1838,0.16049382716049382,1.0,0.0,1.0,0.3333333333333333,0.0,0.5169416832156455,0.05263157894736842,1.0,0.0,1.0,0.8823070927513683,0.37656903765690375,0.9807299931988211,1.0,0.0,0.0,0.0,0.0,0.0,0.0,0.0,0.0,0.0,1.0,0.0,0.0,0.0,0.0,0.0,0.0,0.0,0.0,0.0,1.0,0.0,0.0,0.0,1.0,0.0
1839,0.2839506172839506,0.0,0.0,1.0,0.3333333333333333,0.0,0.5932840675469451,0.05263157894736842,1.0,0.0,1.0,0.8823070927513683,0.37656903765690375,0.9807299931988211,1.0,0.0,1.0,0.0,0.0,0.0,0.0,0.0,0.0,0.0,0.0,0.0,0.0,1.0,0.0,0.0,0.0,1.0,0.0,0.0,0.0,0.0,0.0,1.0,1.0,0.0
1840,0.2345679012345679,1.0,0.0,1.0,0.3333333333333333,0.25,0.6317758072704824,0.18421052631578946,1.0,0.0,1.0,0.8823070927513683,0.37656903765690375,0.9809566991611882,1.0,0.0,1.0,0.0,0.0,0.0,0.0,0.0,0.0,0.0,0.0,0.0,0.0,0.0,1.0,0.0,1.0,0.0,0.0,0.0,0.0,0.0,0.0,0.0,1.0,0.0
1841,0.24691358024691357,0.0,0.0,1.0,0.3333333333333333,0.25,0.7599118261517549,0.39473684210526316,1.0,0.0,1.0,0.8823070927513683,0.37656903765690375,0.9809566991611882,1.0,0.0,0.0,0.0,0.0,0.0,0.0,0.0,0.0,0.0,0.0,0.0,0.0,1.0,0.0,0.0,0.0,0.0,1.0,0.0,0.0,0.0,0.0,0.0,1.0,0.0
1842,0.20987654320987653,0.0,0.0,1.0,0.3333333333333333,0.25,0.6545831899296645,0.07894736842105263,1.0,0.0,1.0,0.8823070927513683,0.37656903765690375,0.9809566991611882,1.0,0.0,1.0,0.0,0.0,0.0,0.0,0.0,0.0,0.0,0.0,0.0,0.0,1.0,0.0,0.0,0.0,0.0,0.0,0.0,1.0,0.0,0.0,0.0,1.0,0.0
1843,0.16049382716049382,1.0,1.0,1.0,0.3333333333333333,0.25,0.5743891340707834,0.02631578947368421,1.0,0.0,1.0,0.8823070927513683,0.37656903765690375,0.9809566991611882,1.0,0.0,0.0,0.0,0.0,0.0,0.0,0.0,0.0,0.0,1.0,0.0,0.0,0.0,0.0,0.0,0.0,0.0,1.0,0.0,0.0,0.0,0.0,0.0,1.0,0.0
1844,0.3209876543209876,0.0,0.0,1.0,0.3333333333333333,0.25,0.6770775956944137,0.02631578947368421,1.0,0.0,1.0,0.8823070927513683,0.37656903765690375,0.9809566991611882,1.0,0.0,0.0,0.0,0.0,0.0,0.0,0.0,0.0,0.0,1.0,0.0,0.0,0.0,1.0,0.0,0.0,0.0,0.0,0.0,1.0,0.0,0.0,0.0,1.0,0.0
1845,0.4567901234567901,0.0,0.0,1.0,0.3333333333333333,0.25,0.6877466992608396,0.02631578947368421,1.0,0.0,1.0,0.8823070927513683,0.37656903765690375,0.9809566991611882,1.0,0.0,0.0,0.0,0.0,0.0,0.0,0.0,1.0,0.0,0.0,0.0,0.0,1.0,0.0,0.0,0.0,0.0,0.0,0.0,0.0,0.0,1.0,0.0,1.0,0.0
1846,0.3703703703703703,1.0,0.0,1.0,0.3333333333333333,0.25,0.5140006512933829,0.0,1.0,0.0,1.0,0.8823070927513683,0.37656903765690375,0.9809566991611882,1.0,0.0,0.0,1.0,0.0,0.0,0.0,0.0,0.0,0.0,0.0,0.0,0.0,1.0,0.0,0.0,0.0,0.0,0.0,0.0,1.0,0.0,0.0,1.0,1.0,0.0
1847,0.1111111111111111,1.0,0.0,1.0,0.3333333333333333,0.25,0.5977517620704379,0.05263157894736842,1.0,0.0,1.0,0.8823070927513683,0.37656903765690375,0.9809566991611882,1.0,0.0,0.0,0.0,0.0,0.0,0.0,0.0,0.0,0.0,1.0,0.0,0.0,0.0,1.0,0.0,0.0,0.0,0.0,0.0,1.0,0.0,0.0,0.0,1.0,0.0
1848,0.4074074074074074,0.0,0.0,1.0,0.3333333333333333,0.25,0.716817990798646,0.0,1.0,0.0,1.0,0.8823070927513683,0.37656903765690375,0.9809566991611882,1.0,0.0,0.0,0.0,0.0,0.0,0.0,0.0,0.0,0.0,0.0,0.0,0.0,1.0,0.0,0.0,0.0,0.0,1.0,0.0,0.0,0.0,0.0,0.0,1.0,0.0
1849,0.2345679012345679,0.0,0.0,1.0,0.3333333333333333,0.25,0.5862473099208212,0.0,1.0,0.0,1.0,0.8823070927513683,0.37656903765690375,0.9809566991611882,1.0,0.0,1.0,0.0,0.0,0.0,0.0,0.0,0.0,0.0,0.0,0.0,0.0,0.0,1.0,0.0,0.0,1.0,0.0,0.0,0.0,0.0,0.0,0.0,1.0,0.0
1850,0.2716049382716049,0.0,0.0,1.0,0.3333333333333333,0.25,0.6214904603916316,0.07894736842105263,1.0,0.0,1.0,0.8823070927513683,0.37656903765690375,0.9809566991611882,1.0,0.0,1.0,0.0,0.0,0.0,0.0,0.0,0.0,0.0,0.0,0.0,0.0,1.0,0.0,0.0,1.0,0.0,0.0,0.0,0.0,0.0,0.0,0.0,1.0,0.0
1851,0.25925925925925924,0.0,0.0,1.0,0.3333333333333333,0.25,0.5670345425314071,0.0,1.0,0.0,1.0,0.8823070927513683,0.37656903765690375,0.9809566991611882,1.0,0.0,1.0,0.0,0.0,0.0,0.0,0.0,0.0,0.0,0.0,0.0,0.0,0.0,1.0,0.0,0.0,0.0,0.0,0.0,0.0,0.0,0.0,0.0,1.0,0.0
1852,0.13580246913580246,0.0,0.0,1.0,0.3333333333333333,0.25,0.580467578755373,0.0,1.0,0.0,1.0,0.8823070927513683,0.37656903765690375,0.9809566991611882,1.0,0.0,1.0,0.0,0.0,0.0,0.0,0.0,0.0,0.0,0.0,0.0,0.0,0.0,1.0,0.0,0.0,1.0,0.0,0.0,0.0,0.0,0.0,0.0,1.0,0.0
1853,0.3703703703703703,1.0,0.0,1.0,0.3333333333333333,0.25,0.6159896330688406,0.0,1.0,0.0,1.0,0.8823070927513683,0.37656903765690375,0.9809566991611882,1.0,0.0,0.0,0.0,0.0,0.0,0.0,0.0,1.0,0.0,0.0,0.0,0.0,1.0,0.0,0.0,0.0,0.0,1.0,0.0,0.0,0.0,0.0,0.0,1.0,0.0
1854,0.25925925925925924,0.0,0.0,1.0,0.3333333333333333,0.25,0.7437559071296996,0.0,1.0,0.0,1.0,0.8823070927513683,0.37656903765690375,0.9809566991611882,1.0,1.0,0.0,0.0,0.0,0.0,0.0,0.0,0.0,0.0,0.0,0.0,0.0,0.0,1.0,0.0,0.0,0.0,0.0,0.0,0.0,1.0,0.0,1.0,1.0,0.0
1855,0.18518518518518517,0.0,0.0,1.0,0.3333333333333333,0.25,0.5725931427044147,0.0,1.0,0.0,1.0,0.8823070927513683,0.37656903765690375,0.9809566991611882,1.0,0.0,0.0,0.0,0.0,0.0,0.0,1.0,0.0,0.0,0.0,0.0,0.0,1.0,0.0,0.0,0.0,0.0,0.0,0.0,1.0,0.0,0.0,0.0,1.0,0.0
1856,0.18518518518518517,0.0,0.0,1.0,0.3333333333333333,0.25,0.5779008918534767,0.0,1.0,0.0,1.0,0.8823070927513683,0.37656903765690375,0.9809566991611882,1.0,0.0,1.0,0.0,0.0,0.0,0.0,0.0,0.0,0.0,0.0,0.0,0.0,1.0,0.0,0.0,0.0,0.0,0.0,0.0,0.0,0.0,0.0,1.0,1.0,0.0
1857,0.48148148148148145,0.0,0.0,1.0,0.3333333333333333,0.25,0.5770327318283031,0.0,1.0,0.0,1.0,0.8823070927513683,0.37656903765690375,0.9809566991611882,1.0,0.0,0.0,0.0,0.0,0.0,0.0,0.0,0.0,0.0,1.0,0.0,0.0,1.0,0.0,0.0,0.0,0.0,0.0,0.0,1.0,0.0,0.0,1.0,1.0,0.0
1858,0.16049382716049382,1.0,0.0,1.0,0.3333333333333333,0.25,0.7272304821327134,0.0,1.0,0.0,1.0,0.8823070927513683,0.37656903765690375,0.9809566991611882,1.0,0.0,0.0,0.0,0.0,0.0,0.0,0.0,0.0,0.0,0.0,0.0,0.0,0.0,1.0,0.0,0.0,0.0,1.0,0.0,0.0,0.0,0.0,1.0,1.0,0.0
1859,0.20987654320987653,0.0,0.0,1.0,0.3333333333333333,0.25,0.7116612993527112,0.0,1.0,0.0,1.0,0.8823070927513683,0.37656903765690375,0.9809566991611882,1.0,0.0,0.0,0.0,0.0,0.0,0.0,0.0,0.0,0.0,0.0,0.0,0.0,0.0,1.0,0.0,0.0,0.0,1.0,0.0,0.0,0.0,0.0,0.0,1.0,0.0
1860,0.2222222222222222,0.0,0.0,1.0,0.3333333333333333,0.25,0.4578148625383481,0.02631578947368421,1.0,0.0,1.0,0.8823070927513683,0.37656903765690375,0.9809566991611882,1.0,0.0,0.0,0.0,0.0,0.0,0.0,0.0,0.0,0.0,1.0,0.0,0.0,0.0,1.0,0.0,0.0,0.0,0.0,0.0,0.0,1.0,0.0,0.0,1.0,0.0
1861,0.25925925925925924,0.0,0.0,1.0,0.3333333333333333,0.25,0.540547610473664,0.0,1.0,0.0,1.0,0.8823070927513683,0.37656903765690375,0.9809566991611882,1.0,0.0,0.0,0.0,0.0,0.0,0.0,0.0,0.0,0.0,0.0,0.0,0.0,0.0,1.0,0.0,0.0,1.0,0.0,0.0,0.0,0.0,0.0,0.0,1.0,0.0
1862,0.2345679012345679,0.5,0.5,1.0,0.3333333333333333,0.25,0.4039575981303762,0.05263157894736842,1.0,0.0,1.0,0.8823070927513683,0.37656903765690375,0.9809566991611882,1.0,0.0,1.0,0.0,0.0,0.0,0.0,0.0,0.0,0.0,0.0,0.0,0.0,1.0,0.0,0.0,0.0,1.0,0.0,0.0,0.0,0.0,0.0,0.0,1.0,0.0
1863,0.25925925925925924,1.0,0.0,1.0,0.3333333333333333,0.25,0.5125020940917573,0.0,1.0,0.0,1.0,0.8823070927513683,0.37656903765690375,0.9809566991611882,1.0,0.0,0.0,0.0,0.0,1.0,0.0,0.0,0.0,0.0,0.0,0.0,0.0,1.0,0.0,0.0,0.0,0.0,1.0,0.0,0.0,0.0,0.0,1.0,1.0,0.0
1864,0.25925925925925924,1.0,0.0,1.0,0.3333333333333333,0.25,0.5947922311468027,0.07894736842105263,1.0,0.0,1.0,0.8823070927513683,0.37656903765690375,0.9809566991611882,1.0,0.0,1.0,0.0,0.0,0.0,0.0,0.0,0.0,0.0,0.0,0.0,0.0,1.0,0.0,0.0,0.0,1.0,0.0,0.0,0.0,0.0,0.0,1.0,1.0,0.0
1865,0.24691358024691357,1.0,0.0,1.0,0.3333333333333333,0.25,0.6055262822549443,0.0,1.0,0.0,1.0,0.8823070927513683,0.37656903765690375,0.9809566991611882,1.0,0.0,1.0,0.0,0.0,0.0,0.0,0.0,0.0,0.0,0.0,0.0,0.0,1.0,0.0,0.0,0.0,0.0,1.0,0.0,0.0,0.0,0.0,0.0,1.0,0.0
1866,0.19753086419753085,1.0,0.0,1.0,0.3333333333333333,0.25,0.6159896330688406,0.02631578947368421,1.0,0.0,1.0,0.8823070927513683,0.37656903765690375,0.9809566991611882,1.0,0.0,0.0,1.0,0.0,0.0,0.0,0.0,0.0,0.0,0.0,0.0,0.0,1.0,0.0,0.0,0.0,0.0,0.0,0.0,0.0,1.0,0.0,0.0,1.0,0.0
1867,0.16049382716049382,0.0,0.0,1.0,0.3333333333333333,0.25,0.49636241965296135,0.0,1.0,0.0,1.0,0.8823070927513683,0.37656903765690375,0.9809566991611882,1.0,0.0,1.0,0.0,0.0,0.0,0.0,0.0,0.0,0.0,0.0,0.0,0.0,1.0,0.0,0.0,1.0,0.0,0.0,0.0,0.0,0.0,0.0,0.0,1.0,0.0
1868,0.16049382716049382,0.0,0.0,1.0,0.3333333333333333,0.25,0.6108742554254224,0.02631578947368421,1.0,0.0,1.0,0.8823070927513683,0.37656903765690375,0.9809566991611882,1.0,0.0,0.0,0.0,0.0,0.0,0.0,0.0,0.0,0.0,1.0,0.0,0.0,0.0,1.0,0.0,0.0,0.0,0.0,0.0,0.0,1.0,0.0,0.0,1.0,0.0
1869,0.19753086419753085,1.0,0.0,1.0,0.3333333333333333,0.25,0.6904356197503724,0.0,1.0,0.0,1.0,0.8823070927513683,0.37656903765690375,0.9809566991611882,1.0,0.0,0.0,0.0,0.0,0.0,0.0,0.0,0.0,0.0,0.0,1.0,0.0,0.0,0.0,0.0,0.0,0.0,0.0,0.0,1.0,0.0,0.0,0.0,1.0,0.0
1870,0.2716049382716049,1.0,0.0,1.0,0.3333333333333333,0.25,0.4182339006857429,0.02631578947368421,1.0,0.0,1.0,0.8823070927513683,0.37656903765690375,0.9809566991611882,1.0,0.0,1.0,0.0,0.0,0.0,0.0,0.0,0.0,0.0,0.0,0.0,0.0,1.0,0.0,0.0,0.0,1.0,0.0,0.0,0.0,0.0,0.0,1.0,1.0,0.0
1871,0.419753086419753,0.0,1.0,1.0,0.3333333333333333,0.25,0.7836682782537098,0.0,1.0,0.0,1.0,0.8823070927513683,0.37656903765690375,0.9809566991611882,1.0,1.0,1.0,0.0,0.0,0.0,0.0,0.0,0.0,0.0,0.0,0.0,0.0,1.0,0.0,0.0,0.0,0.0,0.0,0.0,0.0,0.0,0.0,1.0,1.0,0.0
1872,0.2345679012345679,1.0,0.0,1.0,0.3333333333333333,0.25,0.6585712040288184,0.0,1.0,0.0,1.0,0.8823070927513683,0.37656903765690375,0.9809566991611882,1.0,0.0,0.0,0.0,0.0,1.0,0.0,0.0,0.0,0.0,0.0,0.0,0.0,1.0,0.0,0.0,0.0,0.0,0.0,0.0,0.0,1.0,0.0,0.0,1.0,0.0
1873,0.4074074074074074,1.0,0.0,1.0,0.3333333333333333,0.25,0.5344511608683252,0.02631578947368421,1.0,0.0,1.0,0.8823070927513683,0.37656903765690375,0.9809566991611882,1.0,0.0,0.0,0.0,0.0,0.0,0.0,0.0,0.0,0.0,0.0,0.0,0.0,1.0,0.0,0.0,0.0,0.0,0.0,0.0,0.0,1.0,0.0,1.0,1.0,0.0
1874,0.3209876543209876,1.0,0.0,1.0,0.3333333333333333,0.25,0.6238550656258994,0.07894736842105263,1.0,0.0,1.0,0.8823070927513683,0.37656903765690375,0.9809566991611882,1.0,0.0,0.0,0.0,0.0,0.0,0.0,0.0,0.0,0.0,0.0,1.0,0.0,1.0,0.0,0.0,0.0,1.0,0.0,0.0,0.0,0.0,0.0,1.0,1.0,0.0
1875,0.13580246913580246,1.0,0.0,1.0,0.3333333333333333,0.25,0.8848986757078271,0.0,1.0,0.0,1.0,0.8823070927513683,0.37656903765690375,0.9809566991611882,1.0,1.0,0.0,1.0,0.0,0.0,0.0,0.0,0.0,0.0,0.0,0.0,0.0,1.0,0.0,0.0,0.0,1.0,0.0,0.0,0.0,0.0,0.0,0.0,1.0,0.0
1876,0.24691358024691357,0.0,0.0,1.0,0.3333333333333333,0.25,0.7289196312507039,0.07894736842105263,1.0,0.0,1.0,0.8823070927513683,0.37656903765690375,0.9809566991611882,1.0,1.0,0.0,0.0,0.0,1.0,0.0,0.0,0.0,0.0,0.0,0.0,0.0,1.0,0.0,0.0,0.0,0.0,0.0,0.0,0.0,1.0,0.0,0.0,1.0,0.0
1877,0.1728395061728395,1.0,0.0,1.0,0.3333333333333333,0.25,0.8185581169316366,0.05263157894736842,1.0,0.0,1.0,0.8823070927513683,0.37656903765690375,0.9809566991611882,1.0,1.0,1.0,0.0,0.0,0.0,0.0,0.0,0.0,0.0,0.0,0.0,0.0,1.0,0.0,0.0,0.0,1.0,0.0,0.0,0.0,0.0,0.0,1.0,1.0,0.0
1878,0.3209876543209876,0.0,1.0,1.0,0.3333333333333333,0.25,0.7301114869324379,0.02631578947368421,1.0,0.0,1.0,0.8823070927513683,0.37656903765690375,0.9809566991611882,1.0,0.0,0.0,0.0,0.0,0.0,0.0,0.0,0.0,0.0,0.0,0.0,0.0,0.0,1.0,0.0,0.0,0.0,1.0,0.0,0.0,0.0,0.0,0.0,1.0,0.0
1879,0.5308641975308641,0.0,0.0,1.0,0.3333333333333333,0.25,0.6485730147319224,0.10526315789473684,1.0,0.0,1.0,0.8823070927513683,0.37656903765690375,0.9809566991611882,1.0,0.0,0.0,0.0,0.0,0.0,0.0,1.0,0.0,0.0,0.0,0.0,0.0,1.0,0.0,0.0,0.0,0.0,0.0,0.0,1.0,0.0,0.0,1.0,1.0,0.0
1880,0.3333333333333333,1.0,0.0,1.0,0.3333333333333333,0.25,0.4776508205223571,0.02631578947368421,1.0,0.0,1.0,0.8823070927513683,0.37656903765690375,0.9809566991611882,1.0,0.0,0.0,0.0,0.0,0.0,0.0,0.0,0.0,0.0,1.0,0.0,0.0,1.0,0.0,0.0,0.0,0.0,0.0,0.0,1.0,0.0,0.0,0.0,1.0,0.0
1881,0.19753086419753085,1.0,0.0,1.0,0.3333333333333333,0.25,0.8475486074637778,0.05263157894736842,1.0,0.0,1.0,0.8823070927513683,0.37656903765690375,0.9809566991611882,1.0,1.0,0.0,0.0,0.0,0.0,0.0,0.0,1.0,0.0,0.0,0.0,0.0,1.0,0.0,0.0,0.0,0.0,1.0,0.0,0.0,0.0,0.0,1.0,1.0,0.0
1882,0.43209876543209874,0.0,0.0,1.0,0.3333333333333333,0.25,0.7667072344853819,0.02631578947368421,1.0,0.0,1.0,0.8823070927513683,0.37656903765690375,0.9809566991611882,1.0,1.0,1.0,0.0,0.0,0.0,0.0,0.0,0.0,0.0,0.0,0.0,0.0,0.0,0.0,0.0,0.0,0.0,1.0,0.0,0.0,0.0,0.0,0.0,1.0,0.0
1883,0.29629629629629634,1.0,0.0,1.0,0.3333333333333333,0.25,0.5925226723355308,0.05263157894736842,1.0,0.0,1.0,0.8823070927513683,0.37656903765690375,0.9809566991611882,1.0,0.0,0.0,0.0,0.0,0.0,0.0,0.0,1.0,0.0,0.0,0.0,0.0,1.0,0.0,0.0,0.0,0.0,1.0,0.0,0.0,0.0,0.0,0.0,1.0,0.0
1884,0.18518518518518517,1.0,1.0,1.0,0.3333333333333333,0.25,0.5621929065211045,0.05263157894736842,1.0,0.0,1.0,0.8823070927513683,0.37656903765690375,0.9809566991611882,1.0,0.0,1.0,0.0,0.0,0.0,0.0,0.0,0.0,0.0,0.0,0.0,0.0,1.0,0.0,0.0,0.0,1.0,0.0,0.0,0.0,0.0,0.0,0.0,1.0,0.0
1885,0.43209876543209874,0.0,0.0,1.0,0.3333333333333333,0.25,0.7470873906500883,0.02631578947368421,1.0,0.0,1.0,0.8823070927513683,0.37656903765690375,0.9809566991611882,1.0,0.0,0.0,0.0,0.0,0.0,0.0,0.0,0.0,0.0,1.0,0.0,0.0,1.0,0.0,0.0,0.0,0.0,1.0,0.0,0.0,0.0,0.0,0.0,1.0,0.0
1886,0.2716049382716049,1.0,1.0,1.0,0.3333333333333333,0.25,0.6767047422935657,0.02631578947368421,1.0,0.0,1.0,0.8823070927513683,0.37656903765690375,0.9809566991611882,1.0,0.0,1.0,0.0,0.0,0.0,0.0,0.0,0.0,0.0,0.0,0.0,0.0,1.0,0.0,0.0,0.0,0.0,1.0,0.0,0.0,0.0,0.0,0.0,1.0,0.0
1887,0.16049382716049382,1.0,0.0,1.0,0.3333333333333333,0.25,0.7827622264100459,0.05263157894736842,1.0,0.0,1.0,0.8823070927513683,0.37656903765690375,0.9809566991611882,1.0,1.0,0.0,1.0,0.0,0.0,0.0,0.0,0.0,0.0,0.0,0.0,0.0,1.0,0.0,0.0,0.0,0.0,0.0,0.0,1.0,0.0,0.0,0.0,1.0,0.0
1888,0.16049382716049382,1.0,0.0,1.0,0.3333333333333333,0.25,0.9259877432704149,0.05263157894736842,1.0,0.0,1.0,0.8823070927513683,0.37656903765690375,0.9809566991611882,1.0,1.0,0.0,0.0,0.0,0.0,0.0,1.0,0.0,0.0,0.0,0.0,0.0,0.0,1.0,0.0,0.0,0.0,0.0,0.0,0.0,1.0,0.0,0.0,1.0,0.0
1889,0.35802469135802467,0.0,0.0,1.0,0.3333333333333333,0.25,0.5094464638657551,0.05263157894736842,1.0,0.0,1.0,0.8823070927513683,0.37656903765690375,0.9809566991611882,1.0,0.0,0.0,0.0,0.0,0.0,0.0,0.0,1.0,0.0,0.0,0.0,0.0,1.0,0.0,0.0,0.0,0.0,0.0,0.0,1.0,0.0,0.0,0.0,1.0,0.0
1890,0.34567901234567905,1.0,0.0,1.0,0.3333333333333333,0.25,0.5770327318283031,0.15789473684210525,1.0,0.0,1.0,0.8823070927513683,0.37656903765690375,0.9809566991611882,1.0,0.0,0.0,0.0,0.0,1.0,0.0,0.0,0.0,0.0,0.0,0.0,0.0,1.0,0.0,0.0,0.0,0.0,0.0,0.0,0.0,1.0,0.0,0.0,1.0,0.0
1891,0.1111111111111111,1.0,0.0,1.0,0.3333333333333333,0.25,0.6290077936901697,0.05263157894736842,1.0,0.0,1.0,0.8823070927513683,0.37656903765690375,0.9809566991611882,1.0,0.0,1.0,0.0,0.0,0.0,0.0,0.0,0.0,0.0,0.0,0.0,0.0,1.0,0.0,0.0,0.0,1.0,0.0,0.0,0.0,0.0,0.0,0.0,1.0,0.0
1892,0.14814814814814814,0.0,1.0,1.0,0.3333333333333333,0.25,0.5787626916748434,0.02631578947368421,1.0,0.0,1.0,0.8823070927513683,0.37656903765690375,0.9809566991611882,1.0,0.0,0.0,0.0,0.0,0.0,0.0,0.0,0.0,1.0,0.0,0.0,0.0,1.0,0.0,0.0,0.0,0.0,1.0,0.0,0.0,0.0,0.0,0.0,1.0,0.0
1893,0.2716049382716049,0.0,0.0,1.0,0.3333333333333333,0.25,0.8102182763559477,0.21052631578947367,1.0,0.0,1.0,0.8823070927513683,0.37656903765690375,0.9809566991611882,1.0,0.0,0.0,0.0,0.0,0.0,0.0,0.0,0.0,0.0,0.0,0.0,0.0,1.0,0.0,0.0,0.0,0.0,0.0,0.0,0.0,1.0,0.0,0.0,1.0,0.0
1894,0.43209876543209874,1.0,0.0,1.0,0.3333333333333333,0.25,0.6427386711469765,0.02631578947368421,1.0,0.0,1.0,0.8823070927513683,0.37656903765690375,0.9809566991611882,1.0,0.0,0.0,0.0,0.0,0.0,0.0,0.0,0.0,0.0,0.0,1.0,0.0,1.0,0.0,0.0,0.0,0.0,1.0,0.0,0.0,0.0,0.0,0.0,1.0,0.0
1895,0.48148148148148145,1.0,0.0,1.0,0.3333333333333333,0.25,0.5266921854673875,0.02631578947368421,1.0,0.0,1.0,0.8823070927513683,0.37656903765690375,0.9809566991611882,1.0,0.0,0.0,0.0,0.0,0.0,0.0,0.0,0.0,0.0,0.0,0.0,0.0,1.0,0.0,0.0,0.0,0.0,0.0,0.0,0.0,0.0,1.0,0.0,1.0,0.0
1896,0.3333333333333333,0.0,0.0,1.0,0.3333333333333333,0.25,0.7021298060531943,0.02631578947368421,1.0,0.0,1.0,0.8823070927513683,0.37656903765690375,0.9809566991611882,1.0,0.0,1.0,0.0,0.0,0.0,0.0,0.0,0.0,0.0,0.0,0.0,0.0,1.0,0.0,0.0,0.0,0.0,1.0,0.0,0.0,0.0,0.0,1.0,1.0,0.0
1897,0.13580246913580246,0.0,0.0,1.0,0.3333333333333333,0.25,0.4854960703308916,0.13157894736842105,1.0,0.0,1.0,0.8823070927513683,0.37656903765690375,0.9809566991611882,1.0,0.0,0.0,0.0,0.0,1.0,0.0,0.0,0.0,0.0,0.0,0.0,0.0,1.0,0.0,0.0,0.0,0.0,1.0,0.0,0.0,0.0,0.0,1.0,1.0,0.0
1898,0.16049382716049382,0.0,0.0,1.0,0.3333333333333333,0.25,0.573494565885327,0.13157894736842105,1.0,0.0,1.0,0.8823070927513683,0.37656903765690375,0.9809566991611882,1.0,0.0,0.0,0.0,0.0,0.0,0.0,0.0,0.0,0.0,1.0,0.0,0.0,1.0,0.0,0.0,0.0,0.0,0.0,0.0,0.0,1.0,0.0,1.0,1.0,0.0
1899,0.3333333333333333,0.0,0.0,1.0,0.3333333333333333,0.25,0.5752769507338984,0.07894736842105263,1.0,0.0,1.0,0.8823070927513683,0.37656903765690375,0.9809566991611882,1.0,0.0,0.0,0.0,0.0,0.0,0.0,0.0,0.0,0.0,0.0,0.0,0.0,0.0,0.0,0.0,0.0,0.0,1.0,0.0,0.0,0.0,0.0,0.0,1.0,0.0
1900,0.419753086419753,1.0,0.0,1.0,0.3333333333333333,0.25,0.6839461142385569,0.02631578947368421,1.0,0.0,1.0,0.8823070927513683,0.37656903765690375,0.9809566991611882,1.0,0.0,1.0,0.0,0.0,0.0,0.0,0.0,0.0,0.0,0.0,0.0,0.0,1.0,0.0,0.0,0.0,0.0,0.0,0.0,0.0,0.0,0.0,1.0,1.0,0.0
1901,0.18518518518518517,1.0,0.0,1.0,0.3333333333333333,0.5,0.6190773470668909,0.10526315789473684,1.0,0.0,1.0,0.8823070927513683,0.37656903765690375,0.9811834051235548,1.0,0.0,1.0,0.0,0.0,0.0,0.0,0.0,0.0,0.0,0.0,0.0,0.0,1.0,0.0,0.0,0.0,1.0,0.0,0.0,0.0,0.0,0.0,1.0,1.0,0.0
1902,0.4567901234567901,1.0,1.0,1.0,0.3333333333333333,0.5,0.3877062624117341,0.15789473684210525,1.0,0.0,1.0,0.8823070927513683,0.37656903765690375,0.9811834051235548,1.0,0.0,1.0,0.0,0.0,0.0,0.0,0.0,0.0,0.0,0.0,0.0,0.0,1.0,0.0,0.0,0.0,0.0,1.0,0.0,0.0,0.0,0.0,0.0,1.0,0.0
1903,0.25925925925925924,1.0,0.0,1.0,0.3333333333333333,0.5,0.529335783224907,0.05263157894736842,1.0,0.0,1.0,0.8823070927513683,0.37656903765690375,0.9811834051235548,1.0,0.0,0.0,0.0,0.0,0.0,0.0,0.0,0.0,0.0,0.0,1.0,0.0,1.0,0.0,0.0,0.0,1.0,0.0,0.0,0.0,0.0,0.0,1.0,1.0,0.0
1904,0.2345679012345679,1.0,0.0,1.0,0.3333333333333333,0.5,0.47140323828241015,0.07894736842105263,1.0,0.0,1.0,0.8823070927513683,0.37656903765690375,0.9811834051235548,1.0,0.0,0.0,0.0,0.0,0.0,0.0,0.0,0.0,0.0,0.0,0.0,0.0,0.0,0.0,0.0,0.0,0.0,1.0,0.0,0.0,0.0,0.0,0.0,1.0,0.0
1905,0.13580246913580246,0.0,0.0,1.0,0.3333333333333333,0.5,0.6649314096852046,0.18421052631578946,1.0,0.0,1.0,0.8823070927513683,0.37656903765690375,0.9811834051235548,1.0,0.0,0.0,0.0,0.0,0.0,0.0,0.0,0.0,0.0,0.0,0.0,0.0,0.0,1.0,0.0,0.0,0.0,1.0,0.0,0.0,0.0,0.0,0.0,1.0,0.0
1906,0.35802469135802467,0.0,0.0,1.0,0.3333333333333333,0.5,0.4692447346122495,0.02631578947368421,1.0,0.0,1.0,0.8823070927513683,0.37656903765690375,0.9811834051235548,1.0,0.0,0.0,0.0,0.0,0.0,0.0,0.0,0.0,0.0,1.0,0.0,0.0,0.0,0.0,0.0,0.0,0.0,0.0,0.0,1.0,0.0,0.0,0.0,1.0,0.0
1907,0.30864197530864196,1.0,0.0,1.0,0.3333333333333333,0.5,0.6755790384927881,0.10526315789473684,1.0,0.0,1.0,0.8823070927513683,0.37656903765690375,0.9811834051235548,1.0,0.0,0.0,0.0,1.0,0.0,0.0,0.0,0.0,0.0,0.0,0.0,0.0,1.0,0.0,0.0,0.0,0.0,0.0,0.0,0.0,0.0,1.0,1.0,1.0,0.0
1908,0.1728395061728395,0.0,1.0,1.0,0.3333333333333333,0.5,0.6476204981957939,0.02631578947368421,1.0,0.0,1.0,0.8823070927513683,0.37656903765690375,0.9811834051235548,1.0,0.0,1.0,0.0,0.0,0.0,0.0,0.0,0.0,0.0,0.0,0.0,0.0,1.0,0.0,0.0,0.0,1.0,0.0,0.0,0.0,0.0,0.0,0.0,1.0,0.0
1909,0.3209876543209876,0.0,0.0,1.0,0.3333333333333333,0.5,0.4039575981303762,0.0,1.0,0.0,1.0,0.8823070927513683,0.37656903765690375,0.9811834051235548,1.0,0.0,0.0,0.0,0.0,0.0,0.0,0.0,0.0,0.0,0.0,0.0,0.0,1.0,0.0,0.0,0.0,0.0,1.0,0.0,0.0,0.0,0.0,1.0,1.0,0.0
1910,0.2345679012345679,1.0,0.0,1.0,0.3333333333333333,0.5,0.7915232327315964,0.0,1.0,0.0,1.0,0.8823070927513683,0.37656903765690375,0.9811834051235548,1.0,1.0,1.0,0.0,0.0,0.0,0.0,0.0,0.0,0.0,0.0,0.0,0.0,0.0,1.0,0.0,0.0,0.0,1.0,0.0,0.0,0.0,0.0,0.0,1.0,0.0
1911,0.1728395061728395,0.0,0.0,1.0,0.3333333333333333,0.5,0.6962699633353183,0.02631578947368421,1.0,0.0,1.0,0.8823070927513683,0.37656903765690375,0.9811834051235548,1.0,1.0,0.0,0.0,0.0,0.0,0.0,0.0,0.0,0.0,1.0,0.0,0.0,1.0,0.0,0.0,0.0,0.0,0.0,0.0,1.0,0.0,0.0,0.0,1.0,0.0
1912,0.25925925925925924,1.0,0.0,1.0,0.3333333333333333,0.5,0.6485730147319224,0.10526315789473684,1.0,0.0,1.0,0.8823070927513683,0.37656903765690375,0.9811834051235548,1.0,0.0,0.0,0.0,0.0,0.0,0.0,0.0,0.0,0.0,0.0,0.0,0.0,0.0,1.0,0.0,0.0,1.0,0.0,0.0,0.0,0.0,0.0,1.0,1.0,0.0
1913,0.12345679012345678,0.0,0.0,1.0,0.3333333333333333,0.5,0.5047088377203057,0.05263157894736842,1.0,0.0,1.0,0.8823070927513683,0.37656903765690375,0.9811834051235548,1.0,0.0,1.0,0.0,0.0,0.0,0.0,0.0,0.0,0.0,0.0,0.0,0.0,1.0,0.0,0.0,0.0,0.0,0.0,0.0,0.0,0.0,0.0,1.0,1.0,0.0
1914,0.2222222222222222,0.0,0.0,1.0,0.3333333333333333,0.5,0.8625443476212142,0.02631578947368421,1.0,0.0,1.0,0.8823070927513683,0.37656903765690375,0.9811834051235548,1.0,1.0,0.0,0.0,0.0,0.0,0.0,0.0,0.0,0.0,1.0,0.0,0.0,1.0,0.0,0.0,0.0,0.0,0.0,0.0,1.0,0.0,0.0,0.0,1.0,0.0
1915,0.25925925925925924,0.0,1.0,1.0,0.3333333333333333,0.5,0.5198109754500708,0.0,1.0,0.0,1.0,0.8823070927513683,0.37656903765690375,0.9811834051235548,1.0,0.0,1.0,0.0,0.0,0.0,0.0,0.0,0.0,0.0,0.0,0.0,0.0,1.0,0.0,0.0,1.0,0.0,0.0,0.0,0.0,0.0,0.0,1.0,1.0,0.0
1916,0.3209876543209876,1.0,0.0,1.0,0.3333333333333333,0.5,0.6068862413262684,0.0,1.0,0.0,1.0,0.8823070927513683,0.37656903765690375,0.9811834051235548,1.0,0.0,1.0,0.0,0.0,0.0,0.0,0.0,0.0,0.0,0.0,0.0,0.0,1.0,0.0,0.0,0.0,0.0,0.0,0.0,0.0,0.0,0.0,1.0,1.0,0.0
1917,0.29629629629629634,1.0,0.0,1.0,0.3333333333333333,0.5,0.623268355434684,0.0,1.0,0.0,1.0,0.8823070927513683,0.37656903765690375,0.9811834051235548,1.0,0.0,0.0,0.0,0.0,0.0,0.0,0.0,0.0,0.0,0.0,0.0,0.0,0.0,0.0,0.0,0.0,0.0,1.0,0.0,0.0,0.0,0.0,0.0,1.0,0.0
1918,0.07407407407407407,0.0,0.0,1.0,0.3333333333333333,0.5,0.5356959888812932,0.0,1.0,0.0,1.0,0.8823070927513683,0.37656903765690375,0.9811834051235548,1.0,0.0,1.0,0.0,0.0,0.0,0.0,0.0,0.0,0.0,0.0,0.0,0.0,1.0,0.0,0.0,0.0,0.0,0.0,0.0,1.0,0.0,0.0,1.0,1.0,0.0
1919,0.29629629629629634,1.0,0.0,1.0,0.3333333333333333,0.5,0.5591892927228724,0.0,1.0,0.0,1.0,0.8823070927513683,0.37656903765690375,0.9811834051235548,1.0,0.0,0.0,0.0,0.0,0.0,0.0,0.0,1.0,0.0,0.0,0.0,0.0,1.0,0.0,0.0,0.0,1.0,0.0,0.0,0.0,0.0,0.0,0.0,1.0,0.0
1920,0.2222222222222222,0.0,0.0,1.0,0.3333333333333333,0.5,0.6432360720972943,0.0,1.0,0.0,1.0,0.8823070927513683,0.37656903765690375,0.9811834051235548,1.0,0.0,0.0,1.0,0.0,0.0,0.0,0.0,0.0,0.0,0.0,0.0,0.0,0.0,1.0,0.0,0.0,0.0,0.0,0.0,1.0,0.0,0.0,0.0,1.0,0.0
1921,0.3209876543209876,1.0,0.0,1.0,0.3333333333333333,0.5,0.8634639756232518,0.0,1.0,0.0,1.0,0.8823070927513683,0.37656903765690375,0.9811834051235548,1.0,1.0,1.0,0.0,0.0,0.0,0.0,0.0,0.0,0.0,0.0,0.0,0.0,1.0,0.0,0.0,1.0,0.0,0.0,0.0,0.0,0.0,0.0,0.0,1.0,0.0
1922,0.14814814814814814,0.0,0.0,1.0,0.3333333333333333,0.5,0.8094958473741405,0.0,1.0,0.0,1.0,0.8823070927513683,0.37656903765690375,0.9811834051235548,1.0,1.0,0.0,0.0,0.0,1.0,0.0,0.0,0.0,0.0,0.0,0.0,0.0,1.0,0.0,0.0,0.0,0.0,0.0,0.0,0.0,1.0,0.0,0.0,1.0,0.0
1923,0.12345679012345678,1.0,1.0,1.0,0.3333333333333333,0.5,0.4735228478707203,0.23684210526315788,1.0,0.0,1.0,0.8823070927513683,0.37656903765690375,0.9811834051235548,1.0,0.0,0.0,0.0,0.0,0.0,0.0,0.0,0.0,0.0,1.0,0.0,0.0,1.0,0.0,0.0,0.0,0.0,0.0,0.0,0.0,1.0,0.0,0.0,1.0,0.0
1924,0.19753086419753085,1.0,0.0,1.0,0.3333333333333333,0.5,0.698772933282324,0.10526315789473684,1.0,0.0,1.0,0.8823070927513683,0.37656903765690375,0.9811834051235548,1.0,0.0,0.0,0.0,0.0,0.0,0.0,0.0,0.0,0.0,0.0,0.0,0.0,1.0,0.0,0.0,0.0,0.0,0.0,0.0,0.0,1.0,0.0,0.0,1.0,0.0
1925,0.08641975308641975,0.0,0.0,1.0,0.3333333333333333,0.5,0.7396731816673451,0.0,1.0,0.0,1.0,0.8823070927513683,0.37656903765690375,0.9811834051235548,1.0,1.0,1.0,0.0,0.0,0.0,0.0,0.0,0.0,0.0,0.0,0.0,0.0,0.0,1.0,0.0,0.0,0.0,0.0,0.0,0.0,0.0,0.0,0.0,1.0,0.0
1926,0.34567901234567905,1.0,0.0,1.0,0.3333333333333333,0.5,0.40010036242099567,0.02631578947368421,1.0,0.0,1.0,0.8823070927513683,0.37656903765690375,0.9811834051235548,1.0,0.0,1.0,0.0,0.0,0.0,0.0,0.0,0.0,0.0,0.0,0.0,0.0,0.0,0.0,0.0,0.0,0.0,0.0,0.0,0.0,0.0,1.0,1.0,1.0,0.0
1927,0.18518518518518517,0.0,0.0,1.0,0.3333333333333333,0.5,0.467045882751165,0.13157894736842105,1.0,0.0,1.0,0.8823070927513683,0.37656903765690375,0.9811834051235548,1.0,0.0,0.0,0.0,0.0,0.0,0.0,0.0,0.0,0.0,0.0,0.0,0.0,0.0,1.0,0.0,0.0,0.0,0.0,0.0,0.0,1.0,0.0,0.0,1.0,0.0
1928,0.2345679012345679,0.0,0.0,1.0,0.3333333333333333,0.5,0.5183850773918827,0.02631578947368421,1.0,0.0,1.0,0.8823070927513683,0.37656903765690375,0.9811834051235548,1.0,0.0,1.0,0.0,0.0,0.0,0.0,0.0,0.0,0.0,0.0,0.0,0.0,1.0,0.0,0.0,0.0,1.0,0.0,0.0,0.0,0.0,0.0,0.0,1.0,0.0
1929,0.08641975308641975,1.0,0.0,1.0,0.3333333333333333,0.5,0.6355447614376443,0.0,1.0,0.0,1.0,0.8823070927513683,0.37656903765690375,0.9811834051235548,1.0,0.0,0.0,0.0,0.0,0.0,0.0,0.0,1.0,0.0,0.0,0.0,0.0,0.0,1.0,0.0,0.0,0.0,1.0,0.0,0.0,0.0,0.0,0.0,1.0,0.0
1930,0.1728395061728395,1.0,0.0,1.0,0.3333333333333333,0.5,0.4247708684332175,0.0,1.0,0.0,1.0,0.8823070927513683,0.37656903765690375,0.9811834051235548,1.0,0.0,0.0,0.0,1.0,0.0,0.0,0.0,0.0,0.0,0.0,0.0,0.0,1.0,0.0,0.0,0.0,0.0,0.0,0.0,1.0,0.0,0.0,0.0,1.0,0.0
1931,0.29629629629629634,0.5,0.5,1.0,0.3333333333333333,0.5,0.7719740919508878,0.0,1.0,0.0,1.0,0.8823070927513683,0.37656903765690375,0.9811834051235548,1.0,1.0,0.0,0.0,0.0,0.0,0.0,0.0,1.0,0.0,0.0,0.0,0.0,1.0,0.0,0.0,0.0,0.0,1.0,0.0,0.0,0.0,0.0,0.0,1.0,0.0
1932,0.13580246913580246,1.0,0.0,1.0,0.3333333333333333,0.5,0.7699631857272993,0.0,1.0,0.0,1.0,0.8823070927513683,0.37656903765690375,0.9811834051235548,1.0,1.0,0.0,0.0,0.0,1.0,0.0,0.0,0.0,0.0,0.0,0.0,0.0,1.0,0.0,0.0,0.0,0.0,0.0,0.0,0.0,1.0,0.0,0.0,1.0,0.0
1933,0.29629629629629634,1.0,0.0,1.0,0.3333333333333333,0.5,0.839407647748349,0.0,1.0,0.0,1.0,0.8823070927513683,0.37656903765690375,0.9811834051235548,1.0,1.0,0.0,0.0,0.0,0.0,0.0,0.0,0.0,0.0,1.0,0.0,0.0,0.0,1.0,0.0,0.0,0.0,0.0,0.0,1.0,0.0,0.0,0.0,1.0,0.0
1934,0.30864197530864196,1.0,0.0,1.0,0.3333333333333333,0.5,0.5838049699531718,0.42105263157894735,1.0,0.0,1.0,0.8823070927513683,0.37656903765690375,0.9811834051235548,1.0,0.0,0.0,0.0,0.0,0.0,1.0,0.0,0.0,0.0,0.0,0.0,0.0,1.0,0.0,0.0,0.0,0.0,0.0,0.0,1.0,0.0,0.0,1.0,1.0,0.0
1935,0.38271604938271603,1.0,0.0,1.0,0.3333333333333333,0.5,0.5140006512933829,0.05263157894736842,1.0,0.0,1.0,0.8823070927513683,0.37656903765690375,0.9811834051235548,1.0,0.0,0.0,0.0,0.0,0.0,0.0,0.0,0.0,0.0,1.0,0.0,0.0,0.0,0.0,0.0,0.0,0.0,0.0,0.0,0.0,1.0,0.0,0.0,1.0,0.0
1936,0.3209876543209876,1.0,0.0,1.0,0.3333333333333333,0.5,0.49105467050389934,0.02631578947368421,1.0,0.0,1.0,0.8823070927513683,0.37656903765690375,0.9811834051235548,1.0,0.0,1.0,0.0,0.0,0.0,0.0,0.0,0.0,0.0,0.0,0.0,0.0,1.0,0.0,0.0,0.0,0.0,0.0,0.0,0.0,0.0,0.0,1.0,1.0,0.0
1937,0.4567901234567901,0.0,0.0,1.0,0.3333333333333333,0.5,0.4247708684332175,0.39473684210526316,1.0,0.0,1.0,0.8823070927513683,0.37656903765690375,0.9811834051235548,1.0,0.0,0.0,0.0,0.0,0.0,0.0,0.0,0.0,0.0,0.0,1.0,0.0,1.0,0.0,0.0,0.0,0.0,1.0,0.0,0.0,0.0,0.0,0.0,1.0,0.0
1938,0.29629629629629634,1.0,0.0,1.0,0.3333333333333333,0.5,0.7062681526322143,0.02631578947368421,1.0,0.0,1.0,0.8823070927513683,0.37656903765690375,0.9811834051235548,1.0,0.0,0.0,0.0,0.0,0.0,0.0,0.0,1.0,0.0,0.0,0.0,0.0,1.0,0.0,0.0,0.0,1.0,0.0,0.0,0.0,0.0,0.0,0.0,1.0,0.0
1939,0.1728395061728395,1.0,1.0,1.0,0.3333333333333333,0.5,0.5870502833422594,0.02631578947368421,1.0,0.0,1.0,0.8823070927513683,0.37656903765690375,0.9811834051235548,1.0,0.0,0.0,0.0,0.0,0.0,0.0,0.0,1.0,0.0,0.0,0.0,0.0,1.0,0.0,0.0,0.0,0.0,1.0,0.0,0.0,0.0,0.0,1.0,1.0,0.0
1940,0.2839506172839506,0.0,0.0,1.0,0.3333333333333333,0.5,0.3104459034696894,0.3421052631578947,1.0,0.0,1.0,0.8823070927513683,0.37656903765690375,0.9811834051235548,1.0,0.0,1.0,0.0,0.0,0.0,0.0,0.0,0.0,0.0,0.0,0.0,0.0,1.0,0.0,0.0,0.0,1.0,0.0,0.0,0.0,0.0,0.0,0.0,1.0,0.0
1941,0.5185185185185184,1.0,0.0,1.0,0.3333333333333333,0.5,0.8995361538201625,0.0,1.0,0.0,1.0,0.8823070927513683,0.37656903765690375,0.9811834051235548,1.0,1.0,0.0,0.0,0.0,0.0,1.0,0.0,0.0,0.0,0.0,0.0,0.0,1.0,0.0,0.0,0.0,1.0,0.0,0.0,0.0,0.0,0.0,0.0,1.0,0.0
1942,0.1728395061728395,1.0,0.0,1.0,0.3333333333333333,0.5,0.7714745788882901,0.07894736842105263,1.0,0.0,1.0,0.8823070927513683,0.37656903765690375,0.9811834051235548,1.0,1.0,1.0,0.0,0.0,0.0,0.0,0.0,0.0,0.0,0.0,0.0,0.0,1.0,0.0,0.0,0.0,1.0,0.0,0.0,0.0,0.0,0.0,0.0,1.0,0.0
1943,0.25925925925925924,0.0,0.0,1.0,0.3333333333333333,0.5,0.820223578674341,0.21052631578947367,1.0,0.0,1.0,0.8823070927513683,0.37656903765690375,0.9811834051235548,1.0,1.0,0.0,0.0,0.0,1.0,0.0,0.0,0.0,0.0,0.0,0.0,0.0,1.0,0.0,0.0,0.0,0.0,0.0,0.0,0.0,0.0,1.0,1.0,1.0,0.0
1944,0.13580246913580246,0.0,0.0,1.0,0.3333333333333333,0.5,0.7821542914679217,0.02631578947368421,1.0,0.0,1.0,0.8823070927513683,0.37656903765690375,0.9811834051235548,1.0,1.0,0.0,0.0,0.0,1.0,0.0,0.0,0.0,0.0,0.0,0.0,0.0,1.0,0.0,0.0,0.0,0.0,0.0,0.0,0.0,1.0,0.0,0.0,1.0,0.0
1945,0.2345679012345679,0.0,0.0,1.0,0.3333333333333333,0.5,0.757681709134477,0.10526315789473684,1.0,0.0,1.0,0.8823070927513683,0.37656903765690375,0.9811834051235548,1.0,0.0,1.0,0.0,0.0,0.0,0.0,0.0,0.0,0.0,0.0,0.0,0.0,1.0,0.0,0.0,0.0,0.0,1.0,0.0,0.0,0.0,0.0,0.0,1.0,0.0
1946,0.419753086419753,0.0,0.0,1.0,0.3333333333333333,0.5,0.33328547525193053,0.42105263157894735,1.0,0.0,1.0,0.8823070927513683,0.37656903765690375,0.9811834051235548,1.0,0.0,0.0,0.0,0.0,1.0,0.0,0.0,0.0,0.0,0.0,0.0,0.0,1.0,0.0,0.0,0.0,0.0,0.0,0.0,0.0,1.0,0.0,0.0,1.0,0.0
1947,0.13580246913580246,0.0,0.0,1.0,0.3333333333333333,0.5,0.7176119318291706,0.05263157894736842,1.0,0.0,1.0,0.8823070927513683,0.37656903765690375,0.9811834051235548,1.0,0.0,1.0,0.0,0.0,0.0,0.0,0.0,0.0,0.0,0.0,0.0,0.0,1.0,0.0,0.0,0.0,0.0,0.0,0.0,0.0,0.0,1.0,1.0,1.0,0.0
1948,0.30864197530864196,0.0,0.0,1.0,0.3333333333333333,0.5,0.5198109754500708,0.05263157894736842,1.0,0.0,1.0,0.8823070927513683,0.37656903765690375,0.9811834051235548,1.0,0.0,1.0,0.0,0.0,0.0,0.0,0.0,0.0,0.0,0.0,0.0,0.0,1.0,0.0,0.0,0.0,0.0,0.0,0.0,0.0,0.0,1.0,1.0,1.0,0.0
1949,0.13580246913580246,0.0,0.0,1.0,0.3333333333333333,0.5,0.8195602208103504,0.10526315789473684,1.0,0.0,1.0,0.8823070927513683,0.37656903765690375,0.9811834051235548,1.0,1.0,1.0,0.0,0.0,0.0,0.0,0.0,0.0,0.0,0.0,0.0,0.0,1.0,0.0,0.0,1.0,0.0,0.0,0.0,0.0,0.0,0.0,0.0,1.0,0.0
1950,0.48148148148148145,0.0,0.0,1.0,0.3333333333333333,0.5,0.697528105269356,0.02631578947368421,1.0,0.0,1.0,0.8823070927513683,0.37656903765690375,0.9811834051235548,1.0,0.0,0.0,0.0,0.0,0.0,1.0,0.0,0.0,0.0,0.0,0.0,0.0,1.0,0.0,0.0,0.0,0.0,0.0,0.0,0.0,0.0,0.0,0.0,1.0,0.0
1951,0.5308641975308641,0.0,0.0,1.0,0.3333333333333333,0.5,0.8660312117101345,0.05263157894736842,1.0,0.0,1.0,0.8823070927513683,0.37656903765690375,0.9811834051235548,1.0,1.0,0.0,0.0,0.0,0.0,0.0,0.0,0.0,0.0,0.0,0.0,0.0,1.0,0.0,0.0,0.0,0.0,0.0,0.0,0.0,1.0,0.0,0.0,1.0,0.0
1952,0.5061728395061729,0.0,0.0,1.0,0.3333333333333333,0.75,0.5878478128342483,0.0,1.0,0.0,1.0,0.8823070927513683,0.37656903765690375,0.9809566991611882,1.0,0.0,0.0,1.0,0.0,0.0,0.0,0.0,0.0,0.0,0.0,0.0,0.0,1.0,0.0,0.0,0.0,0.0,0.0,0.0,0.0,0.0,0.0,0.0,1.0,0.0
1953,0.18518518518518517,1.0,0.0,1.0,0.3333333333333333,0.75,0.43394188601811506,0.02631578947368421,1.0,0.0,1.0,0.8823070927513683,0.37656903765690375,0.9809566991611882,1.0,0.0,1.0,0.0,0.0,0.0,0.0,0.0,0.0,0.0,0.0,0.0,0.0,1.0,0.0,0.0,1.0,0.0,0.0,0.0,0.0,0.0,0.0,1.0,1.0,0.0
1954,0.35802469135802467,1.0,0.0,1.0,0.3333333333333333,0.75,0.6062082270603242,0.05263157894736842,1.0,0.0,1.0,0.8823070927513683,0.37656903765690375,0.9809566991611882,1.0,0.0,0.0,0.0,0.0,0.0,0.0,0.0,0.0,0.0,0.0,0.0,0.0,0.0,1.0,0.0,0.0,0.0,0.0,0.0,0.0,1.0,0.0,0.0,1.0,0.0
1955,0.2222222222222222,0.0,0.0,1.0,0.3333333333333333,0.75,0.7561711246597944,0.0,1.0,0.0,1.0,0.8823070927513683,0.37656903765690375,0.9809566991611882,1.0,1.0,0.0,0.0,0.0,0.0,0.0,0.0,0.0,1.0,0.0,0.0,0.0,0.0,1.0,0.0,0.0,0.0,0.0,0.0,0.0,1.0,0.0,1.0,1.0,0.0
1956,0.3703703703703703,1.0,0.0,1.0,0.3333333333333333,0.75,0.8364678013714858,0.0,1.0,0.0,1.0,0.8823070927513683,0.37656903765690375,0.9809566991611882,1.0,1.0,0.0,0.0,0.0,0.0,0.0,0.0,0.0,0.0,0.0,0.0,0.0,0.0,0.0,0.0,0.0,0.0,1.0,0.0,0.0,0.0,0.0,0.0,1.0,0.0
1957,0.3209876543209876,1.0,0.0,1.0,0.3333333333333333,0.75,0.6581347094668296,0.0,1.0,0.0,1.0,0.8823070927513683,0.37656903765690375,0.9809566991611882,1.0,0.0,0.0,0.0,0.0,0.0,0.0,0.0,1.0,0.0,0.0,0.0,0.0,1.0,0.0,0.0,0.0,0.0,1.0,0.0,0.0,0.0,0.0,0.0,1.0,0.0
1958,0.3703703703703703,0.0,0.0,1.0,0.3333333333333333,0.75,0.6509210996671051,0.0,1.0,0.0,1.0,0.8823070927513683,0.37656903765690375,0.9809566991611882,1.0,0.0,0.0,0.0,0.0,0.0,0.0,0.0,0.0,0.0,0.0,0.0,0.0,1.0,0.0,0.0,0.0,0.0,0.0,0.0,1.0,0.0,0.0,0.0,1.0,0.0
1959,0.30864197530864196,1.0,1.0,1.0,0.3333333333333333,0.75,0.6166136936809081,0.10526315789473684,1.0,0.0,1.0,0.8823070927513683,0.37656903765690375,0.9809566991611882,1.0,0.0,0.0,0.0,0.0,0.0,0.0,0.0,0.0,0.0,0.0,1.0,0.0,1.0,0.0,0.0,0.0,0.0,1.0,0.0,0.0,0.0,0.0,1.0,1.0,0.0
1960,0.39506172839506176,0.0,0.0,1.0,0.3333333333333333,0.75,0.7036245548746948,0.0,1.0,0.0,1.0,0.8823070927513683,0.37656903765690375,0.9809566991611882,1.0,0.0,0.0,0.0,0.0,0.0,0.0,0.0,1.0,0.0,0.0,0.0,0.0,1.0,0.0,0.0,0.0,0.0,1.0,0.0,0.0,0.0,0.0,0.0,1.0,0.0
1961,0.29629629629629634,0.0,0.0,1.0,0.3333333333333333,0.75,0.5878478128342483,0.0,1.0,0.0,1.0,0.8823070927513683,0.37656903765690375,0.9809566991611882,1.0,0.0,0.0,0.0,0.0,0.0,0.0,0.0,1.0,0.0,0.0,0.0,0.0,0.0,0.0,0.0,0.0,1.0,0.0,0.0,0.0,0.0,0.0,0.0,1.0,0.0
1962,0.18518518518518517,0.0,0.0,1.0,0.3333333333333333,0.75,0.7626413024182143,0.02631578947368421,1.0,0.0,1.0,0.8823070927513683,0.37656903765690375,0.9809566991611882,1.0,0.0,0.0,0.0,0.0,0.0,0.0,0.0,1.0,0.0,0.0,0.0,0.0,1.0,0.0,0.0,0.0,0.0,1.0,0.0,0.0,0.0,0.0,0.0,1.0,0.0
1963,0.4444444444444445,0.0,0.0,1.0,0.3333333333333333,0.75,0.636599792271751,0.0,1.0,0.0,1.0,0.8823070927513683,0.37656903765690375,0.9809566991611882,1.0,0.0,0.0,0.0,0.0,0.0,0.0,0.0,0.0,0.0,0.0,0.0,0.0,0.0,1.0,0.0,0.0,0.0,1.0,0.0,0.0,0.0,0.0,0.0,1.0,0.0
1964,0.29629629629629634,1.0,0.0,1.0,0.3333333333333333,0.75,0.7340757818764584,0.0,1.0,0.0,1.0,0.8823070927513683,0.37656903765690375,0.9809566991611882,1.0,1.0,1.0,0.0,0.0,0.0,0.0,0.0,0.0,0.0,0.0,0.0,0.0,1.0,0.0,0.0,0.0,1.0,0.0,0.0,0.0,0.0,0.0,1.0,1.0,0.0
1965,0.34567901234567905,1.0,0.0,1.0,0.3333333333333333,0.75,0.7879517638387855,0.02631578947368421,1.0,0.0,1.0,0.8823070927513683,0.37656903765690375,0.9809566991611882,1.0,0.0,0.0,0.0,1.0,0.0,0.0,0.0,0.0,0.0,0.0,0.0,0.0,1.0,0.0,0.0,0.0,0.0,0.0,0.0,1.0,0.0,0.0,1.0,1.0,0.0
1966,0.3209876543209876,0.0,0.0,1.0,0.3333333333333333,0.75,0.5862473099208212,0.02631578947368421,1.0,0.0,1.0,0.8823070927513683,0.37656903765690375,0.9809566991611882,1.0,0.0,0.0,0.0,0.0,0.0,0.0,0.0,0.0,0.0,0.0,0.0,0.0,1.0,0.0,0.0,0.0,0.0,0.0,0.0,0.0,1.0,0.0,0.0,1.0,0.0
1967,0.20987654320987653,0.0,0.0,1.0,0.3333333333333333,0.75,0.5306356323565045,0.0,1.0,0.0,1.0,0.8823070927513683,0.37656903765690375,0.9809566991611882,1.0,0.0,0.0,0.0,0.0,0.0,0.0,0.0,0.0,0.0,1.0,0.0,0.0,0.0,1.0,0.0,0.0,0.0,0.0,0.0,0.0,1.0,0.0,0.0,1.0,0.0
1968,0.29629629629629634,1.0,0.0,1.0,0.3333333333333333,0.75,0.5212197964741162,0.0,1.0,0.0,1.0,0.8823070927513683,0.37656903765690375,0.9809566991611882,1.0,0.0,1.0,0.0,0.0,0.0,0.0,0.0,0.0,0.0,0.0,0.0,0.0,1.0,0.0,0.0,0.0,1.0,0.0,0.0,0.0,0.0,0.0,1.0,1.0,0.0
1969,0.3209876543209876,1.0,0.0,1.0,0.3333333333333333,0.75,0.7281986781289764,0.0,1.0,0.0,1.0,0.8823070927513683,0.37656903765690375,0.9809566991611882,1.0,0.0,0.0,0.0,0.0,0.0,0.0,0.0,0.0,0.0,1.0,0.0,0.0,1.0,0.0,0.0,0.0,1.0,0.0,0.0,0.0,0.0,0.0,1.0,1.0,0.0
1970,0.2345679012345679,0.0,0.0,1.0,0.3333333333333333,0.75,0.6095598825393173,0.0,1.0,0.0,1.0,0.8823070927513683,0.37656903765690375,0.9809566991611882,1.0,0.0,0.0,0.0,0.0,0.0,0.0,0.0,0.0,0.0,0.0,0.0,0.0,1.0,0.0,0.0,0.0,0.0,1.0,0.0,0.0,0.0,0.0,0.0,1.0,0.0
1971,0.3209876543209876,1.0,0.0,1.0,0.3333333333333333,0.75,0.467045882751165,0.0,1.0,0.0,1.0,0.8823070927513683,0.37656903765690375,0.9809566991611882,1.0,0.0,0.0,0.0,0.0,0.0,0.0,0.0,0.0,0.0,0.0,1.0,0.0,1.0,0.0,0.0,0.0,0.0,0.0,0.0,1.0,0.0,0.0,0.0,1.0,0.0
1972,0.14814814814814814,0.0,0.0,1.0,0.3333333333333333,0.75,0.5862473099208212,0.07894736842105263,1.0,0.0,1.0,0.8823070927513683,0.37656903765690375,0.9809566991611882,1.0,0.0,0.0,0.0,0.0,0.0,0.0,0.0,0.0,1.0,0.0,0.0,0.0,1.0,0.0,0.0,0.0,0.0,1.0,0.0,0.0,0.0,0.0,1.0,1.0,0.0
1973,0.14814814814814814,1.0,0.0,1.0,0.3333333333333333,0.75,0.8451649243766773,0.05263157894736842,1.0,0.0,1.0,0.8823070927513683,0.37656903765690375,0.9809566991611882,1.0,1.0,1.0,0.0,0.0,0.0,0.0,0.0,0.0,0.0,0.0,0.0,0.0,0.0,1.0,0.0,0.0,0.0,1.0,0.0,0.0,0.0,0.0,0.0,1.0,0.0
1974,0.25925925925925924,0.0,0.0,1.0,0.3333333333333333,0.75,0.8031691856312626,0.02631578947368421,1.0,0.0,1.0,0.8823070927513683,0.37656903765690375,0.9809566991611882,1.0,1.0,1.0,0.0,0.0,0.0,0.0,0.0,0.0,0.0,0.0,0.0,0.0,1.0,0.0,0.0,1.0,0.0,0.0,0.0,0.0,0.0,0.0,1.0,1.0,0.0
1975,0.14814814814814814,1.0,0.0,1.0,0.3333333333333333,0.75,0.48923083320309235,0.02631578947368421,1.0,0.0,1.0,0.8823070927513683,0.37656903765690375,0.9809566991611882,1.0,0.0,0.0,0.0,0.0,0.0,0.0,0.0,0.0,0.0,0.0,0.0,0.0,0.0,1.0,0.0,0.0,0.0,1.0,0.0,0.0,0.0,0.0,0.0,1.0,0.0
1976,0.25925925925925924,0.0,0.0,1.0,0.3333333333333333,0.75,0.7536742848959364,0.0,1.0,0.0,1.0,0.8823070927513683,0.37656903765690375,0.9809566991611882,1.0,0.0,0.0,0.0,0.0,0.0,0.0,0.0,0.0,0.0,0.0,0.0,0.0,1.0,0.0,0.0,0.0,0.0,1.0,0.0,0.0,0.0,0.0,0.0,1.0,0.0
1977,0.25925925925925924,1.0,1.0,1.0,0.3333333333333333,0.75,0.8958267585809183,0.0,1.0,0.0,1.0,0.8823070927513683,0.37656903765690375,0.9809566991611882,1.0,1.0,0.0,0.0,0.0,0.0,0.0,0.0,0.0,0.0,0.0,0.0,0.0,1.0,0.0,0.0,0.0,0.0,1.0,0.0,0.0,0.0,0.0,0.0,1.0,0.0
1978,0.1728395061728395,0.0,0.0,1.0,0.3333333333333333,0.75,0.8069318246032705,0.07894736842105263,1.0,0.0,1.0,0.8823070927513683,0.37656903765690375,0.9809566991611882,1.0,1.0,0.0,0.0,0.0,0.0,0.0,0.0,0.0,0.0,0.0,0.0,0.0,1.0,0.0,0.0,0.0,0.0,1.0,0.0,0.0,0.0,0.0,0.0,1.0,0.0
1979,0.24691358024691357,0.0,0.0,1.0,0.3333333333333333,0.75,0.6412337233355714,0.0,1.0,0.0,1.0,0.8823070927513683,0.37656903765690375,0.9809566991611882,1.0,0.0,1.0,0.0,0.0,0.0,0.0,0.0,0.0,0.0,0.0,0.0,0.0,0.0,0.0,0.0,0.0,1.0,0.0,0.0,0.0,0.0,0.0,0.0,1.0,0.0
1980,0.4691358024691357,1.0,1.0,1.0,0.3333333333333333,0.75,0.6953174467991899,0.02631578947368421,1.0,0.0,1.0,0.8823070927513683,0.37656903765690375,0.9809566991611882,1.0,0.0,0.0,0.0,0.0,1.0,0.0,0.0,0.0,0.0,0.0,0.0,0.0,1.0,0.0,0.0,0.0,0.0,0.0,0.0,1.0,0.0,0.0,1.0,1.0,0.0
1981,0.4691358024691357,1.0,0.0,1.0,0.3333333333333333,0.75,0.8276983798634376,0.0,1.0,0.0,1.0,0.8823070927513683,0.37656903765690375,0.9809566991611882,1.0,1.0,1.0,0.0,0.0,0.0,0.0,0.0,0.0,0.0,0.0,0.0,0.0,1.0,0.0,0.0,0.0,0.0,0.0,0.0,0.0,0.0,0.0,1.0,1.0,0.0
1982,0.3209876543209876,0.0,0.0,1.0,0.3333333333333333,0.75,0.7077115468084515,0.0,1.0,0.0,1.0,0.8823070927513683,0.37656903765690375,0.9809566991611882,1.0,0.0,1.0,0.0,0.0,0.0,0.0,0.0,0.0,0.0,0.0,0.0,0.0,0.0,0.0,0.0,0.0,1.0,0.0,0.0,0.0,0.0,0.0,1.0,1.0,0.0
1983,0.34567901234567905,0.0,0.0,1.0,0.3333333333333333,0.75,0.28207676886584127,0.39473684210526316,1.0,0.0,1.0,0.8823070927513683,0.37656903765690375,0.9809566991611882,1.0,0.0,1.0,0.0,0.0,0.0,0.0,0.0,0.0,0.0,0.0,0.0,0.0,1.0,0.0,0.0,0.0,1.0,0.0,0.0,0.0,0.0,0.0,1.0,1.0,0.0
1984,0.39506172839506176,1.0,0.0,1.0,0.3333333333333333,0.75,0.6328650293995502,0.07894736842105263,1.0,0.0,1.0,0.8823070927513683,0.37656903765690375,0.9809566991611882,1.0,0.0,0.0,0.0,0.0,0.0,0.0,0.0,0.0,0.0,0.0,0.0,0.0,1.0,0.0,0.0,0.0,0.0,1.0,0.0,0.0,0.0,0.0,1.0,1.0,0.0
1985,0.30864197530864196,0.0,0.0,1.0,0.3333333333333333,0.75,0.731291387992633,0.02631578947368421,1.0,0.0,1.0,0.8823070927513683,0.37656903765690375,0.9809566991611882,1.0,1.0,0.0,0.0,1.0,0.0,0.0,0.0,0.0,0.0,0.0,0.0,0.0,1.0,0.0,0.0,0.0,0.0,0.0,0.0,0.0,0.0,0.0,0.0,1.0,0.0
1986,0.43209876543209874,1.0,0.0,1.0,0.3333333333333333,0.75,0.5496889184613623,0.02631578947368421,1.0,0.0,1.0,0.8823070927513683,0.37656903765690375,0.9809566991611882,1.0,0.0,1.0,0.0,0.0,0.0,0.0,0.0,0.0,0.0,0.0,0.0,0.0,1.0,0.0,0.0,0.0,0.0,0.0,0.0,0.0,0.0,0.0,0.0,1.0,0.0
1987,0.1111111111111111,0.0,0.0,1.0,0.3333333333333333,0.75,0.48358326152743014,0.07894736842105263,1.0,0.0,1.0,0.8823070927513683,0.37656903765690375,0.9809566991611882,1.0,0.0,1.0,0.0,0.0,0.0,0.0,0.0,0.0,0.0,0.0,0.0,0.0,0.0,1.0,0.0,0.0,1.0,0.0,0.0,0.0,0.0,0.0,1.0,1.0,0.0
1988,0.24691358024691357,1.0,0.0,1.0,0.3333333333333333,0.75,0.6328650293995502,0.02631578947368421,1.0,0.0,1.0,0.8823070927513683,0.37656903765690375,0.9809566991611882,1.0,0.0,1.0,0.0,0.0,0.0,0.0,0.0,0.0,0.0,0.0,0.0,0.0,1.0,0.0,0.0,1.0,0.0,0.0,0.0,0.0,0.0,0.0,0.0,1.0,0.0
1989,0.3703703703703703,0.5,0.5,1.0,0.3333333333333333,0.75,0.7915232327315964,0.05263157894736842,1.0,0.0,1.0,0.8823070927513683,0.37656903765690375,0.9809566991611882,1.0,1.0,0.0,0.0,0.0,0.0,0.0,0.0,1.0,0.0,0.0,0.0,0.0,0.0,1.0,0.0,0.0,1.0,0.0,0.0,0.0,0.0,0.0,0.0,1.0,0.0
1990,0.24691358024691357,1.0,0.0,1.0,0.3333333333333333,0.75,0.7679173054735778,0.02631578947368421,1.0,0.0,1.0,0.8823070927513683,0.37656903765690375,0.9809566991611882,1.0,1.0,0.0,0.0,0.0,0.0,0.0,0.0,0.0,0.0,1.0,0.0,0.0,1.0,0.0,0.0,0.0,0.0,0.0,0.0,1.0,0.0,0.0,0.0,1.0,0.0
1991,0.4691358024691357,1.0,0.0,1.0,0.3333333333333333,0.75,0.8141142269412694,0.0,1.0,0.0,1.0,0.8823070927513683,0.37656903765690375,0.9809566991611882,1.0,1.0,0.0,0.0,0.0,0.0,1.0,0.0,0.0,0.0,0.0,0.0,0.0,1.0,0.0,0.0,0.0,0.0,0.0,0.0,0.0,1.0,0.0,1.0,1.0,0.0
1992,0.18518518518518517,0.0,0.0,1.0,0.3333333333333333,0.75,0.4247708684332175,0.15789473684210525,1.0,0.0,1.0,0.8823070927513683,0.37656903765690375,0.9809566991611882,1.0,0.0,0.0,0.0,0.0,0.0,0.0,0.0,0.0,0.0,0.0,0.0,1.0,0.0,0.0,1.0,0.0,0.0,0.0,0.0,0.0,1.0,0.0,0.0,1.0,0.0
1993,0.09876543209876543,1.0,1.0,1.0,0.3333333333333333,0.75,0.5561069727294308,0.07894736842105263,1.0,0.0,1.0,0.8823070927513683,0.37656903765690375,0.9809566991611882,1.0,0.0,1.0,0.0,0.0,0.0,0.0,0.0,0.0,0.0,0.0,0.0,0.0,0.0,1.0,0.0,0.0,1.0,0.0,0.0,0.0,0.0,0.0,0.0,1.0,0.0
1994,0.35802469135802467,1.0,0.0,1.0,0.3333333333333333,0.75,0.580467578755373,0.21052631578947367,1.0,0.0,1.0,0.8823070927513683,0.37656903765690375,0.9809566991611882,1.0,0.0,0.0,0.0,0.0,0.0,0.0,0.0,0.0,0.0,0.0,0.0,0.0,0.0,0.0,0.0,0.0,0.0,0.0,0.0,0.0,1.0,0.0,0.0,1.0,0.0
1995,0.2222222222222222,0.0,0.0,1.0,0.3333333333333333,1.0,0.5109842001350153,0.2894736842105263,1.0,0.0,1.0,0.8823070927513683,0.37656903765690375,0.9805032872364543,1.0,0.0,1.0,0.0,0.0,0.0,0.0,0.0,0.0,0.0,0.0,0.0,0.0,1.0,0.0,0.0,0.0,1.0,0.0,0.0,0.0,0.0,0.0,1.0,1.0,0.0
1996,0.2222222222222222,1.0,0.0,1.0,0.3333333333333333,1.0,0.529335783224907,0.05263157894736842,1.0,0.0,1.0,0.8823070927513683,0.37656903765690375,0.9805032872364543,1.0,0.0,0.0,0.0,0.0,1.0,0.0,0.0,0.0,0.0,0.0,0.0,0.0,1.0,0.0,0.0,0.0,1.0,0.0,0.0,0.0,0.0,0.0,0.0,1.0,0.0
1997,0.48148148148148145,0.0,0.0,1.0,0.3333333333333333,1.0,0.7286798041554323,0.02631578947368421,1.0,0.0,1.0,0.8823070927513683,0.37656903765690375,0.9805032872364543,1.0,0.0,0.0,0.0,0.0,0.0,0.0,0.0,0.0,0.0,0.0,0.0,0.0,1.0,0.0,0.0,0.0,0.0,1.0,0.0,0.0,0.0,0.0,0.0,1.0,0.0
1998,0.14814814814814814,0.0,0.0,1.0,0.3333333333333333,1.0,0.3786529388331377,0.26315789473684215,1.0,0.0,1.0,0.8823070927513683,0.37656903765690375,0.9805032872364543,1.0,0.0,0.0,0.0,0.0,0.0,0.0,1.0,0.0,0.0,0.0,0.0,0.0,1.0,0.0,0.0,1.0,0.0,0.0,0.0,0.0,0.0,0.0,1.0,1.0,0.0
1999,0.25925925925925924,1.0,0.0,1.0,0.3333333333333333,1.0,0.6048403610725471,0.02631578947368421,1.0,0.0,1.0,0.8823070927513683,0.37656903765690375,0.9805032872364543,1.0,0.0,0.0,0.0,0.0,0.0,0.0,0.0,0.0,0.0,0.0,0.0,0.0,0.0,1.0,0.0,0.0,0.0,0.0,0.0,0.0,1.0,0.0,0.0,1.0,0.0
2000,0.1728395061728395,0.0,1.0,1.0,0.3333333333333333,1.0,0.5417298832341686,0.10526315789473684,1.0,0.0,1.0,0.8823070927513683,0.37656903765690375,0.9805032872364543,1.0,0.0,0.0,0.0,0.0,0.0,0.0,0.0,1.0,0.0,0.0,0.0,0.0,0.0,1.0,0.0,0.0,0.0,1.0,0.0,0.0,0.0,0.0,0.0,1.0,0.0
2001,0.1728395061728395,1.0,0.0,1.0,0.3333333333333333,1.0,0.6184662540070037,0.05263157894736842,1.0,0.0,1.0,0.8823070927513683,0.37656903765690375,0.9805032872364543,1.0,0.0,1.0,0.0,0.0,0.0,0.0,0.0,0.0,0.0,0.0,0.0,0.0,1.0,0.0,0.0,0.0,1.0,0.0,0.0,0.0,0.0,0.0,1.0,1.0,0.0
2002,0.19753086419753085,1.0,0.0,1.0,0.3333333333333333,1.0,0.5496889184613623,0.05263157894736842,1.0,0.0,1.0,0.8823070927513683,0.37656903765690375,0.9805032872364543,1.0,0.0,0.0,0.0,0.0,0.0,0.0,0.0,1.0,0.0,0.0,0.0,0.0,1.0,0.0,0.0,0.0,0.0,1.0,0.0,0.0,0.0,0.0,1.0,1.0,0.0
2003,0.34567901234567905,0.0,0.0,1.0,0.3333333333333333,1.0,0.8094958473741405,0.02631578947368421,1.0,0.0,1.0,0.8823070927513683,0.37656903765690375,0.9805032872364543,1.0,1.0,0.0,0.0,0.0,0.0,0.0,0.0,0.0,0.0,0.0,0.0,0.0,1.0,0.0,0.0,0.0,1.0,0.0,0.0,0.0,0.0,0.0,1.0,1.0,0.0
2004,0.4074074074074074,1.0,1.0,1.0,0.3333333333333333,1.0,0.5550613200712357,0.0,1.0,0.0,1.0,0.8823070927513683,0.37656903765690375,0.9805032872364543,1.0,0.0,0.0,0.0,0.0,0.0,0.0,0.0,0.0,0.0,1.0,0.0,0.0,1.0,0.0,0.0,0.0,0.0,1.0,0.0,0.0,0.0,0.0,1.0,1.0,0.0
2005,0.14814814814814814,0.0,0.0,1.0,0.3333333333333333,1.0,0.45038280300177924,0.0,1.0,0.0,1.0,0.8823070927513683,0.37656903765690375,0.9805032872364543,1.0,0.0,0.0,0.0,0.0,0.0,0.0,0.0,0.0,0.0,0.0,0.0,0.0,1.0,0.0,0.0,0.0,0.0,0.0,0.0,0.0,1.0,0.0,0.0,1.0,0.0
2006,0.3703703703703703,0.0,0.0,1.0,0.3333333333333333,1.0,0.5770327318283031,0.0,1.0,0.0,1.0,0.8823070927513683,0.37656903765690375,0.9805032872364543,1.0,0.0,0.0,0.0,0.0,0.0,0.0,0.0,0.0,0.0,0.0,0.0,0.0,1.0,0.0,0.0,0.0,0.0,0.0,0.0,0.0,1.0,0.0,0.0,1.0,0.0
2007,0.1728395061728395,0.0,0.0,1.0,0.3333333333333333,1.0,0.3832666732878459,0.05263157894736842,1.0,0.0,1.0,0.8823070927513683,0.37656903765690375,0.9805032872364543,1.0,0.0,0.0,0.0,0.0,0.0,0.0,0.0,0.0,0.0,0.0,0.0,0.0,0.0,1.0,0.0,0.0,0.0,0.0,0.0,0.0,1.0,0.0,0.0,1.0,0.0
2008,0.25925925925925924,0.0,0.0,1.0,0.3333333333333333,1.0,0.6930644475725992,0.0,1.0,0.0,1.0,0.8823070927513683,0.37656903765690375,0.9805032872364543,1.0,0.0,0.0,0.0,0.0,0.0,0.0,0.0,0.0,0.0,0.0,0.0,0.0,0.0,1.0,0.0,0.0,1.0,0.0,0.0,0.0,0.0,0.0,0.0,1.0,0.0
2009,0.38271604938271603,1.0,0.0,1.0,0.3333333333333333,1.0,0.7296361927525703,0.0,1.0,0.0,1.0,0.8823070927513683,0.37656903765690375,0.9805032872364543,1.0,0.0,1.0,0.0,0.0,0.0,0.0,0.0,0.0,0.0,0.0,0.0,0.0,1.0,0.0,0.0,0.0,0.0,0.0,0.0,0.0,0.0,0.0,0.0,1.0,0.0
2010,0.1728395061728395,1.0,1.0,1.0,0.3333333333333333,1.0,0.664102989715846,0.0,1.0,0.0,1.0,0.8823070927513683,0.37656903765690375,0.9805032872364543,1.0,0.0,0.0,0.0,0.0,0.0,0.0,0.0,0.0,0.0,0.0,0.0,0.0,0.0,1.0,0.0,0.0,0.0,0.0,0.0,0.0,1.0,0.0,0.0,1.0,0.0
2011,0.35802469135802467,1.0,0.0,1.0,0.3333333333333333,1.0,0.794441679094255,0.05263157894736842,1.0,0.0,1.0,0.8823070927513683,0.37656903765690375,0.9805032872364543,1.0,1.0,0.0,0.0,0.0,0.0,0.0,0.0,0.0,0.0,0.0,0.0,0.0,1.0,0.0,0.0,0.0,1.0,0.0,0.0,0.0,0.0,0.0,1.0,1.0,0.0
2012,0.34567901234567905,0.0,1.0,1.0,0.3333333333333333,1.0,0.8351156583294982,0.0,1.0,0.0,1.0,0.8823070927513683,0.37656903765690375,0.9805032872364543,1.0,1.0,1.0,0.0,0.0,0.0,0.0,0.0,0.0,0.0,0.0,0.0,0.0,1.0,0.0,0.0,0.0,1.0,0.0,0.0,0.0,0.0,0.0,1.0,1.0,0.0
2013,0.2839506172839506,1.0,1.0,1.0,0.3333333333333333,1.0,0.7734600293864244,0.02631578947368421,1.0,0.0,1.0,0.8823070927513683,0.37656903765690375,0.9805032872364543,1.0,1.0,0.0,0.0,0.0,0.0,0.0,1.0,0.0,0.0,0.0,0.0,0.0,1.0,0.0,0.0,0.0,0.0,0.0,0.0,1.0,0.0,0.0,0.0,1.0,0.0
2014,0.14814814814814814,0.5,0.5,1.0,0.3333333333333333,1.0,0.6940353071368747,0.0,1.0,0.0,1.0,0.8823070927513683,0.37656903765690375,0.9805032872364543,1.0,0.0,1.0,0.0,0.0,0.0,0.0,0.0,0.0,0.0,0.0,0.0,0.0,0.0,1.0,0.0,0.0,1.0,0.0,0.0,0.0,0.0,0.0,0.0,1.0,0.0
2015,0.5061728395061729,0.0,0.0,1.0,0.3333333333333333,1.0,0.6339442585242172,0.0,1.0,0.0,1.0,0.8823070927513683,0.37656903765690375,0.9805032872364543,1.0,0.0,0.0,1.0,0.0,0.0,0.0,0.0,0.0,0.0,0.0,0.0,0.0,1.0,0.0,0.0,0.0,0.0,0.0,0.0,0.0,1.0,0.0,1.0,1.0,0.0
2016,0.39506172839506176,0.0,0.0,1.0,0.3333333333333333,1.0,0.5591892927228724,0.0,1.0,0.0,1.0,0.8823070927513683,0.37656903765690375,0.9805032872364543,1.0,0.0,1.0,0.0,0.0,0.0,0.0,0.0,0.0,0.0,0.0,0.0,0.0,1.0,0.0,0.0,0.0,0.0,0.0,0.0,0.0,0.0,0.0,1.0,1.0,0.0
2017,0.2839506172839506,0.0,0.0,1.0,0.3333333333333333,1.0,0.6407277649233879,0.0,1.0,0.0,1.0,0.8823070927513683,0.37656903765690375,0.9805032872364543,1.0,0.0,1.0,0.0,0.0,0.0,0.0,0.0,0.0,0.0,0.0,0.0,0.0,1.0,0.0,0.0,0.0,1.0,0.0,0.0,0.0,0.0,0.0,0.0,1.0,0.0
2018,0.24691358024691357,0.0,1.0,1.0,0.3333333333333333,1.0,0.407692361002577,0.0,1.0,0.0,1.0,0.8823070927513683,0.37656903765690375,0.9805032872364543,1.0,0.0,0.0,0.0,1.0,0.0,0.0,0.0,0.0,0.0,0.0,0.0,0.0,1.0,0.0,0.0,0.0,0.0,1.0,0.0,0.0,0.0,0.0,0.0,1.0,0.0
2019,0.39506172839506176,0.0,0.0,1.0,0.3333333333333333,1.0,0.7919446128221177,0.0,1.0,0.0,1.0,0.8823070927513683,0.37656903765690375,0.9805032872364543,1.0,1.0,1.0,0.0,0.0,0.0,0.0,0.0,0.0,0.0,0.0,0.0,0.0,1.0,0.0,0.0,0.0,0.0,0.0,0.0,0.0,0.0,0.0,1.0,1.0,0.0
2020,0.2839506172839506,1.0,1.0,1.0,0.3333333333333333,1.0,0.6166136936809081,0.0,1.0,0.0,1.0,0.8823070927513683,0.37656903765690375,0.9805032872364543,1.0,0.0,0.0,0.0,0.0,0.0,0.0,0.0,0.0,0.0,1.0,0.0,0.0,0.0,0.0,0.0,0.0,0.0,0.0,0.0,0.0,1.0,0.0,0.0,1.0,0.0
2021,0.30864197530864196,0.0,0.0,1.0,0.3333333333333333,1.0,0.8236996624159768,0.02631578947368421,1.0,0.0,1.0,0.8823070927513683,0.37656903765690375,0.9805032872364543,1.0,1.0,1.0,0.0,0.0,0.0,0.0,0.0,0.0,0.0,0.0,0.0,0.0,1.0,0.0,0.0,1.0,0.0,0.0,0.0,0.0,0.0,0.0,1.0,1.0,0.0
2022,0.3703703703703703,0.0,0.0,1.0,0.3333333333333333,1.0,0.5518674094137875,0.0,1.0,0.0,1.0,0.8823070927513683,0.37656903765690375,0.9805032872364543,1.0,0.0,0.0,0.0,0.0,0.0,0.0,0.0,1.0,0.0,0.0,0.0,0.0,1.0,0.0,0.0,1.0,0.0,0.0,0.0,0.0,0.0,0.0,0.0,1.0,0.0
2023,0.38271604938271603,0.0,0.0,1.0,0.3333333333333333,1.0,0.48923083320309235,0.0,1.0,0.0,1.0,0.8823070927513683,0.37656903765690375,0.9805032872364543,1.0,0.0,1.0,0.0,0.0,0.0,0.0,0.0,0.0,0.0,0.0,0.0,0.0,1.0,0.0,0.0,0.0,0.0,0.0,0.0,0.0,0.0,0.0,0.0,1.0,0.0
2024,0.18518518518518517,1.0,0.0,1.0,0.3333333333333333,1.0,0.5670345425314071,0.05263157894736842,1.0,0.0,1.0,0.8823070927513683,0.37656903765690375,0.9805032872364543,1.0,0.0,1.0,0.0,0.0,0.0,0.0,0.0,0.0,0.0,0.0,0.0,0.0,1.0,0.0,0.0,0.0,1.0,0.0,0.0,0.0,0.0,0.0,0.0,1.0,0.0
2025,0.14814814814814814,1.0,1.0,1.0,0.3333333333333333,1.0,0.829035741834917,0.02631578947368421,1.0,0.0,1.0,0.8823070927513683,0.37656903765690375,0.9805032872364543,1.0,1.0,0.0,0.0,0.0,0.0,0.0,0.0,0.0,0.0,1.0,0.0,0.0,0.0,1.0,0.0,0.0,0.0,0.0,0.0,0.0,1.0,0.0,0.0,1.0,0.0
2026,0.1728395061728395,0.0,0.0,1.0,0.3333333333333333,1.0,0.8659564990055048,0.10526315789473684,1.0,0.0,1.0,0.8823070927513683,0.37656903765690375,0.9805032872364543,1.0,1.0,1.0,0.0,0.0,0.0,0.0,0.0,0.0,0.0,0.0,0.0,0.0,1.0,0.0,0.0,1.0,0.0,0.0,0.0,0.0,0.0,0.0,0.0,1.0,0.0
2027,0.4074074074074074,1.0,1.0,1.0,0.3333333333333333,1.0,0.771641319028872,0.15789473684210525,1.0,0.0,1.0,0.8823070927513683,0.37656903765690375,0.9805032872364543,1.0,1.0,0.0,0.0,0.0,0.0,0.0,0.0,0.0,0.0,1.0,0.0,0.0,1.0,0.0,0.0,0.0,0.0,0.0,0.0,1.0,0.0,0.0,1.0,1.0,0.0
2028,0.34567901234567905,0.0,0.0,1.0,0.3333333333333333,1.0,0.56984667205054,0.10526315789473684,1.0,0.0,1.0,0.8823070927513683,0.37656903765690375,0.9805032872364543,1.0,0.0,0.0,0.0,0.0,1.0,0.0,0.0,0.0,0.0,0.0,0.0,0.0,1.0,0.0,0.0,0.0,0.0,0.0,0.0,0.0,1.0,0.0,0.0,1.0,0.0
2029,0.30864197530864196,0.0,0.0,1.0,0.3333333333333333,1.0,0.3877062624117341,0.42105263157894735,1.0,0.0,1.0,0.8823070927513683,0.37656903765690375,0.9805032872364543,1.0,0.0,0.0,0.0,0.0,0.0,0.0,0.0,0.0,0.0,0.0,0.0,0.0,1.0,0.0,0.0,1.0,0.0,0.0,0.0,0.0,0.0,0.0,0.0,1.0,0.0
2030,0.4691358024691357,0.0,0.0,1.0,0.3333333333333333,1.0,0.3738508374054576,0.02631578947368421,1.0,0.0,1.0,0.8823070927513683,0.37656903765690375,0.9805032872364543,1.0,0.0,1.0,0.0,0.0,0.0,0.0,0.0,0.0,0.0,0.0,0.0,0.0,1.0,0.0,0.0,0.0,1.0,0.0,0.0,0.0,0.0,0.0,1.0,1.0,0.0
2031,0.24691358024691357,0.0,0.0,1.0,0.3333333333333333,1.0,0.8724975064909384,0.0,1.0,0.0,1.0,0.8823070927513683,0.37656903765690375,0.9805032872364543,1.0,1.0,1.0,0.0,0.0,0.0,0.0,0.0,0.0,0.0,0.0,0.0,0.0,1.0,0.0,0.0,0.0,0.0,0.0,0.0,0.0,0.0,0.0,1.0,1.0,0.0
2032,0.2345679012345679,1.0,0.0,1.0,0.3333333333333333,1.0,0.7445976649216831,0.05263157894736842,1.0,0.0,1.0,0.8823070927513683,0.37656903765690375,0.9805032872364543,1.0,1.0,1.0,0.0,0.0,0.0,0.0,0.0,0.0,0.0,0.0,0.0,0.0,1.0,0.0,0.0,0.0,1.0,0.0,0.0,0.0,0.0,0.0,0.0,1.0,0.0
2033,0.14814814814814814,1.0,0.0,1.0,0.3333333333333333,1.0,0.8691997787325101,0.0,1.0,0.0,1.0,0.8823070927513683,0.37656903765690375,0.9805032872364543,1.0,1.0,0.0,0.0,0.0,0.0,0.0,0.0,0.0,0.0,1.0,0.0,0.0,1.0,0.0,0.0,0.0,0.0,0.0,0.0,1.0,0.0,0.0,0.0,1.0,0.0
2034,0.5061728395061729,1.0,0.0,1.0,0.3333333333333333,1.0,0.7466760785195581,0.02631578947368421,1.0,0.0,1.0,0.8823070927513683,0.37656903765690375,0.9805032872364543,1.0,1.0,1.0,0.0,0.0,0.0,0.0,0.0,0.0,0.0,0.0,0.0,0.0,1.0,0.0,0.0,0.0,0.0,0.0,0.0,0.0,0.0,0.0,1.0,1.0,0.0
2035,0.3333333333333333,0.0,0.0,1.0,0.3333333333333333,1.0,0.6559276062712989,0.05263157894736842,1.0,0.0,1.0,0.8823070927513683,0.37656903765690375,0.9805032872364543,1.0,0.0,1.0,0.0,0.0,0.0,0.0,0.0,0.0,0.0,0.0,0.0,0.0,1.0,0.0,0.0,0.0,0.0,0.0,0.0,0.0,0.0,0.0,1.0,1.0,0.0
2036,0.3209876543209876,0.0,0.0,1.0,0.3333333333333333,1.0,0.8540926611680337,0.23684210526315788,1.0,0.0,1.0,0.8823070927513683,0.37656903765690375,0.9805032872364543,1.0,1.0,0.0,0.0,0.0,0.0,0.0,0.0,0.0,0.0,0.0,0.0,0.0,1.0,0.0,0.0,0.0,0.0,1.0,0.0,0.0,0.0,0.0,0.0,1.0,0.0
2037,0.3703703703703703,1.0,1.0,1.0,0.3333333333333333,1.0,0.5902084636135368,0.02631578947368421,1.0,0.0,1.0,0.8823070927513683,0.37656903765690375,0.9805032872364543,1.0,0.0,0.0,0.0,0.0,0.0,0.0,0.0,1.0,0.0,0.0,0.0,0.0,1.0,0.0,0.0,1.0,0.0,0.0,0.0,0.0,0.0,0.0,0.0,1.0,0.0
2038,0.4567901234567901,1.0,0.0,1.0,0.3333333333333333,1.0,0.455389309605973,0.02631578947368421,1.0,0.0,1.0,0.8823070927513683,0.37656903765690375,0.9805032872364543,1.0,0.0,0.0,0.0,0.0,0.0,0.0,0.0,0.0,0.0,1.0,0.0,0.0,1.0,0.0,0.0,0.0,0.0,1.0,0.0,0.0,0.0,0.0,0.0,1.0,0.0
2039,0.20987654320987653,0.0,0.0,1.0,0.3333333333333333,1.0,0.6442246085825132,0.05263157894736842,1.0,0.0,1.0,0.8823070927513683,0.37656903765690375,0.9805032872364543,1.0,0.0,1.0,0.0,0.0,0.0,0.0,0.0,0.0,0.0,0.0,0.0,0.0,1.0,0.0,0.0,1.0,0.0,0.0,0.0,0.0,0.0,0.0,0.0,1.0,0.0
2040,0.12345679012345678,1.0,1.0,1.0,0.3333333333333333,1.0,0.3832666732878459,0.6578947368421052,1.0,0.0,1.0,0.8823070927513683,0.37656903765690375,0.9805032872364543,1.0,0.0,0.0,0.0,0.0,0.0,0.0,0.0,1.0,0.0,0.0,0.0,0.0,0.0,1.0,0.0,0.0,0.0,1.0,0.0,0.0,0.0,0.0,1.0,1.0,0.0
2041,0.38271604938271603,0.0,0.0,1.0,0.3333333333333333,1.0,0.40010036242099567,0.02631578947368421,1.0,0.0,1.0,0.8823070927513683,0.37656903765690375,0.9805032872364543,1.0,0.0,1.0,0.0,0.0,0.0,0.0,0.0,0.0,0.0,0.0,0.0,0.0,1.0,0.0,0.0,0.0,0.0,0.0,0.0,0.0,0.0,0.0,0.0,1.0,0.0
2042,0.4074074074074074,0.0,0.0,1.0,0.3333333333333333,1.0,0.28207676886584127,0.26315789473684215,1.0,0.0,1.0,0.8823070927513683,0.37656903765690375,0.9805032872364543,1.0,0.0,0.0,0.0,0.0,0.0,0.0,0.0,0.0,0.0,0.0,1.0,0.0,1.0,0.0,0.0,0.0,0.0,1.0,0.0,0.0,0.0,0.0,1.0,1.0,0.0
2043,0.29629629629629634,1.0,0.0,1.0,0.3333333333333333,1.0,0.3104459034696894,0.05263157894736842,1.0,0.0,1.0,0.8823070927513683,0.37656903765690375,0.9805032872364543,1.0,0.0,1.0,0.0,0.0,0.0,0.0,0.0,0.0,0.0,0.0,0.0,0.0,1.0,0.0,0.0,0.0,1.0,0.0,0.0,0.0,0.0,0.0,0.0,1.0,0.0
2044,0.30864197530864196,0.0,0.0,1.0,0.3333333333333333,1.0,0.18932646941656886,0.5,1.0,0.0,1.0,0.8823070927513683,0.37656903765690375,0.9805032872364543,1.0,0.0,0.0,0.0,0.0,0.0,0.0,0.0,0.0,0.0,1.0,0.0,0.0,1.0,0.0,0.0,0.0,0.0,0.0,0.0,0.0,1.0,0.0,0.0,1.0,0.0
2045,0.34567901234567905,1.0,0.0,1.0,0.3333333333333333,1.0,0.3877062624117341,0.26315789473684215,1.0,0.0,1.0,0.8823070927513683,0.37656903765690375,0.9805032872364543,1.0,0.0,1.0,0.0,0.0,0.0,0.0,0.0,0.0,0.0,0.0,0.0,0.0,1.0,0.0,0.0,1.0,0.0,0.0,0.0,0.0,0.0,0.0,1.0,1.0,0.0
2046,0.14814814814814814,1.0,0.0,1.0,0.3333333333333333,1.0,0.28207676886584127,0.6842105263157895,1.0,0.0,1.0,0.8823070927513683,0.37656903765690375,0.9805032872364543,1.0,0.0,0.0,0.0,0.0,0.0,0.0,0.0,0.0,0.0,0.0,0.0,0.0,0.0,1.0,0.0,0.0,0.0,0.0,0.0,0.0,1.0,0.0,0.0,1.0,0.0
2047,0.48148148148148145,1.0,0.0,1.0,0.3333333333333333,1.0,0.43394188601811506,0.18421052631578946,1.0,0.0,1.0,0.8823070927513683,0.37656903765690375,0.9805032872364543,1.0,0.0,0.0,0.0,0.0,0.0,0.0,0.0,0.0,0.0,1.0,0.0,0.0,0.0,0.0,0.0,0.0,1.0,0.0,0.0,0.0,0.0,0.0,0.0,1.0,0.0
2048,0.3209876543209876,0.0,0.0,1.0,0.3333333333333333,1.0,0.815384722005154,0.05263157894736842,1.0,0.0,1.0,0.8823070927513683,0.37656903765690375,0.9805032872364543,1.0,1.0,0.0,0.0,0.0,0.0,0.0,0.0,0.0,0.0,0.0,0.0,0.0,1.0,0.0,0.0,0.0,0.0,0.0,0.0,0.0,1.0,0.0,0.0,1.0,0.0
2049,0.16049382716049382,1.0,0.0,1.0,0.3333333333333333,1.0,0.2708649416170843,0.02631578947368421,1.0,0.0,1.0,0.8823070927513683,0.37656903765690375,0.9805032872364543,1.0,0.0,0.0,0.0,0.0,0.0,0.0,0.0,1.0,0.0,0.0,0.0,0.0,0.0,1.0,0.0,0.0,0.0,1.0,0.0,0.0,0.0,0.0,0.0,1.0,0.0
2050,0.4691358024691357,0.0,0.0,1.0,0.3333333333333333,1.0,0.4477973110243916,0.07894736842105263,1.0,0.0,1.0,0.8823070927513683,0.37656903765690375,0.9805032872364543,1.0,0.0,0.0,0.0,0.0,0.0,0.0,0.0,0.0,0.0,0.0,0.0,0.0,1.0,0.0,0.0,0.0,0.0,0.0,0.0,0.0,1.0,0.0,0.0,1.0,0.0
2051,0.2222222222222222,1.0,0.0,1.0,0.3333333333333333,1.0,0.3104459034696894,0.05263157894736842,1.0,0.0,1.0,0.8823070927513683,0.37656903765690375,0.9805032872364543,1.0,0.0,1.0,0.0,0.0,0.0,0.0,0.0,0.0,0.0,0.0,0.0,0.0,1.0,0.0,0.0,0.0,1.0,0.0,0.0,0.0,0.0,0.0,1.0,1.0,0.0
2052,0.25925925925925924,1.0,0.0,1.0,0.3333333333333333,1.0,0.6306764053478436,0.18421052631578946,1.0,0.0,1.0,0.8823070927513683,0.37656903765690375,0.9805032872364543,1.0,0.0,0.0,0.0,0.0,0.0,0.0,0.0,0.0,0.0,1.0,0.0,0.0,0.0,0.0,0.0,0.0,0.0,0.0,0.0,1.0,0.0,0.0,0.0,1.0,0.0
2053,0.4691358024691357,1.0,0.0,1.0,0.3333333333333333,1.0,0.7497264261648069,0.02631578947368421,1.0,0.0,1.0,0.8823070927513683,0.37656903765690375,0.9805032872364543,1.0,1.0,1.0,0.0,0.0,0.0,0.0,0.0,0.0,0.0,0.0,0.0,0.0,1.0,0.0,0.0,0.0,0.0,0.0,0.0,0.0,0.0,0.0,1.0,1.0,0.0
2054,0.14814814814814814,0.0,0.0,1.0,0.3333333333333333,1.0,0.5253477691257531,0.02631578947368421,1.0,0.0,1.0,0.8823070927513683,0.37656903765690375,0.9805032872364543,1.0,0.0,1.0,0.0,0.0,0.0,0.0,0.0,0.0,0.0,0.0,0.0,0.0,0.0,1.0,0.0,0.0,0.0,0.0,0.0,1.0,0.0,0.0,0.0,1.0,0.0
2055,0.1728395061728395,0.0,1.0,1.0,0.3333333333333333,1.0,0.7878066248327297,0.13157894736842105,1.0,0.0,1.0,0.8823070927513683,0.37656903765690375,0.9805032872364543,1.0,1.0,0.0,0.0,0.0,0.0,0.0,0.0,0.0,0.0,1.0,0.0,0.0,1.0,0.0,0.0,0.0,0.0,0.0,0.0,1.0,0.0,0.0,0.0,1.0,0.0
2056,0.25925925925925924,0.0,0.0,1.0,0.3333333333333333,1.0,0.7696246670779038,0.05263157894736842,1.0,0.0,1.0,0.8823070927513683,0.37656903765690375,0.9805032872364543,1.0,1.0,1.0,0.0,0.0,0.0,0.0,0.0,0.0,0.0,0.0,0.0,0.0,1.0,0.0,0.0,0.0,1.0,0.0,0.0,0.0,0.0,0.0,0.0,1.0,0.0
2057,0.2222222222222222,0.0,1.0,1.0,0.3333333333333333,1.0,0.7437559071296996,0.07894736842105263,1.0,0.0,1.0,0.8823070927513683,0.37656903765690375,0.9805032872364543,1.0,1.0,0.0,0.0,0.0,0.0,0.0,0.0,0.0,0.0,0.0,0.0,0.0,1.0,0.0,0.0,0.0,1.0,0.0,0.0,0.0,0.0,0.0,0.0,1.0,0.0
2058,0.419753086419753,1.0,0.0,1.0,0.3333333333333333,1.0,0.3400093138083381,0.05263157894736842,1.0,0.0,1.0,0.8823070927513683,0.37656903765690375,0.9805032872364543,1.0,0.0,0.0,0.0,0.0,0.0,0.0,0.0,0.0,0.0,1.0,0.0,0.0,1.0,0.0,0.0,0.0,0.0,0.0,0.0,0.0,0.0,1.0,0.0,1.0,0.0
2059,0.30864197530864196,1.0,0.0,1.0,0.3333333333333333,1.0,0.6677857821213365,0.10526315789473684,1.0,0.0,1.0,0.8823070927513683,0.37656903765690375,0.9805032872364543,1.0,1.0,0.0,1.0,0.0,0.0,0.0,0.0,0.0,0.0,0.0,0.0,0.0,1.0,0.0,0.0,0.0,0.0,0.0,0.0,1.0,0.0,0.0,0.0,1.0,0.0
2060,0.30864197530864196,1.0,0.0,1.0,0.3333333333333333,1.0,0.31856189022048026,0.13157894736842105,1.0,0.0,1.0,0.8823070927513683,0.37656903765690375,0.9805032872364543,1.0,0.0,0.0,0.0,0.0,0.0,0.0,0.0,0.0,0.0,0.0,0.0,0.0,0.0,0.0,0.0,0.0,0.0,0.0,0.0,0.0,1.0,0.0,0.0,1.0,0.0
2061,0.1728395061728395,0.0,0.0,1.0,0.3333333333333333,1.0,0.5429003918915096,0.05263157894736842,1.0,0.0,1.0,0.8823070927513683,0.37656903765690375,0.9805032872364543,1.0,0.0,0.0,0.0,0.0,1.0,0.0,0.0,0.0,0.0,0.0,0.0,0.0,0.0,1.0,0.0,0.0,0.0,0.0,0.0,0.0,1.0,0.0,1.0,1.0,0.0
2062,0.4938271604938272,0.0,0.0,1.0,0.3333333333333333,1.0,0.5078883596370491,0.05263157894736842,1.0,0.0,1.0,0.8823070927513683,0.37656903765690375,0.9805032872364543,1.0,0.0,0.0,0.0,0.0,0.0,1.0,0.0,0.0,0.0,0.0,0.0,0.0,0.0,1.0,0.0,0.0,0.0,1.0,0.0,0.0,0.0,0.0,0.0,1.0,0.0
2063,0.2345679012345679,1.0,0.0,1.0,0.3333333333333333,1.0,0.39198437567020483,0.05263157894736842,1.0,0.0,1.0,0.8823070927513683,0.37656903765690375,0.9805032872364543,1.0,0.0,0.0,0.0,0.0,0.0,0.0,0.0,0.0,0.0,0.0,0.0,0.0,1.0,0.0,0.0,0.0,0.0,0.0,0.0,0.0,1.0,0.0,0.0,1.0,0.0
2064,0.43209876543209874,0.0,0.0,1.0,0.3333333333333333,1.0,0.4396813242736008,0.15789473684210525,1.0,0.0,1.0,0.8823070927513683,0.37656903765690375,0.9805032872364543,1.0,0.0,0.0,0.0,0.0,0.0,1.0,0.0,0.0,0.0,0.0,0.0,0.0,1.0,0.0,0.0,0.0,0.0,0.0,0.0,1.0,0.0,0.0,0.0,1.0,0.0
2065,0.5185185185185184,1.0,0.0,1.0,0.3333333333333333,1.0,0.3104459034696894,0.15789473684210525,1.0,0.0,1.0,0.8823070927513683,0.37656903765690375,0.9805032872364543,1.0,0.0,0.0,0.0,0.0,0.0,0.0,0.0,1.0,0.0,0.0,0.0,0.0,1.0,0.0,0.0,0.0,0.0,1.0,0.0,0.0,0.0,0.0,1.0,1.0,0.0
2066,0.48148148148148145,1.0,0.0,1.0,0.3333333333333333,1.0,0.823270727940786,0.05263157894736842,1.0,0.0,1.0,0.8823070927513683,0.37656903765690375,0.9805032872364543,1.0,1.0,0.0,0.0,0.0,0.0,1.0,0.0,0.0,0.0,0.0,0.0,0.0,1.0,0.0,0.0,0.0,0.0,1.0,0.0,0.0,0.0,0.0,1.0,1.0,0.0
2067,0.14814814814814814,0.0,1.0,1.0,0.3333333333333333,1.0,0.4735228478707203,0.10526315789473684,1.0,0.0,1.0,0.8823070927513683,0.37656903765690375,0.9805032872364543,1.0,0.0,1.0,0.0,0.0,0.0,0.0,0.0,0.0,0.0,0.0,0.0,0.0,1.0,0.0,0.0,0.0,0.0,0.0,0.0,0.0,0.0,1.0,1.0,1.0,0.0
2068,0.2839506172839506,0.0,1.0,1.0,0.3333333333333333,1.0,0.3400093138083381,0.02631578947368421,1.0,0.0,1.0,0.8823070927513683,0.37656903765690375,0.9805032872364543,1.0,0.0,0.0,0.0,0.0,1.0,0.0,0.0,0.0,0.0,0.0,0.0,0.0,1.0,0.0,0.0,0.0,0.0,0.0,0.0,0.0,0.0,1.0,0.0,1.0,0.0
2069,0.2839506172839506,1.0,0.0,1.0,0.3333333333333333,1.0,0.4039575981303762,0.07894736842105263,1.0,0.0,1.0,0.8823070927513683,0.37656903765690375,0.9805032872364543,1.0,0.0,0.0,0.0,1.0,0.0,0.0,0.0,0.0,0.0,0.0,0.0,0.0,1.0,0.0,0.0,0.0,0.0,0.0,0.0,0.0,0.0,0.0,1.0,1.0,0.0
2070,0.29629629629629634,1.0,0.0,1.0,0.3333333333333333,1.0,0.43394188601811506,0.10526315789473684,1.0,0.0,1.0,0.8823070927513683,0.37656903765690375,0.9805032872364543,1.0,0.0,0.0,0.0,0.0,0.0,0.0,1.0,0.0,0.0,0.0,0.0,0.0,0.0,0.0,0.0,0.0,0.0,0.0,0.0,0.0,1.0,0.0,1.0,1.0,0.0
2071,0.5061728395061729,1.0,0.0,1.0,0.3333333333333333,1.0,0.48923083320309235,0.368421052631579,1.0,0.0,1.0,0.8823070927513683,0.37656903765690375,0.9805032872364543,1.0,0.0,1.0,0.0,0.0,0.0,0.0,0.0,0.0,0.0,0.0,0.0,0.0,1.0,0.0,0.0,0.0,1.0,0.0,0.0,0.0,0.0,0.0,1.0,1.0,0.0
2072,0.30864197530864196,0.0,0.0,1.0,0.3333333333333333,1.0,0.45038280300177924,0.5526315789473685,1.0,0.0,1.0,0.8823070927513683,0.37656903765690375,0.9805032872364543,1.0,0.0,0.0,0.0,0.0,0.0,0.0,0.0,0.0,0.0,1.0,0.0,0.0,0.0,0.0,0.0,0.0,1.0,0.0,0.0,0.0,0.0,0.0,0.0,1.0,0.0
2073,0.2345679012345679,1.0,1.0,1.0,0.3333333333333333,1.0,0.31856189022048026,0.07894736842105263,1.0,0.0,1.0,0.8823070927513683,0.37656903765690375,0.9805032872364543,1.0,0.0,1.0,0.0,0.0,0.0,0.0,0.0,0.0,0.0,0.0,0.0,0.0,0.0,1.0,0.0,0.0,0.0,1.0,0.0,0.0,0.0,0.0,0.0,1.0,0.0
2074,0.13580246913580246,0.0,0.0,1.0,0.3333333333333333,1.0,0.7892500190089669,0.02631578947368421,1.0,0.0,1.0,0.8823070927513683,0.37656903765690375,0.9805032872364543,1.0,0.0,0.0,0.0,0.0,0.0,0.0,0.0,0.0,0.0,0.0,0.0,0.0,1.0,0.0,0.0,0.0,0.0,0.0,0.0,0.0,1.0,0.0,0.0,1.0,0.0
2075,0.25925925925925924,1.0,1.0,1.0,0.3333333333333333,1.0,0.697528105269356,0.10526315789473684,1.0,0.0,1.0,0.8823070927513683,0.37656903765690375,0.9805032872364543,1.0,0.0,0.0,0.0,0.0,0.0,0.0,1.0,0.0,0.0,0.0,0.0,0.0,0.0,1.0,0.0,0.0,1.0,0.0,0.0,0.0,0.0,0.0,1.0,1.0,0.0
2076,0.24691358024691357,1.0,0.0,1.0,0.3333333333333333,1.0,0.31856189022048026,0.05263157894736842,1.0,0.0,1.0,0.8823070927513683,0.37656903765690375,0.9805032872364543,1.0,0.0,0.0,0.0,0.0,0.0,0.0,0.0,0.0,0.0,0.0,0.0,0.0,1.0,0.0,0.0,0.0,0.0,1.0,0.0,0.0,0.0,0.0,0.0,1.0,0.0
2077,0.14814814814814814,0.0,0.0,1.0,0.3333333333333333,1.0,0.22890743126917404,0.42105263157894735,1.0,0.0,1.0,0.8823070927513683,0.37656903765690375,0.9805032872364543,1.0,0.0,0.0,0.0,0.0,0.0,0.0,0.0,0.0,0.0,0.0,1.0,0.0,0.0,1.0,0.0,0.0,0.0,0.0,0.0,0.0,1.0,0.0,0.0,1.0,0.0
2078,0.13580246913580246,0.0,0.0,1.0,0.3333333333333333,1.0,0.3581428520730854,0.05263157894736842,1.0,0.0,1.0,0.8823070927513683,0.37656903765690375,0.9805032872364543,1.0,0.0,1.0,0.0,0.0,0.0,0.0,0.0,0.0,0.0,0.0,0.0,0.0,1.0,0.0,0.0,0.0,0.0,0.0,0.0,0.0,0.0,1.0,1.0,1.0,0.0
2079,0.12345679012345678,0.0,0.0,1.0,0.3333333333333333,1.0,0.4578148625383481,0.10526315789473684,1.0,0.0,1.0,0.8823070927513683,0.37656903765690375,0.9805032872364543,1.0,0.0,0.0,1.0,0.0,0.0,0.0,0.0,0.0,0.0,0.0,0.0,0.0,0.0,1.0,0.0,0.0,0.0,0.0,0.0,0.0,1.0,0.0,0.0,1.0,0.0
2080,0.2222222222222222,0.0,0.0,1.0,0.3333333333333333,1.0,0.3104459034696894,0.07894736842105263,1.0,0.0,1.0,0.8823070927513683,0.37656903765690375,0.9805032872364543,1.0,0.0,0.0,0.0,0.0,0.0,0.0,0.0,0.0,0.0,0.0,0.0,0.0,1.0,0.0,0.0,0.0,0.0,0.0,0.0,0.0,1.0,0.0,0.0,1.0,0.0
2081,0.12345679012345678,1.0,0.0,1.0,0.3333333333333333,1.0,0.4182339006857429,0.18421052631578946,1.0,0.0,1.0,0.8823070927513683,0.37656903765690375,0.9805032872364543,1.0,0.0,1.0,0.0,0.0,0.0,0.0,0.0,0.0,0.0,0.0,0.0,0.0,1.0,0.0,0.0,1.0,0.0,0.0,0.0,0.0,0.0,0.0,1.0,1.0,0.0
2082,0.1111111111111111,1.0,0.0,1.0,0.3333333333333333,1.0,0.2923123652049422,0.5,1.0,0.0,1.0,0.8823070927513683,0.37656903765690375,0.9805032872364543,1.0,0.0,0.0,0.0,0.0,0.0,0.0,0.0,0.0,0.0,1.0,0.0,0.0,1.0,0.0,0.0,1.0,0.0,0.0,0.0,0.0,0.0,0.0,0.0,1.0,0.0
2083,0.14814814814814814,1.0,0.0,1.0,0.3333333333333333,1.0,0.2708649416170843,0.39473684210526316,1.0,0.0,1.0,0.8823070927513683,0.37656903765690375,0.9805032872364543,1.0,0.0,0.0,0.0,0.0,0.0,0.0,0.0,0.0,0.0,0.0,0.0,0.0,1.0,0.0,0.0,0.0,0.0,0.0,0.0,0.0,1.0,0.0,0.0,1.0,0.0
2084,0.2839506172839506,0.0,0.0,1.0,0.3333333333333333,1.0,0.4529126886678098,0.07894736842105263,1.0,0.0,1.0,0.8823070927513683,0.37656903765690375,0.9805032872364543,1.0,0.0,1.0,0.0,0.0,0.0,0.0,0.0,0.0,0.0,0.0,0.0,0.0,1.0,0.0,0.0,0.0,1.0,0.0,0.0,0.0,0.0,0.0,0.0,1.0,0.0
2085,0.2345679012345679,1.0,0.0,1.0,0.3333333333333333,1.0,0.2708649416170843,0.02631578947368421,1.0,0.0,1.0,0.8823070927513683,0.37656903765690375,0.9805032872364543,1.0,0.0,1.0,0.0,0.0,0.0,0.0,0.0,0.0,0.0,0.0,0.0,0.0,1.0,0.0,0.0,0.0,0.0,0.0,0.0,1.0,0.0,0.0,1.0,1.0,0.0
2086,0.2222222222222222,0.0,0.0,1.0,0.3333333333333333,1.0,0.28207676886584127,0.05263157894736842,1.0,0.0,1.0,0.8823070927513683,0.37656903765690375,0.9805032872364543,1.0,0.0,0.0,0.0,0.0,0.0,0.0,0.0,0.0,1.0,0.0,0.0,0.0,0.0,1.0,0.0,0.0,0.0,0.0,0.0,0.0,1.0,0.0,1.0,1.0,0.0
2087,0.2839506172839506,0.0,0.0,1.0,0.3333333333333333,1.0,0.36884433080126383,0.18421052631578946,1.0,0.0,1.0,0.8823070927513683,0.37656903765690375,0.9805032872364543,1.0,0.0,1.0,0.0,0.0,0.0,0.0,0.0,0.0,0.0,0.0,0.0,0.0,1.0,0.0,0.0,0.0,0.0,0.0,0.0,0.0,0.0,1.0,1.0,1.0,0.0
2088,0.34567901234567905,0.0,0.0,1.0,0.3333333333333333,1.0,0.8034238072663552,0.05263157894736842,1.0,0.0,1.0,0.8823070927513683,0.37656903765690375,0.9805032872364543,1.0,1.0,1.0,0.0,0.0,0.0,0.0,0.0,0.0,0.0,0.0,0.0,0.0,1.0,0.0,0.0,0.0,1.0,0.0,0.0,0.0,0.0,0.0,1.0,1.0,0.0
2089,0.48148148148148145,0.0,1.0,1.0,0.3333333333333333,1.0,0.8112936686551774,0.07894736842105263,1.0,0.0,1.0,0.8823070927513683,0.37656903765690375,0.9805032872364543,1.0,1.0,0.0,0.0,0.0,0.0,0.0,0.0,0.0,0.0,1.0,0.0,0.0,1.0,0.0,0.0,0.0,0.0,0.0,0.0,0.0,0.0,1.0,0.0,1.0,0.0
2090,0.14814814814814814,0.0,0.0,1.0,0.3333333333333333,0.0,0.5670345425314071,0.02631578947368421,1.0,0.0,1.0,0.8823070927513683,0.37656903765690375,0.9802765812740877,1.0,0.0,0.0,0.0,0.0,0.0,0.0,0.0,1.0,0.0,0.0,0.0,0.0,0.0,1.0,0.0,0.0,0.0,1.0,0.0,0.0,0.0,0.0,1.0,1.0,0.0
2091,0.2839506172839506,0.0,0.0,1.0,0.3333333333333333,0.0,0.7308208467673027,0.02631578947368421,1.0,0.0,1.0,0.8823070927513683,0.37656903765690375,0.9802765812740877,1.0,1.0,0.0,0.0,0.0,0.0,0.0,0.0,0.0,0.0,0.0,0.0,0.0,0.0,1.0,0.0,0.0,0.0,0.0,0.0,0.0,1.0,0.0,0.0,1.0,0.0
2092,0.2716049382716049,0.0,0.0,1.0,0.3333333333333333,0.0,0.7656600303932715,0.05263157894736842,1.0,0.0,1.0,0.8823070927513683,0.37656903765690375,0.9802765812740877,1.0,1.0,0.0,0.0,0.0,1.0,0.0,0.0,0.0,0.0,0.0,0.0,0.0,0.0,1.0,0.0,0.0,0.0,0.0,0.0,0.0,1.0,0.0,0.0,1.0,0.0
2093,0.16049382716049382,1.0,0.0,1.0,0.3333333333333333,0.0,0.7642490971431724,0.02631578947368421,1.0,0.0,1.0,0.8823070927513683,0.37656903765690375,0.9802765812740877,1.0,1.0,1.0,0.0,0.0,0.0,0.0,0.0,0.0,0.0,0.0,0.0,0.0,0.0,1.0,0.0,0.0,1.0,0.0,0.0,0.0,0.0,0.0,0.0,1.0,0.0
2094,0.16049382716049382,1.0,0.0,1.0,0.3333333333333333,0.25,0.48737827287699675,0.10526315789473684,1.0,0.0,1.0,0.8823070927513683,0.37656903765690375,0.9802765812740877,1.0,0.0,0.0,0.0,0.0,0.0,0.0,0.0,1.0,0.0,0.0,0.0,0.0,1.0,0.0,0.0,0.0,0.0,1.0,0.0,0.0,0.0,0.0,0.0,1.0,0.0
2095,0.1111111111111111,0.0,0.0,1.0,0.3333333333333333,0.25,0.4756049402686357,0.05263157894736842,1.0,0.0,1.0,0.8823070927513683,0.37656903765690375,0.9802765812740877,1.0,0.0,0.0,0.0,0.0,0.0,0.0,0.0,0.0,0.0,0.0,0.0,0.0,0.0,1.0,0.0,0.0,0.0,1.0,0.0,0.0,0.0,0.0,0.0,1.0,0.0
2096,0.2716049382716049,0.0,0.0,1.0,0.3333333333333333,0.25,0.6134597474028101,0.05263157894736842,1.0,0.0,1.0,0.8823070927513683,0.37656903765690375,0.9802765812740877,1.0,0.0,0.0,0.0,0.0,0.0,0.0,0.0,0.0,0.0,0.0,0.0,0.0,0.0,1.0,0.0,0.0,0.0,1.0,0.0,0.0,0.0,0.0,0.0,1.0,0.0
2097,0.24691358024691357,1.0,0.0,1.0,0.3333333333333333,0.25,0.5870502833422594,0.05263157894736842,1.0,0.0,1.0,0.8823070927513683,0.37656903765690375,0.9802765812740877,1.0,0.0,0.0,0.0,0.0,0.0,0.0,0.0,1.0,0.0,0.0,0.0,0.0,1.0,0.0,0.0,0.0,0.0,1.0,0.0,0.0,0.0,0.0,1.0,1.0,0.0
2098,0.419753086419753,1.0,0.0,1.0,0.3333333333333333,0.25,0.7376886616025277,0.02631578947368421,1.0,0.0,1.0,0.8823070927513683,0.37656903765690375,0.9802765812740877,1.0,1.0,0.0,0.0,0.0,0.0,0.0,0.0,0.0,0.0,0.0,0.0,0.0,0.0,0.0,0.0,0.0,0.0,0.0,0.0,0.0,0.0,1.0,0.0,1.0,0.0
2099,0.43209876543209874,0.0,1.0,1.0,0.3333333333333333,0.5,0.649517880450222,0.0,1.0,0.0,1.0,0.8823070927513683,0.37656903765690375,0.9802765812740877,1.0,0.0,0.0,0.0,0.0,0.0,0.0,0.0,0.0,0.0,1.0,0.0,0.0,1.0,0.0,0.0,0.0,1.0,0.0,0.0,0.0,0.0,0.0,0.0,1.0,0.0
2100,0.2716049382716049,1.0,0.0,1.0,0.3333333333333333,0.5,0.5940405662922726,0.0,1.0,0.0,1.0,0.8823070927513683,0.37656903765690375,0.9802765812740877,1.0,0.0,0.0,0.0,0.0,0.0,0.0,0.0,0.0,0.0,1.0,0.0,0.0,1.0,0.0,0.0,0.0,1.0,0.0,0.0,0.0,0.0,0.0,1.0,1.0,0.0
2101,0.2345679012345679,1.0,0.0,1.0,0.3333333333333333,0.5,0.49636241965296135,0.0,1.0,0.0,1.0,0.8823070927513683,0.37656903765690375,0.9802765812740877,1.0,0.0,0.0,0.0,0.0,0.0,0.0,0.0,0.0,0.0,0.0,0.0,0.0,1.0,0.0,0.0,0.0,0.0,0.0,0.0,0.0,1.0,0.0,0.0,1.0,0.0
2102,0.13580246913580246,0.0,0.0,1.0,0.3333333333333333,0.5,0.5909849360662706,0.0,1.0,0.0,1.0,0.8823070927513683,0.37656903765690375,0.9802765812740877,1.0,0.0,0.0,0.0,0.0,0.0,0.0,0.0,0.0,0.0,0.0,0.0,0.0,1.0,0.0,0.0,0.0,0.0,1.0,0.0,0.0,0.0,0.0,0.0,1.0,0.0
2103,0.30864197530864196,0.0,0.0,1.0,0.3333333333333333,0.5,0.603456402174661,0.18421052631578946,1.0,0.0,1.0,0.8823070927513683,0.37656903765690375,0.9802765812740877,1.0,0.0,0.0,0.0,0.0,1.0,0.0,0.0,0.0,0.0,0.0,0.0,0.0,1.0,0.0,0.0,0.0,0.0,0.0,0.0,0.0,1.0,0.0,0.0,1.0,0.0
2104,0.34567901234567905,1.0,0.0,1.0,0.3333333333333333,0.75,0.7621004502034615,0.02631578947368421,1.0,0.0,1.0,0.8823070927513683,0.37656903765690375,0.9795964633869871,1.0,0.0,0.0,0.0,0.0,0.0,0.0,0.0,0.0,0.0,0.0,0.0,0.0,1.0,0.0,0.0,0.0,0.0,1.0,0.0,0.0,0.0,0.0,0.0,1.0,0.0
2105,0.1728395061728395,1.0,1.0,1.0,0.3333333333333333,0.75,0.7356700871054456,0.05263157894736842,1.0,0.0,1.0,0.8823070927513683,0.37656903765690375,0.9795964633869871,1.0,1.0,1.0,0.0,0.0,0.0,0.0,0.0,0.0,0.0,0.0,0.0,0.0,1.0,0.0,0.0,0.0,0.0,0.0,0.0,0.0,0.0,0.0,1.0,1.0,0.0
2106,0.38271604938271603,1.0,1.0,1.0,0.3333333333333333,0.75,0.7668808657338575,0.05263157894736842,1.0,0.0,1.0,0.8823070927513683,0.37656903765690375,0.9795964633869871,1.0,1.0,1.0,0.0,0.0,0.0,0.0,0.0,0.0,0.0,0.0,0.0,0.0,1.0,0.0,0.0,0.0,0.0,1.0,0.0,0.0,0.0,0.0,0.0,1.0,0.0
2107,0.13580246913580246,0.0,1.0,1.0,0.3333333333333333,0.75,0.6513851442510553,0.0,1.0,0.0,1.0,0.8823070927513683,0.37656903765690375,0.9795964633869871,1.0,0.0,0.0,0.0,0.0,0.0,0.0,0.0,0.0,0.0,0.0,0.0,0.0,0.0,1.0,0.0,0.0,0.0,0.0,0.0,1.0,0.0,0.0,0.0,1.0,0.0
2108,0.16049382716049382,0.0,0.0,1.0,0.3333333333333333,0.75,0.6717469358140523,0.07894736842105263,1.0,0.0,1.0,0.8823070927513683,0.37656903765690375,0.9795964633869871,1.0,0.0,0.0,0.0,0.0,0.0,0.0,0.0,0.0,0.0,0.0,0.0,0.0,0.0,1.0,0.0,0.0,0.0,0.0,0.0,0.0,1.0,0.0,0.0,1.0,0.0
2109,0.34567901234567905,1.0,1.0,1.0,0.3333333333333333,0.75,0.5601990426951532,0.0,1.0,0.0,1.0,0.8823070927513683,0.37656903765690375,0.9795964633869871,1.0,0.0,0.0,0.0,0.0,0.0,0.0,0.0,0.0,0.0,1.0,0.0,0.0,0.0,1.0,0.0,0.0,0.0,0.0,0.0,1.0,0.0,0.0,1.0,1.0,0.0
2110,0.419753086419753,0.0,1.0,1.0,0.3333333333333333,0.75,0.5344511608683252,0.0,1.0,0.0,1.0,0.8823070927513683,0.37656903765690375,0.9795964633869871,1.0,0.0,0.0,0.0,0.0,1.0,0.0,0.0,0.0,0.0,0.0,0.0,0.0,1.0,0.0,0.0,0.0,0.0,0.0,0.0,0.0,1.0,0.0,1.0,1.0,0.0
2111,0.2222222222222222,1.0,0.0,1.0,0.3333333333333333,0.75,0.40010036242099567,0.0,1.0,0.0,1.0,0.8823070927513683,0.37656903765690375,0.9795964633869871,1.0,0.0,0.0,0.0,0.0,0.0,0.0,1.0,0.0,0.0,0.0,0.0,0.0,1.0,0.0,0.0,0.0,0.0,0.0,0.0,1.0,0.0,0.0,1.0,1.0,0.0
2112,0.2716049382716049,1.0,0.0,1.0,0.3333333333333333,0.75,0.5902084636135368,0.0,1.0,0.0,1.0,0.8823070927513683,0.37656903765690375,0.9795964633869871,1.0,0.0,1.0,0.0,0.0,0.0,0.0,0.0,0.0,0.0,0.0,0.0,0.0,1.0,0.0,0.0,1.0,0.0,0.0,0.0,0.0,0.0,0.0,0.0,1.0,0.0
2113,0.09876543209876543,0.0,1.0,1.0,0.3333333333333333,0.75,0.5902084636135368,0.02631578947368421,1.0,0.0,1.0,0.8823070927513683,0.37656903765690375,0.9795964633869871,1.0,0.0,0.0,0.0,0.0,0.0,0.0,0.0,0.0,0.0,1.0,0.0,0.0,0.0,1.0,0.0,0.0,0.0,0.0,0.0,1.0,0.0,0.0,0.0,1.0,0.0
2114,0.2345679012345679,1.0,1.0,1.0,0.3333333333333333,0.75,0.7807748406829615,0.05263157894736842,1.0,0.0,1.0,0.8823070927513683,0.37656903765690375,0.9795964633869871,1.0,1.0,1.0,0.0,0.0,0.0,0.0,0.0,0.0,0.0,0.0,0.0,0.0,0.0,1.0,0.0,0.0,1.0,0.0,0.0,0.0,0.0,0.0,0.0,1.0,0.0
2115,0.5061728395061729,1.0,0.0,1.0,0.3333333333333333,0.75,0.9488325931300314,0.02631578947368421,1.0,0.0,1.0,0.8823070927513683,0.37656903765690375,0.9795964633869871,1.0,1.0,0.0,0.0,0.0,0.0,1.0,0.0,0.0,0.0,0.0,0.0,0.0,1.0,0.0,0.0,0.0,0.0,1.0,0.0,0.0,0.0,0.0,0.0,1.0,0.0
2116,0.14814814814814814,0.0,0.0,1.0,0.3333333333333333,0.75,0.646660205928461,0.02631578947368421,1.0,0.0,1.0,0.8823070927513683,0.37656903765690375,0.9795964633869871,1.0,0.0,1.0,0.0,0.0,0.0,0.0,0.0,0.0,0.0,0.0,0.0,0.0,0.0,0.0,0.0,0.0,0.0,0.0,0.0,0.0,0.0,0.0,1.0,1.0,0.0
2117,0.30864197530864196,0.0,0.0,1.0,0.3333333333333333,0.75,0.5094464638657551,0.10526315789473684,1.0,0.0,1.0,0.8823070927513683,0.37656903765690375,0.9795964633869871,1.0,0.0,1.0,0.0,0.0,0.0,0.0,0.0,0.0,0.0,0.0,0.0,0.0,1.0,0.0,0.0,0.0,1.0,0.0,0.0,0.0,0.0,0.0,1.0,1.0,0.0
2118,0.1728395061728395,0.0,0.0,1.0,0.3333333333333333,1.0,0.7113835302756325,0.13157894736842105,1.0,0.0,1.0,0.8823070927513683,0.37656903765690375,0.9777828156880528,1.0,1.0,0.0,0.0,0.0,0.0,0.0,0.0,1.0,0.0,0.0,0.0,0.0,0.0,1.0,0.0,0.0,0.0,1.0,0.0,0.0,0.0,0.0,0.0,1.0,0.0
2119,0.25925925925925924,1.0,0.0,1.0,0.3333333333333333,1.0,0.794441679094255,0.02631578947368421,1.0,0.0,1.0,0.8823070927513683,0.37656903765690375,0.9777828156880528,1.0,1.0,1.0,0.0,0.0,0.0,0.0,0.0,0.0,0.0,0.0,0.0,0.0,0.0,1.0,0.0,0.0,0.0,1.0,0.0,0.0,0.0,0.0,1.0,1.0,0.0
2120,0.18518518518518517,0.0,0.0,1.0,0.3333333333333333,1.0,0.5169416832156455,0.07894736842105263,1.0,0.0,1.0,0.8823070927513683,0.37656903765690375,0.9777828156880528,1.0,0.0,0.0,0.0,0.0,1.0,0.0,0.0,0.0,0.0,0.0,0.0,0.0,1.0,0.0,0.0,0.0,0.0,0.0,0.0,0.0,1.0,0.0,0.0,1.0,0.0
2121,0.4074074074074074,0.0,0.0,1.0,0.3333333333333333,1.0,0.7343048669527241,0.05263157894736842,1.0,0.0,1.0,0.8823070927513683,0.37656903765690375,0.9777828156880528,1.0,0.0,0.0,0.0,0.0,0.0,0.0,0.0,0.0,0.0,0.0,0.0,0.0,1.0,0.0,0.0,0.0,0.0,1.0,0.0,0.0,0.0,0.0,0.0,1.0,0.0
2122,0.20987654320987653,0.0,0.0,1.0,0.3333333333333333,1.0,0.672135812695421,0.02631578947368421,1.0,0.0,1.0,0.8823070927513683,0.37656903765690375,0.9777828156880528,1.0,0.0,1.0,0.0,0.0,0.0,0.0,0.0,0.0,0.0,0.0,0.0,0.0,1.0,0.0,0.0,0.0,1.0,0.0,0.0,0.0,0.0,0.0,0.0,1.0,0.0
2123,0.12345679012345678,0.0,0.0,1.0,0.3333333333333333,1.0,0.8017588290706973,0.0,1.0,0.0,1.0,0.8823070927513683,0.37656903765690375,0.9777828156880528,1.0,1.0,0.0,0.0,0.0,0.0,0.0,1.0,0.0,0.0,0.0,0.0,0.0,0.0,1.0,0.0,0.0,0.0,0.0,0.0,0.0,1.0,0.0,0.0,1.0,0.0
2124,0.12345679012345678,1.0,1.0,1.0,0.3333333333333333,1.0,0.5463436176888766,0.0,1.0,0.0,1.0,0.8823070927513683,0.37656903765690375,0.9777828156880528,1.0,0.0,0.0,0.0,0.0,0.0,0.0,0.0,0.0,0.0,0.0,0.0,0.0,0.0,1.0,0.0,0.0,0.0,0.0,0.0,1.0,0.0,0.0,0.0,1.0,0.0
2125,0.2345679012345679,1.0,0.0,1.0,0.3333333333333333,1.0,0.6499874824690127,0.18421052631578946,1.0,0.0,1.0,0.8823070927513683,0.37656903765690375,0.9777828156880528,1.0,0.0,1.0,0.0,0.0,0.0,0.0,0.0,0.0,0.0,0.0,0.0,0.0,0.0,1.0,0.0,0.0,0.0,0.0,0.0,0.0,0.0,0.0,0.0,1.0,0.0
2126,0.13580246913580246,0.0,0.0,1.0,0.3333333333333333,1.0,0.6328650293995502,0.0,1.0,0.0,1.0,0.8823070927513683,0.37656903765690375,0.9777828156880528,1.0,0.0,1.0,0.0,0.0,0.0,0.0,0.0,0.0,0.0,0.0,0.0,0.0,1.0,0.0,0.0,0.0,0.0,1.0,0.0,0.0,0.0,0.0,0.0,1.0,0.0
2127,0.5185185185185184,1.0,0.0,1.0,0.3333333333333333,1.0,0.5779008918534767,0.02631578947368421,1.0,0.0,1.0,0.8823070927513683,0.37656903765690375,0.9777828156880528,1.0,0.0,0.0,0.0,0.0,0.0,0.0,0.0,0.0,0.0,1.0,0.0,0.0,0.0,0.0,0.0,0.0,0.0,0.0,0.0,0.0,0.0,0.0,0.0,1.0,0.0
2128,0.5061728395061729,0.0,0.0,1.0,0.3333333333333333,1.0,0.6811028302176989,0.0,1.0,0.0,1.0,0.8823070927513683,0.37656903765690375,0.9777828156880528,1.0,0.0,1.0,0.0,0.0,0.0,0.0,0.0,0.0,0.0,0.0,0.0,0.0,1.0,0.0,0.0,0.0,0.0,0.0,0.0,0.0,0.0,0.0,1.0,1.0,0.0
2129,0.34567901234567905,1.0,0.0,1.0,0.3333333333333333,1.0,0.6685887555427749,0.05263157894736842,1.0,0.0,1.0,0.8823070927513683,0.37656903765690375,0.9777828156880528,1.0,0.0,0.0,0.0,0.0,0.0,0.0,0.0,0.0,0.0,1.0,0.0,0.0,0.0,1.0,0.0,0.0,0.0,0.0,0.0,1.0,0.0,0.0,1.0,1.0,0.0
2130,0.14814814814814814,1.0,0.0,1.0,0.3333333333333333,1.0,0.4756049402686357,0.02631578947368421,1.0,0.0,1.0,0.8823070927513683,0.37656903765690375,0.9777828156880528,1.0,0.0,0.0,0.0,0.0,0.0,0.0,0.0,1.0,0.0,0.0,0.0,0.0,0.0,0.0,0.0,0.0,0.0,1.0,0.0,0.0,0.0,0.0,0.0,1.0,0.0
2131,0.1728395061728395,1.0,0.0,1.0,0.3333333333333333,0.0,0.6226787043279698,0.02631578947368421,1.0,0.0,1.0,0.8823070927513683,0.37656903765690375,0.9777828156880528,1.0,0.0,1.0,0.0,0.0,0.0,0.0,0.0,0.0,0.0,0.0,0.0,0.0,1.0,0.0,0.0,0.0,1.0,0.0,0.0,0.0,0.0,0.0,0.0,1.0,0.0
2132,0.4691358024691357,0.5,0.5,1.0,0.3333333333333333,0.0,0.47140323828241015,0.05263157894736842,1.0,0.0,1.0,0.8823070927513683,0.37656903765690375,0.9777828156880528,1.0,0.0,1.0,0.0,0.0,0.0,0.0,0.0,0.0,0.0,0.0,0.0,0.0,1.0,0.0,0.0,0.0,0.0,0.0,0.0,0.0,0.0,0.0,1.0,1.0,0.0
2133,0.2222222222222222,0.0,0.0,1.0,0.3333333333333333,0.0,0.39198437567020483,0.05263157894736842,1.0,0.0,1.0,0.8823070927513683,0.37656903765690375,0.9777828156880528,1.0,0.0,0.0,0.0,0.0,0.0,0.0,0.0,0.0,0.0,0.0,0.0,0.0,1.0,0.0,0.0,0.0,0.0,0.0,0.0,0.0,1.0,0.0,0.0,1.0,0.0
2134,0.18518518518518517,1.0,0.0,1.0,0.3333333333333333,0.0,0.5621929065211045,0.0,1.0,0.0,1.0,0.8823070927513683,0.37656903765690375,0.9777828156880528,1.0,0.0,0.0,0.0,0.0,0.0,0.0,1.0,0.0,0.0,0.0,0.0,0.0,0.0,0.0,0.0,0.0,0.0,0.0,0.0,1.0,0.0,0.0,0.0,1.0,0.0
2135,0.2716049382716049,0.0,0.0,1.0,0.3333333333333333,0.0,0.6250197795910157,0.0,1.0,0.0,1.0,0.8823070927513683,0.37656903765690375,0.9777828156880528,1.0,0.0,0.0,0.0,0.0,0.0,0.0,0.0,0.0,0.0,0.0,0.0,0.0,0.0,1.0,0.0,0.0,0.0,1.0,0.0,0.0,0.0,0.0,0.0,1.0,0.0
2136,0.24691358024691357,0.0,1.0,1.0,0.3333333333333333,0.0,0.5280214103388018,0.07894736842105263,1.0,0.0,1.0,0.8823070927513683,0.37656903765690375,0.9777828156880528,1.0,0.0,0.0,0.0,0.0,0.0,0.0,1.0,0.0,0.0,0.0,0.0,0.0,0.0,1.0,0.0,0.0,0.0,0.0,0.0,0.0,1.0,0.0,1.0,1.0,0.0
2137,0.4444444444444445,0.0,0.0,1.0,0.3333333333333333,0.0,0.8183342631067385,0.13157894736842105,1.0,0.0,1.0,0.8823070927513683,0.37656903765690375,0.9777828156880528,1.0,1.0,0.0,0.0,0.0,0.0,0.0,0.0,0.0,0.0,1.0,0.0,0.0,1.0,0.0,0.0,0.0,1.0,0.0,0.0,0.0,0.0,0.0,0.0,1.0,0.0
2138,0.1728395061728395,0.0,0.0,1.0,0.3333333333333333,0.0,0.6545831899296645,0.05263157894736842,1.0,0.0,1.0,0.8823070927513683,0.37656903765690375,0.9777828156880528,1.0,0.0,0.0,0.0,1.0,0.0,0.0,0.0,0.0,0.0,0.0,0.0,0.0,1.0,0.0,0.0,0.0,0.0,0.0,0.0,0.0,0.0,0.0,0.0,1.0,0.0
2139,0.29629629629629634,1.0,1.0,1.0,0.44444444444444436,0.25,0.6993904420466923,0.07894736842105263,1.0,0.0,1.0,0.6691348402182413,0.3389121338912131,0.9795964633869871,1.0,0.0,0.0,1.0,0.0,0.0,0.0,0.0,0.0,0.0,0.0,0.0,0.0,1.0,0.0,0.0,0.0,0.0,0.0,0.0,0.0,1.0,0.0,0.0,1.0,0.0
2140,0.09876543209876543,1.0,0.0,1.0,0.44444444444444436,0.25,0.7262542512230573,0.21052631578947367,1.0,0.0,1.0,0.6691348402182413,0.3389121338912131,0.9795964633869871,1.0,1.0,0.0,0.0,0.0,0.0,0.0,0.0,1.0,0.0,0.0,0.0,0.0,1.0,0.0,0.0,0.0,0.0,1.0,0.0,0.0,0.0,0.0,0.0,1.0,0.0
2141,0.24691358024691357,1.0,0.0,1.0,0.44444444444444436,0.25,0.6461771040195569,0.13157894736842105,1.0,0.0,1.0,0.6691348402182413,0.3389121338912131,0.9795964633869871,1.0,0.0,0.0,0.0,0.0,0.0,0.0,0.0,0.0,0.0,1.0,0.0,0.0,1.0,0.0,0.0,0.0,0.0,0.0,0.0,1.0,0.0,0.0,0.0,1.0,0.0
2142,0.13580246913580246,0.0,0.0,1.0,0.44444444444444436,0.25,0.5612001989464611,0.0,1.0,0.0,1.0,0.6691348402182413,0.3389121338912131,0.9795964633869871,1.0,0.0,1.0,0.0,0.0,0.0,0.0,0.0,0.0,0.0,0.0,0.0,0.0,0.0,1.0,0.0,1.0,0.0,0.0,0.0,0.0,0.0,0.0,0.0,1.0,0.0
2143,0.3209876543209876,1.0,1.0,1.0,0.44444444444444436,0.25,0.6924127276259379,0.0,1.0,0.0,1.0,0.6691348402182413,0.3389121338912131,0.9795964633869871,1.0,0.0,0.0,0.0,0.0,0.0,0.0,0.0,0.0,0.0,1.0,0.0,0.0,0.0,1.0,0.0,0.0,0.0,0.0,0.0,1.0,0.0,0.0,0.0,1.0,0.0
2144,0.4691358024691357,1.0,0.0,1.0,0.44444444444444436,0.25,0.5253477691257531,0.0,1.0,0.0,1.0,0.6691348402182413,0.3389121338912131,0.9795964633869871,1.0,0.0,1.0,0.0,0.0,0.0,0.0,0.0,0.0,0.0,0.0,0.0,0.0,1.0,0.0,0.0,0.0,0.0,0.0,0.0,0.0,0.0,0.0,0.0,1.0,0.0
2145,0.2222222222222222,1.0,1.0,1.0,0.44444444444444436,0.25,0.5955391234938983,0.0,1.0,0.0,1.0,0.6691348402182413,0.3389121338912131,0.9795964633869871,1.0,0.0,0.0,0.0,0.0,0.0,0.0,0.0,0.0,0.0,0.0,0.0,0.0,1.0,0.0,0.0,0.0,0.0,1.0,0.0,0.0,0.0,0.0,0.0,1.0,0.0
2146,0.12345679012345678,1.0,0.0,1.0,0.44444444444444436,0.25,0.7108260166752879,0.02631578947368421,1.0,0.0,1.0,0.6691348402182413,0.3389121338912131,0.9795964633869871,1.0,0.0,0.0,1.0,0.0,0.0,0.0,0.0,0.0,0.0,0.0,0.0,0.0,0.0,1.0,0.0,0.0,0.0,0.0,0.0,0.0,1.0,0.0,0.0,1.0,0.0
2147,0.2839506172839506,0.0,1.0,1.0,0.44444444444444436,0.25,0.8275948733459938,0.02631578947368421,1.0,0.0,1.0,0.6691348402182413,0.3389121338912131,0.9795964633869871,1.0,1.0,1.0,0.0,0.0,0.0,0.0,0.0,0.0,0.0,0.0,0.0,0.0,1.0,0.0,0.0,0.0,1.0,0.0,0.0,0.0,0.0,0.0,0.0,1.0,0.0
2148,0.2839506172839506,0.0,1.0,1.0,0.44444444444444436,0.25,0.6669772899389259,0.02631578947368421,1.0,0.0,1.0,0.6691348402182413,0.3389121338912131,0.9795964633869871,1.0,0.0,0.0,0.0,0.0,0.0,0.0,0.0,0.0,0.0,0.0,0.0,0.0,1.0,0.0,0.0,0.0,0.0,1.0,0.0,0.0,0.0,0.0,0.0,1.0,0.0
2149,0.30864197530864196,0.0,1.0,1.0,0.44444444444444436,0.25,0.7621004502034615,0.02631578947368421,1.0,0.0,1.0,0.6691348402182413,0.3389121338912131,0.9795964633869871,1.0,1.0,0.0,0.0,0.0,1.0,0.0,0.0,0.0,0.0,0.0,0.0,0.0,1.0,0.0,0.0,0.0,0.0,0.0,0.0,0.0,1.0,0.0,0.0,1.0,0.0
2150,0.2839506172839506,0.0,0.0,1.0,0.44444444444444436,0.5,0.5381468098084997,0.15789473684210525,1.0,0.0,1.0,0.6691348402182413,0.3389121338912131,0.979823169349354,1.0,0.0,0.0,0.0,0.0,0.0,0.0,0.0,0.0,0.0,0.0,0.0,0.0,0.0,0.0,0.0,0.0,0.0,1.0,0.0,0.0,0.0,0.0,0.0,1.0,0.0
2151,0.25925925925925924,0.0,0.0,1.0,0.44444444444444436,0.5,0.41131218966975264,0.05263157894736842,1.0,0.0,1.0,0.6691348402182413,0.3389121338912131,0.979823169349354,1.0,0.0,1.0,0.0,0.0,0.0,0.0,0.0,0.0,0.0,0.0,0.0,0.0,1.0,0.0,0.0,0.0,1.0,0.0,0.0,0.0,0.0,0.0,1.0,1.0,0.0
2152,0.16049382716049382,0.0,0.0,1.0,0.44444444444444436,0.5,0.5030862582093689,0.0,1.0,0.0,1.0,0.6691348402182413,0.3389121338912131,0.979823169349354,1.0,0.0,1.0,0.0,0.0,0.0,0.0,0.0,0.0,0.0,0.0,0.0,0.0,0.0,1.0,0.0,0.0,0.0,1.0,0.0,0.0,0.0,0.0,0.0,1.0,0.0
2153,0.25925925925925924,1.0,0.0,1.0,0.44444444444444436,0.5,0.41482394745244594,0.02631578947368421,1.0,0.0,1.0,0.6691348402182413,0.3389121338912131,0.979823169349354,1.0,0.0,0.0,0.0,0.0,0.0,0.0,0.0,1.0,0.0,0.0,0.0,0.0,0.0,0.0,0.0,0.0,1.0,0.0,0.0,0.0,0.0,0.0,0.0,1.0,0.0
2154,0.16049382716049382,1.0,1.0,1.0,0.44444444444444436,0.5,0.8075473945557486,0.05263157894736842,1.0,0.0,1.0,0.6691348402182413,0.3389121338912131,0.979823169349354,1.0,0.0,0.0,0.0,0.0,0.0,0.0,1.0,0.0,0.0,0.0,0.0,0.0,1.0,0.0,0.0,0.0,0.0,0.0,0.0,0.0,1.0,0.0,0.0,1.0,0.0
2155,0.2345679012345679,0.0,0.0,1.0,0.44444444444444436,0.75,0.6585712040288184,0.02631578947368421,1.0,0.0,1.0,0.6691348402182413,0.3389121338912131,0.9820902289730222,1.0,0.0,0.0,0.0,0.0,0.0,1.0,0.0,0.0,0.0,0.0,0.0,0.0,1.0,0.0,0.0,0.0,0.0,0.0,0.0,0.0,0.0,1.0,0.0,1.0,0.0
2156,0.14814814814814814,1.0,0.0,1.0,0.44444444444444436,0.75,0.6301228271521957,0.0,1.0,0.0,1.0,0.6691348402182413,0.3389121338912131,0.9820902289730222,1.0,0.0,0.0,0.0,0.0,0.0,0.0,0.0,0.0,0.0,0.0,0.0,0.0,0.0,1.0,0.0,0.0,0.0,0.0,0.0,0.0,1.0,0.0,0.0,1.0,0.0
2157,0.2716049382716049,0.0,0.0,1.0,0.44444444444444436,0.75,0.6273151724090865,0.0,1.0,0.0,1.0,0.6691348402182413,0.3389121338912131,0.9820902289730222,1.0,0.0,0.0,0.0,0.0,0.0,0.0,0.0,0.0,0.0,1.0,0.0,0.0,0.0,1.0,0.0,0.0,0.0,0.0,0.0,1.0,0.0,0.0,0.0,1.0,0.0
2158,0.24691358024691357,1.0,0.0,1.0,0.44444444444444436,0.75,0.5369277818064884,0.0,1.0,0.0,1.0,0.6691348402182413,0.3389121338912131,0.9820902289730222,1.0,0.0,1.0,0.0,0.0,0.0,0.0,0.0,0.0,0.0,0.0,0.0,0.0,1.0,0.0,0.0,1.0,0.0,0.0,0.0,0.0,0.0,0.0,1.0,1.0,0.0
2159,0.25925925925925924,1.0,0.0,1.0,0.44444444444444436,0.75,0.5689167450775122,0.0,1.0,0.0,1.0,0.6691348402182413,0.3389121338912131,0.9820902289730222,1.0,0.0,1.0,0.0,0.0,0.0,0.0,0.0,0.0,0.0,0.0,0.0,0.0,1.0,0.0,0.0,0.0,0.0,1.0,0.0,0.0,0.0,0.0,0.0,1.0,0.0
2160,0.29629629629629634,0.0,0.0,1.0,0.44444444444444436,0.75,0.7085691580151198,0.0,1.0,0.0,1.0,0.6691348402182413,0.3389121338912131,0.9820902289730222,1.0,0.0,0.0,0.0,0.0,0.0,0.0,0.0,0.0,0.0,0.0,0.0,0.0,1.0,0.0,0.0,0.0,0.0,1.0,0.0,0.0,0.0,0.0,0.0,1.0,0.0
2161,0.20987654320987653,0.0,0.0,1.0,0.44444444444444436,0.75,0.7667072344853819,0.0,1.0,0.0,1.0,0.6691348402182413,0.3389121338912131,0.9820902289730222,1.0,1.0,0.0,0.0,0.0,0.0,0.0,0.0,0.0,0.0,0.0,0.0,0.0,0.0,0.0,0.0,0.0,0.0,0.0,0.0,0.0,1.0,0.0,0.0,1.0,0.0
2162,0.43209876543209874,1.0,0.0,1.0,0.44444444444444436,0.75,0.6736785908672379,0.07894736842105263,1.0,0.0,1.0,0.6691348402182413,0.3389121338912131,0.9820902289730222,1.0,0.0,0.0,0.0,1.0,0.0,0.0,0.0,0.0,0.0,0.0,0.0,0.0,0.0,1.0,0.0,0.0,0.0,0.0,0.0,0.0,0.0,0.0,0.0,1.0,0.0
2163,0.08641975308641975,1.0,1.0,1.0,0.44444444444444436,0.75,0.6907674539605011,0.0,1.0,0.0,1.0,0.6691348402182413,0.3389121338912131,0.9820902289730222,1.0,0.0,0.0,0.0,0.0,0.0,0.0,0.0,0.0,0.0,0.0,0.0,0.0,0.0,1.0,0.0,0.0,0.0,1.0,0.0,0.0,0.0,0.0,0.0,1.0,0.0
2164,0.24691358024691357,0.0,0.0,1.0,0.44444444444444436,0.75,0.7347617030588557,0.02631578947368421,1.0,0.0,1.0,0.6691348402182413,0.3389121338912131,0.9820902289730222,1.0,0.0,0.0,0.0,0.0,0.0,0.0,0.0,0.0,0.0,1.0,0.0,0.0,1.0,0.0,0.0,0.0,1.0,0.0,0.0,0.0,0.0,0.0,0.0,1.0,0.0
2165,0.16049382716049382,0.0,1.0,1.0,0.44444444444444436,0.75,0.6062082270603242,0.02631578947368421,1.0,0.0,1.0,0.6691348402182413,0.3389121338912131,0.9820902289730222,1.0,0.0,0.0,0.0,0.0,0.0,0.0,0.0,1.0,0.0,0.0,0.0,0.0,1.0,0.0,0.0,0.0,1.0,0.0,0.0,0.0,0.0,0.0,0.0,1.0,0.0
2166,0.3209876543209876,1.0,0.0,1.0,0.44444444444444436,0.75,0.5940405662922726,0.05263157894736842,1.0,0.0,1.0,0.6691348402182413,0.3389121338912131,0.9820902289730222,1.0,0.0,1.0,0.0,0.0,0.0,0.0,0.0,0.0,0.0,0.0,0.0,0.0,1.0,0.0,0.0,0.0,0.0,0.0,0.0,0.0,0.0,0.0,0.0,1.0,0.0
2167,0.1111111111111111,1.0,0.0,1.0,0.44444444444444436,0.75,0.6620060509558884,0.02631578947368421,1.0,0.0,1.0,0.6691348402182413,0.3389121338912131,0.9820902289730222,1.0,0.0,0.0,0.0,0.0,0.0,0.0,0.0,0.0,0.0,1.0,0.0,0.0,1.0,0.0,0.0,0.0,0.0,0.0,0.0,1.0,0.0,0.0,0.0,1.0,0.0
2168,0.35802469135802467,0.0,0.0,1.0,0.44444444444444436,0.75,0.7782818170578935,0.07894736842105263,1.0,0.0,1.0,0.6691348402182413,0.3389121338912131,0.9820902289730222,1.0,0.0,1.0,0.0,0.0,0.0,0.0,0.0,0.0,0.0,0.0,0.0,0.0,1.0,0.0,0.0,0.0,1.0,0.0,0.0,0.0,0.0,0.0,1.0,1.0,0.0
2169,0.35802469135802467,1.0,0.0,1.0,0.44444444444444436,1.0,0.5651217337279456,0.0,1.0,0.0,1.0,0.6691348402182413,0.3389121338912131,0.9805032872364543,1.0,0.0,0.0,0.0,0.0,0.0,0.0,1.0,0.0,0.0,0.0,0.0,0.0,1.0,0.0,0.0,0.0,0.0,1.0,0.0,0.0,0.0,0.0,1.0,1.0,0.0
2170,0.12345679012345678,1.0,0.0,1.0,0.44444444444444436,1.0,0.7144035016000657,0.0,1.0,0.0,1.0,0.6691348402182413,0.3389121338912131,0.9805032872364543,1.0,0.0,0.0,0.0,0.0,0.0,0.0,0.0,1.0,0.0,0.0,0.0,0.0,0.0,1.0,0.0,0.0,0.0,1.0,0.0,0.0,0.0,0.0,0.0,1.0,0.0
2171,0.34567901234567905,0.0,1.0,1.0,0.44444444444444436,1.0,0.6910983547398326,0.0,1.0,0.0,1.0,0.6691348402182413,0.3389121338912131,0.9805032872364543,1.0,0.0,0.0,0.0,0.0,1.0,0.0,0.0,0.0,0.0,0.0,0.0,0.0,1.0,0.0,0.0,0.0,0.0,0.0,0.0,0.0,1.0,0.0,1.0,1.0,0.0
2172,0.14814814814814814,1.0,0.0,1.0,0.44444444444444436,1.0,0.467045882751165,0.07894736842105263,1.0,0.0,1.0,0.6691348402182413,0.3389121338912131,0.9805032872364543,1.0,0.0,1.0,0.0,0.0,0.0,0.0,0.0,0.0,0.0,0.0,0.0,0.0,0.0,1.0,0.0,0.0,0.0,1.0,0.0,0.0,0.0,0.0,0.0,1.0,0.0
2173,0.2716049382716049,0.0,0.0,1.0,0.44444444444444436,1.0,0.6480977205520548,0.0,1.0,0.0,1.0,0.6691348402182413,0.3389121338912131,0.9805032872364543,1.0,0.0,0.0,0.0,0.0,0.0,0.0,0.0,0.0,0.0,0.0,0.0,0.0,1.0,0.0,0.0,0.0,0.0,1.0,0.0,0.0,0.0,0.0,0.0,1.0,0.0
2174,0.18518518518518517,0.0,0.0,1.0,0.44444444444444436,1.0,0.6013494476505862,0.02631578947368421,1.0,0.0,1.0,0.6691348402182413,0.3389121338912131,0.9805032872364543,1.0,0.0,1.0,0.0,0.0,0.0,0.0,0.0,0.0,0.0,0.0,0.0,0.0,0.0,1.0,0.0,0.0,0.0,1.0,0.0,0.0,0.0,0.0,0.0,1.0,0.0
2175,0.3209876543209876,1.0,0.0,1.0,0.44444444444444436,1.0,0.5485843549516803,0.05263157894736842,1.0,0.0,1.0,0.6691348402182413,0.3389121338912131,0.9805032872364543,1.0,0.0,0.0,0.0,0.0,0.0,0.0,0.0,0.0,0.0,1.0,0.0,0.0,1.0,0.0,0.0,0.0,0.0,0.0,0.0,0.0,1.0,0.0,0.0,1.0,0.0
2176,0.1728395061728395,0.0,0.0,1.0,0.44444444444444436,1.0,0.7398916314041893,0.0,1.0,0.0,1.0,0.6691348402182413,0.3389121338912131,0.9805032872364543,1.0,0.0,0.0,0.0,0.0,0.0,0.0,0.0,0.0,0.0,0.0,1.0,0.0,0.0,1.0,0.0,0.0,0.0,0.0,0.0,1.0,0.0,0.0,0.0,1.0,0.0
2177,0.12345679012345678,0.0,0.0,1.0,0.44444444444444436,1.0,0.7495255121117221,0.0,1.0,0.0,1.0,0.6691348402182413,0.3389121338912131,0.9805032872364543,1.0,1.0,0.0,0.0,0.0,0.0,0.0,0.0,1.0,0.0,0.0,0.0,0.0,1.0,0.0,0.0,0.0,0.0,1.0,0.0,0.0,0.0,0.0,1.0,1.0,0.0
2178,0.4444444444444445,1.0,0.0,1.0,0.44444444444444436,1.0,0.5770327318283031,0.0,1.0,0.0,1.0,0.6691348402182413,0.3389121338912131,0.9805032872364543,1.0,0.0,1.0,0.0,0.0,0.0,0.0,0.0,0.0,0.0,0.0,0.0,0.0,1.0,0.0,0.0,0.0,0.0,0.0,0.0,0.0,0.0,0.0,0.0,1.0,0.0
2179,0.1111111111111111,1.0,0.0,1.0,0.44444444444444436,1.0,0.7670542410776737,0.02631578947368421,1.0,0.0,1.0,0.6691348402182413,0.3389121338912131,0.9805032872364543,1.0,0.0,0.0,0.0,0.0,0.0,0.0,0.0,0.0,0.0,0.0,0.0,0.0,0.0,1.0,0.0,0.0,0.0,1.0,0.0,0.0,0.0,0.0,0.0,1.0,0.0
2180,0.34567901234567905,0.0,0.0,1.0,0.44444444444444436,1.0,0.7071363126573881,0.0,1.0,0.0,1.0,0.6691348402182413,0.3389121338912131,0.9805032872364543,1.0,0.0,1.0,0.0,0.0,0.0,0.0,0.0,0.0,0.0,0.0,0.0,0.0,1.0,0.0,0.0,0.0,0.0,0.0,0.0,0.0,0.0,0.0,0.0,1.0,0.0
2181,0.12345679012345678,1.0,1.0,1.0,0.44444444444444436,1.0,0.6102189047082401,0.02631578947368421,1.0,0.0,1.0,0.6691348402182413,0.3389121338912131,0.9805032872364543,1.0,0.0,0.0,0.0,0.0,0.0,0.0,0.0,0.0,0.0,0.0,0.0,0.0,1.0,0.0,0.0,0.0,0.0,0.0,0.0,0.0,1.0,0.0,0.0,1.0,0.0
2182,0.35802469135802467,1.0,0.0,1.0,0.44444444444444436,1.0,0.492850661870268,0.02631578947368421,1.0,0.0,1.0,0.6691348402182413,0.3389121338912131,0.9805032872364543,1.0,0.0,0.0,0.0,0.0,0.0,0.0,0.0,1.0,0.0,0.0,0.0,0.0,1.0,0.0,0.0,0.0,0.0,1.0,0.0,0.0,0.0,0.0,0.0,1.0,0.0
2183,0.19753086419753085,1.0,0.0,0.0,0.44444444444444436,1.0,0.7152138502659882,0.07894736842105263,1.0,0.0,1.0,0.6691348402182413,0.3389121338912131,0.9805032872364543,1.0,0.0,0.0,0.0,0.0,0.0,0.0,0.0,0.0,0.0,1.0,0.0,0.0,1.0,0.0,0.0,0.0,1.0,0.0,0.0,0.0,0.0,0.0,1.0,1.0,0.0
2184,0.19753086419753085,1.0,0.0,0.0,0.44444444444444436,1.0,0.7420541031352529,0.02631578947368421,1.0,0.0,1.0,0.6691348402182413,0.3389121338912131,0.9805032872364543,1.0,0.0,0.0,0.0,0.0,0.0,0.0,0.0,1.0,0.0,0.0,0.0,0.0,1.0,0.0,0.0,0.0,0.0,1.0,0.0,0.0,0.0,0.0,0.0,1.0,0.0
2185,0.419753086419753,0.0,0.0,0.0,0.44444444444444436,1.0,0.49105467050389934,0.0,1.0,0.0,1.0,0.6691348402182413,0.3389121338912131,0.9805032872364543,1.0,0.0,0.0,0.0,0.0,0.0,1.0,0.0,0.0,0.0,0.0,0.0,0.0,1.0,0.0,0.0,0.0,1.0,0.0,0.0,0.0,0.0,0.0,1.0,1.0,0.0
2186,0.43209876543209874,1.0,0.0,0.0,0.44444444444444436,0.0,0.7291589703963093,0.05263157894736842,1.0,0.0,1.0,0.6691348402182413,0.3389121338912131,0.9807299931988211,1.0,1.0,0.0,0.0,0.0,1.0,0.0,0.0,0.0,0.0,0.0,0.0,0.0,1.0,0.0,0.0,0.0,0.0,0.0,0.0,1.0,0.0,0.0,0.0,1.0,0.0
2187,0.5185185185185184,1.0,1.0,0.0,0.44444444444444436,0.0,0.7298740798902329,0.07894736842105263,1.0,0.0,1.0,0.6691348402182413,0.3389121338912131,0.9807299931988211,1.0,1.0,0.0,0.0,0.0,0.0,1.0,0.0,0.0,0.0,0.0,0.0,0.0,1.0,0.0,0.0,0.0,0.0,0.0,0.0,1.0,0.0,0.0,1.0,1.0,0.0
2188,0.19753086419753085,1.0,0.0,0.0,0.44444444444444436,0.0,0.6121741045570199,0.02631578947368421,1.0,0.0,1.0,0.6691348402182413,0.3389121338912131,0.9807299931988211,1.0,0.0,0.0,0.0,0.0,0.0,0.0,1.0,0.0,0.0,0.0,0.0,0.0,1.0,0.0,0.0,0.0,1.0,0.0,0.0,0.0,0.0,0.0,0.0,1.0,0.0
2189,0.2839506172839506,1.0,1.0,0.0,0.44444444444444436,0.0,0.7555996167365615,0.02631578947368421,1.0,0.0,1.0,0.6691348402182413,0.3389121338912131,0.9807299931988211,1.0,1.0,0.0,0.0,0.0,0.0,0.0,0.0,0.0,0.0,0.0,0.0,0.0,1.0,0.0,0.0,0.0,0.0,1.0,0.0,0.0,0.0,0.0,0.0,1.0,0.0
2190,0.48148148148148145,0.0,0.0,0.0,0.44444444444444436,0.0,0.3400093138083381,0.4736842105263158,1.0,0.0,1.0,0.6691348402182413,0.3389121338912131,0.9807299931988211,1.0,0.0,0.0,0.0,0.0,0.0,0.0,0.0,0.0,0.0,1.0,0.0,0.0,1.0,0.0,0.0,0.0,0.0,0.0,0.0,0.0,1.0,0.0,1.0,1.0,0.0
2191,0.43209876543209874,0.0,0.0,0.0,0.44444444444444436,0.0,0.5716847586578249,0.05263157894736842,1.0,0.0,1.0,0.6691348402182413,0.3389121338912131,0.9807299931988211,1.0,0.0,1.0,0.0,0.0,0.0,0.0,0.0,0.0,0.0,0.0,0.0,0.0,1.0,0.0,0.0,0.0,1.0,0.0,0.0,0.0,0.0,0.0,1.0,1.0,0.0
2192,0.12345679012345678,1.0,1.0,0.0,0.44444444444444436,0.0,0.5631773068220264,0.05263157894736842,1.0,0.0,1.0,0.6691348402182413,0.3389121338912131,0.9807299931988211,1.0,0.0,1.0,0.0,0.0,0.0,0.0,0.0,0.0,0.0,0.0,0.0,0.0,1.0,0.0,0.0,0.0,1.0,0.0,0.0,0.0,0.0,0.0,1.0,1.0,0.0
2193,0.3209876543209876,0.0,1.0,0.0,0.44444444444444436,0.0,0.5253477691257531,0.02631578947368421,1.0,0.0,1.0,0.6691348402182413,0.3389121338912131,0.9807299931988211,1.0,0.0,0.0,0.0,0.0,1.0,0.0,0.0,0.0,0.0,0.0,0.0,0.0,1.0,0.0,0.0,0.0,0.0,0.0,0.0,0.0,0.0,1.0,0.0,1.0,0.0
2194,0.3333333333333333,0.0,0.0,0.0,0.44444444444444436,0.0,0.6499874824690127,0.02631578947368421,1.0,0.0,1.0,0.6691348402182413,0.3389121338912131,0.9807299931988211,1.0,0.0,0.0,0.0,0.0,0.0,0.0,0.0,0.0,0.0,1.0,0.0,0.0,0.0,0.0,0.0,0.0,0.0,0.0,0.0,1.0,0.0,0.0,0.0,1.0,0.0
2195,0.2839506172839506,0.0,0.0,0.0,0.44444444444444436,0.0,0.614731491134803,0.02631578947368421,1.0,0.0,1.0,0.6691348402182413,0.3389121338912131,0.9807299931988211,1.0,0.0,0.0,0.0,0.0,0.0,0.0,0.0,0.0,0.0,1.0,0.0,0.0,1.0,0.0,0.0,0.0,0.0,0.0,0.0,0.0,1.0,0.0,1.0,1.0,0.0
2196,0.1728395061728395,1.0,1.0,0.0,0.44444444444444436,0.0,0.7838186107335757,0.0,1.0,0.0,1.0,0.6691348402182413,0.3389121338912131,0.9807299931988211,1.0,1.0,0.0,1.0,0.0,0.0,0.0,0.0,0.0,0.0,0.0,0.0,0.0,1.0,0.0,0.0,1.0,0.0,0.0,0.0,0.0,0.0,0.0,0.0,1.0,0.0
2197,0.1728395061728395,0.0,0.0,0.0,0.44444444444444436,0.0,0.8409891642867124,0.05263157894736842,1.0,0.0,1.0,0.6691348402182413,0.3389121338912131,0.9807299931988211,1.0,1.0,0.0,0.0,0.0,1.0,0.0,0.0,0.0,0.0,0.0,0.0,0.0,1.0,0.0,0.0,0.0,0.0,1.0,0.0,0.0,0.0,0.0,0.0,1.0,0.0
2198,0.48148148148148145,1.0,0.0,0.0,0.44444444444444436,0.0,0.6447157790225418,0.07894736842105263,1.0,0.0,1.0,0.6691348402182413,0.3389121338912131,0.9807299931988211,1.0,0.0,0.0,0.0,0.0,0.0,0.0,0.0,0.0,0.0,0.0,0.0,0.0,0.0,0.0,0.0,1.0,0.0,0.0,0.0,0.0,0.0,0.0,0.0,1.0,0.0
2199,0.1728395061728395,1.0,0.0,0.0,0.44444444444444436,0.0,0.5707693054036078,0.07894736842105263,1.0,0.0,1.0,0.6691348402182413,0.3389121338912131,0.9807299931988211,1.0,0.0,0.0,0.0,1.0,0.0,0.0,0.0,0.0,0.0,0.0,0.0,0.0,0.0,0.0,0.0,0.0,0.0,1.0,0.0,0.0,0.0,0.0,0.0,1.0,0.0
2200,0.2839506172839506,1.0,0.0,1.0,0.44444444444444436,0.0,0.4529126886678098,0.02631578947368421,1.0,0.0,1.0,0.6691348402182413,0.3389121338912131,0.9807299931988211,1.0,0.0,0.0,0.0,0.0,0.0,0.0,1.0,0.0,0.0,0.0,0.0,0.0,1.0,0.0,0.0,0.0,0.0,1.0,0.0,0.0,0.0,0.0,1.0,1.0,0.0
2201,0.18518518518518517,0.0,0.0,0.0,0.44444444444444436,0.0,0.7744403279718529,0.05263157894736842,1.0,0.0,1.0,0.6691348402182413,0.3389121338912131,0.9807299931988211,1.0,1.0,0.0,0.0,0.0,0.0,0.0,0.0,1.0,0.0,0.0,0.0,0.0,0.0,1.0,0.0,0.0,0.0,1.0,0.0,0.0,0.0,0.0,0.0,1.0,0.0
2202,0.48148148148148145,1.0,0.0,0.0,0.44444444444444436,0.0,0.75673986943965,0.02631578947368421,1.0,0.0,1.0,0.6691348402182413,0.3389121338912131,0.9807299931988211,1.0,1.0,0.0,0.0,0.0,0.0,1.0,0.0,0.0,0.0,0.0,0.0,0.0,1.0,0.0,0.0,0.0,0.0,0.0,0.0,0.0,0.0,0.0,0.0,1.0,0.0
2203,0.4074074074074074,1.0,1.0,0.0,0.44444444444444436,0.0,0.758243214494081,0.02631578947368421,1.0,0.0,1.0,0.6691348402182413,0.3389121338912131,0.9807299931988211,1.0,1.0,1.0,0.0,0.0,0.0,0.0,0.0,0.0,0.0,0.0,0.0,0.0,0.0,0.0,0.0,0.0,0.0,1.0,0.0,0.0,0.0,0.0,0.0,1.0,0.0
2204,0.1728395061728395,1.0,1.0,0.0,0.44444444444444436,0.0,0.7006158192674063,0.10526315789473684,1.0,0.0,1.0,0.6691348402182413,0.3389121338912131,0.9807299931988211,1.0,1.0,0.0,0.0,0.0,0.0,0.0,0.0,0.0,0.0,1.0,0.0,0.0,1.0,0.0,0.0,0.0,0.0,0.0,0.0,0.0,1.0,0.0,0.0,1.0,0.0
2205,0.2222222222222222,0.0,0.0,1.0,0.44444444444444436,0.0,0.8485060575472095,0.05263157894736842,1.0,0.0,1.0,0.6691348402182413,0.3389121338912131,0.9807299931988211,1.0,1.0,1.0,0.0,0.0,0.0,0.0,0.0,0.0,0.0,0.0,0.0,0.0,1.0,0.0,0.0,0.0,1.0,0.0,0.0,0.0,0.0,0.0,0.0,1.0,0.0
2206,0.13580246913580246,0.0,0.0,0.0,0.44444444444444436,0.0,0.5356959888812932,0.0,1.0,0.0,1.0,0.6691348402182413,0.3389121338912131,0.9807299931988211,1.0,0.0,0.0,0.0,1.0,0.0,0.0,0.0,0.0,0.0,0.0,0.0,0.0,0.0,1.0,0.0,1.0,0.0,0.0,0.0,0.0,0.0,0.0,0.0,1.0,0.0
2207,0.39506172839506176,0.0,0.0,0.0,0.44444444444444436,0.0,0.6811028302176989,0.05263157894736842,1.0,0.0,1.0,0.6691348402182413,0.3389121338912131,0.9807299931988211,1.0,0.0,0.0,0.0,0.0,0.0,0.0,0.0,0.0,0.0,0.0,1.0,0.0,0.0,0.0,0.0,0.0,1.0,0.0,0.0,0.0,0.0,0.0,1.0,1.0,0.0
2208,0.39506172839506176,0.0,0.0,0.0,0.44444444444444436,0.0,0.3636152410663567,0.02631578947368421,1.0,0.0,1.0,0.6691348402182413,0.3389121338912131,0.9807299931988211,1.0,0.0,0.0,0.0,0.0,0.0,0.0,0.0,0.0,0.0,0.0,0.0,0.0,0.0,0.0,0.0,0.0,0.0,1.0,0.0,0.0,0.0,0.0,0.0,1.0,0.0
2209,0.2345679012345679,0.0,0.0,0.0,0.44444444444444436,0.0,0.7988863519558861,0.0,1.0,0.0,1.0,0.6691348402182413,0.3389121338912131,0.9807299931988211,1.0,1.0,1.0,0.0,0.0,0.0,0.0,0.0,0.0,0.0,0.0,0.0,0.0,1.0,0.0,0.0,0.0,0.0,1.0,0.0,0.0,0.0,0.0,0.0,1.0,0.0
2210,0.3209876543209876,0.0,0.0,0.0,0.44444444444444436,0.0,0.6452049071679414,0.0,1.0,0.0,1.0,0.6691348402182413,0.3389121338912131,0.9807299931988211,1.0,0.0,0.0,0.0,0.0,0.0,0.0,0.0,0.0,0.0,0.0,0.0,0.0,1.0,0.0,0.0,0.0,0.0,1.0,0.0,0.0,0.0,0.0,0.0,1.0,0.0
2211,0.25925925925925924,1.0,0.0,0.0,0.44444444444444436,0.0,0.5716847586578249,0.0,1.0,0.0,1.0,0.6691348402182413,0.3389121338912131,0.9807299931988211,1.0,0.0,0.0,0.0,0.0,0.0,0.0,0.0,0.0,0.0,0.0,0.0,0.0,0.0,0.0,0.0,0.0,0.0,1.0,0.0,0.0,0.0,0.0,0.0,1.0,0.0
2212,0.14814814814814814,1.0,0.0,0.0,0.44444444444444436,0.0,0.7437559071296996,0.0,1.0,0.0,1.0,0.6691348402182413,0.3389121338912131,0.9807299931988211,1.0,1.0,0.0,0.0,0.0,0.0,0.0,0.0,1.0,0.0,0.0,0.0,0.0,1.0,0.0,0.0,0.0,0.0,1.0,0.0,0.0,0.0,0.0,0.0,1.0,0.0
2213,0.3703703703703703,0.0,0.0,0.0,0.44444444444444436,0.0,0.7385748062786976,0.0,1.0,0.0,1.0,0.6691348402182413,0.3389121338912131,0.9807299931988211,1.0,1.0,0.0,0.0,0.0,0.0,0.0,0.0,0.0,0.0,0.0,0.0,0.0,0.0,0.0,0.0,0.0,0.0,1.0,0.0,0.0,0.0,0.0,0.0,1.0,0.0
2214,0.5308641975308641,0.5,0.5,0.0,0.44444444444444436,0.0,0.7477016748109152,0.0,1.0,0.0,1.0,0.6691348402182413,0.3389121338912131,0.9807299931988211,1.0,0.0,1.0,0.0,0.0,0.0,0.0,0.0,0.0,0.0,0.0,0.0,0.0,1.0,0.0,0.0,0.0,1.0,0.0,0.0,0.0,0.0,0.0,1.0,1.0,0.0
2215,0.4567901234567901,1.0,0.0,0.0,0.44444444444444436,0.0,0.6371237804409605,0.0,1.0,0.0,1.0,0.6691348402182413,0.3389121338912131,0.9807299931988211,1.0,0.0,0.0,0.0,0.0,1.0,0.0,0.0,0.0,0.0,0.0,0.0,0.0,1.0,0.0,0.0,0.0,0.0,0.0,0.0,0.0,1.0,0.0,0.0,1.0,0.0
2216,0.13580246913580246,0.0,0.0,0.0,0.44444444444444436,0.0,0.5932840675469451,0.0,1.0,0.0,1.0,0.6691348402182413,0.3389121338912131,0.9807299931988211,1.0,0.0,0.0,0.0,0.0,0.0,0.0,0.0,0.0,0.0,0.0,0.0,0.0,0.0,1.0,0.0,0.0,0.0,1.0,0.0,0.0,0.0,0.0,0.0,1.0,0.0
2217,0.29629629629629634,1.0,0.0,0.0,0.44444444444444436,0.0,0.5641535377316825,0.0,1.0,0.0,1.0,0.6691348402182413,0.3389121338912131,0.9807299931988211,1.0,0.0,0.0,1.0,0.0,0.0,0.0,0.0,0.0,0.0,0.0,0.0,0.0,1.0,0.0,0.0,0.0,0.0,0.0,0.0,0.0,0.0,0.0,0.0,1.0,0.0
2218,0.38271604938271603,0.0,0.0,0.0,0.44444444444444436,0.0,0.5909849360662706,0.0,1.0,0.0,1.0,0.6691348402182413,0.3389121338912131,0.9807299931988211,1.0,0.0,1.0,0.0,0.0,0.0,0.0,0.0,0.0,0.0,0.0,0.0,0.0,1.0,0.0,0.0,0.0,0.0,0.0,0.0,0.0,0.0,0.0,0.0,1.0,0.0
2219,0.16049382716049382,1.0,0.0,1.0,0.44444444444444436,0.0,0.573494565885327,0.02631578947368421,1.0,0.0,1.0,0.6691348402182413,0.3389121338912131,0.9807299931988211,1.0,0.0,0.0,0.0,0.0,0.0,0.0,0.0,0.0,0.0,1.0,0.0,0.0,0.0,1.0,0.0,0.0,0.0,1.0,0.0,0.0,0.0,0.0,0.0,1.0,0.0
2220,0.24691358024691357,1.0,0.0,0.0,0.44444444444444436,0.0,0.7525037762385953,0.0,1.0,0.0,1.0,0.6691348402182413,0.3389121338912131,0.9807299931988211,1.0,1.0,0.0,0.0,0.0,1.0,0.0,0.0,0.0,0.0,0.0,0.0,0.0,1.0,0.0,0.0,0.0,0.0,1.0,0.0,0.0,0.0,0.0,0.0,1.0,0.0
2221,0.4691358024691357,1.0,0.0,0.0,0.44444444444444436,0.0,0.7934768862855838,0.0,1.0,0.0,1.0,0.6691348402182413,0.3389121338912131,0.9807299931988211,1.0,1.0,0.0,0.0,0.0,0.0,0.0,0.0,0.0,0.0,0.0,0.0,0.0,0.0,0.0,0.0,0.0,0.0,0.0,0.0,0.0,1.0,0.0,1.0,1.0,0.0
2222,0.24691358024691357,0.0,0.0,0.0,0.44444444444444436,0.0,0.731291387992633,0.0,1.0,0.0,1.0,0.6691348402182413,0.3389121338912131,0.9807299931988211,1.0,0.0,0.0,0.0,0.0,0.0,0.0,0.0,0.0,0.0,1.0,0.0,0.0,0.0,1.0,0.0,0.0,0.0,1.0,0.0,0.0,0.0,0.0,1.0,1.0,0.0
2223,0.19753086419753085,0.0,1.0,0.0,0.44444444444444436,0.0,0.7012237542095305,0.02631578947368421,1.0,0.0,1.0,0.6691348402182413,0.3389121338912131,0.9807299931988211,1.0,0.0,1.0,0.0,0.0,0.0,0.0,0.0,0.0,0.0,0.0,0.0,0.0,1.0,0.0,0.0,0.0,1.0,0.0,0.0,0.0,0.0,0.0,0.0,1.0,0.0
2224,0.2345679012345679,0.0,0.0,1.0,0.44444444444444436,0.0,0.6576965892230189,0.15789473684210525,1.0,0.0,1.0,0.6691348402182413,0.3389121338912131,0.9807299931988211,1.0,0.0,0.0,0.0,0.0,0.0,0.0,0.0,0.0,0.0,0.0,0.0,0.0,1.0,0.0,0.0,0.0,0.0,0.0,0.0,0.0,1.0,0.0,0.0,1.0,0.0
2225,0.3333333333333333,0.0,0.0,0.0,0.44444444444444436,0.0,0.8094958473741405,0.05263157894736842,1.0,0.0,1.0,0.6691348402182413,0.3389121338912131,0.9807299931988211,1.0,1.0,0.0,1.0,0.0,0.0,0.0,0.0,0.0,0.0,0.0,0.0,0.0,1.0,0.0,0.0,1.0,0.0,0.0,0.0,0.0,0.0,0.0,1.0,1.0,0.0
2226,0.2345679012345679,0.0,0.0,0.0,0.44444444444444436,0.0,0.7202203568701819,0.0,1.0,0.0,1.0,0.6691348402182413,0.3389121338912131,0.9807299931988211,1.0,0.0,0.0,0.0,0.0,0.0,0.0,0.0,1.0,0.0,0.0,0.0,0.0,1.0,0.0,0.0,0.0,0.0,1.0,0.0,0.0,0.0,0.0,1.0,1.0,0.0
2227,0.4074074074074074,0.0,0.0,0.0,0.44444444444444436,0.0,0.7908175608524628,0.10526315789473684,1.0,0.0,1.0,0.6691348402182413,0.3389121338912131,0.9807299931988211,1.0,1.0,0.0,0.0,0.0,0.0,0.0,0.0,0.0,0.0,1.0,0.0,0.0,1.0,0.0,0.0,0.0,0.0,0.0,0.0,1.0,0.0,0.0,0.0,1.0,0.0
2228,0.39506172839506176,0.5,0.5,0.0,0.44444444444444436,0.0,0.697528105269356,0.05263157894736842,1.0,0.0,1.0,0.6691348402182413,0.3389121338912131,0.9807299931988211,1.0,0.0,1.0,0.0,0.0,0.0,0.0,0.0,0.0,0.0,0.0,0.0,0.0,1.0,0.0,0.0,0.0,0.0,0.0,0.0,0.0,0.0,1.0,1.0,1.0,0.0
2229,0.24691358024691357,0.0,0.0,0.0,0.44444444444444436,0.0,0.5331930189342876,0.0,1.0,0.0,1.0,0.6691348402182413,0.3389121338912131,0.9807299931988211,1.0,0.0,0.0,0.0,0.0,1.0,0.0,0.0,0.0,0.0,0.0,0.0,0.0,1.0,0.0,0.0,0.0,0.0,0.0,0.0,0.0,1.0,0.0,1.0,1.0,0.0
2230,0.20987654320987653,0.0,0.0,0.0,0.44444444444444436,0.0,0.6563723521677338,0.0,1.0,0.0,1.0,0.6691348402182413,0.3389121338912131,0.9807299931988211,1.0,0.0,0.0,0.0,0.0,1.0,0.0,0.0,0.0,0.0,0.0,0.0,0.0,0.0,1.0,0.0,0.0,0.0,1.0,0.0,0.0,0.0,0.0,0.0,1.0,0.0
2231,0.3209876543209876,0.0,0.0,0.0,0.44444444444444436,0.0,0.3832666732878459,0.7631578947368421,1.0,0.0,1.0,0.6691348402182413,0.3389121338912131,0.9807299931988211,1.0,0.0,0.0,1.0,0.0,0.0,0.0,0.0,0.0,0.0,0.0,0.0,0.0,1.0,0.0,0.0,0.0,0.0,0.0,0.0,0.0,0.0,0.0,0.0,1.0,0.0
2232,0.2222222222222222,1.0,0.0,0.0,0.44444444444444436,0.0,0.3261538888020616,0.26315789473684215,1.0,0.0,1.0,0.6691348402182413,0.3389121338912131,0.9807299931988211,1.0,0.0,1.0,0.0,0.0,0.0,0.0,0.0,0.0,0.0,0.0,0.0,0.0,0.0,1.0,0.0,0.0,0.0,0.0,0.0,0.0,0.0,1.0,0.0,1.0,0.0
2233,0.1728395061728395,0.0,0.0,0.0,0.44444444444444436,0.0,0.5094464638657551,0.05263157894736842,1.0,0.0,1.0,0.6691348402182413,0.3389121338912131,0.9807299931988211,1.0,0.0,0.0,0.0,0.0,0.0,0.0,0.0,0.0,0.0,1.0,0.0,0.0,1.0,0.0,0.0,0.0,0.0,1.0,0.0,0.0,0.0,0.0,0.0,1.0,0.0
2234,0.2716049382716049,0.0,1.0,0.0,0.44444444444444436,0.0,0.4648051454883613,0.02631578947368421,1.0,0.0,1.0,0.6691348402182413,0.3389121338912131,0.9807299931988211,1.0,0.0,0.0,0.0,0.0,0.0,0.0,0.0,1.0,0.0,0.0,0.0,0.0,1.0,0.0,0.0,0.0,1.0,0.0,0.0,0.0,0.0,0.0,0.0,1.0,0.0
2235,0.1728395061728395,0.0,0.0,0.0,0.44444444444444436,0.0,0.5977517620704379,0.10526315789473684,1.0,0.0,1.0,0.6691348402182413,0.3389121338912131,0.9807299931988211,1.0,0.0,0.0,0.0,0.0,0.0,0.0,0.0,0.0,0.0,0.0,0.0,0.0,1.0,0.0,0.0,0.0,0.0,1.0,0.0,0.0,0.0,0.0,0.0,1.0,0.0
2236,0.3209876543209876,0.0,0.0,0.0,0.44444444444444436,0.0,0.5381468098084997,0.05263157894736842,1.0,0.0,1.0,0.6691348402182413,0.3389121338912131,0.9807299931988211,1.0,0.0,0.0,0.0,0.0,0.0,0.0,0.0,0.0,0.0,0.0,0.0,0.0,0.0,0.0,0.0,0.0,0.0,1.0,0.0,0.0,0.0,0.0,0.0,1.0,0.0
2237,0.1728395061728395,1.0,0.0,0.0,0.44444444444444436,0.0,0.6778197757555917,0.05263157894736842,1.0,0.0,1.0,0.6691348402182413,0.3389121338912131,0.9807299931988211,1.0,0.0,1.0,0.0,0.0,0.0,0.0,0.0,0.0,0.0,0.0,0.0,0.0,1.0,0.0,0.0,0.0,0.0,1.0,0.0,0.0,0.0,0.0,0.0,1.0,0.0
2238,0.18518518518518517,1.0,0.0,0.0,0.44444444444444436,0.0,0.7113835302756325,0.0,1.0,0.0,1.0,0.6691348402182413,0.3389121338912131,0.9807299931988211,1.0,0.0,0.0,0.0,0.0,0.0,0.0,0.0,0.0,0.0,0.0,0.0,0.0,0.0,0.0,0.0,0.0,0.0,1.0,0.0,0.0,0.0,0.0,0.0,1.0,0.0
2239,0.38271604938271603,0.5,0.5,1.0,0.44444444444444436,0.0,0.6927390389294485,0.05263157894736842,1.0,0.0,1.0,0.6691348402182413,0.3389121338912131,0.9807299931988211,1.0,0.0,1.0,0.0,0.0,0.0,0.0,0.0,0.0,0.0,0.0,0.0,0.0,1.0,0.0,0.0,0.0,0.0,0.0,0.0,0.0,0.0,0.0,0.0,1.0,0.0
2240,0.35802469135802467,0.0,0.0,0.0,0.44444444444444436,0.0,0.731291387992633,0.10526315789473684,1.0,0.0,1.0,0.6691348402182413,0.3389121338912131,0.9807299931988211,1.0,0.0,1.0,0.0,0.0,0.0,0.0,0.0,0.0,0.0,0.0,0.0,0.0,1.0,0.0,0.0,1.0,0.0,0.0,0.0,0.0,0.0,0.0,1.0,1.0,0.0
2241,0.24691358024691357,0.0,0.0,0.0,0.44444444444444436,0.0,0.7798461373107751,0.05263157894736842,1.0,0.0,1.0,0.6691348402182413,0.3389121338912131,0.9807299931988211,1.0,0.0,0.0,0.0,0.0,0.0,0.0,0.0,0.0,0.0,1.0,0.0,0.0,0.0,1.0,0.0,0.0,0.0,0.0,0.0,0.0,1.0,0.0,0.0,1.0,0.0
2242,0.38271604938271603,0.0,0.0,1.0,0.44444444444444436,0.0,0.6901028468283567,0.02631578947368421,1.0,0.0,1.0,0.6691348402182413,0.3389121338912131,0.9807299931988211,1.0,0.0,0.0,0.0,0.0,0.0,0.0,0.0,0.0,0.0,0.0,0.0,0.0,0.0,0.0,0.0,0.0,0.0,1.0,0.0,0.0,0.0,0.0,0.0,1.0,0.0
2243,0.08641975308641975,1.0,0.0,1.0,0.44444444444444436,0.0,0.6476204981957939,0.10526315789473684,1.0,0.0,1.0,0.6691348402182413,0.3389121338912131,0.9807299931988211,1.0,0.0,0.0,0.0,0.0,0.0,0.0,0.0,0.0,0.0,0.0,1.0,0.0,0.0,1.0,0.0,0.0,0.0,1.0,0.0,0.0,0.0,0.0,0.0,1.0,0.0
2244,0.30864197530864196,1.0,0.0,0.0,0.44444444444444436,0.0,0.7739511998264532,0.02631578947368421,1.0,0.0,1.0,0.6691348402182413,0.3389121338912131,0.9807299931988211,1.0,1.0,0.0,0.0,0.0,0.0,0.0,0.0,0.0,0.0,0.0,0.0,0.0,0.0,1.0,0.0,0.0,0.0,0.0,0.0,0.0,1.0,0.0,1.0,1.0,0.0
2245,0.3333333333333333,1.0,0.0,0.0,0.44444444444444436,0.0,0.6461771040195569,0.0,1.0,0.0,1.0,0.6691348402182413,0.3389121338912131,0.9807299931988211,1.0,0.0,0.0,0.0,0.0,0.0,0.0,0.0,0.0,0.0,0.0,0.0,0.0,1.0,0.0,0.0,0.0,0.0,1.0,0.0,0.0,0.0,0.0,0.0,1.0,0.0
2246,0.29629629629629634,0.0,1.0,0.0,0.44444444444444436,0.0,0.6267455095549759,0.07894736842105263,1.0,0.0,1.0,0.6691348402182413,0.3389121338912131,0.9807299931988211,1.0,0.0,0.0,0.0,0.0,0.0,0.0,0.0,0.0,0.0,0.0,0.0,0.0,1.0,0.0,0.0,0.0,0.0,1.0,0.0,0.0,0.0,0.0,0.0,1.0,0.0
2247,0.1728395061728395,0.0,0.0,0.0,0.44444444444444436,0.0,0.5743891340707834,0.05263157894736842,1.0,0.0,1.0,0.6691348402182413,0.3389121338912131,0.9807299931988211,1.0,0.0,0.0,1.0,0.0,0.0,0.0,0.0,0.0,0.0,0.0,0.0,0.0,0.0,1.0,0.0,0.0,1.0,0.0,0.0,0.0,0.0,0.0,0.0,1.0,0.0
2248,0.09876543209876543,0.0,0.0,0.0,0.44444444444444436,0.25,0.6541316149049302,0.0,1.0,0.0,1.0,0.6691348402182413,0.3389121338912131,0.9811834051235548,1.0,0.0,0.0,0.0,0.0,0.0,0.0,0.0,1.0,0.0,0.0,0.0,0.0,1.0,0.0,0.0,0.0,0.0,1.0,0.0,0.0,0.0,0.0,0.0,1.0,0.0
2249,0.4074074074074074,1.0,1.0,0.0,0.44444444444444436,0.25,0.599923549592398,0.0,1.0,0.0,1.0,0.6691348402182413,0.3389121338912131,0.9811834051235548,1.0,0.0,0.0,1.0,0.0,0.0,0.0,0.0,0.0,0.0,0.0,0.0,0.0,1.0,0.0,0.0,0.0,0.0,0.0,0.0,0.0,0.0,1.0,1.0,1.0,0.0
2250,0.48148148148148145,0.0,0.0,1.0,0.44444444444444436,0.25,0.5829794567444476,0.0,1.0,0.0,1.0,0.6691348402182413,0.3389121338912131,0.9811834051235548,1.0,0.0,0.0,0.0,0.0,0.0,0.0,0.0,0.0,0.0,0.0,1.0,0.0,0.0,0.0,0.0,0.0,0.0,0.0,0.0,1.0,0.0,0.0,0.0,1.0,0.0
2251,0.14814814814814814,1.0,0.0,0.0,0.44444444444444436,0.25,0.6541316149049302,0.0,1.0,0.0,1.0,0.6691348402182413,0.3389121338912131,0.9811834051235548,1.0,0.0,0.0,0.0,0.0,0.0,0.0,0.0,0.0,0.0,0.0,0.0,0.0,0.0,1.0,0.0,0.0,0.0,1.0,0.0,0.0,0.0,0.0,0.0,1.0,0.0
2252,0.19753086419753085,1.0,0.0,0.0,0.44444444444444436,0.25,0.6933889585355939,0.0,1.0,0.0,1.0,0.6691348402182413,0.3389121338912131,0.9811834051235548,1.0,0.0,0.0,0.0,0.0,0.0,0.0,0.0,0.0,0.0,1.0,0.0,0.0,1.0,0.0,0.0,0.0,0.0,0.0,0.0,1.0,0.0,0.0,1.0,1.0,0.0
2253,0.12345679012345678,0.0,0.0,0.0,0.44444444444444436,0.25,0.7333858376729261,0.07894736842105263,1.0,0.0,1.0,0.6691348402182413,0.3389121338912131,0.9811834051235548,1.0,1.0,0.0,0.0,0.0,0.0,0.0,0.0,1.0,0.0,0.0,0.0,0.0,0.0,1.0,0.0,0.0,0.0,1.0,0.0,0.0,0.0,0.0,1.0,1.0,0.0
2254,0.25925925925925924,1.0,0.0,0.0,0.44444444444444436,0.25,0.6082306576679029,0.0,1.0,0.0,1.0,0.6691348402182413,0.3389121338912131,0.9811834051235548,1.0,0.0,0.0,0.0,0.0,0.0,0.0,0.0,0.0,0.0,0.0,0.0,0.0,0.0,0.0,0.0,0.0,0.0,0.0,0.0,0.0,1.0,0.0,0.0,1.0,0.0
2255,0.2222222222222222,1.0,0.0,0.0,0.44444444444444436,0.25,0.7773331413559661,0.0,1.0,0.0,1.0,0.6691348402182413,0.3389121338912131,0.9811834051235548,1.0,1.0,0.0,0.0,0.0,0.0,0.0,0.0,0.0,0.0,1.0,0.0,0.0,1.0,0.0,0.0,0.0,0.0,1.0,0.0,0.0,0.0,0.0,1.0,1.0,0.0
2256,0.48148148148148145,0.0,0.0,0.0,0.44444444444444436,0.25,0.7390153878779311,0.0,1.0,0.0,1.0,0.6691348402182413,0.3389121338912131,0.9811834051235548,1.0,1.0,0.0,0.0,0.0,0.0,0.0,0.0,1.0,0.0,0.0,0.0,0.0,1.0,0.0,0.0,0.0,0.0,0.0,0.0,0.0,0.0,0.0,1.0,1.0,0.0
2257,0.1111111111111111,1.0,1.0,0.0,0.44444444444444436,0.25,0.5854388177384106,0.07894736842105263,1.0,0.0,1.0,0.6691348402182413,0.3389121338912131,0.9811834051235548,1.0,0.0,0.0,0.0,0.0,0.0,0.0,0.0,0.0,0.0,0.0,0.0,0.0,1.0,0.0,0.0,0.0,0.0,1.0,0.0,0.0,0.0,0.0,0.0,1.0,0.0
2258,0.20987654320987653,0.0,1.0,0.0,0.44444444444444436,0.25,0.5631773068220264,0.02631578947368421,1.0,0.0,1.0,0.6691348402182413,0.3389121338912131,0.9811834051235548,1.0,0.0,0.0,0.0,0.0,0.0,0.0,0.0,0.0,0.0,0.0,0.0,0.0,1.0,0.0,0.0,0.0,0.0,0.0,0.0,0.0,1.0,0.0,0.0,1.0,0.0
2259,0.2716049382716049,1.0,0.0,0.0,0.44444444444444436,0.25,0.7760562208180453,0.0,1.0,0.0,1.0,0.6691348402182413,0.3389121338912131,0.9811834051235548,1.0,1.0,0.0,0.0,0.0,1.0,0.0,0.0,0.0,0.0,0.0,0.0,0.0,0.0,0.0,0.0,0.0,0.0,0.0,0.0,0.0,1.0,0.0,0.0,1.0,0.0
2260,0.3209876543209876,0.0,0.0,0.0,0.44444444444444436,0.25,0.7367957909062232,0.0,1.0,0.0,1.0,0.6691348402182413,0.3389121338912131,0.9811834051235548,1.0,0.0,0.0,0.0,0.0,0.0,0.0,0.0,0.0,0.0,0.0,0.0,0.0,1.0,0.0,0.0,0.0,0.0,0.0,0.0,0.0,1.0,0.0,0.0,1.0,0.0
2261,0.3209876543209876,1.0,1.0,1.0,0.44444444444444436,0.25,0.6981521658814236,0.0,1.0,0.0,1.0,0.6691348402182413,0.3389121338912131,0.9811834051235548,1.0,0.0,0.0,0.0,0.0,0.0,0.0,0.0,0.0,0.0,0.0,0.0,0.0,1.0,0.0,0.0,0.0,0.0,0.0,0.0,0.0,1.0,0.0,0.0,1.0,0.0
2262,0.08641975308641975,0.0,0.0,0.0,0.44444444444444436,0.25,0.44244933785391355,0.0,1.0,0.0,1.0,0.6691348402182413,0.3389121338912131,0.9811834051235548,1.0,0.0,0.0,0.0,0.0,0.0,0.0,0.0,0.0,0.0,0.0,0.0,0.0,1.0,0.0,0.0,0.0,0.0,1.0,0.0,0.0,0.0,0.0,0.0,1.0,0.0
2263,0.1111111111111111,0.0,0.0,0.0,0.44444444444444436,0.25,0.5417298832341686,0.0,1.0,0.0,1.0,0.6691348402182413,0.3389121338912131,0.9811834051235548,1.0,0.0,1.0,0.0,0.0,0.0,0.0,0.0,0.0,0.0,0.0,0.0,0.0,1.0,0.0,0.0,0.0,1.0,0.0,0.0,0.0,0.0,0.0,1.0,1.0,0.0
2264,0.19753086419753085,1.0,0.0,0.0,0.44444444444444436,0.25,0.7383538951349292,0.0,1.0,0.0,1.0,0.6691348402182413,0.3389121338912131,0.9811834051235548,1.0,1.0,1.0,0.0,0.0,0.0,0.0,0.0,0.0,0.0,0.0,0.0,0.0,0.0,1.0,0.0,0.0,1.0,0.0,0.0,0.0,0.0,0.0,0.0,1.0,0.0
2265,0.2716049382716049,0.0,0.0,0.0,0.44444444444444436,0.25,0.7591731414671088,0.0,1.0,0.0,1.0,0.6691348402182413,0.3389121338912131,0.9811834051235548,1.0,1.0,1.0,0.0,0.0,0.0,0.0,0.0,0.0,0.0,0.0,0.0,0.0,1.0,0.0,0.0,1.0,0.0,0.0,0.0,0.0,0.0,0.0,1.0,1.0,0.0
2266,0.09876543209876543,0.0,0.0,0.0,0.44444444444444436,0.25,0.7215031956410405,0.05263157894736842,1.0,0.0,1.0,0.6691348402182413,0.3389121338912131,0.9811834051235548,1.0,1.0,0.0,0.0,0.0,0.0,0.0,0.0,0.0,0.0,1.0,0.0,0.0,0.0,1.0,0.0,0.0,0.0,0.0,0.0,0.0,1.0,0.0,0.0,1.0,0.0
2267,0.25925925925925924,0.0,1.0,0.0,0.44444444444444436,0.25,0.5761581170225034,0.02631578947368421,1.0,0.0,1.0,0.6691348402182413,0.3389121338912131,0.9811834051235548,1.0,0.0,0.0,1.0,0.0,0.0,0.0,0.0,0.0,0.0,0.0,0.0,0.0,1.0,0.0,0.0,0.0,1.0,0.0,0.0,0.0,0.0,0.0,1.0,1.0,0.0
2268,0.38271604938271603,0.0,0.0,0.0,0.44444444444444436,0.25,0.5846247304098844,0.05263157894736842,1.0,0.0,1.0,0.6691348402182413,0.3389121338912131,0.9811834051235548,1.0,0.0,0.0,0.0,0.0,0.0,0.0,0.0,0.0,0.0,1.0,0.0,0.0,1.0,0.0,0.0,0.0,0.0,1.0,0.0,0.0,0.0,0.0,1.0,1.0,0.0
2269,0.38271604938271603,0.0,0.0,0.0,0.44444444444444436,0.25,0.5601990426951532,0.0,1.0,0.0,1.0,0.6691348402182413,0.3389121338912131,0.9811834051235548,1.0,0.0,0.0,0.0,0.0,1.0,0.0,0.0,0.0,0.0,0.0,0.0,0.0,1.0,0.0,0.0,0.0,0.0,1.0,0.0,0.0,0.0,0.0,0.0,1.0,0.0
2270,0.38271604938271603,0.0,0.0,0.0,0.44444444444444436,0.25,0.771641319028872,0.0,1.0,0.0,1.0,0.6691348402182413,0.3389121338912131,0.9811834051235548,1.0,1.0,0.0,0.0,0.0,1.0,0.0,0.0,0.0,0.0,0.0,0.0,0.0,1.0,0.0,0.0,0.0,0.0,1.0,0.0,0.0,0.0,0.0,0.0,1.0,0.0
2271,0.2222222222222222,1.0,0.0,0.0,0.44444444444444436,0.25,0.811768483223066,0.02631578947368421,1.0,0.0,1.0,0.6691348402182413,0.3389121338912131,0.9811834051235548,1.0,1.0,0.0,0.0,0.0,0.0,0.0,0.0,0.0,0.0,0.0,0.0,0.0,1.0,0.0,0.0,0.0,0.0,1.0,0.0,0.0,0.0,0.0,0.0,1.0,0.0
2272,0.1111111111111111,1.0,0.0,0.0,0.44444444444444436,0.25,0.5581708002178327,0.0,1.0,0.0,1.0,0.6691348402182413,0.3389121338912131,0.9811834051235548,1.0,0.0,1.0,0.0,0.0,0.0,0.0,0.0,0.0,0.0,0.0,0.0,0.0,1.0,0.0,0.0,0.0,1.0,0.0,0.0,0.0,0.0,0.0,1.0,1.0,0.0
2273,0.13580246913580246,1.0,0.0,0.0,0.44444444444444436,0.25,0.6184662540070037,0.0,1.0,0.0,1.0,0.6691348402182413,0.3389121338912131,0.9811834051235548,1.0,0.0,0.0,0.0,0.0,0.0,0.0,0.0,1.0,0.0,0.0,0.0,0.0,1.0,0.0,0.0,0.0,0.0,1.0,0.0,0.0,0.0,0.0,0.0,1.0,0.0
2274,0.29629629629629634,0.0,0.0,0.0,0.44444444444444436,0.25,0.6933889585355939,0.0,1.0,0.0,1.0,0.6691348402182413,0.3389121338912131,0.9811834051235548,1.0,0.0,0.0,0.0,0.0,0.0,0.0,0.0,0.0,0.0,0.0,0.0,0.0,0.0,1.0,0.0,0.0,0.0,0.0,0.0,0.0,1.0,0.0,0.0,1.0,0.0
2275,0.3209876543209876,1.0,0.0,1.0,0.44444444444444436,0.25,0.6661632026103997,0.0,1.0,0.0,1.0,0.6691348402182413,0.3389121338912131,0.9811834051235548,1.0,0.0,0.0,0.0,0.0,0.0,0.0,0.0,0.0,0.0,0.0,0.0,0.0,0.0,1.0,0.0,0.0,0.0,1.0,0.0,0.0,0.0,0.0,0.0,1.0,0.0
2276,0.14814814814814814,0.0,0.0,0.0,0.44444444444444436,0.25,0.7474972696344017,0.02631578947368421,1.0,0.0,1.0,0.6691348402182413,0.3389121338912131,0.9811834051235548,1.0,1.0,0.0,0.0,0.0,0.0,0.0,0.0,0.0,0.0,0.0,0.0,0.0,0.0,1.0,0.0,0.0,0.0,1.0,0.0,0.0,0.0,0.0,0.0,1.0,0.0
2277,0.14814814814814814,0.0,0.0,0.0,0.44444444444444436,0.25,0.649517880450222,0.05263157894736842,1.0,0.0,1.0,0.6691348402182413,0.3389121338912131,0.9811834051235548,1.0,0.0,1.0,0.0,0.0,0.0,0.0,0.0,0.0,0.0,0.0,0.0,0.0,1.0,0.0,0.0,0.0,1.0,0.0,0.0,0.0,0.0,0.0,0.0,1.0,0.0
2278,0.09876543209876543,0.0,0.0,0.0,0.44444444444444436,0.25,0.8796290929408072,0.02631578947368421,1.0,0.0,1.0,0.6691348402182413,0.3389121338912131,0.9811834051235548,1.0,1.0,0.0,0.0,0.0,0.0,0.0,0.0,1.0,0.0,0.0,0.0,0.0,1.0,0.0,0.0,0.0,0.0,1.0,0.0,0.0,0.0,0.0,0.0,1.0,0.0
2279,0.35802469135802467,0.0,0.0,0.0,0.44444444444444436,0.25,0.7584297889177843,0.02631578947368421,1.0,0.0,1.0,0.6691348402182413,0.3389121338912131,0.9811834051235548,1.0,0.0,0.0,0.0,0.0,0.0,0.0,0.0,1.0,0.0,0.0,0.0,0.0,1.0,0.0,0.0,0.0,1.0,0.0,0.0,0.0,0.0,0.0,0.0,1.0,0.0
2280,0.14814814814814814,1.0,0.0,0.0,0.44444444444444436,0.25,0.7675728391967329,0.0,1.0,0.0,1.0,0.6691348402182413,0.3389121338912131,0.9811834051235548,1.0,1.0,0.0,0.0,0.0,0.0,0.0,0.0,0.0,0.0,0.0,0.0,0.0,1.0,0.0,0.0,0.0,0.0,1.0,0.0,0.0,0.0,0.0,0.0,1.0,0.0
2281,0.20987654320987653,0.0,1.0,0.0,0.44444444444444436,0.25,0.82197445973336,0.0,1.0,0.0,1.0,0.6691348402182413,0.3389121338912131,0.9811834051235548,1.0,1.0,0.0,0.0,0.0,0.0,0.0,0.0,0.0,0.0,1.0,0.0,0.0,0.0,1.0,0.0,0.0,0.0,0.0,0.0,0.0,1.0,0.0,0.0,1.0,0.0
2282,0.16049382716049382,1.0,0.0,0.0,0.44444444444444436,0.25,0.6273151724090865,0.0,1.0,0.0,1.0,0.6691348402182413,0.3389121338912131,0.9811834051235548,1.0,0.0,0.0,0.0,0.0,0.0,0.0,0.0,0.0,0.0,1.0,0.0,0.0,0.0,1.0,0.0,0.0,0.0,0.0,0.0,1.0,0.0,0.0,0.0,1.0,0.0
2283,0.30864197530864196,0.0,0.0,0.0,0.44444444444444436,0.25,0.775734813105844,0.0,1.0,0.0,1.0,0.6691348402182413,0.3389121338912131,0.9811834051235548,1.0,1.0,1.0,0.0,0.0,0.0,0.0,0.0,0.0,0.0,0.0,0.0,0.0,1.0,0.0,0.0,0.0,1.0,0.0,0.0,0.0,0.0,0.0,0.0,1.0,0.0
2284,0.16049382716049382,0.0,0.0,0.0,0.44444444444444436,0.25,0.599923549592398,0.0,1.0,0.0,1.0,0.6691348402182413,0.3389121338912131,0.9811834051235548,1.0,0.0,0.0,0.0,0.0,0.0,0.0,0.0,0.0,0.0,1.0,0.0,0.0,0.0,1.0,0.0,0.0,0.0,0.0,0.0,1.0,0.0,0.0,0.0,1.0,0.0
2285,0.2345679012345679,1.0,0.0,0.0,0.44444444444444436,0.25,0.7734600293864244,0.10526315789473684,1.0,0.0,1.0,0.6691348402182413,0.3389121338912131,0.9811834051235548,1.0,1.0,0.0,0.0,0.0,0.0,0.0,0.0,0.0,0.0,0.0,0.0,0.0,1.0,0.0,0.0,0.0,0.0,0.0,0.0,0.0,1.0,0.0,0.0,1.0,0.0
2286,0.2839506172839506,0.0,0.0,0.0,0.44444444444444436,0.25,0.5660820259952785,0.02631578947368421,1.0,0.0,1.0,0.6691348402182413,0.3389121338912131,0.9811834051235548,1.0,0.0,0.0,0.0,0.0,0.0,0.0,0.0,0.0,0.0,1.0,0.0,0.0,0.0,0.0,0.0,0.0,0.0,0.0,0.0,1.0,0.0,0.0,0.0,1.0,0.0
2287,0.3209876543209876,0.0,0.0,0.0,0.44444444444444436,0.25,0.5393533347388635,0.13157894736842105,1.0,0.0,1.0,0.6691348402182413,0.3389121338912131,0.9811834051235548,1.0,0.0,0.0,0.0,0.0,0.0,0.0,0.0,0.0,0.0,1.0,0.0,0.0,0.0,1.0,0.0,0.0,0.0,0.0,0.0,1.0,0.0,0.0,1.0,1.0,0.0
2288,0.07407407407407407,0.0,0.0,0.0,0.44444444444444436,0.25,0.635013676339261,0.0,1.0,0.0,1.0,0.6691348402182413,0.3389121338912131,0.9811834051235548,1.0,0.0,0.0,0.0,0.0,0.0,0.0,0.0,0.0,0.0,0.0,0.0,0.0,0.0,1.0,0.0,0.0,0.0,1.0,0.0,0.0,0.0,0.0,0.0,1.0,0.0
2289,0.12345679012345678,0.0,0.0,0.0,0.44444444444444436,0.25,0.7869320100269303,0.02631578947368421,1.0,0.0,1.0,0.6691348402182413,0.3389121338912131,0.9811834051235548,1.0,1.0,0.0,0.0,0.0,0.0,0.0,0.0,0.0,0.0,0.0,0.0,0.0,0.0,1.0,0.0,0.0,0.0,0.0,0.0,1.0,0.0,0.0,0.0,1.0,0.0
2290,0.4567901234567901,1.0,0.0,0.0,0.44444444444444436,0.25,0.6166136936809081,0.0,1.0,0.0,1.0,0.6691348402182413,0.3389121338912131,0.9811834051235548,1.0,0.0,0.0,0.0,0.0,0.0,1.0,0.0,0.0,0.0,0.0,0.0,0.0,0.0,0.0,0.0,0.0,0.0,0.0,0.0,0.0,0.0,0.0,1.0,1.0,0.0
2291,0.39506172839506176,1.0,0.0,0.0,0.44444444444444436,0.25,0.7534800071482515,0.0,1.0,0.0,1.0,0.6691348402182413,0.3389121338912131,0.9811834051235548,1.0,0.0,0.0,0.0,0.0,1.0,0.0,0.0,0.0,0.0,0.0,0.0,0.0,1.0,0.0,0.0,0.0,0.0,0.0,0.0,0.0,1.0,0.0,0.0,1.0,0.0
2292,0.20987654320987653,0.0,0.0,0.0,0.44444444444444436,0.25,0.5970188304191458,0.02631578947368421,1.0,0.0,1.0,0.6691348402182413,0.3389121338912131,0.9811834051235548,1.0,0.0,0.0,0.0,0.0,0.0,0.0,0.0,0.0,0.0,1.0,0.0,0.0,0.0,1.0,0.0,0.0,0.0,0.0,0.0,0.0,1.0,0.0,0.0,1.0,0.0
2293,0.08641975308641975,1.0,0.0,0.0,0.44444444444444436,0.25,0.5932840675469451,0.02631578947368421,1.0,0.0,1.0,0.6691348402182413,0.3389121338912131,0.9811834051235548,1.0,0.0,0.0,0.0,0.0,0.0,0.0,0.0,0.0,1.0,0.0,0.0,0.0,0.0,1.0,0.0,0.0,0.0,1.0,0.0,0.0,0.0,0.0,1.0,1.0,0.0
2294,0.2345679012345679,1.0,1.0,0.0,0.44444444444444436,0.25,0.6904356197503724,0.0,1.0,0.0,1.0,0.6691348402182413,0.3389121338912131,0.9811834051235548,1.0,0.0,1.0,0.0,0.0,0.0,0.0,0.0,0.0,0.0,0.0,0.0,0.0,1.0,0.0,0.0,0.0,0.0,0.0,0.0,0.0,0.0,0.0,1.0,1.0,0.0
2295,0.12345679012345678,1.0,0.0,0.0,0.44444444444444436,0.25,0.5651217337279456,0.0,1.0,0.0,1.0,0.6691348402182413,0.3389121338912131,0.9811834051235548,1.0,0.0,0.0,0.0,0.0,0.0,0.0,0.0,0.0,0.0,0.0,0.0,0.0,0.0,1.0,0.0,0.0,0.0,1.0,0.0,0.0,0.0,0.0,0.0,1.0,0.0
2296,0.12345679012345678,0.0,0.0,0.0,0.44444444444444436,0.25,0.7909590342904229,0.0,1.0,0.0,1.0,0.6691348402182413,0.3389121338912131,0.9811834051235548,1.0,1.0,0.0,1.0,0.0,0.0,0.0,0.0,0.0,0.0,0.0,0.0,0.0,1.0,0.0,0.0,0.0,0.0,1.0,0.0,0.0,0.0,0.0,0.0,1.0,0.0
2297,0.24691358024691357,1.0,1.0,0.0,0.44444444444444436,0.25,0.6295666315558228,0.02631578947368421,1.0,0.0,1.0,0.6691348402182413,0.3389121338912131,0.9811834051235548,1.0,0.0,0.0,0.0,0.0,0.0,0.0,0.0,1.0,0.0,0.0,0.0,0.0,0.0,0.0,0.0,1.0,0.0,0.0,0.0,0.0,0.0,0.0,0.0,1.0,0.0
2298,0.38271604938271603,1.0,0.0,0.0,0.44444444444444436,0.25,0.6927390389294485,0.07894736842105263,1.0,0.0,1.0,0.6691348402182413,0.3389121338912131,0.9811834051235548,1.0,0.0,0.0,0.0,0.0,0.0,0.0,0.0,0.0,0.0,1.0,0.0,0.0,0.0,0.0,0.0,0.0,0.0,0.0,0.0,1.0,0.0,0.0,0.0,1.0,0.0
2299,0.12345679012345678,0.0,0.0,0.0,0.44444444444444436,0.25,0.6778197757555917,0.0,1.0,0.0,1.0,0.6691348402182413,0.3389121338912131,0.9811834051235548,1.0,0.0,0.0,0.0,0.0,0.0,0.0,0.0,0.0,0.0,0.0,0.0,0.0,0.0,1.0,0.0,0.0,0.0,1.0,0.0,0.0,0.0,0.0,0.0,1.0,0.0
2300,0.3209876543209876,0.0,0.0,0.0,0.44444444444444436,0.25,0.5518674094137875,0.0,1.0,0.0,1.0,0.6691348402182413,0.3389121338912131,0.9811834051235548,1.0,0.0,1.0,0.0,0.0,0.0,0.0,0.0,0.0,0.0,0.0,0.0,0.0,0.0,0.0,0.0,0.0,1.0,0.0,0.0,0.0,0.0,0.0,0.0,1.0,0.0
2301,0.3703703703703703,1.0,0.0,0.0,0.44444444444444436,0.25,0.6202900913078108,0.05263157894736842,1.0,0.0,1.0,0.6691348402182413,0.3389121338912131,0.9811834051235548,1.0,0.0,0.0,0.0,0.0,0.0,0.0,0.0,0.0,0.0,0.0,0.0,0.0,1.0,0.0,0.0,0.0,0.0,0.0,0.0,0.0,1.0,0.0,0.0,1.0,0.0
2302,0.29629629629629634,1.0,0.0,0.0,0.44444444444444436,0.25,0.5962813035550764,0.0,1.0,0.0,1.0,0.6691348402182413,0.3389121338912131,0.9811834051235548,1.0,0.0,1.0,0.0,0.0,0.0,0.0,0.0,0.0,0.0,0.0,0.0,0.0,1.0,0.0,0.0,0.0,0.0,0.0,0.0,0.0,0.0,1.0,0.0,1.0,0.0
2303,0.4074074074074074,1.0,1.0,0.0,0.44444444444444436,0.25,0.7593582479561072,0.0,1.0,0.0,1.0,0.6691348402182413,0.3389121338912131,0.9811834051235548,1.0,1.0,0.0,0.0,0.0,0.0,0.0,0.0,0.0,0.0,0.0,0.0,0.0,1.0,0.0,0.0,0.0,0.0,0.0,0.0,1.0,0.0,0.0,0.0,1.0,0.0
2304,0.30864197530864196,0.0,0.0,0.0,0.44444444444444436,0.25,0.5631773068220264,0.05263157894736842,1.0,0.0,1.0,0.6691348402182413,0.3389121338912131,0.9811834051235548,1.0,0.0,1.0,0.0,0.0,0.0,0.0,0.0,0.0,0.0,0.0,0.0,0.0,1.0,0.0,0.0,0.0,1.0,0.0,0.0,0.0,0.0,0.0,0.0,1.0,0.0
2305,0.20987654320987653,1.0,0.0,0.0,0.44444444444444436,0.25,0.7892500190089669,0.05263157894736842,1.0,0.0,1.0,0.6691348402182413,0.3389121338912131,0.9811834051235548,1.0,1.0,0.0,0.0,0.0,0.0,0.0,0.0,0.0,0.0,0.0,0.0,0.0,0.0,1.0,0.0,0.0,0.0,0.0,0.0,0.0,1.0,0.0,0.0,1.0,0.0
2306,0.16049382716049382,0.0,0.0,0.0,0.44444444444444436,0.25,0.7571175106933035,0.02631578947368421,1.0,0.0,1.0,0.6691348402182413,0.3389121338912131,0.9811834051235548,1.0,1.0,1.0,0.0,0.0,0.0,0.0,0.0,0.0,0.0,0.0,0.0,0.0,1.0,0.0,0.0,0.0,1.0,0.0,0.0,0.0,0.0,0.0,0.0,1.0,0.0
2307,0.29629629629629634,1.0,0.0,0.0,0.44444444444444436,0.25,0.4735228478707203,0.02631578947368421,1.0,0.0,1.0,0.6691348402182413,0.3389121338912131,0.9811834051235548,1.0,0.0,0.0,0.0,0.0,0.0,0.0,0.0,1.0,0.0,0.0,0.0,0.0,0.0,0.0,0.0,0.0,0.0,1.0,0.0,0.0,0.0,0.0,1.0,1.0,0.0
2308,0.13580246913580246,0.0,0.0,0.0,0.44444444444444436,0.25,0.7433327586536977,0.0,1.0,0.0,1.0,0.6691348402182413,0.3389121338912131,0.9811834051235548,1.0,0.0,0.0,0.0,0.0,0.0,0.0,0.0,1.0,0.0,0.0,0.0,0.0,1.0,0.0,0.0,0.0,0.0,1.0,0.0,0.0,0.0,0.0,0.0,1.0,0.0
2309,0.3333333333333333,1.0,0.0,0.0,0.44444444444444436,0.25,0.6391967001499177,0.02631578947368421,1.0,0.0,1.0,0.6691348402182413,0.3389121338912131,0.9811834051235548,1.0,0.0,0.0,0.0,0.0,0.0,0.0,0.0,0.0,0.0,0.0,0.0,0.0,1.0,0.0,0.0,0.0,0.0,0.0,0.0,0.0,1.0,0.0,0.0,1.0,0.0
2310,0.3209876543209876,1.0,0.0,0.0,0.44444444444444436,0.25,0.7635372332492569,0.02631578947368421,1.0,0.0,1.0,0.6691348402182413,0.3389121338912131,0.9811834051235548,1.0,1.0,1.0,0.0,0.0,0.0,0.0,0.0,0.0,0.0,0.0,0.0,0.0,0.0,0.0,0.0,0.0,0.0,1.0,0.0,0.0,0.0,0.0,0.0,1.0,0.0
2311,0.12345679012345678,1.0,0.0,0.0,0.44444444444444436,0.25,0.8196710405542837,0.07894736842105263,1.0,0.0,1.0,0.6691348402182413,0.3389121338912131,0.9811834051235548,1.0,1.0,0.0,0.0,0.0,0.0,0.0,0.0,0.0,0.0,0.0,0.0,0.0,0.0,1.0,0.0,0.0,0.0,0.0,0.0,1.0,0.0,0.0,0.0,1.0,0.0
2312,0.1728395061728395,0.0,0.0,0.0,0.44444444444444436,0.25,0.3636152410663567,0.8947368421052632,1.0,0.0,1.0,0.6691348402182413,0.3389121338912131,0.9811834051235548,1.0,0.0,0.0,0.0,0.0,0.0,0.0,0.0,0.0,0.0,0.0,0.0,0.0,0.0,1.0,0.0,0.0,0.0,1.0,0.0,0.0,0.0,0.0,0.0,1.0,0.0
2313,0.16049382716049382,1.0,0.0,0.0,0.44444444444444436,0.25,0.8474611788833986,0.05263157894736842,1.0,0.0,1.0,0.6691348402182413,0.3389121338912131,0.9811834051235548,1.0,1.0,0.0,0.0,0.0,0.0,0.0,0.0,1.0,0.0,0.0,0.0,0.0,1.0,0.0,0.0,0.0,0.0,1.0,0.0,0.0,0.0,0.0,0.0,1.0,0.0
2314,0.1111111111111111,1.0,1.0,0.0,0.44444444444444436,0.25,0.7686032266559751,0.02631578947368421,1.0,0.0,1.0,0.6691348402182413,0.3389121338912131,0.9811834051235548,1.0,1.0,0.0,0.0,0.0,0.0,0.0,0.0,0.0,0.0,0.0,0.0,0.0,0.0,1.0,0.0,0.0,1.0,0.0,0.0,0.0,0.0,0.0,0.0,1.0,0.0
2315,0.30864197530864196,0.0,0.0,0.0,0.44444444444444436,0.25,0.5529417104829256,0.02631578947368421,1.0,0.0,1.0,0.6691348402182413,0.3389121338912131,0.9811834051235548,1.0,0.0,1.0,0.0,0.0,0.0,0.0,0.0,0.0,0.0,0.0,0.0,0.0,1.0,0.0,0.0,1.0,0.0,0.0,0.0,0.0,0.0,0.0,1.0,1.0,0.0
2316,0.3209876543209876,1.0,0.0,0.0,0.44444444444444436,0.25,0.5829794567444476,0.02631578947368421,1.0,0.0,1.0,0.6691348402182413,0.3389121338912131,0.9811834051235548,1.0,0.0,1.0,0.0,0.0,0.0,0.0,0.0,0.0,0.0,0.0,0.0,0.0,0.0,0.0,0.0,0.0,1.0,0.0,0.0,0.0,0.0,0.0,0.0,1.0,0.0
2317,0.20987654320987653,0.0,0.0,0.0,0.44444444444444436,0.25,0.5641535377316825,0.05263157894736842,1.0,0.0,1.0,0.6691348402182413,0.3389121338912131,0.9811834051235548,1.0,0.0,0.0,0.0,0.0,0.0,0.0,0.0,0.0,0.0,1.0,0.0,0.0,0.0,1.0,0.0,0.0,0.0,0.0,0.0,0.0,1.0,0.0,0.0,1.0,0.0
2318,0.38271604938271603,1.0,0.0,0.0,0.44444444444444436,0.25,0.5787626916748434,0.05263157894736842,1.0,0.0,1.0,0.6691348402182413,0.3389121338912131,0.9811834051235548,1.0,0.0,0.0,0.0,0.0,0.0,0.0,0.0,0.0,0.0,1.0,0.0,0.0,1.0,0.0,0.0,0.0,0.0,0.0,0.0,1.0,0.0,0.0,0.0,1.0,0.0
2319,0.2222222222222222,0.0,0.0,0.0,0.44444444444444436,0.25,0.5984801554161608,0.0,1.0,0.0,1.0,0.6691348402182413,0.3389121338912131,0.9811834051235548,1.0,0.0,0.0,0.0,0.0,0.0,0.0,0.0,1.0,0.0,0.0,0.0,0.0,0.0,1.0,0.0,0.0,0.0,1.0,0.0,0.0,0.0,0.0,0.0,1.0,0.0
2320,0.2222222222222222,0.0,0.0,0.0,0.44444444444444436,0.25,0.529335783224907,0.0,1.0,0.0,1.0,0.6691348402182413,0.3389121338912131,0.9811834051235548,1.0,0.0,0.0,0.0,0.0,0.0,0.0,0.0,1.0,0.0,0.0,0.0,0.0,0.0,1.0,0.0,0.0,0.0,1.0,0.0,0.0,0.0,0.0,0.0,1.0,0.0
2321,0.30864197530864196,1.0,0.0,0.0,0.44444444444444436,0.25,0.6208918069393788,0.13157894736842105,1.0,0.0,1.0,0.6691348402182413,0.3389121338912131,0.9811834051235548,1.0,0.0,0.0,0.0,0.0,0.0,0.0,0.0,0.0,0.0,1.0,0.0,0.0,0.0,0.0,0.0,0.0,1.0,0.0,0.0,0.0,0.0,0.0,0.0,1.0,0.0
2322,0.43209876543209874,0.0,0.0,0.0,0.44444444444444436,0.25,0.6295666315558228,0.02631578947368421,1.0,0.0,1.0,0.6691348402182413,0.3389121338912131,0.9811834051235548,1.0,0.0,0.0,0.0,0.0,0.0,0.0,0.0,0.0,0.0,0.0,0.0,0.0,0.0,0.0,0.0,0.0,0.0,0.0,0.0,0.0,1.0,0.0,1.0,1.0,0.0
2323,0.18518518518518517,0.0,0.0,1.0,0.44444444444444436,0.25,0.6789243392652736,0.05263157894736842,1.0,0.0,1.0,0.6691348402182413,0.3389121338912131,0.9811834051235548,1.0,0.0,0.0,0.0,0.0,0.0,0.0,0.0,0.0,0.0,0.0,0.0,0.0,1.0,0.0,0.0,0.0,1.0,0.0,0.0,0.0,0.0,0.0,0.0,1.0,0.0
2324,0.14814814814814814,0.0,0.0,1.0,0.44444444444444436,0.25,0.6632686943784747,0.10526315789473684,1.0,0.0,1.0,0.6691348402182413,0.3389121338912131,0.9811834051235548,1.0,0.0,0.0,0.0,0.0,0.0,0.0,0.0,0.0,0.0,0.0,0.0,0.0,0.0,1.0,0.0,0.0,1.0,0.0,0.0,0.0,0.0,0.0,0.0,1.0,0.0
2325,0.2222222222222222,0.0,0.0,0.0,0.44444444444444436,0.5,0.5955391234938983,0.0,1.0,0.0,1.0,0.6691348402182413,0.3389121338912131,0.9811834051235548,1.0,0.0,0.0,0.0,0.0,0.0,0.0,1.0,0.0,0.0,0.0,0.0,0.0,0.0,1.0,0.0,0.0,0.0,0.0,0.0,0.0,1.0,0.0,0.0,1.0,0.0
2326,0.13580246913580246,0.0,0.0,0.0,0.44444444444444436,0.5,0.5932840675469451,0.0,1.0,0.0,1.0,0.6691348402182413,0.3389121338912131,0.9811834051235548,1.0,0.0,0.0,0.0,0.0,0.0,0.0,0.0,0.0,0.0,1.0,0.0,0.0,0.0,0.0,0.0,0.0,0.0,0.0,0.0,0.0,1.0,0.0,0.0,1.0,0.0
2327,0.4567901234567901,0.0,0.0,1.0,0.44444444444444436,0.5,0.6499874824690127,0.0,1.0,0.0,1.0,0.6691348402182413,0.3389121338912131,0.9811834051235548,1.0,0.0,0.0,0.0,0.0,0.0,0.0,0.0,1.0,0.0,0.0,0.0,0.0,1.0,0.0,0.0,0.0,0.0,1.0,0.0,0.0,0.0,0.0,0.0,1.0,0.0
2328,0.2839506172839506,1.0,0.0,0.0,0.44444444444444436,0.5,0.6278820898893921,0.05263157894736842,1.0,0.0,1.0,0.6691348402182413,0.3389121338912131,0.9811834051235548,1.0,0.0,1.0,0.0,0.0,0.0,0.0,0.0,0.0,0.0,0.0,0.0,0.0,0.0,0.0,0.0,0.0,1.0,0.0,0.0,0.0,0.0,0.0,0.0,1.0,0.0
2329,0.09876543209876543,1.0,0.0,0.0,0.44444444444444436,0.5,0.6541316149049302,0.05263157894736842,1.0,0.0,1.0,0.6691348402182413,0.3389121338912131,0.9811834051235548,1.0,0.0,0.0,0.0,0.0,0.0,0.0,0.0,0.0,0.0,1.0,0.0,0.0,0.0,1.0,0.0,0.0,0.0,0.0,0.0,0.0,1.0,0.0,0.0,1.0,0.0
2330,0.4444444444444445,0.0,0.0,0.0,0.44444444444444436,0.5,0.7886747848579034,0.0,1.0,0.0,1.0,0.6691348402182413,0.3389121338912131,0.9811834051235548,1.0,1.0,0.0,0.0,0.0,0.0,0.0,0.0,0.0,0.0,0.0,0.0,0.0,1.0,0.0,0.0,0.0,0.0,0.0,0.0,0.0,1.0,0.0,1.0,1.0,0.0
2331,0.1728395061728395,1.0,0.0,0.0,0.44444444444444436,0.5,0.7396731816673451,0.0,1.0,0.0,1.0,0.6691348402182413,0.3389121338912131,0.9811834051235548,1.0,1.0,0.0,0.0,0.0,0.0,0.0,0.0,1.0,0.0,0.0,0.0,0.0,1.0,0.0,0.0,0.0,1.0,0.0,0.0,0.0,0.0,0.0,0.0,1.0,0.0
2332,0.1728395061728395,0.0,0.0,0.0,0.44444444444444436,0.5,0.7672273612700455,0.0,1.0,0.0,1.0,0.6691348402182413,0.3389121338912131,0.9811834051235548,1.0,1.0,0.0,0.0,0.0,0.0,0.0,0.0,1.0,0.0,0.0,0.0,0.0,1.0,0.0,0.0,0.0,1.0,0.0,0.0,0.0,0.0,0.0,0.0,1.0,0.0
2333,0.16049382716049382,1.0,1.0,0.0,0.44444444444444436,0.5,0.48923083320309235,0.0,1.0,0.0,1.0,0.6691348402182413,0.3389121338912131,0.9811834051235548,1.0,0.0,0.0,0.0,0.0,0.0,0.0,0.0,0.0,0.0,1.0,0.0,0.0,0.0,1.0,0.0,0.0,0.0,0.0,0.0,0.0,1.0,0.0,0.0,1.0,0.0
2334,0.2222222222222222,1.0,0.0,0.0,0.44444444444444436,0.5,0.9011541159327322,0.0,1.0,0.0,1.0,0.6691348402182413,0.3389121338912131,0.9811834051235548,1.0,1.0,0.0,0.0,0.0,0.0,0.0,1.0,0.0,0.0,0.0,0.0,0.0,0.0,1.0,0.0,0.0,0.0,0.0,0.0,0.0,1.0,0.0,0.0,1.0,0.0
2335,0.3209876543209876,1.0,0.0,0.0,0.44444444444444436,0.5,0.6697830312775754,0.0,1.0,0.0,1.0,0.6691348402182413,0.3389121338912131,0.9811834051235548,1.0,0.0,0.0,0.0,1.0,0.0,0.0,0.0,0.0,0.0,0.0,0.0,0.0,1.0,0.0,0.0,0.0,0.0,0.0,0.0,0.0,0.0,0.0,0.0,1.0,0.0
2336,0.3209876543209876,1.0,0.0,0.0,0.44444444444444436,0.5,0.6778197757555917,0.0,1.0,0.0,1.0,0.6691348402182413,0.3389121338912131,0.9811834051235548,1.0,0.0,0.0,0.0,1.0,0.0,0.0,0.0,0.0,0.0,0.0,0.0,0.0,1.0,0.0,0.0,0.0,0.0,0.0,0.0,0.0,0.0,0.0,0.0,1.0,0.0
2337,0.3333333333333333,1.0,0.0,0.0,0.44444444444444436,0.5,0.5716847586578249,0.0,1.0,0.0,1.0,0.6691348402182413,0.3389121338912131,0.9811834051235548,1.0,0.0,1.0,0.0,0.0,0.0,0.0,0.0,0.0,0.0,0.0,0.0,0.0,1.0,0.0,0.0,0.0,0.0,0.0,0.0,0.0,0.0,0.0,1.0,1.0,0.0
2338,0.419753086419753,1.0,0.0,0.0,0.44444444444444436,0.5,0.6202900913078108,0.0,1.0,0.0,1.0,0.6691348402182413,0.3389121338912131,0.9811834051235548,1.0,0.0,0.0,0.0,0.0,1.0,0.0,0.0,0.0,0.0,0.0,0.0,0.0,1.0,0.0,0.0,0.0,0.0,0.0,0.0,0.0,1.0,0.0,0.0,1.0,0.0
2339,0.419753086419753,0.0,1.0,0.0,0.44444444444444436,0.5,0.5540062892371289,0.0,1.0,0.0,1.0,0.6691348402182413,0.3389121338912131,0.9811834051235548,1.0,0.0,0.0,0.0,0.0,1.0,0.0,0.0,0.0,0.0,0.0,0.0,0.0,1.0,0.0,0.0,0.0,0.0,0.0,0.0,0.0,1.0,0.0,0.0,1.0,0.0
2340,0.2345679012345679,0.0,1.0,0.0,0.44444444444444436,0.5,0.5925226723355308,0.02631578947368421,1.0,0.0,1.0,0.6691348402182413,0.3389121338912131,0.9811834051235548,1.0,0.0,0.0,0.0,0.0,0.0,0.0,0.0,0.0,0.0,0.0,0.0,0.0,1.0,0.0,0.0,0.0,0.0,0.0,0.0,0.0,1.0,0.0,0.0,1.0,0.0
2341,0.2345679012345679,1.0,0.0,0.0,0.44444444444444436,0.5,0.7466760785195581,0.02631578947368421,1.0,0.0,1.0,0.6691348402182413,0.3389121338912131,0.9811834051235548,1.0,1.0,0.0,0.0,0.0,0.0,0.0,0.0,0.0,0.0,0.0,0.0,0.0,1.0,0.0,0.0,0.0,0.0,0.0,0.0,0.0,1.0,0.0,0.0,1.0,0.0
2342,0.30864197530864196,1.0,0.0,0.0,0.44444444444444436,0.5,0.7806205650549668,0.0,1.0,0.0,1.0,0.6691348402182413,0.3389121338912131,0.9811834051235548,1.0,1.0,0.0,0.0,0.0,0.0,0.0,0.0,0.0,0.0,1.0,0.0,0.0,1.0,0.0,0.0,0.0,0.0,1.0,0.0,0.0,0.0,0.0,0.0,1.0,0.0
2343,0.08641975308641975,0.5,0.5,0.0,0.44444444444444436,0.5,0.7836682782537098,0.0,1.0,0.0,1.0,0.6691348402182413,0.3389121338912131,0.9811834051235548,1.0,1.0,1.0,0.0,0.0,0.0,0.0,0.0,0.0,0.0,0.0,0.0,0.0,1.0,0.0,0.0,0.0,1.0,0.0,0.0,0.0,0.0,0.0,0.0,1.0,0.0
2344,0.2345679012345679,1.0,0.0,1.0,0.44444444444444436,0.5,0.33328547525193053,0.0,1.0,0.0,1.0,0.6691348402182413,0.3389121338912131,0.9811834051235548,1.0,0.0,1.0,0.0,0.0,0.0,0.0,0.0,0.0,0.0,0.0,0.0,0.0,1.0,0.0,0.0,1.0,0.0,0.0,0.0,0.0,0.0,0.0,0.0,1.0,0.0
2345,0.2345679012345679,0.0,0.0,0.0,0.44444444444444436,0.5,0.6267455095549759,0.0,1.0,0.0,1.0,0.6691348402182413,0.3389121338912131,0.9811834051235548,1.0,0.0,1.0,0.0,0.0,0.0,0.0,0.0,0.0,0.0,0.0,0.0,0.0,1.0,0.0,0.0,1.0,0.0,0.0,0.0,0.0,0.0,0.0,0.0,1.0,0.0
2346,0.419753086419753,1.0,1.0,0.0,0.44444444444444436,0.5,0.5716847586578249,0.0,1.0,0.0,1.0,0.6691348402182413,0.3389121338912131,0.9811834051235548,1.0,0.0,0.0,0.0,0.0,0.0,0.0,0.0,0.0,0.0,1.0,0.0,0.0,1.0,0.0,0.0,0.0,0.0,0.0,0.0,0.0,1.0,0.0,1.0,1.0,0.0
2347,0.1728395061728395,0.0,0.0,0.0,0.44444444444444436,0.5,0.7611934669171702,0.0,1.0,0.0,1.0,0.6691348402182413,0.3389121338912131,0.9811834051235548,1.0,1.0,0.0,0.0,0.0,1.0,0.0,0.0,0.0,0.0,0.0,0.0,0.0,0.0,1.0,0.0,0.0,0.0,0.0,0.0,0.0,1.0,0.0,0.0,1.0,0.0
2348,0.18518518518518517,0.0,1.0,1.0,0.44444444444444436,0.5,0.8115313155026385,0.0,1.0,0.0,1.0,0.6691348402182413,0.3389121338912131,0.9811834051235548,1.0,1.0,1.0,0.0,0.0,0.0,0.0,0.0,0.0,0.0,0.0,0.0,0.0,1.0,0.0,0.0,0.0,0.0,0.0,0.0,0.0,0.0,0.0,1.0,1.0,0.0
2349,0.1728395061728395,1.0,0.0,0.0,0.44444444444444436,0.5,0.7642490971431724,0.0,1.0,0.0,1.0,0.6691348402182413,0.3389121338912131,0.9811834051235548,1.0,1.0,0.0,0.0,0.0,0.0,0.0,0.0,0.0,0.0,1.0,0.0,0.0,0.0,0.0,0.0,0.0,0.0,0.0,0.0,1.0,0.0,0.0,0.0,1.0,0.0
2350,0.1728395061728395,1.0,0.0,0.0,0.44444444444444436,0.5,0.7574939434928795,0.0,1.0,0.0,1.0,0.6691348402182413,0.3389121338912131,0.9811834051235548,1.0,1.0,0.0,0.0,0.0,0.0,0.0,0.0,0.0,0.0,1.0,0.0,0.0,0.0,0.0,0.0,0.0,0.0,0.0,0.0,1.0,0.0,0.0,0.0,1.0,0.0
2351,0.20987654320987653,0.0,0.0,0.0,0.44444444444444436,0.5,0.7752510489580507,0.05263157894736842,1.0,0.0,1.0,0.6691348402182413,0.3389121338912131,0.9811834051235548,1.0,1.0,1.0,0.0,0.0,0.0,0.0,0.0,0.0,0.0,0.0,0.0,0.0,1.0,0.0,0.0,1.0,0.0,0.0,0.0,0.0,0.0,0.0,1.0,1.0,0.0
2352,0.4691358024691357,0.0,0.0,0.0,0.44444444444444436,0.5,0.6172344610818086,0.0,1.0,0.0,1.0,0.6691348402182413,0.3389121338912131,0.9811834051235548,1.0,0.0,0.0,0.0,0.0,0.0,0.0,0.0,0.0,0.0,0.0,0.0,0.0,0.0,0.0,0.0,0.0,0.0,1.0,0.0,0.0,0.0,0.0,0.0,1.0,0.0
2353,0.4691358024691357,1.0,0.0,0.0,0.44444444444444436,0.5,0.5707693054036078,0.0,1.0,0.0,1.0,0.6691348402182413,0.3389121338912131,0.9811834051235548,1.0,0.0,0.0,0.0,0.0,0.0,0.0,0.0,0.0,0.0,0.0,0.0,0.0,0.0,0.0,0.0,0.0,0.0,1.0,0.0,0.0,0.0,0.0,0.0,1.0,0.0
2354,0.43209876543209874,1.0,0.0,0.0,0.44444444444444436,0.5,0.7018285635083261,0.10526315789473684,1.0,0.0,1.0,0.6691348402182413,0.3389121338912131,0.9811834051235548,1.0,0.0,0.0,0.0,0.0,0.0,1.0,0.0,0.0,0.0,0.0,0.0,0.0,1.0,0.0,0.0,0.0,0.0,0.0,0.0,1.0,0.0,0.0,0.0,1.0,0.0
2355,0.43209876543209874,1.0,0.0,0.0,0.44444444444444436,0.5,0.661156696006206,0.0,1.0,0.0,1.0,0.6691348402182413,0.3389121338912131,0.9811834051235548,1.0,0.0,1.0,0.0,0.0,0.0,0.0,0.0,0.0,0.0,0.0,0.0,0.0,0.0,0.0,0.0,0.0,1.0,0.0,0.0,0.0,0.0,0.0,0.0,1.0,0.0
2356,0.3333333333333333,0.0,0.0,0.0,0.44444444444444436,0.5,0.5331930189342876,0.0,1.0,0.0,1.0,0.6691348402182413,0.3389121338912131,0.9811834051235548,1.0,0.0,0.0,0.0,0.0,0.0,0.0,0.0,0.0,0.0,1.0,0.0,0.0,1.0,0.0,0.0,0.0,0.0,1.0,0.0,0.0,0.0,0.0,0.0,1.0,0.0
2357,0.43209876543209874,0.0,0.0,0.0,0.44444444444444436,0.5,0.6360734596286551,0.0,1.0,0.0,1.0,0.6691348402182413,0.3389121338912131,0.9811834051235548,1.0,0.0,0.0,0.0,0.0,1.0,0.0,0.0,0.0,0.0,0.0,0.0,0.0,1.0,0.0,0.0,0.0,0.0,0.0,0.0,1.0,0.0,0.0,0.0,1.0,0.0
2358,0.39506172839506176,0.0,0.0,0.0,0.44444444444444436,0.5,0.5651217337279456,0.0,1.0,0.0,1.0,0.6691348402182413,0.3389121338912131,0.9811834051235548,1.0,0.0,1.0,0.0,0.0,0.0,0.0,0.0,0.0,0.0,0.0,0.0,0.0,0.0,1.0,0.0,0.0,0.0,0.0,0.0,0.0,0.0,0.0,1.0,1.0,0.0
2359,0.419753086419753,1.0,0.0,0.0,0.44444444444444436,0.5,0.7124906927966042,0.05263157894736842,1.0,0.0,1.0,0.6691348402182413,0.3389121338912131,0.9811834051235548,1.0,1.0,0.0,0.0,0.0,0.0,0.0,0.0,0.0,0.0,0.0,0.0,0.0,1.0,0.0,0.0,0.0,0.0,0.0,0.0,0.0,1.0,0.0,0.0,1.0,0.0
2360,0.14814814814814814,1.0,0.0,0.0,0.44444444444444436,0.5,0.6832417100410403,0.0,1.0,0.0,1.0,0.6691348402182413,0.3389121338912131,0.9811834051235548,1.0,0.0,0.0,0.0,0.0,0.0,0.0,0.0,0.0,0.0,1.0,0.0,0.0,1.0,0.0,0.0,0.0,0.0,0.0,0.0,1.0,0.0,0.0,0.0,1.0,0.0
2361,0.2839506172839506,0.5,0.5,1.0,0.44444444444444436,0.5,0.5779008918534767,0.0,1.0,0.0,1.0,0.6691348402182413,0.3389121338912131,0.9811834051235548,1.0,0.0,1.0,0.0,0.0,0.0,0.0,0.0,0.0,0.0,0.0,0.0,0.0,1.0,0.0,0.0,0.0,0.0,0.0,0.0,0.0,0.0,0.0,1.0,1.0,0.0
2362,0.1728395061728395,1.0,0.0,0.0,0.44444444444444436,0.5,0.750725881195543,0.0,1.0,0.0,1.0,0.6691348402182413,0.3389121338912131,0.9811834051235548,1.0,1.0,1.0,0.0,0.0,0.0,0.0,0.0,0.0,0.0,0.0,0.0,0.0,1.0,0.0,0.0,0.0,1.0,0.0,0.0,0.0,0.0,0.0,0.0,1.0,0.0
2363,0.1728395061728395,1.0,0.0,0.0,0.44444444444444436,0.5,0.8261361371221985,0.0,1.0,0.0,1.0,0.6691348402182413,0.3389121338912131,0.9811834051235548,1.0,1.0,1.0,0.0,0.0,0.0,0.0,0.0,0.0,0.0,0.0,0.0,0.0,1.0,0.0,0.0,0.0,1.0,0.0,0.0,0.0,0.0,0.0,0.0,1.0,0.0
2364,0.4691358024691357,0.5,0.5,0.0,0.44444444444444436,0.5,0.7580563436851481,0.0,1.0,0.0,1.0,0.6691348402182413,0.3389121338912131,0.9811834051235548,1.0,0.0,0.0,0.0,0.0,0.0,1.0,0.0,0.0,0.0,0.0,0.0,0.0,1.0,0.0,0.0,0.0,1.0,0.0,0.0,0.0,0.0,0.0,1.0,1.0,0.0
2365,0.07407407407407407,1.0,0.0,0.0,0.44444444444444436,0.5,0.5631773068220264,0.0,1.0,0.0,1.0,0.6691348402182413,0.3389121338912131,0.9811834051235548,1.0,0.0,0.0,0.0,0.0,0.0,0.0,0.0,0.0,0.0,0.0,1.0,0.0,0.0,1.0,0.0,0.0,0.0,0.0,0.0,0.0,1.0,0.0,0.0,1.0,0.0
2366,0.1111111111111111,0.0,0.0,0.0,0.44444444444444436,0.5,0.8280083540862354,0.0,1.0,0.0,1.0,0.6691348402182413,0.3389121338912131,0.9811834051235548,1.0,1.0,1.0,0.0,0.0,0.0,0.0,0.0,0.0,0.0,0.0,0.0,0.0,0.0,1.0,0.0,0.0,1.0,0.0,0.0,0.0,0.0,0.0,0.0,1.0,0.0
2367,0.43209876543209874,0.0,0.0,0.0,0.44444444444444436,0.5,0.6134597474028101,0.0,1.0,0.0,1.0,0.6691348402182413,0.3389121338912131,0.9811834051235548,1.0,0.0,0.0,0.0,0.0,0.0,0.0,0.0,1.0,0.0,0.0,0.0,0.0,1.0,0.0,0.0,0.0,0.0,1.0,0.0,0.0,0.0,0.0,0.0,1.0,0.0
2368,0.3333333333333333,0.0,0.0,0.0,0.44444444444444436,0.5,0.7962127107428374,0.0,1.0,0.0,1.0,0.6691348402182413,0.3389121338912131,0.9811834051235548,1.0,1.0,0.0,0.0,0.0,0.0,0.0,0.0,0.0,0.0,0.0,0.0,0.0,1.0,0.0,0.0,0.0,0.0,1.0,0.0,0.0,0.0,0.0,0.0,1.0,0.0
2369,0.2716049382716049,0.0,0.0,0.0,0.44444444444444436,0.5,0.5429003918915096,0.10526315789473684,1.0,0.0,1.0,0.6691348402182413,0.3389121338912131,0.9811834051235548,1.0,0.0,0.0,0.0,0.0,0.0,0.0,0.0,1.0,0.0,0.0,0.0,0.0,1.0,0.0,0.0,0.0,1.0,0.0,0.0,0.0,0.0,0.0,0.0,1.0,0.0
2370,0.14814814814814814,1.0,0.0,0.0,0.44444444444444436,0.5,0.407692361002577,0.0,1.0,0.0,1.0,0.6691348402182413,0.3389121338912131,0.9811834051235548,1.0,0.0,0.0,0.0,0.0,0.0,0.0,0.0,0.0,0.0,0.0,0.0,0.0,1.0,0.0,0.0,0.0,0.0,0.0,0.0,0.0,1.0,0.0,0.0,1.0,0.0
2371,0.1111111111111111,0.5,0.5,0.0,0.44444444444444436,0.5,0.5787626916748434,0.13157894736842105,1.0,0.0,1.0,0.6691348402182413,0.3389121338912131,0.9811834051235548,1.0,0.0,0.0,0.0,0.0,0.0,0.0,0.0,1.0,0.0,0.0,0.0,0.0,1.0,0.0,0.0,0.0,0.0,1.0,0.0,0.0,0.0,0.0,0.0,1.0,0.0
2372,0.16049382716049382,0.0,0.0,0.0,0.44444444444444436,0.5,0.5169416832156455,0.0,1.0,0.0,1.0,0.6691348402182413,0.3389121338912131,0.9811834051235548,1.0,0.0,1.0,0.0,0.0,0.0,0.0,0.0,0.0,0.0,0.0,0.0,0.0,1.0,0.0,0.0,0.0,1.0,0.0,0.0,0.0,0.0,0.0,0.0,1.0,0.0
2373,0.2716049382716049,1.0,0.0,0.0,0.44444444444444436,0.5,0.6102189047082401,0.02631578947368421,1.0,0.0,1.0,0.6691348402182413,0.3389121338912131,0.9811834051235548,1.0,0.0,0.0,0.0,0.0,0.0,0.0,0.0,0.0,0.0,1.0,0.0,0.0,1.0,0.0,0.0,0.0,0.0,0.0,0.0,1.0,0.0,0.0,0.0,1.0,0.0
2374,0.1111111111111111,1.0,1.0,1.0,0.44444444444444436,0.5,0.6371237804409605,0.0,1.0,0.0,1.0,0.6691348402182413,0.3389121338912131,0.9811834051235548,1.0,0.0,1.0,0.0,0.0,0.0,0.0,0.0,0.0,0.0,0.0,0.0,0.0,0.0,1.0,0.0,0.0,1.0,0.0,0.0,0.0,0.0,0.0,0.0,1.0,0.0
2375,0.20987654320987653,1.0,0.0,0.0,0.44444444444444436,0.5,0.6984629590595263,0.0,1.0,0.0,1.0,0.6691348402182413,0.3389121338912131,0.9811834051235548,1.0,0.0,0.0,0.0,0.0,0.0,0.0,1.0,0.0,0.0,0.0,0.0,0.0,0.0,1.0,0.0,0.0,0.0,0.0,0.0,0.0,1.0,0.0,0.0,1.0,0.0
2376,0.2716049382716049,0.0,0.0,0.0,0.44444444444444436,0.5,0.5743891340707834,0.0,1.0,0.0,1.0,0.6691348402182413,0.3389121338912131,0.9811834051235548,1.0,0.0,0.0,0.0,0.0,0.0,0.0,0.0,0.0,0.0,0.0,0.0,0.0,1.0,0.0,0.0,0.0,1.0,0.0,0.0,0.0,0.0,0.0,1.0,1.0,0.0
2377,0.08641975308641975,1.0,0.0,0.0,0.44444444444444436,0.5,0.6055262822549443,0.10526315789473684,1.0,0.0,1.0,0.6691348402182413,0.3389121338912131,0.9811834051235548,1.0,0.0,0.0,0.0,0.0,0.0,0.0,0.0,0.0,0.0,1.0,0.0,0.0,0.0,1.0,0.0,0.0,0.0,0.0,0.0,1.0,0.0,0.0,0.0,1.0,0.0
2378,0.5308641975308641,1.0,0.0,0.0,0.44444444444444436,0.5,0.7637156034873523,0.0,1.0,0.0,1.0,0.6691348402182413,0.3389121338912131,0.9811834051235548,1.0,0.0,0.0,0.0,0.0,0.0,0.0,0.0,0.0,0.0,0.0,0.0,1.0,1.0,0.0,0.0,0.0,0.0,0.0,0.0,0.0,0.0,0.0,1.0,1.0,0.0
2379,0.30864197530864196,0.0,0.0,0.0,0.44444444444444436,0.5,0.5821481094717212,0.05263157894736842,1.0,0.0,1.0,0.6691348402182413,0.3389121338912131,0.9811834051235548,1.0,0.0,0.0,0.0,0.0,0.0,0.0,0.0,0.0,0.0,0.0,1.0,0.0,1.0,0.0,0.0,0.0,0.0,1.0,0.0,0.0,0.0,0.0,0.0,1.0,0.0
2380,0.2839506172839506,1.0,0.0,0.0,0.44444444444444436,0.5,0.5743891340707834,0.07894736842105263,1.0,0.0,1.0,0.6691348402182413,0.3389121338912131,0.9811834051235548,1.0,0.0,1.0,0.0,0.0,0.0,0.0,0.0,0.0,0.0,0.0,0.0,0.0,1.0,0.0,0.0,0.0,0.0,0.0,0.0,0.0,0.0,0.0,1.0,1.0,0.0
2381,0.20987654320987653,0.0,0.0,0.0,0.44444444444444436,0.5,0.6924127276259379,0.10526315789473684,1.0,0.0,1.0,0.6691348402182413,0.3389121338912131,0.9811834051235548,1.0,1.0,0.0,0.0,0.0,0.0,0.0,0.0,0.0,0.0,0.0,0.0,0.0,1.0,0.0,0.0,0.0,0.0,1.0,0.0,0.0,0.0,0.0,0.0,1.0,0.0
2382,0.14814814814814814,0.0,0.0,0.0,0.44444444444444436,0.5,0.6559276062712989,0.02631578947368421,1.0,0.0,1.0,0.6691348402182413,0.3389121338912131,0.9811834051235548,1.0,0.0,0.0,0.0,0.0,0.0,0.0,0.0,0.0,0.0,1.0,0.0,0.0,1.0,0.0,0.0,0.0,0.0,0.0,0.0,1.0,0.0,0.0,0.0,1.0,0.0
2383,0.19753086419753085,0.0,0.0,0.0,0.44444444444444436,0.5,0.5947922311468027,0.0,1.0,0.0,1.0,0.6691348402182413,0.3389121338912131,0.9811834051235548,1.0,0.0,0.0,0.0,0.0,0.0,0.0,0.0,0.0,0.0,0.0,0.0,0.0,1.0,0.0,0.0,0.0,0.0,1.0,0.0,0.0,0.0,0.0,0.0,1.0,0.0
2384,0.5061728395061729,0.0,0.0,0.0,0.44444444444444436,0.5,0.8143462490075846,0.0,1.0,0.0,1.0,0.6691348402182413,0.3389121338912131,0.9811834051235548,1.0,1.0,0.0,0.0,0.0,0.0,1.0,0.0,0.0,0.0,0.0,0.0,0.0,1.0,0.0,0.0,0.0,0.0,0.0,0.0,0.0,0.0,0.0,0.0,1.0,0.0
2385,0.19753086419753085,0.0,0.0,1.0,0.44444444444444436,0.5,0.35240341381759965,0.18421052631578946,1.0,0.0,1.0,0.6691348402182413,0.3389121338912131,0.9811834051235548,1.0,0.0,0.0,0.0,0.0,0.0,0.0,0.0,0.0,0.0,1.0,0.0,0.0,1.0,0.0,0.0,0.0,0.0,0.0,0.0,0.0,1.0,0.0,0.0,1.0,0.0
2386,0.13580246913580246,0.0,0.0,0.0,0.44444444444444436,0.5,0.8426408549865494,0.07894736842105263,1.0,0.0,1.0,0.6691348402182413,0.3389121338912131,0.9811834051235548,1.0,1.0,1.0,0.0,0.0,0.0,0.0,0.0,0.0,0.0,0.0,0.0,0.0,0.0,1.0,0.0,0.0,0.0,0.0,0.0,1.0,0.0,0.0,0.0,1.0,0.0
2387,0.4567901234567901,1.0,0.0,0.0,0.44444444444444436,0.5,0.6636865816722366,0.05263157894736842,1.0,0.0,1.0,0.6691348402182413,0.3389121338912131,0.9811834051235548,1.0,0.0,0.0,0.0,0.0,1.0,0.0,0.0,0.0,0.0,0.0,0.0,0.0,1.0,0.0,0.0,0.0,0.0,0.0,0.0,0.0,1.0,0.0,0.0,1.0,0.0
2388,0.3703703703703703,0.0,0.0,1.0,0.44444444444444436,0.5,0.5109842001350153,0.0,1.0,0.0,1.0,0.6691348402182413,0.3389121338912131,0.9811834051235548,1.0,0.0,0.0,0.0,0.0,0.0,0.0,0.0,0.0,0.0,0.0,0.0,0.0,1.0,0.0,0.0,0.0,0.0,0.0,0.0,0.0,1.0,0.0,0.0,1.0,0.0
2389,0.3333333333333333,1.0,0.0,1.0,0.44444444444444436,0.5,0.506309340633733,0.23684210526315788,1.0,0.0,1.0,0.6691348402182413,0.3389121338912131,0.9811834051235548,1.0,0.0,0.0,0.0,0.0,0.0,0.0,0.0,0.0,0.0,0.0,1.0,0.0,1.0,0.0,0.0,0.0,1.0,0.0,0.0,0.0,0.0,0.0,1.0,1.0,0.0
2390,0.2716049382716049,1.0,0.0,0.0,0.44444444444444436,0.5,0.8554896720269687,0.13157894736842105,1.0,0.0,1.0,0.6691348402182413,0.3389121338912131,0.9811834051235548,1.0,1.0,1.0,0.0,0.0,0.0,0.0,0.0,0.0,0.0,0.0,0.0,0.0,1.0,0.0,0.0,1.0,0.0,0.0,0.0,0.0,0.0,0.0,1.0,1.0,0.0
2391,0.12345679012345678,0.0,0.0,0.0,0.44444444444444436,0.5,0.802786216819379,0.02631578947368421,1.0,0.0,1.0,0.6691348402182413,0.3389121338912131,0.9811834051235548,1.0,1.0,0.0,0.0,0.0,0.0,0.0,0.0,0.0,0.0,0.0,0.0,0.0,0.0,1.0,0.0,0.0,0.0,0.0,0.0,0.0,1.0,0.0,0.0,1.0,0.0
2392,0.16049382716049382,0.0,0.0,0.0,0.44444444444444436,0.5,0.8544228653132299,0.05263157894736842,1.0,0.0,1.0,0.6691348402182413,0.3389121338912131,0.9811834051235548,1.0,1.0,0.0,0.0,0.0,0.0,0.0,0.0,1.0,0.0,0.0,0.0,0.0,0.0,1.0,0.0,0.0,0.0,1.0,0.0,0.0,0.0,0.0,0.0,1.0,0.0
2393,0.18518518518518517,0.0,0.0,0.0,0.44444444444444436,0.75,0.5094464638657551,0.0,1.0,0.0,1.0,0.6691348402182413,0.3389121338912131,0.9814101110859217,1.0,0.0,0.0,0.0,0.0,0.0,0.0,0.0,0.0,0.0,0.0,0.0,0.0,0.0,0.0,0.0,0.0,0.0,0.0,0.0,0.0,1.0,0.0,0.0,1.0,0.0
2394,0.4938271604938272,1.0,0.0,0.0,0.44444444444444436,0.75,0.7303484158131063,0.0,1.0,0.0,1.0,0.6691348402182413,0.3389121338912131,0.9814101110859217,1.0,0.0,0.0,0.0,0.0,0.0,1.0,0.0,0.0,0.0,0.0,0.0,0.0,1.0,0.0,0.0,0.0,0.0,0.0,0.0,0.0,0.0,0.0,0.0,1.0,0.0
2395,0.12345679012345678,1.0,0.0,0.0,0.44444444444444436,0.75,0.5829794567444476,0.0,1.0,0.0,1.0,0.6691348402182413,0.3389121338912131,0.9814101110859217,1.0,0.0,0.0,0.0,0.0,0.0,0.0,0.0,0.0,0.0,0.0,0.0,0.0,1.0,0.0,0.0,0.0,0.0,1.0,0.0,0.0,0.0,0.0,0.0,1.0,0.0
2396,0.419753086419753,1.0,1.0,0.0,0.44444444444444436,0.75,0.8004618462577239,0.0,1.0,0.0,1.0,0.6691348402182413,0.3389121338912131,0.9814101110859217,1.0,1.0,0.0,0.0,0.0,0.0,0.0,0.0,0.0,0.0,0.0,1.0,0.0,1.0,0.0,0.0,0.0,0.0,0.0,0.0,1.0,0.0,0.0,1.0,1.0,0.0
2397,0.4691358024691357,0.0,0.0,0.0,0.44444444444444436,0.75,0.614731491134803,0.0,1.0,0.0,1.0,0.6691348402182413,0.3389121338912131,0.9814101110859217,1.0,0.0,0.0,0.0,1.0,0.0,0.0,0.0,0.0,0.0,0.0,0.0,0.0,1.0,0.0,0.0,0.0,0.0,0.0,0.0,0.0,0.0,0.0,0.0,1.0,0.0
2398,0.20987654320987653,1.0,0.0,0.0,0.44444444444444436,0.75,0.7445976649216831,0.0,1.0,0.0,1.0,0.6691348402182413,0.3389121338912131,0.9814101110859217,1.0,1.0,0.0,0.0,0.0,0.0,0.0,0.0,0.0,0.0,1.0,0.0,0.0,0.0,1.0,0.0,0.0,0.0,0.0,0.0,0.0,1.0,0.0,0.0,1.0,0.0
2399,0.38271604938271603,0.0,0.0,0.0,0.44444444444444436,0.75,0.5631773068220264,0.10526315789473684,1.0,0.0,1.0,0.6691348402182413,0.3389121338912131,0.9814101110859217,1.0,0.0,0.0,0.0,0.0,0.0,0.0,0.0,0.0,0.0,1.0,0.0,0.0,1.0,0.0,0.0,0.0,1.0,0.0,0.0,0.0,0.0,0.0,0.0,1.0,0.0
2400,0.24691358024691357,0.0,0.0,0.0,0.44444444444444436,0.75,0.5752769507338984,0.0,1.0,0.0,1.0,0.6691348402182413,0.3389121338912131,0.9814101110859217,1.0,0.0,0.0,0.0,0.0,0.0,0.0,0.0,0.0,0.0,1.0,0.0,0.0,0.0,0.0,0.0,0.0,0.0,0.0,0.0,0.0,1.0,0.0,0.0,1.0,0.0
2401,0.39506172839506176,0.0,0.0,0.0,0.44444444444444436,0.75,0.5485843549516803,0.0,1.0,0.0,1.0,0.6691348402182413,0.3389121338912131,0.9814101110859217,1.0,0.0,0.0,0.0,0.0,0.0,0.0,0.0,0.0,0.0,0.0,0.0,0.0,0.0,0.0,0.0,0.0,0.0,0.0,0.0,0.0,1.0,0.0,0.0,1.0,0.0
2402,0.2345679012345679,1.0,0.0,0.0,0.44444444444444436,0.75,0.6334058816143029,0.0,1.0,0.0,1.0,0.6691348402182413,0.3389121338912131,0.9814101110859217,1.0,0.0,1.0,0.0,0.0,0.0,0.0,0.0,0.0,0.0,0.0,0.0,0.0,1.0,0.0,0.0,0.0,1.0,0.0,0.0,0.0,0.0,0.0,1.0,1.0,0.0
2403,0.19753086419753085,0.0,0.0,0.0,0.44444444444444436,0.75,0.7941668304891158,0.0,1.0,0.0,1.0,0.6691348402182413,0.3389121338912131,0.9814101110859217,1.0,1.0,1.0,0.0,0.0,0.0,0.0,0.0,0.0,0.0,0.0,0.0,0.0,0.0,1.0,0.0,1.0,0.0,0.0,0.0,0.0,0.0,0.0,0.0,1.0,0.0
2404,0.2839506172839506,1.0,0.0,0.0,0.44444444444444436,0.75,0.4396813242736008,0.0,1.0,0.0,1.0,0.6691348402182413,0.3389121338912131,0.9814101110859217,1.0,0.0,1.0,0.0,0.0,0.0,0.0,0.0,0.0,0.0,0.0,0.0,0.0,0.0,0.0,0.0,0.0,1.0,0.0,0.0,0.0,0.0,0.0,1.0,1.0,0.0
2405,0.2839506172839506,0.0,0.0,0.0,0.44444444444444436,0.75,0.5977517620704379,0.0,1.0,0.0,1.0,0.6691348402182413,0.3389121338912131,0.9814101110859217,1.0,0.0,1.0,0.0,0.0,0.0,0.0,0.0,0.0,0.0,0.0,0.0,0.0,0.0,0.0,0.0,0.0,1.0,0.0,0.0,0.0,0.0,0.0,1.0,1.0,0.0
2406,0.48148148148148145,1.0,0.0,0.0,0.44444444444444436,0.75,0.5485843549516803,0.0,1.0,0.0,1.0,0.6691348402182413,0.3389121338912131,0.9814101110859217,1.0,0.0,0.0,0.0,0.0,0.0,0.0,0.0,0.0,0.0,0.0,0.0,0.0,1.0,0.0,0.0,0.0,0.0,0.0,0.0,0.0,0.0,0.0,1.0,1.0,0.0
2407,0.20987654320987653,0.0,0.0,0.0,0.44444444444444436,0.75,0.5109842001350153,0.0,1.0,0.0,1.0,0.6691348402182413,0.3389121338912131,0.9814101110859217,1.0,0.0,0.0,0.0,0.0,0.0,0.0,0.0,0.0,0.0,1.0,0.0,0.0,1.0,0.0,0.0,0.0,0.0,0.0,0.0,0.0,1.0,0.0,0.0,1.0,0.0
2408,0.1728395061728395,1.0,0.0,1.0,0.44444444444444436,0.75,0.6940353071368747,0.0,1.0,0.0,1.0,0.6691348402182413,0.3389121338912131,0.9814101110859217,1.0,0.0,1.0,0.0,0.0,0.0,0.0,0.0,0.0,0.0,0.0,0.0,0.0,1.0,0.0,0.0,0.0,1.0,0.0,0.0,0.0,0.0,0.0,0.0,1.0,0.0
2409,0.18518518518518517,1.0,0.0,0.0,0.44444444444444436,0.75,0.6523077776041232,0.0,1.0,0.0,1.0,0.6691348402182413,0.3389121338912131,0.9814101110859217,1.0,1.0,0.0,0.0,0.0,0.0,0.0,0.0,0.0,0.0,1.0,0.0,0.0,1.0,0.0,0.0,0.0,0.0,0.0,0.0,1.0,0.0,0.0,0.0,1.0,0.0
2410,0.2222222222222222,0.0,0.0,0.0,0.44444444444444436,0.75,0.7953986234143111,0.0,1.0,0.0,1.0,0.6691348402182413,0.3389121338912131,0.9814101110859217,1.0,1.0,0.0,0.0,0.0,0.0,0.0,0.0,0.0,0.0,0.0,0.0,0.0,0.0,1.0,0.0,0.0,0.0,0.0,0.0,0.0,1.0,0.0,1.0,1.0,0.0
2411,0.09876543209876543,0.0,1.0,0.0,0.44444444444444436,0.75,0.6620060509558884,0.0,1.0,0.0,1.0,0.6691348402182413,0.3389121338912131,0.9814101110859217,1.0,0.0,0.0,0.0,0.0,0.0,0.0,0.0,0.0,0.0,0.0,0.0,0.0,0.0,1.0,0.0,0.0,0.0,1.0,0.0,0.0,0.0,0.0,0.0,1.0,0.0
2412,0.18518518518518517,0.0,0.0,0.0,0.44444444444444436,0.75,0.608897147549857,0.0,1.0,0.0,1.0,0.6691348402182413,0.3389121338912131,0.9814101110859217,1.0,0.0,1.0,0.0,0.0,0.0,0.0,0.0,0.0,0.0,0.0,0.0,0.0,1.0,0.0,0.0,0.0,1.0,0.0,0.0,0.0,0.0,0.0,0.0,1.0,0.0
2413,0.16049382716049382,1.0,0.0,0.0,0.44444444444444436,0.75,0.5821481094717212,0.02631578947368421,1.0,0.0,1.0,0.6691348402182413,0.3389121338912131,0.9814101110859217,1.0,0.0,0.0,0.0,0.0,0.0,0.0,1.0,0.0,0.0,0.0,0.0,0.0,1.0,0.0,0.0,0.0,0.0,0.0,0.0,0.0,1.0,0.0,0.0,1.0,0.0
2414,0.1111111111111111,1.0,0.0,0.0,0.44444444444444436,0.75,0.7870782314870067,0.0,1.0,0.0,1.0,0.6691348402182413,0.3389121338912131,0.9814101110859217,1.0,1.0,0.0,0.0,0.0,0.0,0.0,0.0,0.0,0.0,1.0,0.0,0.0,1.0,0.0,0.0,0.0,0.0,0.0,0.0,1.0,0.0,0.0,0.0,1.0,0.0
2415,0.09876543209876543,1.0,0.0,0.0,0.44444444444444436,0.75,0.7638937036719938,0.0,1.0,0.0,1.0,0.6691348402182413,0.3389121338912131,0.9814101110859217,1.0,0.0,0.0,0.0,0.0,0.0,0.0,0.0,0.0,0.0,1.0,0.0,0.0,0.0,1.0,0.0,0.0,0.0,0.0,0.0,1.0,0.0,0.0,0.0,1.0,0.0
2416,0.3209876543209876,1.0,0.0,0.0,0.44444444444444436,0.75,0.8105778338936016,0.0,1.0,0.0,1.0,0.6691348402182413,0.3389121338912131,0.9814101110859217,1.0,1.0,1.0,0.0,0.0,0.0,0.0,0.0,0.0,0.0,0.0,0.0,0.0,0.0,1.0,0.0,0.0,1.0,0.0,0.0,0.0,0.0,0.0,0.0,1.0,0.0
2417,0.1728395061728395,0.0,0.0,0.0,0.44444444444444436,0.75,0.5894268318375645,0.0,1.0,0.0,1.0,0.6691348402182413,0.3389121338912131,0.9814101110859217,1.0,0.0,0.0,0.0,0.0,0.0,0.0,0.0,0.0,1.0,0.0,0.0,0.0,1.0,0.0,0.0,0.0,0.0,1.0,0.0,0.0,0.0,0.0,0.0,1.0,0.0
2418,0.18518518518518517,1.0,0.0,0.0,0.44444444444444436,0.75,0.6653434421536871,0.0,1.0,0.0,1.0,0.6691348402182413,0.3389121338912131,0.9814101110859217,1.0,0.0,0.0,0.0,0.0,0.0,0.0,0.0,0.0,0.0,1.0,0.0,0.0,0.0,1.0,0.0,0.0,0.0,0.0,0.0,0.0,1.0,0.0,0.0,1.0,0.0
2419,0.419753086419753,1.0,0.0,1.0,0.44444444444444436,0.75,0.4309636218912418,0.0,1.0,0.0,1.0,0.6691348402182413,0.3389121338912131,0.9814101110859217,1.0,0.0,1.0,0.0,0.0,0.0,0.0,0.0,0.0,0.0,0.0,0.0,0.0,1.0,0.0,0.0,0.0,0.0,0.0,0.0,0.0,0.0,0.0,1.0,1.0,0.0
2420,0.4567901234567901,1.0,0.0,0.0,0.44444444444444436,0.75,0.635013676339261,0.0,1.0,0.0,1.0,0.6691348402182413,0.3389121338912131,0.9814101110859217,1.0,0.0,1.0,0.0,0.0,0.0,0.0,0.0,0.0,0.0,0.0,0.0,0.0,1.0,0.0,0.0,0.0,1.0,0.0,0.0,0.0,0.0,0.0,1.0,1.0,0.0
2421,0.35802469135802467,1.0,0.0,0.0,0.44444444444444436,0.75,0.6825330624191547,0.0,1.0,0.0,1.0,0.6691348402182413,0.3389121338912131,0.9814101110859217,1.0,0.0,0.0,0.0,0.0,0.0,0.0,0.0,0.0,0.0,0.0,0.0,0.0,0.0,0.0,0.0,0.0,0.0,0.0,0.0,0.0,1.0,0.0,1.0,1.0,0.0
2422,0.4938271604938272,0.0,1.0,0.0,0.44444444444444436,0.75,0.7495255121117221,0.0,1.0,0.0,1.0,0.6691348402182413,0.3389121338912131,0.9814101110859217,1.0,1.0,0.0,0.0,0.0,1.0,0.0,0.0,0.0,0.0,0.0,0.0,0.0,1.0,0.0,0.0,0.0,0.0,0.0,0.0,0.0,0.0,0.0,1.0,1.0,0.0
2423,0.20987654320987653,0.0,1.0,0.0,0.44444444444444436,0.75,0.614731491134803,0.0,1.0,0.0,1.0,0.6691348402182413,0.3389121338912131,0.9814101110859217,1.0,0.0,0.0,0.0,0.0,0.0,0.0,0.0,0.0,0.0,1.0,0.0,0.0,1.0,0.0,0.0,0.0,0.0,1.0,0.0,0.0,0.0,0.0,0.0,1.0,0.0
2424,0.30864197530864196,0.0,1.0,0.0,0.44444444444444436,0.75,0.7976907274957492,0.0,1.0,0.0,1.0,0.6691348402182413,0.3389121338912131,0.9814101110859217,1.0,1.0,1.0,0.0,0.0,0.0,0.0,0.0,0.0,0.0,0.0,0.0,0.0,1.0,0.0,0.0,0.0,1.0,0.0,0.0,0.0,0.0,0.0,0.0,1.0,0.0
2425,0.20987654320987653,1.0,1.0,0.0,0.44444444444444436,0.75,0.7886747848579034,0.0,1.0,0.0,1.0,0.6691348402182413,0.3389121338912131,0.9814101110859217,1.0,0.0,0.0,0.0,0.0,0.0,0.0,0.0,0.0,0.0,1.0,0.0,0.0,1.0,0.0,0.0,0.0,0.0,1.0,0.0,0.0,0.0,0.0,0.0,1.0,0.0
2426,0.09876543209876543,0.0,0.0,0.0,0.44444444444444436,0.75,0.4980797516051752,0.0,1.0,0.0,1.0,0.6691348402182413,0.3389121338912131,0.9814101110859217,1.0,0.0,0.0,0.0,0.0,0.0,0.0,0.0,0.0,0.0,1.0,0.0,0.0,1.0,0.0,0.0,0.0,0.0,0.0,0.0,0.0,1.0,0.0,0.0,1.0,0.0
2427,0.09876543209876543,0.0,0.0,0.0,0.44444444444444436,0.75,0.5955391234938983,0.0,1.0,0.0,1.0,0.6691348402182413,0.3389121338912131,0.9814101110859217,1.0,0.0,1.0,0.0,0.0,0.0,0.0,0.0,0.0,0.0,0.0,0.0,0.0,1.0,0.0,0.0,0.0,1.0,0.0,0.0,0.0,0.0,0.0,0.0,1.0,0.0
2428,0.29629629629629634,0.0,0.0,0.0,0.44444444444444436,0.75,0.6620060509558884,0.0,1.0,0.0,1.0,0.6691348402182413,0.3389121338912131,0.9814101110859217,1.0,0.0,0.0,0.0,0.0,0.0,0.0,0.0,0.0,0.0,0.0,0.0,0.0,1.0,0.0,0.0,0.0,0.0,0.0,0.0,0.0,0.0,1.0,0.0,1.0,0.0
2429,0.12345679012345678,1.0,0.0,0.0,0.44444444444444436,0.75,0.6509210996671051,0.0,1.0,0.0,1.0,0.6691348402182413,0.3389121338912131,0.9814101110859217,1.0,0.0,0.0,0.0,0.0,0.0,0.0,0.0,0.0,0.0,0.0,0.0,0.0,0.0,1.0,0.0,0.0,0.0,0.0,0.0,0.0,1.0,0.0,0.0,1.0,0.0
2430,0.19753086419753085,0.0,0.0,0.0,0.44444444444444436,0.75,0.6920855086403026,0.0,1.0,0.0,1.0,0.6691348402182413,0.3389121338912131,0.9814101110859217,1.0,0.0,0.0,0.0,0.0,0.0,0.0,1.0,0.0,0.0,0.0,0.0,0.0,1.0,0.0,0.0,0.0,1.0,0.0,0.0,0.0,0.0,0.0,1.0,1.0,0.0
2431,0.19753086419753085,1.0,0.0,0.0,0.44444444444444436,0.75,0.6290077936901697,0.0,1.0,0.0,1.0,0.6691348402182413,0.3389121338912131,0.9814101110859217,1.0,0.0,0.0,0.0,0.0,0.0,0.0,1.0,0.0,0.0,0.0,0.0,0.0,1.0,0.0,0.0,0.0,1.0,0.0,0.0,0.0,0.0,0.0,1.0,1.0,0.0
2432,0.12345679012345678,0.0,0.0,0.0,0.44444444444444436,0.75,0.5581708002178327,0.0,1.0,0.0,1.0,0.6691348402182413,0.3389121338912131,0.9814101110859217,1.0,0.0,0.0,0.0,0.0,0.0,0.0,0.0,0.0,0.0,1.0,0.0,0.0,0.0,1.0,0.0,0.0,0.0,0.0,0.0,0.0,1.0,0.0,0.0,1.0,0.0
2433,0.08641975308641975,0.0,0.0,1.0,0.44444444444444436,0.75,0.5813108450867737,0.0,1.0,0.0,1.0,0.6691348402182413,0.3389121338912131,0.9814101110859217,1.0,0.0,0.0,0.0,0.0,0.0,0.0,0.0,1.0,0.0,0.0,0.0,0.0,1.0,0.0,0.0,0.0,0.0,1.0,0.0,0.0,0.0,0.0,0.0,1.0,0.0
2434,0.29629629629629634,1.0,0.0,0.0,0.44444444444444436,0.75,0.7111051037563383,0.13157894736842105,1.0,0.0,1.0,0.6691348402182413,0.3389121338912131,0.9814101110859217,1.0,0.0,1.0,0.0,0.0,0.0,0.0,0.0,0.0,0.0,0.0,0.0,0.0,0.0,1.0,0.0,0.0,0.0,0.0,0.0,0.0,0.0,0.0,0.0,1.0,0.0
2435,0.13580246913580246,0.0,0.0,0.0,0.44444444444444436,0.75,0.7741144686236345,0.02631578947368421,1.0,0.0,1.0,0.6691348402182413,0.3389121338912131,0.9814101110859217,1.0,1.0,0.0,0.0,0.0,0.0,0.0,0.0,0.0,0.0,0.0,0.0,0.0,0.0,1.0,0.0,0.0,0.0,1.0,0.0,0.0,0.0,0.0,0.0,1.0,0.0
2436,0.16049382716049382,1.0,0.0,1.0,0.44444444444444436,0.75,0.45038280300177924,0.0,1.0,0.0,1.0,0.6691348402182413,0.3389121338912131,0.9814101110859217,1.0,0.0,0.0,0.0,0.0,0.0,0.0,0.0,0.0,0.0,0.0,0.0,0.0,0.0,1.0,0.0,0.0,1.0,0.0,0.0,0.0,0.0,0.0,0.0,1.0,0.0
2437,0.18518518518518517,0.0,0.0,0.0,0.44444444444444436,0.75,0.5239878100544288,0.0,1.0,0.0,1.0,0.6691348402182413,0.3389121338912131,0.9814101110859217,1.0,0.0,0.0,0.0,0.0,0.0,0.0,0.0,0.0,0.0,0.0,0.0,0.0,0.0,1.0,0.0,0.0,0.0,1.0,0.0,0.0,0.0,0.0,0.0,1.0,0.0
2438,0.19753086419753085,1.0,0.0,1.0,0.44444444444444436,0.75,0.6115259753720838,0.13157894736842105,1.0,0.0,1.0,0.6691348402182413,0.3389121338912131,0.9814101110859217,1.0,0.0,0.0,0.0,0.0,0.0,0.0,0.0,0.0,0.0,0.0,0.0,0.0,0.0,1.0,0.0,0.0,0.0,1.0,0.0,0.0,0.0,0.0,0.0,1.0,0.0
2439,0.06172839506172839,0.0,0.0,1.0,0.44444444444444436,0.75,0.5212197964741162,0.0,1.0,0.0,1.0,0.6691348402182413,0.3389121338912131,0.9814101110859217,1.0,0.0,0.0,0.0,0.0,0.0,0.0,0.0,0.0,0.0,1.0,0.0,0.0,0.0,1.0,0.0,0.0,1.0,0.0,0.0,0.0,0.0,0.0,0.0,1.0,0.0
2440,0.14814814814814814,1.0,0.0,1.0,0.44444444444444436,0.75,0.5670345425314071,0.0,1.0,0.0,1.0,0.6691348402182413,0.3389121338912131,0.9814101110859217,1.0,0.0,0.0,0.0,0.0,0.0,0.0,0.0,0.0,0.0,0.0,0.0,0.0,1.0,0.0,0.0,0.0,0.0,0.0,0.0,0.0,1.0,0.0,1.0,1.0,0.0
2441,0.4567901234567901,0.0,0.0,0.0,0.44444444444444436,0.75,0.7821542914679217,0.0,1.0,0.0,1.0,0.6691348402182413,0.3389121338912131,0.9814101110859217,1.0,1.0,1.0,0.0,0.0,0.0,0.0,0.0,0.0,0.0,0.0,0.0,0.0,1.0,0.0,0.0,0.0,0.0,1.0,0.0,0.0,0.0,0.0,0.0,1.0,0.0
2442,0.1728395061728395,1.0,0.0,0.0,0.44444444444444436,0.75,0.7578691755478335,0.0,1.0,0.0,1.0,0.6691348402182413,0.3389121338912131,0.9814101110859217,1.0,1.0,0.0,0.0,0.0,0.0,0.0,0.0,0.0,0.0,0.0,0.0,0.0,1.0,0.0,0.0,0.0,0.0,1.0,0.0,0.0,0.0,0.0,0.0,1.0,0.0
2443,0.4691358024691357,1.0,0.0,0.0,0.44444444444444436,0.75,0.8471985025937868,0.15789473684210525,1.0,0.0,1.0,0.6691348402182413,0.3389121338912131,0.9814101110859217,1.0,1.0,0.0,0.0,0.0,1.0,0.0,0.0,0.0,0.0,0.0,0.0,0.0,1.0,0.0,0.0,0.0,0.0,0.0,0.0,0.0,1.0,0.0,0.0,1.0,0.0
2444,0.1728395061728395,0.0,0.0,0.0,0.44444444444444436,0.75,0.7591731414671088,0.0,1.0,0.0,1.0,0.6691348402182413,0.3389121338912131,0.9814101110859217,1.0,1.0,0.0,0.0,0.0,0.0,0.0,0.0,0.0,0.0,0.0,0.0,0.0,1.0,0.0,0.0,0.0,0.0,1.0,0.0,0.0,0.0,0.0,0.0,1.0,0.0
2445,0.09876543209876543,0.0,0.0,0.0,0.44444444444444436,0.75,0.7534800071482515,0.0,1.0,0.0,1.0,0.6691348402182413,0.3389121338912131,0.9814101110859217,1.0,0.0,1.0,0.0,0.0,0.0,0.0,0.0,0.0,0.0,0.0,0.0,0.0,1.0,0.0,0.0,0.0,0.0,0.0,0.0,0.0,0.0,0.0,0.0,1.0,0.0
2446,0.09876543209876543,1.0,0.0,0.0,0.44444444444444436,0.75,0.7255167243589877,0.07894736842105263,1.0,0.0,1.0,0.6691348402182413,0.3389121338912131,0.9814101110859217,1.0,1.0,0.0,0.0,0.0,0.0,0.0,0.0,0.0,0.0,0.0,0.0,0.0,0.0,1.0,0.0,0.0,0.0,1.0,0.0,0.0,0.0,0.0,0.0,1.0,0.0
2447,0.30864197530864196,1.0,0.0,0.0,0.44444444444444436,0.75,0.790675917067155,0.10526315789473684,1.0,0.0,1.0,0.6691348402182413,0.3389121338912131,0.9814101110859217,1.0,1.0,1.0,0.0,0.0,0.0,0.0,0.0,0.0,0.0,0.0,0.0,0.0,1.0,0.0,0.0,0.0,1.0,0.0,0.0,0.0,0.0,0.0,0.0,1.0,0.0
2448,0.2839506172839506,0.0,0.0,0.0,0.44444444444444436,0.75,0.7747652871549795,0.0,1.0,0.0,1.0,0.6691348402182413,0.3389121338912131,0.9814101110859217,1.0,1.0,1.0,0.0,0.0,0.0,0.0,0.0,0.0,0.0,0.0,0.0,0.0,1.0,0.0,0.0,0.0,0.0,0.0,0.0,0.0,0.0,0.0,1.0,1.0,0.0
2449,0.14814814814814814,0.0,1.0,0.0,0.44444444444444436,0.75,0.7370196447311212,0.0,1.0,0.0,1.0,0.6691348402182413,0.3389121338912131,0.9814101110859217,1.0,0.0,0.0,0.0,0.0,0.0,0.0,0.0,0.0,0.0,1.0,0.0,0.0,1.0,0.0,0.0,0.0,0.0,0.0,0.0,0.0,1.0,0.0,0.0,1.0,0.0
2450,0.25925925925925924,0.0,0.0,0.0,0.44444444444444436,0.75,0.731291387992633,0.0,1.0,0.0,1.0,0.6691348402182413,0.3389121338912131,0.9814101110859217,1.0,1.0,1.0,0.0,0.0,0.0,0.0,0.0,0.0,0.0,0.0,0.0,0.0,1.0,0.0,0.0,1.0,0.0,0.0,0.0,0.0,0.0,0.0,1.0,1.0,0.0
2451,0.25925925925925924,1.0,0.0,0.0,0.44444444444444436,0.75,0.6904356197503724,0.0,1.0,0.0,1.0,0.6691348402182413,0.3389121338912131,0.9814101110859217,1.0,0.0,1.0,0.0,0.0,0.0,0.0,0.0,0.0,0.0,0.0,0.0,0.0,1.0,0.0,0.0,1.0,0.0,0.0,0.0,0.0,0.0,0.0,1.0,1.0,0.0
2452,0.18518518518518517,0.0,0.0,0.0,0.44444444444444436,0.75,0.8958847212081,0.0,1.0,0.0,1.0,0.6691348402182413,0.3389121338912131,0.9814101110859217,1.0,1.0,0.0,0.0,0.0,0.0,0.0,0.0,0.0,0.0,0.0,0.0,1.0,0.0,1.0,0.0,0.0,0.0,0.0,0.0,1.0,0.0,0.0,0.0,1.0,0.0
2453,0.30864197530864196,1.0,0.0,0.0,0.44444444444444436,0.75,0.4776508205223571,0.05263157894736842,1.0,0.0,1.0,0.6691348402182413,0.3389121338912131,0.9814101110859217,1.0,0.0,1.0,0.0,0.0,0.0,0.0,0.0,0.0,0.0,0.0,0.0,0.0,1.0,0.0,0.0,0.0,1.0,0.0,0.0,0.0,0.0,0.0,0.0,1.0,0.0
2454,0.25925925925925924,1.0,0.0,0.0,0.44444444444444436,0.75,0.703921238889424,0.0,1.0,0.0,1.0,0.6691348402182413,0.3389121338912131,0.9814101110859217,1.0,0.0,1.0,0.0,0.0,0.0,0.0,0.0,0.0,0.0,0.0,0.0,0.0,1.0,0.0,0.0,1.0,0.0,0.0,0.0,0.0,0.0,0.0,1.0,1.0,0.0
2455,0.38271604938271603,0.0,1.0,0.0,0.44444444444444436,0.75,0.8602917734546488,0.05263157894736842,1.0,0.0,1.0,0.6691348402182413,0.3389121338912131,0.9814101110859217,1.0,1.0,0.0,0.0,0.0,0.0,0.0,0.0,0.0,0.0,1.0,0.0,0.0,1.0,0.0,0.0,0.0,1.0,0.0,0.0,0.0,0.0,0.0,0.0,1.0,0.0
2456,0.3333333333333333,1.0,0.0,0.0,0.44444444444444436,0.75,0.6153622441177717,0.0,1.0,0.0,1.0,0.6691348402182413,0.3389121338912131,0.9814101110859217,1.0,0.0,1.0,0.0,0.0,0.0,0.0,0.0,0.0,0.0,0.0,0.0,0.0,1.0,0.0,0.0,0.0,1.0,0.0,0.0,0.0,0.0,0.0,0.0,1.0,0.0
2457,0.14814814814814814,1.0,0.0,0.0,0.44444444444444436,0.75,0.6172344610818086,0.0,1.0,0.0,1.0,0.6691348402182413,0.3389121338912131,0.9814101110859217,1.0,0.0,0.0,0.0,0.0,0.0,0.0,0.0,0.0,0.0,1.0,0.0,0.0,1.0,0.0,0.0,0.0,0.0,0.0,0.0,0.0,1.0,0.0,0.0,1.0,0.0
2458,0.07407407407407407,1.0,0.0,0.0,0.44444444444444436,0.75,0.5631773068220264,0.02631578947368421,1.0,0.0,1.0,0.6691348402182413,0.3389121338912131,0.9814101110859217,1.0,0.0,1.0,0.0,0.0,0.0,0.0,0.0,0.0,0.0,0.0,0.0,0.0,0.0,1.0,0.0,0.0,1.0,0.0,0.0,0.0,0.0,0.0,0.0,1.0,0.0
2459,0.2222222222222222,0.0,0.0,0.0,0.44444444444444436,0.75,0.726499069520548,0.07894736842105263,1.0,0.0,1.0,0.6691348402182413,0.3389121338912131,0.9814101110859217,1.0,0.0,0.0,0.0,0.0,0.0,0.0,0.0,0.0,0.0,1.0,0.0,0.0,0.0,1.0,0.0,0.0,0.0,0.0,0.0,0.0,1.0,0.0,0.0,1.0,0.0
2460,0.16049382716049382,0.0,1.0,1.0,0.44444444444444436,0.75,0.5947922311468027,0.15789473684210525,1.0,0.0,1.0,0.6691348402182413,0.3389121338912131,0.9814101110859217,1.0,0.0,0.0,0.0,0.0,0.0,0.0,0.0,0.0,0.0,1.0,0.0,0.0,0.0,1.0,0.0,0.0,0.0,0.0,0.0,1.0,0.0,0.0,0.0,1.0,0.0
2461,0.29629629629629634,1.0,0.0,0.0,0.44444444444444436,0.75,0.6202900913078108,0.0,1.0,0.0,1.0,0.6691348402182413,0.3389121338912131,0.9814101110859217,1.0,0.0,0.0,1.0,0.0,0.0,0.0,0.0,0.0,0.0,0.0,0.0,0.0,0.0,0.0,0.0,0.0,0.0,0.0,0.0,1.0,0.0,0.0,0.0,1.0,0.0
2462,0.06172839506172839,1.0,1.0,1.0,0.44444444444444436,0.75,0.7913824366052906,0.23684210526315788,1.0,0.0,1.0,0.6691348402182413,0.3389121338912131,0.9814101110859217,1.0,0.0,1.0,0.0,0.0,0.0,0.0,0.0,0.0,0.0,0.0,0.0,0.0,0.0,1.0,0.0,0.0,1.0,0.0,0.0,0.0,0.0,0.0,0.0,1.0,0.0
2463,0.1111111111111111,1.0,1.0,1.0,0.44444444444444436,0.75,0.5707693054036078,0.0,1.0,0.0,1.0,0.6691348402182413,0.3389121338912131,0.9814101110859217,1.0,0.0,0.0,0.0,1.0,0.0,0.0,0.0,0.0,0.0,0.0,0.0,0.0,0.0,1.0,0.0,0.0,0.0,1.0,0.0,0.0,0.0,0.0,1.0,1.0,0.0
2464,0.1111111111111111,1.0,0.0,0.0,0.44444444444444436,0.75,0.6673822306124111,0.02631578947368421,1.0,0.0,1.0,0.6691348402182413,0.3389121338912131,0.9814101110859217,1.0,0.0,0.0,0.0,0.0,0.0,0.0,0.0,0.0,0.0,1.0,0.0,0.0,1.0,0.0,0.0,0.0,0.0,0.0,0.0,0.0,1.0,0.0,0.0,1.0,0.0
2465,0.2222222222222222,0.0,0.0,0.0,0.44444444444444436,0.75,0.852175786703858,0.0,1.0,0.0,1.0,0.6691348402182413,0.3389121338912131,0.9814101110859217,1.0,1.0,1.0,0.0,0.0,0.0,0.0,0.0,0.0,0.0,0.0,0.0,0.0,1.0,0.0,0.0,0.0,1.0,0.0,0.0,0.0,0.0,0.0,1.0,1.0,0.0
2466,0.30864197530864196,0.0,0.0,0.0,0.44444444444444436,0.75,0.8328599756786063,0.05263157894736842,1.0,0.0,1.0,0.6691348402182413,0.3389121338912131,0.9814101110859217,1.0,1.0,1.0,0.0,0.0,0.0,0.0,0.0,0.0,0.0,0.0,0.0,0.0,1.0,0.0,0.0,0.0,1.0,0.0,0.0,0.0,0.0,0.0,0.0,1.0,0.0
2467,0.1111111111111111,0.0,0.0,1.0,0.44444444444444436,0.75,0.6590060849288549,0.15789473684210525,1.0,0.0,1.0,0.6691348402182413,0.3389121338912131,0.9814101110859217,1.0,0.0,0.0,0.0,0.0,0.0,0.0,0.0,0.0,0.0,1.0,0.0,0.0,1.0,0.0,0.0,0.0,0.0,0.0,0.0,0.0,1.0,0.0,0.0,1.0,0.0
2468,0.14814814814814814,0.5,0.5,0.0,0.44444444444444436,0.75,0.6853423935333421,0.21052631578947367,1.0,0.0,1.0,0.6691348402182413,0.3389121338912131,0.9814101110859217,1.0,0.0,0.0,0.0,0.0,0.0,0.0,0.0,0.0,0.0,1.0,0.0,0.0,1.0,0.0,0.0,0.0,0.0,0.0,0.0,1.0,0.0,0.0,0.0,1.0,0.0
2469,0.1728395061728395,0.0,1.0,0.0,0.44444444444444436,0.75,0.7281986781289764,0.0,1.0,0.0,1.0,0.6691348402182413,0.3389121338912131,0.9814101110859217,1.0,1.0,0.0,0.0,0.0,0.0,0.0,0.0,0.0,0.0,1.0,0.0,0.0,1.0,0.0,0.0,0.0,0.0,0.0,0.0,1.0,0.0,0.0,0.0,1.0,0.0
2470,0.08641975308641975,0.0,0.0,0.0,0.44444444444444436,0.75,0.5571434124691511,0.13157894736842105,1.0,0.0,1.0,0.6691348402182413,0.3389121338912131,0.9814101110859217,1.0,0.0,0.0,0.0,0.0,0.0,0.0,0.0,1.0,0.0,0.0,0.0,0.0,0.0,1.0,0.0,0.0,0.0,0.0,0.0,0.0,1.0,0.0,0.0,1.0,0.0
2471,0.07407407407407407,0.0,0.0,0.0,0.44444444444444436,0.75,0.8235925753357682,0.05263157894736842,1.0,0.0,1.0,0.6691348402182413,0.3389121338912131,0.9814101110859217,1.0,1.0,0.0,0.0,0.0,0.0,0.0,0.0,1.0,0.0,0.0,0.0,0.0,0.0,1.0,0.0,0.0,0.0,1.0,0.0,0.0,0.0,0.0,0.0,1.0,0.0
2472,0.1728395061728395,0.0,0.0,0.0,0.44444444444444436,0.75,0.96470671679451,0.0,1.0,0.0,1.0,0.6691348402182413,0.3389121338912131,0.9814101110859217,1.0,1.0,0.0,0.0,0.0,0.0,0.0,0.0,0.0,0.0,1.0,0.0,0.0,1.0,0.0,0.0,0.0,0.0,0.0,0.0,1.0,0.0,0.0,0.0,1.0,0.0
2473,0.43209876543209874,1.0,0.0,0.0,0.44444444444444436,1.0,0.6563723521677338,0.05263157894736842,1.0,0.0,1.0,0.6691348402182413,0.3389121338912131,0.9814101110859217,1.0,0.0,0.0,0.0,0.0,0.0,0.0,0.0,1.0,0.0,0.0,0.0,0.0,1.0,0.0,0.0,0.0,0.0,0.0,0.0,0.0,0.0,0.0,0.0,1.0,0.0
2474,0.16049382716049382,1.0,0.0,0.0,0.44444444444444436,1.0,0.7882415057327662,0.0,1.0,0.0,1.0,0.6691348402182413,0.3389121338912131,0.9814101110859217,1.0,1.0,0.0,0.0,0.0,0.0,0.0,0.0,1.0,0.0,0.0,0.0,0.0,1.0,0.0,0.0,0.0,0.0,1.0,0.0,0.0,0.0,0.0,0.0,1.0,0.0
2475,0.2222222222222222,1.0,0.0,0.0,0.44444444444444436,1.0,0.7856077729716452,0.0,1.0,0.0,1.0,0.6691348402182413,0.3389121338912131,0.9814101110859217,1.0,1.0,0.0,0.0,0.0,0.0,0.0,0.0,0.0,0.0,0.0,0.0,0.0,1.0,0.0,0.0,0.0,0.0,1.0,0.0,0.0,0.0,0.0,1.0,1.0,0.0
2476,0.14814814814814814,1.0,0.0,0.0,0.44444444444444436,1.0,0.7062681526322143,0.0,1.0,0.0,1.0,0.6691348402182413,0.3389121338912131,0.9814101110859217,1.0,0.0,0.0,0.0,0.0,0.0,0.0,0.0,0.0,0.0,1.0,0.0,0.0,1.0,0.0,0.0,0.0,0.0,0.0,0.0,0.0,0.0,1.0,0.0,1.0,0.0
2477,0.12345679012345678,0.0,0.0,0.0,0.44444444444444436,1.0,0.5474693214896542,0.0,1.0,0.0,1.0,0.6691348402182413,0.3389121338912131,0.9814101110859217,1.0,0.0,0.0,0.0,0.0,0.0,0.0,0.0,0.0,1.0,0.0,0.0,0.0,0.0,1.0,0.0,0.0,1.0,0.0,0.0,0.0,0.0,0.0,0.0,1.0,0.0
2478,0.2222222222222222,0.0,0.0,0.0,0.44444444444444436,1.0,0.5306356323565045,0.0,1.0,0.0,1.0,0.6691348402182413,0.3389121338912131,0.9814101110859217,1.0,0.0,1.0,0.0,0.0,0.0,0.0,0.0,0.0,0.0,0.0,0.0,0.0,1.0,0.0,0.0,0.0,1.0,0.0,0.0,0.0,0.0,0.0,1.0,1.0,0.0
2479,0.419753086419753,0.0,0.0,0.0,0.44444444444444436,1.0,0.7274732792250687,0.0,1.0,0.0,1.0,0.6691348402182413,0.3389121338912131,0.9814101110859217,1.0,0.0,0.0,0.0,0.0,0.0,0.0,0.0,1.0,0.0,0.0,0.0,0.0,0.0,1.0,0.0,1.0,0.0,0.0,0.0,0.0,0.0,0.0,0.0,1.0,0.0
2480,0.2222222222222222,1.0,1.0,0.0,0.44444444444444436,1.0,0.7823065699998472,0.0,1.0,0.0,1.0,0.6691348402182413,0.3389121338912131,0.9814101110859217,1.0,0.0,0.0,0.0,0.0,1.0,0.0,0.0,0.0,0.0,0.0,0.0,0.0,1.0,0.0,0.0,0.0,0.0,0.0,0.0,0.0,1.0,0.0,0.0,1.0,0.0
2481,0.08641975308641975,0.0,0.0,0.0,0.44444444444444436,1.0,0.6729097309439991,0.0,1.0,0.0,1.0,0.6691348402182413,0.3389121338912131,0.9814101110859217,1.0,0.0,0.0,0.0,0.0,0.0,0.0,0.0,0.0,1.0,0.0,0.0,0.0,0.0,1.0,0.0,0.0,0.0,0.0,0.0,0.0,0.0,0.0,0.0,1.0,0.0
2482,0.25925925925925924,1.0,0.0,0.0,0.44444444444444436,1.0,0.5787626916748434,0.0,1.0,0.0,1.0,0.6691348402182413,0.3389121338912131,0.9814101110859217,1.0,0.0,1.0,0.0,0.0,0.0,0.0,0.0,0.0,0.0,0.0,0.0,0.0,1.0,0.0,0.0,1.0,0.0,0.0,0.0,0.0,0.0,0.0,1.0,1.0,0.0
2483,0.419753086419753,0.0,0.0,0.0,0.44444444444444436,1.0,0.5140006512933829,0.0,1.0,0.0,1.0,0.6691348402182413,0.3389121338912131,0.9814101110859217,1.0,0.0,1.0,0.0,0.0,0.0,0.0,0.0,0.0,0.0,0.0,0.0,0.0,1.0,0.0,0.0,0.0,1.0,0.0,0.0,0.0,0.0,0.0,1.0,1.0,0.0
2484,0.2839506172839506,1.0,0.0,0.0,0.44444444444444436,1.0,0.5743891340707834,0.02631578947368421,1.0,0.0,1.0,0.6691348402182413,0.3389121338912131,0.9814101110859217,1.0,0.0,0.0,0.0,0.0,0.0,0.0,0.0,1.0,0.0,0.0,0.0,0.0,1.0,0.0,0.0,0.0,0.0,0.0,0.0,0.0,1.0,0.0,0.0,1.0,0.0
2485,0.18518518518518517,0.0,0.0,0.0,0.44444444444444436,1.0,0.5716847586578249,0.02631578947368421,1.0,0.0,1.0,0.6691348402182413,0.3389121338912131,0.9814101110859217,1.0,0.0,0.0,0.0,0.0,1.0,0.0,0.0,0.0,0.0,0.0,0.0,0.0,0.0,1.0,0.0,0.0,0.0,1.0,0.0,0.0,0.0,0.0,0.0,1.0,0.0
2486,0.4444444444444445,1.0,0.0,0.0,0.44444444444444436,1.0,0.7889627535439022,0.02631578947368421,1.0,0.0,1.0,0.6691348402182413,0.3389121338912131,0.9814101110859217,1.0,1.0,0.0,0.0,0.0,0.0,1.0,0.0,0.0,0.0,0.0,0.0,0.0,1.0,0.0,0.0,0.0,1.0,0.0,0.0,0.0,0.0,0.0,1.0,1.0,0.0
2487,0.4444444444444445,0.0,0.0,0.0,0.44444444444444436,1.0,0.799150404029686,0.02631578947368421,1.0,0.0,1.0,0.6691348402182413,0.3389121338912131,0.9814101110859217,1.0,0.0,0.0,0.0,0.0,0.0,1.0,0.0,0.0,0.0,0.0,0.0,0.0,1.0,0.0,0.0,0.0,1.0,0.0,0.0,0.0,0.0,0.0,1.0,1.0,0.0
2488,0.14814814814814814,1.0,0.0,0.0,0.44444444444444436,1.0,0.5813108450867737,0.02631578947368421,1.0,0.0,1.0,0.6691348402182413,0.3389121338912131,0.9814101110859217,1.0,0.0,0.0,0.0,0.0,0.0,0.0,0.0,0.0,0.0,0.0,0.0,0.0,0.0,1.0,0.0,0.0,0.0,1.0,0.0,0.0,0.0,0.0,1.0,1.0,0.0
2489,0.2222222222222222,1.0,0.0,0.0,0.44444444444444436,1.0,0.7454334421459997,0.02631578947368421,1.0,0.0,1.0,0.6691348402182413,0.3389121338912131,0.9814101110859217,1.0,0.0,0.0,0.0,0.0,0.0,0.0,0.0,0.0,0.0,0.0,0.0,0.0,0.0,1.0,0.0,0.0,0.0,0.0,0.0,0.0,1.0,0.0,0.0,1.0,0.0
2490,0.16049382716049382,0.0,0.0,0.0,0.44444444444444436,1.0,0.540547610473664,0.02631578947368421,1.0,0.0,1.0,0.6691348402182413,0.3389121338912131,0.9814101110859217,1.0,0.0,0.0,0.0,0.0,0.0,0.0,0.0,0.0,0.0,0.0,0.0,0.0,0.0,1.0,0.0,0.0,0.0,0.0,0.0,0.0,1.0,0.0,0.0,1.0,0.0
2491,0.4567901234567901,0.0,0.0,0.0,0.44444444444444436,1.0,0.5253477691257531,0.02631578947368421,1.0,0.0,1.0,0.6691348402182413,0.3389121338912131,0.9814101110859217,1.0,0.0,1.0,0.0,0.0,0.0,0.0,0.0,0.0,0.0,0.0,0.0,0.0,0.0,0.0,0.0,0.0,0.0,1.0,0.0,0.0,0.0,0.0,1.0,1.0,0.0
2492,0.19753086419753085,0.0,0.0,0.0,0.44444444444444436,1.0,0.8195602208103504,0.02631578947368421,1.0,0.0,1.0,0.6691348402182413,0.3389121338912131,0.9814101110859217,1.0,1.0,0.0,0.0,0.0,0.0,0.0,0.0,1.0,0.0,0.0,0.0,0.0,1.0,0.0,0.0,0.0,0.0,1.0,0.0,0.0,0.0,0.0,0.0,1.0,0.0
2493,0.19753086419753085,1.0,0.0,1.0,0.44444444444444436,1.0,0.467045882751165,0.07894736842105263,1.0,0.0,1.0,0.6691348402182413,0.3389121338912131,0.9814101110859217,1.0,0.0,0.0,0.0,0.0,0.0,0.0,0.0,0.0,0.0,0.0,0.0,0.0,1.0,0.0,0.0,0.0,0.0,0.0,0.0,0.0,1.0,0.0,0.0,1.0,0.0
2494,0.19753086419753085,1.0,0.0,0.0,0.44444444444444436,1.0,0.7554084954118474,0.02631578947368421,1.0,0.0,1.0,0.6691348402182413,0.3389121338912131,0.9814101110859217,1.0,1.0,0.0,0.0,0.0,0.0,0.0,0.0,0.0,0.0,0.0,0.0,0.0,0.0,1.0,0.0,0.0,0.0,0.0,0.0,0.0,1.0,0.0,0.0,1.0,0.0
2495,0.16049382716049382,0.0,1.0,1.0,0.44444444444444436,1.0,0.5612001989464611,0.02631578947368421,1.0,0.0,1.0,0.6691348402182413,0.3389121338912131,0.9814101110859217,1.0,0.0,0.0,0.0,0.0,0.0,0.0,0.0,0.0,0.0,0.0,0.0,0.0,1.0,0.0,0.0,0.0,0.0,0.0,0.0,0.0,1.0,0.0,0.0,1.0,0.0
2496,0.2839506172839506,1.0,0.0,0.0,0.44444444444444436,1.0,0.8743213437917453,0.02631578947368421,1.0,0.0,1.0,0.6691348402182413,0.3389121338912131,0.9814101110859217,1.0,1.0,0.0,0.0,0.0,0.0,1.0,0.0,0.0,0.0,0.0,0.0,0.0,1.0,0.0,0.0,0.0,0.0,0.0,0.0,0.0,0.0,0.0,1.0,1.0,0.0
2497,0.16049382716049382,1.0,0.0,0.0,0.44444444444444436,1.0,0.8430047691189604,0.02631578947368421,1.0,0.0,1.0,0.6691348402182413,0.3389121338912131,0.9814101110859217,1.0,1.0,1.0,0.0,0.0,0.0,0.0,0.0,0.0,0.0,0.0,0.0,0.0,1.0,0.0,0.0,0.0,1.0,0.0,0.0,0.0,0.0,0.0,0.0,1.0,0.0
2498,0.14814814814814814,0.0,0.0,0.0,0.44444444444444436,1.0,0.5854388177384106,0.02631578947368421,1.0,0.0,1.0,0.6691348402182413,0.3389121338912131,0.9814101110859217,1.0,0.0,0.0,0.0,0.0,0.0,0.0,0.0,0.0,0.0,0.0,0.0,0.0,0.0,1.0,0.0,0.0,0.0,1.0,0.0,0.0,0.0,0.0,0.0,1.0,0.0
2499,0.2222222222222222,0.0,0.0,0.0,0.44444444444444436,1.0,0.6825330624191547,0.02631578947368421,1.0,0.0,1.0,0.6691348402182413,0.3389121338912131,0.9814101110859217,1.0,0.0,0.0,0.0,0.0,0.0,0.0,0.0,0.0,0.0,0.0,0.0,0.0,0.0,1.0,0.0,0.0,0.0,0.0,0.0,0.0,1.0,0.0,0.0,1.0,0.0
2500,0.12345679012345678,0.0,0.0,0.0,0.44444444444444436,1.0,0.6447157790225418,0.18421052631578946,1.0,0.0,1.0,0.6691348402182413,0.3389121338912131,0.9814101110859217,1.0,0.0,0.0,0.0,0.0,0.0,0.0,0.0,1.0,0.0,0.0,0.0,0.0,0.0,1.0,0.0,0.0,0.0,1.0,0.0,0.0,0.0,0.0,0.0,1.0,0.0
2501,0.25925925925925924,0.0,0.0,0.0,0.44444444444444436,1.0,0.7810827862763221,0.02631578947368421,1.0,0.0,1.0,0.6691348402182413,0.3389121338912131,0.9814101110859217,1.0,1.0,1.0,0.0,0.0,0.0,0.0,0.0,0.0,0.0,0.0,0.0,0.0,0.0,0.0,0.0,0.0,1.0,0.0,0.0,0.0,0.0,0.0,0.0,1.0,0.0
2502,0.25925925925925924,0.5,0.5,0.0,0.44444444444444436,1.0,0.8260312462106699,0.02631578947368421,1.0,0.0,1.0,0.6691348402182413,0.3389121338912131,0.9814101110859217,1.0,1.0,1.0,0.0,0.0,0.0,0.0,0.0,0.0,0.0,0.0,0.0,0.0,0.0,0.0,0.0,0.0,1.0,0.0,0.0,0.0,0.0,0.0,0.0,1.0,0.0
2503,0.2222222222222222,1.0,0.0,0.0,0.44444444444444436,1.0,0.8082818515689723,0.02631578947368421,1.0,0.0,1.0,0.6691348402182413,0.3389121338912131,0.9814101110859217,1.0,1.0,0.0,0.0,0.0,0.0,0.0,0.0,0.0,0.0,0.0,0.0,0.0,0.0,1.0,0.0,0.0,0.0,0.0,0.0,0.0,1.0,0.0,0.0,1.0,0.0
2504,0.13580246913580246,0.0,0.0,0.0,0.44444444444444436,1.0,0.49105467050389934,0.02631578947368421,1.0,0.0,1.0,0.6691348402182413,0.3389121338912131,0.9814101110859217,1.0,0.0,0.0,0.0,0.0,0.0,0.0,0.0,1.0,0.0,0.0,0.0,0.0,1.0,0.0,0.0,0.0,0.0,1.0,0.0,0.0,0.0,0.0,0.0,1.0,0.0
2505,0.18518518518518517,1.0,1.0,0.0,0.44444444444444436,1.0,0.8925940129414106,0.02631578947368421,1.0,0.0,1.0,0.6691348402182413,0.3389121338912131,0.9814101110859217,1.0,1.0,0.0,0.0,0.0,0.0,0.0,0.0,0.0,0.0,1.0,0.0,0.0,1.0,0.0,0.0,0.0,0.0,0.0,0.0,0.0,0.0,1.0,0.0,1.0,0.0
2506,0.30864197530864196,1.0,0.0,0.0,0.44444444444444436,1.0,0.649517880450222,0.02631578947368421,1.0,0.0,1.0,0.6691348402182413,0.3389121338912131,0.9814101110859217,1.0,0.0,0.0,0.0,0.0,0.0,0.0,0.0,0.0,0.0,1.0,0.0,0.0,0.0,0.0,0.0,0.0,0.0,0.0,0.0,0.0,1.0,0.0,0.0,1.0,0.0
2507,0.09876543209876543,0.0,0.0,1.0,0.44444444444444436,1.0,0.6102189047082401,0.02631578947368421,1.0,0.0,1.0,0.6691348402182413,0.3389121338912131,0.9814101110859217,1.0,0.0,0.0,0.0,0.0,0.0,0.0,0.0,0.0,1.0,0.0,0.0,0.0,0.0,1.0,0.0,0.0,0.0,0.0,0.0,0.0,1.0,0.0,0.0,1.0,0.0
2508,0.19753086419753085,0.0,0.0,0.0,0.44444444444444436,1.0,0.5306356323565045,0.02631578947368421,1.0,0.0,1.0,0.6691348402182413,0.3389121338912131,0.9814101110859217,1.0,0.0,0.0,0.0,0.0,0.0,0.0,0.0,1.0,0.0,0.0,0.0,0.0,1.0,0.0,0.0,0.0,0.0,1.0,0.0,0.0,0.0,0.0,0.0,1.0,0.0
2509,0.1728395061728395,0.0,0.0,0.0,0.44444444444444436,1.0,0.6082306576679029,0.02631578947368421,1.0,0.0,1.0,0.6691348402182413,0.3389121338912131,0.9814101110859217,1.0,0.0,0.0,0.0,0.0,0.0,0.0,0.0,0.0,1.0,0.0,0.0,0.0,0.0,1.0,0.0,0.0,0.0,1.0,0.0,0.0,0.0,0.0,1.0,1.0,0.0
2510,0.09876543209876543,0.0,0.0,1.0,0.44444444444444436,1.0,0.608897147549857,0.368421052631579,1.0,0.0,1.0,0.6691348402182413,0.3389121338912131,0.9814101110859217,1.0,0.0,0.0,0.0,0.0,0.0,0.0,0.0,0.0,0.0,0.0,1.0,0.0,1.0,0.0,0.0,0.0,0.0,0.0,0.0,0.0,1.0,0.0,0.0,1.0,0.0
2511,0.4444444444444445,1.0,1.0,0.0,0.44444444444444436,1.0,0.8174345635051333,0.02631578947368421,1.0,0.0,1.0,0.6691348402182413,0.3389121338912131,0.9814101110859217,1.0,1.0,0.0,0.0,0.0,1.0,0.0,0.0,0.0,0.0,0.0,0.0,0.0,1.0,0.0,0.0,0.0,1.0,0.0,0.0,0.0,0.0,0.0,1.0,1.0,0.0
2512,0.1728395061728395,0.0,0.0,1.0,0.44444444444444436,1.0,0.4854960703308916,0.02631578947368421,1.0,0.0,1.0,0.6691348402182413,0.3389121338912131,0.9814101110859217,1.0,0.0,0.0,0.0,0.0,0.0,0.0,0.0,0.0,0.0,0.0,0.0,0.0,0.0,1.0,0.0,0.0,0.0,1.0,0.0,0.0,0.0,0.0,1.0,1.0,0.0
2513,0.09876543209876543,0.0,0.0,0.0,0.44444444444444436,1.0,0.5641535377316825,0.23684210526315788,1.0,0.0,1.0,0.6691348402182413,0.3389121338912131,0.9814101110859217,1.0,0.0,0.0,0.0,0.0,0.0,0.0,0.0,0.0,0.0,0.0,1.0,0.0,1.0,0.0,0.0,0.0,0.0,1.0,0.0,0.0,0.0,0.0,1.0,1.0,0.0
2514,0.12345679012345678,1.0,0.0,0.0,0.44444444444444436,1.0,0.6172344610818086,0.02631578947368421,1.0,0.0,1.0,0.6691348402182413,0.3389121338912131,0.9814101110859217,1.0,0.0,0.0,0.0,1.0,0.0,0.0,0.0,0.0,0.0,0.0,0.0,0.0,1.0,0.0,0.0,0.0,0.0,1.0,0.0,0.0,0.0,0.0,0.0,1.0,0.0
2515,0.1728395061728395,1.0,0.0,0.0,0.44444444444444436,1.0,0.6140973378497864,0.02631578947368421,1.0,0.0,1.0,0.6691348402182413,0.3389121338912131,0.9814101110859217,1.0,0.0,1.0,0.0,0.0,0.0,0.0,0.0,0.0,0.0,0.0,0.0,0.0,0.0,1.0,0.0,0.0,1.0,0.0,0.0,0.0,0.0,0.0,0.0,1.0,0.0
2516,0.16049382716049382,0.0,0.0,0.0,0.44444444444444436,1.0,0.5932840675469451,0.02631578947368421,1.0,0.0,1.0,0.6691348402182413,0.3389121338912131,0.9814101110859217,1.0,0.0,0.0,0.0,0.0,0.0,0.0,0.0,0.0,0.0,0.0,1.0,0.0,1.0,0.0,0.0,0.0,1.0,0.0,0.0,0.0,0.0,0.0,0.0,1.0,0.0
2517,0.24691358024691357,0.0,0.0,0.0,0.44444444444444436,1.0,0.8218657898415808,0.02631578947368421,1.0,0.0,1.0,0.6691348402182413,0.3389121338912131,0.9814101110859217,1.0,0.0,1.0,0.0,0.0,0.0,0.0,0.0,0.0,0.0,0.0,0.0,0.0,0.0,1.0,0.0,0.0,1.0,0.0,0.0,0.0,0.0,0.0,1.0,1.0,0.0
2518,0.1728395061728395,1.0,1.0,0.0,0.44444444444444436,1.0,0.49977237288625836,0.02631578947368421,1.0,0.0,1.0,0.6691348402182413,0.3389121338912131,0.9814101110859217,1.0,0.0,1.0,0.0,0.0,0.0,0.0,0.0,0.0,0.0,0.0,0.0,0.0,1.0,0.0,0.0,1.0,0.0,0.0,0.0,0.0,0.0,0.0,0.0,1.0,0.0
2519,0.29629629629629634,0.0,0.0,0.0,0.44444444444444436,1.0,0.8017588290706973,0.02631578947368421,1.0,0.0,1.0,0.6691348402182413,0.3389121338912131,0.9814101110859217,1.0,1.0,0.0,0.0,0.0,0.0,0.0,1.0,0.0,0.0,0.0,0.0,0.0,0.0,0.0,0.0,0.0,0.0,0.0,0.0,1.0,0.0,0.0,0.0,1.0,0.0
2520,0.2222222222222222,1.0,0.0,0.0,0.44444444444444436,1.0,0.6214904603916316,0.02631578947368421,1.0,0.0,1.0,0.6691348402182413,0.3389121338912131,0.9814101110859217,1.0,0.0,0.0,0.0,0.0,0.0,0.0,0.0,0.0,0.0,0.0,0.0,0.0,0.0,1.0,0.0,0.0,0.0,1.0,0.0,0.0,0.0,0.0,0.0,1.0,0.0
2521,0.18518518518518517,1.0,0.0,0.0,0.44444444444444436,1.0,0.6196852820090151,0.02631578947368421,1.0,0.0,1.0,0.6691348402182413,0.3389121338912131,0.9814101110859217,1.0,0.0,0.0,0.0,0.0,0.0,0.0,0.0,0.0,0.0,1.0,0.0,0.0,1.0,0.0,0.0,0.0,0.0,0.0,0.0,0.0,0.0,1.0,0.0,1.0,0.0
2522,0.2345679012345679,0.0,0.0,0.0,0.44444444444444436,1.0,0.712214877548359,0.02631578947368421,1.0,0.0,1.0,0.6691348402182413,0.3389121338912131,0.9814101110859217,1.0,0.0,1.0,0.0,0.0,0.0,0.0,0.0,0.0,0.0,0.0,0.0,0.0,0.0,1.0,0.0,0.0,0.0,1.0,0.0,0.0,0.0,0.0,0.0,1.0,0.0
2523,0.14814814814814814,0.0,0.0,0.0,0.44444444444444436,1.0,0.7896796061552286,0.02631578947368421,1.0,0.0,1.0,0.6691348402182413,0.3389121338912131,0.9814101110859217,1.0,1.0,1.0,0.0,0.0,0.0,0.0,0.0,0.0,0.0,0.0,0.0,0.0,0.0,1.0,0.0,0.0,1.0,0.0,0.0,0.0,0.0,0.0,0.0,1.0,0.0
2524,0.3209876543209876,0.0,0.0,0.0,0.44444444444444436,1.0,0.7940291649971196,0.02631578947368421,1.0,0.0,1.0,0.6691348402182413,0.3389121338912131,0.9814101110859217,1.0,1.0,0.0,0.0,0.0,0.0,0.0,0.0,0.0,0.0,1.0,0.0,0.0,0.0,0.0,0.0,0.0,1.0,0.0,0.0,0.0,0.0,0.0,0.0,1.0,0.0
2525,0.35802469135802467,0.0,0.0,0.0,0.44444444444444436,1.0,0.8715036007034058,0.02631578947368421,1.0,0.0,1.0,0.6691348402182413,0.3389121338912131,0.9814101110859217,1.0,1.0,0.0,0.0,1.0,0.0,0.0,0.0,0.0,0.0,0.0,0.0,0.0,1.0,0.0,0.0,0.0,0.0,0.0,0.0,0.0,0.0,0.0,1.0,1.0,0.0
2526,0.1111111111111111,0.0,0.0,0.0,0.44444444444444436,1.0,0.8444492710698995,0.02631578947368421,1.0,0.0,1.0,0.6691348402182413,0.3389121338912131,0.9814101110859217,1.0,1.0,0.0,0.0,0.0,0.0,0.0,0.0,0.0,0.0,0.0,0.0,0.0,0.0,1.0,0.0,0.0,0.0,1.0,0.0,0.0,0.0,0.0,0.0,1.0,0.0
2527,0.09876543209876543,1.0,0.0,0.0,0.44444444444444436,1.0,0.8328599756786063,0.05263157894736842,1.0,0.0,1.0,0.6691348402182413,0.3389121338912131,0.9814101110859217,1.0,0.0,0.0,0.0,0.0,0.0,0.0,0.0,0.0,0.0,1.0,0.0,0.0,0.0,1.0,0.0,0.0,0.0,0.0,0.0,1.0,0.0,0.0,0.0,1.0,0.0
2528,0.1728395061728395,0.0,0.0,0.0,0.44444444444444436,0.0,0.6480977205520548,0.02631578947368421,1.0,0.0,1.0,0.6691348402182413,0.3389121338912131,0.9811834051235548,1.0,0.0,1.0,0.0,0.0,0.0,0.0,0.0,0.0,0.0,0.0,0.0,0.0,1.0,0.0,0.0,0.0,1.0,0.0,0.0,0.0,0.0,0.0,0.0,1.0,0.0
2529,0.14814814814814814,1.0,0.0,0.0,0.44444444444444436,0.0,0.5474693214896542,0.02631578947368421,1.0,0.0,1.0,0.6691348402182413,0.3389121338912131,0.9811834051235548,1.0,0.0,1.0,0.0,0.0,0.0,0.0,0.0,0.0,0.0,0.0,0.0,0.0,1.0,0.0,0.0,0.0,1.0,0.0,0.0,0.0,0.0,0.0,0.0,1.0,0.0
2530,0.1728395061728395,1.0,0.0,0.0,0.44444444444444436,0.0,0.5581708002178327,0.02631578947368421,1.0,0.0,1.0,0.6691348402182413,0.3389121338912131,0.9811834051235548,1.0,0.0,0.0,0.0,0.0,0.0,0.0,0.0,0.0,0.0,0.0,0.0,0.0,0.0,1.0,0.0,0.0,1.0,0.0,0.0,0.0,0.0,0.0,0.0,1.0,0.0
2531,0.19753086419753085,1.0,1.0,0.0,0.44444444444444436,0.0,0.5689167450775122,0.02631578947368421,1.0,0.0,1.0,0.6691348402182413,0.3389121338912131,0.9811834051235548,1.0,0.0,0.0,1.0,0.0,0.0,0.0,0.0,0.0,0.0,0.0,0.0,0.0,1.0,0.0,0.0,0.0,0.0,0.0,0.0,0.0,1.0,0.0,0.0,1.0,0.0
2532,0.12345679012345678,1.0,0.0,1.0,0.44444444444444436,0.0,0.6432360720972943,0.02631578947368421,1.0,0.0,1.0,0.6691348402182413,0.3389121338912131,0.9811834051235548,1.0,0.0,1.0,0.0,0.0,0.0,0.0,0.0,0.0,0.0,0.0,0.0,0.0,0.0,1.0,0.0,0.0,1.0,0.0,0.0,0.0,0.0,0.0,0.0,1.0,0.0
2533,0.2716049382716049,0.0,0.0,0.0,0.44444444444444436,0.0,0.6108742554254224,0.02631578947368421,1.0,0.0,1.0,0.6691348402182413,0.3389121338912131,0.9811834051235548,1.0,0.0,0.0,0.0,0.0,0.0,0.0,0.0,0.0,0.0,1.0,0.0,0.0,0.0,0.0,0.0,0.0,0.0,0.0,0.0,0.0,1.0,0.0,0.0,1.0,0.0
2534,0.4074074074074074,1.0,0.0,0.0,0.44444444444444436,0.0,0.754833261260784,0.02631578947368421,1.0,0.0,1.0,0.6691348402182413,0.3389121338912131,0.9811834051235548,1.0,1.0,1.0,0.0,0.0,0.0,0.0,0.0,0.0,0.0,0.0,0.0,0.0,1.0,0.0,0.0,0.0,0.0,0.0,0.0,0.0,0.0,0.0,0.0,1.0,0.0
2535,0.34567901234567905,0.0,1.0,0.0,0.44444444444444436,0.0,0.6202900913078108,0.02631578947368421,1.0,0.0,1.0,0.6691348402182413,0.3389121338912131,0.9811834051235548,1.0,0.0,1.0,0.0,0.0,0.0,0.0,0.0,0.0,0.0,0.0,0.0,0.0,0.0,0.0,0.0,0.0,1.0,0.0,0.0,0.0,0.0,0.0,0.0,1.0,0.0
2536,0.3209876543209876,1.0,0.0,0.0,0.44444444444444436,0.0,0.6407277649233879,0.02631578947368421,1.0,0.0,1.0,0.6691348402182413,0.3389121338912131,0.9811834051235548,1.0,0.0,0.0,0.0,0.0,0.0,0.0,0.0,0.0,0.0,0.0,0.0,0.0,1.0,0.0,0.0,0.0,0.0,1.0,0.0,0.0,0.0,0.0,0.0,1.0,0.0
2537,0.419753086419753,0.5,0.5,0.0,0.44444444444444436,0.0,0.6102189047082401,0.07894736842105263,1.0,0.0,1.0,0.6691348402182413,0.3389121338912131,0.9811834051235548,1.0,0.0,0.0,0.0,0.0,0.0,0.0,0.0,0.0,0.0,0.0,0.0,0.0,0.0,0.0,0.0,0.0,0.0,0.0,0.0,0.0,1.0,0.0,1.0,1.0,0.0
2538,0.2839506172839506,1.0,0.0,0.0,0.44444444444444436,0.0,0.6062082270603242,0.05263157894736842,1.0,0.0,1.0,0.6691348402182413,0.3389121338912131,0.9811834051235548,1.0,0.0,0.0,0.0,0.0,0.0,0.0,0.0,0.0,0.0,0.0,0.0,0.0,0.0,1.0,0.0,0.0,0.0,1.0,0.0,0.0,0.0,0.0,0.0,1.0,0.0
2539,0.09876543209876543,1.0,0.0,0.0,0.44444444444444436,0.0,0.647141331954917,0.15789473684210525,1.0,0.0,1.0,0.6691348402182413,0.3389121338912131,0.9811834051235548,1.0,0.0,1.0,0.0,0.0,0.0,0.0,0.0,0.0,0.0,0.0,0.0,0.0,0.0,1.0,0.0,0.0,1.0,0.0,0.0,0.0,0.0,0.0,0.0,1.0,0.0
2540,0.2716049382716049,1.0,0.0,0.0,0.44444444444444436,0.0,0.7790665774698714,0.02631578947368421,1.0,0.0,1.0,0.6691348402182413,0.3389121338912131,0.9811834051235548,1.0,1.0,0.0,0.0,0.0,0.0,0.0,0.0,1.0,0.0,0.0,0.0,0.0,1.0,0.0,0.0,0.0,0.0,0.0,0.0,1.0,0.0,0.0,0.0,1.0,0.0
2541,0.16049382716049382,0.0,0.0,0.0,0.44444444444444436,0.0,0.494619644821988,0.02631578947368421,1.0,0.0,1.0,0.6691348402182413,0.3389121338912131,0.9811834051235548,1.0,0.0,0.0,0.0,0.0,0.0,0.0,0.0,0.0,0.0,1.0,0.0,0.0,0.0,1.0,0.0,0.0,0.0,0.0,0.0,1.0,0.0,0.0,0.0,1.0,0.0
2542,0.1728395061728395,1.0,0.0,0.0,0.44444444444444436,0.0,0.49105467050389934,0.02631578947368421,1.0,0.0,1.0,0.6691348402182413,0.3389121338912131,0.9811834051235548,1.0,0.0,0.0,0.0,1.0,0.0,0.0,0.0,0.0,0.0,0.0,0.0,0.0,1.0,0.0,0.0,0.0,0.0,1.0,0.0,0.0,0.0,0.0,0.0,1.0,0.0
2543,0.3333333333333333,0.0,0.0,1.0,0.44444444444444436,0.0,0.6317758072704824,0.05263157894736842,1.0,0.0,1.0,0.6691348402182413,0.3389121338912131,0.9811834051235548,1.0,0.0,1.0,0.0,0.0,0.0,0.0,0.0,0.0,0.0,0.0,0.0,0.0,1.0,0.0,0.0,0.0,1.0,0.0,0.0,0.0,0.0,0.0,0.0,1.0,0.0
2544,0.1728395061728395,1.0,0.0,0.0,0.44444444444444436,0.0,0.8520076163399982,0.05263157894736842,1.0,0.0,1.0,0.6691348402182413,0.3389121338912131,0.9811834051235548,1.0,1.0,0.0,0.0,0.0,1.0,0.0,0.0,0.0,0.0,0.0,0.0,0.0,1.0,0.0,0.0,0.0,0.0,0.0,0.0,0.0,1.0,0.0,0.0,1.0,0.0
2545,0.18518518518518517,0.5,0.5,0.0,0.44444444444444436,0.0,0.6290077936901697,0.02631578947368421,1.0,0.0,1.0,0.6691348402182413,0.3389121338912131,0.9811834051235548,1.0,0.0,0.0,0.0,0.0,0.0,0.0,0.0,0.0,0.0,0.0,0.0,0.0,0.0,1.0,0.0,0.0,0.0,0.0,0.0,0.0,1.0,0.0,0.0,1.0,0.0
2546,0.12345679012345678,1.0,1.0,0.0,0.44444444444444436,0.0,0.5169416832156455,0.05263157894736842,1.0,0.0,1.0,0.6691348402182413,0.3389121338912131,0.9811834051235548,1.0,0.0,1.0,0.0,0.0,0.0,0.0,0.0,0.0,0.0,0.0,0.0,0.0,0.0,1.0,0.0,0.0,1.0,0.0,0.0,0.0,0.0,0.0,0.0,1.0,0.0
2547,0.16049382716049382,1.0,0.0,0.0,0.44444444444444436,0.0,0.8294441976254479,0.05263157894736842,1.0,0.0,1.0,0.6691348402182413,0.3389121338912131,0.9811834051235548,1.0,1.0,1.0,0.0,0.0,0.0,0.0,0.0,0.0,0.0,0.0,0.0,0.0,1.0,0.0,0.0,0.0,0.0,1.0,0.0,0.0,0.0,0.0,1.0,1.0,0.0
2548,0.48148148148148145,1.0,0.0,0.0,0.44444444444444436,0.0,0.6907674539605011,0.02631578947368421,1.0,0.0,1.0,0.6691348402182413,0.3389121338912131,0.9811834051235548,1.0,0.0,0.0,0.0,0.0,0.0,0.0,0.0,1.0,0.0,0.0,0.0,0.0,0.0,0.0,0.0,0.0,0.0,1.0,0.0,0.0,0.0,0.0,1.0,1.0,0.0
2549,0.2222222222222222,1.0,0.0,0.0,0.44444444444444436,0.0,0.56984667205054,0.05263157894736842,1.0,0.0,1.0,0.6691348402182413,0.3389121338912131,0.9811834051235548,1.0,0.0,1.0,0.0,0.0,0.0,0.0,0.0,0.0,0.0,0.0,0.0,0.0,0.0,1.0,0.0,0.0,1.0,0.0,0.0,0.0,0.0,0.0,0.0,1.0,0.0
2550,0.4567901234567901,1.0,0.0,0.0,0.44444444444444436,0.0,0.4756049402686357,0.05263157894736842,1.0,0.0,1.0,0.6691348402182413,0.3389121338912131,0.9811834051235548,1.0,0.0,1.0,0.0,0.0,0.0,0.0,0.0,0.0,0.0,0.0,0.0,0.0,0.0,1.0,0.0,0.0,0.0,0.0,0.0,0.0,0.0,1.0,0.0,1.0,0.0
2551,0.19753086419753085,0.0,0.0,0.0,0.44444444444444436,0.0,0.49977237288625836,0.02631578947368421,1.0,0.0,1.0,0.6691348402182413,0.3389121338912131,0.9811834051235548,1.0,0.0,1.0,0.0,0.0,0.0,0.0,0.0,0.0,0.0,0.0,0.0,0.0,1.0,0.0,0.0,0.0,0.0,1.0,0.0,0.0,0.0,0.0,0.0,1.0,0.0
2552,0.1111111111111111,0.0,1.0,1.0,0.44444444444444436,0.0,0.6504552172780276,0.02631578947368421,1.0,0.0,1.0,0.6691348402182413,0.3389121338912131,0.9811834051235548,1.0,0.0,1.0,0.0,0.0,0.0,0.0,0.0,0.0,0.0,0.0,0.0,0.0,0.0,1.0,0.0,0.0,0.0,1.0,0.0,0.0,0.0,0.0,0.0,1.0,0.0
2553,0.2839506172839506,0.0,0.0,0.0,0.44444444444444436,0.0,0.5631773068220264,0.02631578947368421,1.0,0.0,1.0,0.6691348402182413,0.3389121338912131,0.9811834051235548,1.0,0.0,0.0,0.0,0.0,0.0,0.0,0.0,1.0,0.0,0.0,0.0,0.0,1.0,0.0,0.0,1.0,0.0,0.0,0.0,0.0,0.0,0.0,0.0,1.0,0.0
2554,0.3209876543209876,0.0,0.0,0.0,0.44444444444444436,0.0,0.5078883596370491,0.02631578947368421,1.0,0.0,1.0,0.6691348402182413,0.3389121338912131,0.9811834051235548,1.0,0.0,0.0,0.0,0.0,0.0,0.0,0.0,0.0,0.0,0.0,0.0,0.0,1.0,0.0,0.0,0.0,0.0,1.0,0.0,0.0,0.0,0.0,0.0,1.0,0.0
2555,0.16049382716049382,1.0,0.0,0.0,0.44444444444444436,0.0,0.4396813242736008,0.02631578947368421,1.0,0.0,1.0,0.6691348402182413,0.3389121338912131,0.9811834051235548,1.0,0.0,0.0,0.0,0.0,0.0,0.0,0.0,0.0,0.0,1.0,0.0,0.0,1.0,0.0,0.0,0.0,0.0,0.0,0.0,1.0,0.0,0.0,0.0,1.0,0.0
2556,0.07407407407407407,1.0,0.0,0.0,0.44444444444444436,0.0,0.7684321209538291,0.02631578947368421,1.0,0.0,1.0,0.6691348402182413,0.3389121338912131,0.9811834051235548,1.0,1.0,0.0,0.0,0.0,0.0,0.0,0.0,0.0,0.0,0.0,0.0,0.0,1.0,0.0,0.0,0.0,1.0,0.0,0.0,0.0,0.0,0.0,0.0,1.0,0.0
2557,0.2345679012345679,0.0,0.0,0.0,0.44444444444444436,0.0,0.6785573026196613,0.05263157894736842,1.0,0.0,1.0,0.6691348402182413,0.3389121338912131,0.9811834051235548,1.0,0.0,0.0,0.0,0.0,0.0,0.0,0.0,0.0,0.0,1.0,0.0,0.0,0.0,0.0,0.0,0.0,0.0,0.0,0.0,1.0,0.0,0.0,0.0,1.0,0.0
2558,0.19753086419753085,1.0,0.0,0.0,0.44444444444444436,0.0,0.7813899278332761,0.05263157894736842,1.0,0.0,1.0,0.6691348402182413,0.3389121338912131,0.9811834051235548,1.0,1.0,0.0,1.0,0.0,0.0,0.0,0.0,0.0,0.0,0.0,0.0,0.0,1.0,0.0,0.0,0.0,0.0,0.0,0.0,0.0,1.0,0.0,0.0,1.0,0.0
2559,0.34567901234567905,1.0,0.0,0.0,0.44444444444444436,0.0,0.6701784439170553,0.05263157894736842,1.0,0.0,1.0,0.6691348402182413,0.3389121338912131,0.9811834051235548,1.0,0.0,0.0,0.0,0.0,1.0,0.0,0.0,0.0,0.0,0.0,0.0,0.0,1.0,0.0,0.0,0.0,1.0,0.0,0.0,0.0,0.0,0.0,1.0,1.0,0.0
2560,0.2222222222222222,1.0,0.0,0.0,0.44444444444444436,0.0,0.5125020940917573,0.02631578947368421,1.0,0.0,1.0,0.6691348402182413,0.3389121338912131,0.9811834051235548,1.0,0.0,0.0,0.0,0.0,0.0,0.0,0.0,0.0,0.0,0.0,0.0,0.0,0.0,1.0,0.0,0.0,0.0,0.0,0.0,0.0,1.0,0.0,0.0,1.0,0.0
2561,0.2222222222222222,1.0,0.0,0.0,0.44444444444444436,0.0,0.784716593334517,0.02631578947368421,1.0,0.0,1.0,0.6691348402182413,0.3389121338912131,0.9811834051235548,1.0,1.0,1.0,0.0,0.0,0.0,0.0,0.0,0.0,0.0,0.0,0.0,0.0,1.0,0.0,0.0,0.0,1.0,0.0,0.0,0.0,0.0,0.0,0.0,1.0,0.0
2562,0.06172839506172839,1.0,0.0,0.0,0.44444444444444436,0.0,0.5154803582186305,0.05263157894736842,1.0,0.0,1.0,0.6691348402182413,0.3389121338912131,0.9811834051235548,1.0,0.0,1.0,0.0,0.0,0.0,0.0,0.0,0.0,0.0,0.0,0.0,0.0,0.0,1.0,0.0,0.0,1.0,0.0,0.0,0.0,0.0,0.0,0.0,1.0,0.0
2563,0.4074074074074074,0.0,0.0,0.0,0.44444444444444436,0.0,0.8270759702130835,0.05263157894736842,1.0,0.0,1.0,0.6691348402182413,0.3389121338912131,0.9811834051235548,1.0,1.0,1.0,0.0,0.0,0.0,0.0,0.0,0.0,0.0,0.0,0.0,0.0,1.0,0.0,0.0,0.0,0.0,0.0,0.0,0.0,0.0,0.0,0.0,1.0,0.0
2564,0.4938271604938272,1.0,1.0,0.0,0.44444444444444436,0.0,0.8197817559972662,0.07894736842105263,1.0,0.0,1.0,0.6691348402182413,0.3389121338912131,0.9811834051235548,1.0,1.0,0.0,0.0,0.0,0.0,1.0,0.0,0.0,0.0,0.0,0.0,0.0,1.0,0.0,0.0,0.0,0.0,0.0,0.0,0.0,1.0,0.0,0.0,1.0,0.0
2565,0.1111111111111111,1.0,0.0,0.0,0.44444444444444436,0.0,0.5591892927228724,0.02631578947368421,1.0,0.0,1.0,0.6691348402182413,0.3389121338912131,0.9811834051235548,1.0,0.0,0.0,0.0,0.0,0.0,0.0,0.0,0.0,0.0,0.0,0.0,0.0,0.0,1.0,0.0,0.0,0.0,1.0,0.0,0.0,0.0,0.0,0.0,1.0,0.0
2566,0.3703703703703703,0.0,0.0,0.0,0.44444444444444436,0.0,0.6220860826741794,0.05263157894736842,1.0,0.0,1.0,0.6691348402182413,0.3389121338912131,0.9811834051235548,1.0,0.0,1.0,0.0,0.0,0.0,0.0,0.0,0.0,0.0,0.0,0.0,0.0,1.0,0.0,0.0,1.0,0.0,0.0,0.0,0.0,0.0,0.0,1.0,1.0,0.0
2567,0.2345679012345679,1.0,1.0,0.0,0.44444444444444436,0.0,0.872920908805806,0.02631578947368421,1.0,0.0,1.0,0.6691348402182413,0.3389121338912131,0.9811834051235548,1.0,1.0,0.0,0.0,0.0,0.0,0.0,0.0,0.0,0.0,0.0,0.0,0.0,1.0,0.0,0.0,0.0,0.0,0.0,0.0,0.0,1.0,0.0,0.0,1.0,0.0
2568,0.3209876543209876,0.0,0.0,0.0,0.44444444444444436,0.0,0.5631773068220264,0.05263157894736842,1.0,0.0,1.0,0.6691348402182413,0.3389121338912131,0.9811834051235548,1.0,0.0,0.0,0.0,1.0,0.0,0.0,0.0,0.0,0.0,0.0,0.0,0.0,1.0,0.0,0.0,0.0,0.0,0.0,0.0,0.0,0.0,0.0,0.0,1.0,0.0
2569,0.4074074074074074,1.0,0.0,0.0,0.44444444444444436,0.0,0.5393533347388635,0.07894736842105263,1.0,0.0,1.0,0.6691348402182413,0.3389121338912131,0.9811834051235548,1.0,0.0,0.0,0.0,0.0,0.0,0.0,0.0,0.0,0.0,0.0,0.0,0.0,0.0,0.0,0.0,0.0,1.0,0.0,0.0,0.0,0.0,0.0,0.0,1.0,0.0
2570,0.3209876543209876,1.0,0.0,1.0,0.44444444444444436,0.0,0.5529417104829256,0.13157894736842105,1.0,0.0,1.0,0.6691348402182413,0.3389121338912131,0.9811834051235548,1.0,0.0,0.0,0.0,0.0,0.0,0.0,0.0,0.0,0.0,0.0,0.0,0.0,0.0,0.0,0.0,0.0,0.0,1.0,0.0,0.0,0.0,0.0,0.0,1.0,0.0
2571,0.2222222222222222,0.0,0.0,0.0,0.44444444444444436,0.0,0.846759401115351,0.07894736842105263,1.0,0.0,1.0,0.6691348402182413,0.3389121338912131,0.9811834051235548,1.0,1.0,0.0,0.0,0.0,0.0,0.0,0.0,0.0,0.0,0.0,0.0,0.0,1.0,0.0,0.0,0.0,0.0,1.0,0.0,0.0,0.0,0.0,1.0,1.0,0.0
2572,0.12345679012345678,1.0,0.0,1.0,0.44444444444444436,0.0,0.5550613200712357,0.05263157894736842,1.0,0.0,1.0,0.6691348402182413,0.3389121338912131,0.9811834051235548,1.0,0.0,1.0,0.0,0.0,0.0,0.0,0.0,0.0,0.0,0.0,0.0,0.0,0.0,1.0,0.0,0.0,1.0,0.0,0.0,0.0,0.0,0.0,0.0,1.0,0.0
2573,0.419753086419753,0.0,0.0,0.0,0.44444444444444436,0.0,0.580467578755373,0.05263157894736842,1.0,0.0,1.0,0.6691348402182413,0.3389121338912131,0.9811834051235548,1.0,0.0,0.0,0.0,1.0,0.0,0.0,0.0,0.0,0.0,0.0,0.0,0.0,1.0,0.0,0.0,0.0,0.0,0.0,0.0,0.0,1.0,0.0,0.0,1.0,0.0
2574,0.3333333333333333,0.0,0.0,0.0,0.44444444444444436,0.0,0.6729097309439991,0.07894736842105263,1.0,0.0,1.0,0.6691348402182413,0.3389121338912131,0.9811834051235548,1.0,0.0,1.0,0.0,0.0,0.0,0.0,0.0,0.0,0.0,0.0,0.0,0.0,1.0,0.0,0.0,0.0,1.0,0.0,0.0,0.0,0.0,0.0,0.0,1.0,0.0
2575,0.12345679012345678,0.0,0.0,0.0,0.44444444444444436,0.0,0.8207735336240497,0.05263157894736842,1.0,0.0,1.0,0.6691348402182413,0.3389121338912131,0.9811834051235548,1.0,1.0,0.0,0.0,0.0,0.0,0.0,0.0,1.0,0.0,0.0,0.0,0.0,0.0,1.0,0.0,0.0,0.0,1.0,0.0,0.0,0.0,0.0,0.0,1.0,0.0
2576,0.3209876543209876,1.0,0.0,0.0,0.44444444444444436,0.0,0.7781242347845155,0.05263157894736842,1.0,0.0,1.0,0.6691348402182413,0.3389121338912131,0.9811834051235548,1.0,0.0,0.0,0.0,0.0,0.0,0.0,0.0,0.0,0.0,0.0,1.0,0.0,1.0,0.0,0.0,0.0,0.0,1.0,0.0,0.0,0.0,0.0,0.0,1.0,0.0
2577,0.16049382716049382,1.0,0.0,0.0,0.44444444444444436,0.0,0.6427386711469765,0.05263157894736842,1.0,0.0,1.0,0.6691348402182413,0.3389121338912131,0.9811834051235548,1.0,0.0,1.0,0.0,0.0,0.0,0.0,0.0,0.0,0.0,0.0,0.0,0.0,0.0,1.0,0.0,0.0,1.0,0.0,0.0,0.0,0.0,0.0,0.0,1.0,0.0
2578,0.18518518518518517,1.0,0.0,0.0,0.44444444444444436,0.0,0.7429080825625569,0.05263157894736842,1.0,0.0,1.0,0.6691348402182413,0.3389121338912131,0.9811834051235548,1.0,0.0,1.0,0.0,0.0,0.0,0.0,0.0,0.0,0.0,0.0,0.0,0.0,0.0,1.0,0.0,0.0,1.0,0.0,0.0,0.0,0.0,0.0,0.0,1.0,0.0
2579,0.1111111111111111,1.0,1.0,0.0,0.44444444444444436,0.0,0.7995453741248091,0.15789473684210525,1.0,0.0,1.0,0.6691348402182413,0.3389121338912131,0.9811834051235548,1.0,1.0,0.0,0.0,0.0,0.0,0.0,0.0,0.0,0.0,1.0,0.0,0.0,0.0,1.0,0.0,0.0,0.0,1.0,0.0,0.0,0.0,0.0,0.0,1.0,0.0
2580,0.1728395061728395,0.0,0.0,0.0,0.44444444444444436,0.0,0.5761581170225034,0.05263157894736842,1.0,0.0,1.0,0.6691348402182413,0.3389121338912131,0.9811834051235548,1.0,0.0,0.0,0.0,0.0,0.0,0.0,0.0,0.0,0.0,0.0,0.0,0.0,0.0,1.0,0.0,0.0,0.0,1.0,0.0,0.0,0.0,0.0,0.0,1.0,0.0
2581,0.16049382716049382,0.0,0.0,0.0,0.44444444444444436,0.0,0.5140006512933829,0.07894736842105263,1.0,0.0,1.0,0.6691348402182413,0.3389121338912131,0.9811834051235548,1.0,0.0,1.0,0.0,0.0,0.0,0.0,0.0,0.0,0.0,0.0,0.0,0.0,1.0,0.0,0.0,0.0,1.0,0.0,0.0,0.0,0.0,0.0,0.0,1.0,0.0
2582,0.35802469135802467,0.0,0.0,0.0,0.44444444444444436,0.0,0.6115259753720838,0.07894736842105263,1.0,0.0,1.0,0.6691348402182413,0.3389121338912131,0.9811834051235548,1.0,0.0,1.0,0.0,0.0,0.0,0.0,0.0,0.0,0.0,0.0,0.0,0.0,0.0,1.0,0.0,1.0,0.0,0.0,0.0,0.0,0.0,0.0,1.0,1.0,0.0
2583,0.16049382716049382,1.0,1.0,1.0,0.44444444444444436,0.0,0.5670345425314071,0.07894736842105263,1.0,0.0,1.0,0.6691348402182413,0.3389121338912131,0.9811834051235548,1.0,0.0,0.0,0.0,0.0,0.0,0.0,0.0,0.0,0.0,1.0,0.0,0.0,1.0,0.0,0.0,0.0,0.0,0.0,0.0,1.0,0.0,0.0,0.0,1.0,0.0
2584,0.19753086419753085,0.0,0.0,0.0,0.44444444444444436,0.0,0.7416247772956214,0.02631578947368421,1.0,0.0,1.0,0.6691348402182413,0.3389121338912131,0.9811834051235548,1.0,0.0,0.0,0.0,0.0,0.0,0.0,0.0,0.0,0.0,0.0,0.0,0.0,0.0,1.0,0.0,0.0,0.0,0.0,0.0,0.0,1.0,0.0,0.0,1.0,0.0
2585,0.4567901234567901,0.0,0.0,0.0,0.44444444444444436,0.0,0.7861981639197403,0.02631578947368421,1.0,0.0,1.0,0.6691348402182413,0.3389121338912131,0.9811834051235548,1.0,1.0,0.0,0.0,0.0,1.0,0.0,0.0,0.0,0.0,0.0,0.0,0.0,1.0,0.0,0.0,0.0,0.0,0.0,0.0,0.0,1.0,0.0,0.0,1.0,0.0
2586,0.2716049382716049,0.0,0.0,0.0,0.44444444444444436,0.25,0.6407277649233879,0.02631578947368421,1.0,0.0,1.0,0.6691348402182413,0.3389121338912131,0.9809566991611882,1.0,0.0,1.0,0.0,0.0,0.0,0.0,0.0,0.0,0.0,0.0,0.0,0.0,1.0,0.0,0.0,0.0,1.0,0.0,0.0,0.0,0.0,0.0,0.0,1.0,0.0
2587,0.25925925925925924,1.0,0.0,0.0,0.44444444444444436,0.25,0.6048403610725471,0.05263157894736842,1.0,0.0,1.0,0.6691348402182413,0.3389121338912131,0.9809566991611882,1.0,0.0,0.0,0.0,0.0,0.0,0.0,0.0,0.0,0.0,1.0,0.0,0.0,0.0,1.0,0.0,0.0,0.0,0.0,0.0,1.0,0.0,0.0,0.0,1.0,0.0
2588,0.3333333333333333,0.0,0.0,0.0,0.44444444444444436,0.25,0.787224271418222,0.05263157894736842,1.0,0.0,1.0,0.6691348402182413,0.3389121338912131,0.9809566991611882,1.0,1.0,0.0,0.0,0.0,0.0,0.0,0.0,1.0,0.0,0.0,0.0,0.0,0.0,0.0,0.0,0.0,1.0,0.0,0.0,0.0,0.0,0.0,0.0,1.0,0.0
2589,0.48148148148148145,0.0,0.0,0.0,0.44444444444444436,0.25,0.716817990798646,0.02631578947368421,1.0,0.0,1.0,0.6691348402182413,0.3389121338912131,0.9809566991611882,1.0,0.0,0.0,0.0,0.0,1.0,0.0,0.0,0.0,0.0,0.0,0.0,0.0,1.0,0.0,0.0,0.0,0.0,0.0,0.0,0.0,1.0,0.0,0.0,1.0,0.0
2590,0.1111111111111111,0.0,0.0,0.0,0.44444444444444436,0.25,0.6140973378497864,0.02631578947368421,1.0,0.0,1.0,0.6691348402182413,0.3389121338912131,0.9809566991611882,1.0,0.0,0.0,0.0,0.0,0.0,0.0,0.0,1.0,0.0,0.0,0.0,0.0,0.0,1.0,0.0,1.0,0.0,0.0,0.0,0.0,0.0,0.0,0.0,1.0,0.0
2591,0.1728395061728395,1.0,0.0,0.0,0.44444444444444436,0.25,0.5440593682563573,0.07894736842105263,1.0,0.0,1.0,0.6691348402182413,0.3389121338912131,0.9809566991611882,1.0,0.0,1.0,0.0,0.0,0.0,0.0,0.0,0.0,0.0,0.0,0.0,0.0,0.0,1.0,0.0,0.0,0.0,1.0,0.0,0.0,0.0,0.0,0.0,1.0,0.0
2592,0.4938271604938272,0.0,0.0,0.0,0.44444444444444436,0.25,0.7637156034873523,0.05263157894736842,1.0,0.0,1.0,0.6691348402182413,0.3389121338912131,0.9809566991611882,1.0,0.0,1.0,0.0,0.0,0.0,0.0,0.0,0.0,0.0,0.0,0.0,0.0,1.0,0.0,0.0,0.0,1.0,0.0,0.0,0.0,0.0,0.0,1.0,1.0,0.0
2593,0.30864197530864196,0.0,0.0,0.0,0.44444444444444436,0.25,0.7746029197731145,0.05263157894736842,1.0,0.0,1.0,0.6691348402182413,0.3389121338912131,0.9809566991611882,1.0,1.0,0.0,0.0,0.0,0.0,0.0,0.0,0.0,0.0,1.0,0.0,0.0,1.0,0.0,0.0,0.0,1.0,0.0,0.0,0.0,0.0,0.0,0.0,1.0,0.0
2594,0.38271604938271603,1.0,1.0,1.0,0.44444444444444436,0.25,0.6568154229344138,0.07894736842105263,1.0,0.0,1.0,0.6691348402182413,0.3389121338912131,0.9809566991611882,1.0,0.0,0.0,0.0,0.0,0.0,0.0,0.0,0.0,0.0,0.0,0.0,0.0,0.0,1.0,0.0,0.0,0.0,0.0,0.0,0.0,1.0,0.0,0.0,1.0,0.0
2595,0.34567901234567905,0.0,0.0,0.0,0.44444444444444436,0.25,0.7851630270752102,0.10526315789473684,1.0,0.0,1.0,0.6691348402182413,0.3389121338912131,0.9809566991611882,1.0,1.0,1.0,0.0,0.0,0.0,0.0,0.0,0.0,0.0,0.0,0.0,0.0,1.0,0.0,0.0,0.0,0.0,0.0,0.0,0.0,0.0,0.0,1.0,1.0,0.0
2596,0.4567901234567901,1.0,1.0,1.0,0.44444444444444436,0.25,0.7387953033432286,0.05263157894736842,1.0,0.0,1.0,0.6691348402182413,0.3389121338912131,0.9809566991611882,1.0,1.0,0.0,0.0,0.0,0.0,1.0,0.0,0.0,0.0,0.0,0.0,0.0,1.0,0.0,0.0,0.0,0.0,0.0,0.0,0.0,0.0,0.0,0.0,1.0,0.0
2597,0.4938271604938272,1.0,0.0,0.0,0.44444444444444436,0.25,0.819115894882711,0.02631578947368421,1.0,0.0,1.0,0.6691348402182413,0.3389121338912131,0.9809566991611882,1.0,1.0,0.0,0.0,0.0,0.0,0.0,1.0,0.0,0.0,0.0,0.0,0.0,1.0,0.0,0.0,0.0,0.0,0.0,0.0,1.0,0.0,0.0,0.0,1.0,0.0
2598,0.2839506172839506,1.0,0.0,0.0,0.44444444444444436,0.25,0.64373137872162,0.07894736842105263,1.0,0.0,1.0,0.6691348402182413,0.3389121338912131,0.9809566991611882,1.0,0.0,0.0,0.0,0.0,0.0,0.0,0.0,0.0,0.0,0.0,0.0,0.0,0.0,1.0,0.0,0.0,0.0,1.0,0.0,0.0,0.0,0.0,0.0,1.0,0.0
2599,0.25925925925925924,0.0,0.0,0.0,0.44444444444444436,0.25,0.7886747848579034,0.07894736842105263,1.0,0.0,1.0,0.6691348402182413,0.3389121338912131,0.9809566991611882,1.0,1.0,0.0,0.0,0.0,0.0,0.0,0.0,0.0,0.0,1.0,0.0,0.0,0.0,1.0,0.0,0.0,0.0,0.0,0.0,1.0,0.0,0.0,0.0,1.0,0.0
2600,0.34567901234567905,1.0,0.0,0.0,0.44444444444444436,0.25,0.6770775956944137,0.02631578947368421,1.0,0.0,1.0,0.6691348402182413,0.3389121338912131,0.9809566991611882,1.0,0.0,1.0,0.0,0.0,0.0,0.0,0.0,0.0,0.0,0.0,0.0,0.0,1.0,0.0,0.0,0.0,0.0,0.0,0.0,0.0,0.0,0.0,1.0,1.0,0.0
2601,0.24691358024691357,1.0,0.0,0.0,0.44444444444444436,0.25,0.6381648062569562,0.05263157894736842,1.0,0.0,1.0,0.6691348402182413,0.3389121338912131,0.9809566991611882,1.0,0.0,1.0,0.0,0.0,0.0,0.0,0.0,0.0,0.0,0.0,0.0,0.0,1.0,0.0,0.0,0.0,0.0,0.0,0.0,0.0,0.0,0.0,0.0,1.0,0.0
2602,0.34567901234567905,0.0,0.0,1.0,0.44444444444444436,0.25,0.4601914110336532,0.05263157894736842,1.0,0.0,1.0,0.6691348402182413,0.3389121338912131,0.9809566991611882,1.0,0.0,1.0,0.0,0.0,0.0,0.0,0.0,0.0,0.0,0.0,0.0,0.0,1.0,0.0,0.0,0.0,0.0,0.0,0.0,0.0,0.0,0.0,1.0,1.0,0.0
2603,0.3209876543209876,0.0,0.0,1.0,0.44444444444444436,0.25,0.7832161246560915,0.05263157894736842,1.0,0.0,1.0,0.6691348402182413,0.3389121338912131,0.9809566991611882,1.0,0.0,1.0,0.0,0.0,0.0,0.0,0.0,0.0,0.0,0.0,0.0,0.0,1.0,0.0,0.0,0.0,1.0,0.0,0.0,0.0,0.0,0.0,0.0,1.0,0.0
2604,0.1728395061728395,1.0,0.0,0.0,0.44444444444444436,0.25,0.6894344634990646,0.07894736842105263,1.0,0.0,1.0,0.6691348402182413,0.3389121338912131,0.9809566991611882,1.0,0.0,0.0,0.0,0.0,0.0,0.0,0.0,0.0,0.0,1.0,0.0,0.0,0.0,1.0,0.0,0.0,0.0,0.0,0.0,1.0,0.0,0.0,0.0,1.0,0.0
2605,0.08641975308641975,1.0,0.0,0.0,0.44444444444444436,0.25,0.7876613065319946,0.05263157894736842,1.0,0.0,1.0,0.6691348402182413,0.3389121338912131,0.9809566991611882,1.0,1.0,0.0,1.0,0.0,0.0,0.0,0.0,0.0,0.0,0.0,0.0,0.0,0.0,1.0,0.0,0.0,0.0,0.0,0.0,0.0,1.0,0.0,0.0,1.0,0.0
2606,0.19753086419753085,1.0,0.0,0.0,0.44444444444444436,0.25,0.4796617267459457,0.02631578947368421,1.0,0.0,1.0,0.6691348402182413,0.3389121338912131,0.9809566991611882,1.0,0.0,0.0,0.0,0.0,0.0,0.0,0.0,0.0,0.0,0.0,0.0,0.0,1.0,0.0,0.0,0.0,0.0,1.0,0.0,0.0,0.0,0.0,1.0,1.0,0.0
2607,0.1728395061728395,1.0,0.0,0.0,0.44444444444444436,0.25,0.6095598825393173,0.05263157894736842,1.0,0.0,1.0,0.6691348402182413,0.3389121338912131,0.9809566991611882,1.0,0.0,0.0,0.0,0.0,0.0,0.0,0.0,0.0,0.0,0.0,0.0,0.0,1.0,0.0,0.0,0.0,0.0,1.0,0.0,0.0,0.0,0.0,1.0,1.0,0.0
2608,0.3209876543209876,0.0,0.0,0.0,0.44444444444444436,0.25,0.8450757054497723,0.07894736842105263,1.0,0.0,1.0,0.6691348402182413,0.3389121338912131,0.9809566991611882,1.0,1.0,0.0,0.0,0.0,0.0,0.0,0.0,1.0,0.0,0.0,0.0,0.0,0.0,1.0,0.0,0.0,0.0,1.0,0.0,0.0,0.0,0.0,0.0,1.0,0.0
2609,0.1728395061728395,0.0,0.0,1.0,0.44444444444444436,0.25,0.6075603701023119,0.05263157894736842,1.0,0.0,1.0,0.6691348402182413,0.3389121338912131,0.9809566991611882,1.0,0.0,0.0,0.0,0.0,0.0,0.0,0.0,0.0,0.0,1.0,0.0,0.0,0.0,1.0,0.0,0.0,0.0,0.0,0.0,1.0,0.0,0.0,0.0,1.0,0.0
2610,0.24691358024691357,0.0,1.0,0.0,0.44444444444444436,0.25,0.5761581170225034,0.07894736842105263,1.0,0.0,1.0,0.6691348402182413,0.3389121338912131,0.9809566991611882,1.0,0.0,0.0,0.0,0.0,0.0,0.0,0.0,0.0,0.0,0.0,0.0,0.0,0.0,1.0,0.0,0.0,0.0,0.0,0.0,0.0,1.0,0.0,1.0,1.0,0.0
2611,0.25925925925925924,0.0,1.0,1.0,0.44444444444444436,0.25,0.7468819143542026,0.05263157894736842,1.0,0.0,1.0,0.6691348402182413,0.3389121338912131,0.9809566991611882,1.0,0.0,0.0,0.0,0.0,0.0,0.0,0.0,0.0,0.0,0.0,0.0,0.0,0.0,0.0,0.0,0.0,0.0,0.0,0.0,0.0,1.0,0.0,0.0,1.0,0.0
2612,0.4938271604938272,0.0,0.0,0.0,0.44444444444444436,0.25,0.5796182238056906,0.07894736842105263,1.0,0.0,1.0,0.6691348402182413,0.3389121338912131,0.9809566991611882,1.0,0.0,1.0,0.0,0.0,0.0,0.0,0.0,0.0,0.0,0.0,0.0,0.0,1.0,0.0,0.0,0.0,0.0,0.0,0.0,0.0,0.0,1.0,0.0,1.0,0.0
2613,0.38271604938271603,0.0,0.0,0.0,0.44444444444444436,0.25,0.6620060509558884,0.02631578947368421,1.0,0.0,1.0,0.6691348402182413,0.3389121338912131,0.9809566991611882,1.0,0.0,0.0,0.0,0.0,0.0,0.0,0.0,0.0,0.0,0.0,1.0,0.0,1.0,0.0,0.0,0.0,0.0,0.0,0.0,0.0,1.0,0.0,0.0,1.0,0.0
2614,0.2222222222222222,1.0,0.0,0.0,0.44444444444444436,0.25,0.6981521658814236,0.07894736842105263,1.0,0.0,1.0,0.6691348402182413,0.3389121338912131,0.9809566991611882,1.0,0.0,0.0,0.0,0.0,0.0,0.0,0.0,1.0,0.0,0.0,0.0,0.0,1.0,0.0,0.0,0.0,0.0,1.0,0.0,0.0,0.0,0.0,0.0,1.0,0.0
2615,0.34567901234567905,1.0,0.0,0.0,0.44444444444444436,0.25,0.5212197964741162,0.05263157894736842,1.0,0.0,1.0,0.6691348402182413,0.3389121338912131,0.9809566991611882,1.0,0.0,0.0,0.0,0.0,0.0,0.0,0.0,0.0,0.0,1.0,0.0,0.0,1.0,0.0,0.0,0.0,0.0,0.0,0.0,1.0,0.0,0.0,0.0,1.0,0.0
2616,0.16049382716049382,1.0,0.0,1.0,0.44444444444444436,0.25,0.5779008918534767,0.10526315789473684,1.0,0.0,1.0,0.6691348402182413,0.3389121338912131,0.9809566991611882,1.0,0.0,1.0,0.0,0.0,0.0,0.0,0.0,0.0,0.0,0.0,0.0,0.0,0.0,1.0,0.0,1.0,0.0,0.0,0.0,0.0,0.0,0.0,0.0,1.0,0.0
2617,0.2345679012345679,0.0,0.0,0.0,0.44444444444444436,0.25,0.8690542806935713,0.05263157894736842,1.0,0.0,1.0,0.6691348402182413,0.3389121338912131,0.9809566991611882,1.0,1.0,1.0,0.0,0.0,0.0,0.0,0.0,0.0,0.0,0.0,0.0,0.0,1.0,0.0,0.0,0.0,0.0,0.0,0.0,0.0,0.0,0.0,1.0,1.0,0.0
2618,0.19753086419753085,0.0,0.0,0.0,0.44444444444444436,0.25,0.7949894572644526,0.07894736842105263,1.0,0.0,1.0,0.6691348402182413,0.3389121338912131,0.9809566991611882,1.0,1.0,0.0,0.0,1.0,0.0,0.0,0.0,0.0,0.0,0.0,0.0,0.0,1.0,0.0,0.0,0.0,1.0,0.0,0.0,0.0,0.0,0.0,0.0,1.0,0.0
2619,0.39506172839506176,1.0,0.0,0.0,0.44444444444444436,0.25,0.6480977205520548,0.0,1.0,0.0,1.0,0.6691348402182413,0.3389121338912131,0.9809566991611882,1.0,0.0,1.0,0.0,0.0,0.0,0.0,0.0,0.0,0.0,0.0,0.0,0.0,0.0,0.0,0.0,0.0,0.0,0.0,0.0,0.0,0.0,0.0,1.0,1.0,0.0
2620,0.09876543209876543,1.0,0.0,0.0,0.44444444444444436,0.25,0.6339442585242172,0.0,1.0,0.0,1.0,0.6691348402182413,0.3389121338912131,0.9809566991611882,1.0,0.0,0.0,0.0,0.0,0.0,0.0,0.0,1.0,0.0,0.0,0.0,0.0,0.0,1.0,0.0,0.0,0.0,1.0,0.0,0.0,0.0,0.0,0.0,1.0,0.0
2621,0.20987654320987653,0.0,0.0,0.0,0.44444444444444436,0.25,0.5601990426951532,0.10526315789473684,1.0,0.0,1.0,0.6691348402182413,0.3389121338912131,0.9809566991611882,1.0,0.0,0.0,0.0,0.0,0.0,0.0,0.0,0.0,0.0,1.0,0.0,0.0,0.0,0.0,0.0,0.0,0.0,0.0,0.0,1.0,0.0,0.0,0.0,1.0,0.0
2622,0.2222222222222222,0.0,1.0,0.0,0.44444444444444436,0.25,0.5331930189342876,0.07894736842105263,1.0,0.0,1.0,0.6691348402182413,0.3389121338912131,0.9809566991611882,1.0,0.0,1.0,0.0,0.0,0.0,0.0,0.0,0.0,0.0,0.0,0.0,0.0,1.0,0.0,0.0,1.0,0.0,0.0,0.0,0.0,0.0,0.0,0.0,1.0,0.0
2623,0.2222222222222222,0.0,0.0,0.0,0.44444444444444436,0.25,0.7635372332492569,0.0,1.0,0.0,1.0,0.6691348402182413,0.3389121338912131,0.9809566991611882,1.0,1.0,1.0,0.0,0.0,0.0,0.0,0.0,0.0,0.0,0.0,0.0,0.0,0.0,0.0,0.0,0.0,1.0,0.0,0.0,0.0,0.0,0.0,0.0,1.0,0.0
2624,0.1111111111111111,0.0,0.0,0.0,0.44444444444444436,0.25,0.7974233747682028,0.02631578947368421,1.0,0.0,1.0,0.6691348402182413,0.3389121338912131,0.9809566991611882,1.0,1.0,0.0,0.0,0.0,0.0,0.0,0.0,0.0,0.0,0.0,0.0,0.0,1.0,0.0,0.0,0.0,1.0,0.0,0.0,0.0,0.0,0.0,0.0,1.0,0.0
2625,0.16049382716049382,0.0,1.0,0.0,0.44444444444444436,0.25,0.6062082270603242,0.07894736842105263,1.0,0.0,1.0,0.6691348402182413,0.3389121338912131,0.9809566991611882,1.0,0.0,0.0,0.0,0.0,0.0,0.0,0.0,1.0,0.0,0.0,0.0,0.0,0.0,1.0,0.0,0.0,0.0,1.0,0.0,0.0,0.0,0.0,0.0,1.0,0.0
2626,0.18518518518518517,1.0,0.0,0.0,0.44444444444444436,0.25,0.7978241763466862,0.0,1.0,0.0,1.0,0.6691348402182413,0.3389121338912131,0.9809566991611882,1.0,1.0,0.0,0.0,0.0,0.0,0.0,0.0,1.0,0.0,0.0,0.0,0.0,0.0,1.0,0.0,0.0,0.0,0.0,0.0,0.0,0.0,1.0,1.0,1.0,0.0
2627,0.18518518518518517,0.0,0.0,0.0,0.44444444444444436,0.25,0.8104581034512193,0.0,1.0,0.0,1.0,0.6691348402182413,0.3389121338912131,0.9809566991611882,1.0,1.0,0.0,0.0,0.0,0.0,0.0,0.0,1.0,0.0,0.0,0.0,0.0,0.0,1.0,0.0,0.0,0.0,0.0,0.0,0.0,0.0,1.0,1.0,1.0,0.0
2628,0.19753086419753085,1.0,0.0,0.0,0.44444444444444436,0.25,0.7893933891053063,0.07894736842105263,1.0,0.0,1.0,0.6691348402182413,0.3389121338912131,0.9809566991611882,1.0,1.0,0.0,0.0,0.0,0.0,0.0,0.0,1.0,0.0,0.0,0.0,0.0,1.0,0.0,0.0,0.0,0.0,1.0,0.0,0.0,0.0,0.0,0.0,1.0,0.0
2629,0.4074074074074074,0.0,0.0,0.0,0.44444444444444436,0.25,0.8128298601931485,0.05263157894736842,1.0,0.0,1.0,0.6691348402182413,0.3389121338912131,0.9809566991611882,1.0,1.0,0.0,0.0,0.0,0.0,0.0,0.0,0.0,0.0,0.0,0.0,0.0,1.0,0.0,0.0,0.0,0.0,0.0,0.0,1.0,0.0,0.0,0.0,1.0,0.0
2630,0.1111111111111111,0.0,1.0,0.0,0.44444444444444436,0.25,0.731291387992633,0.0,1.0,0.0,1.0,0.6691348402182413,0.3389121338912131,0.9809566991611882,1.0,1.0,0.0,0.0,0.0,0.0,0.0,0.0,0.0,0.0,1.0,0.0,0.0,0.0,0.0,0.0,0.0,0.0,0.0,0.0,1.0,0.0,0.0,0.0,1.0,0.0
2631,0.20987654320987653,1.0,0.0,0.0,0.44444444444444436,0.25,0.8368512903809922,0.13157894736842105,1.0,0.0,1.0,0.6691348402182413,0.3389121338912131,0.9809566991611882,1.0,1.0,0.0,0.0,0.0,1.0,0.0,0.0,0.0,0.0,0.0,0.0,0.0,0.0,0.0,0.0,0.0,0.0,0.0,0.0,0.0,1.0,0.0,0.0,1.0,0.0
2632,0.09876543209876543,1.0,0.0,0.0,0.44444444444444436,0.25,0.5356959888812932,0.07894736842105263,1.0,0.0,1.0,0.6691348402182413,0.3389121338912131,0.9809566991611882,1.0,0.0,1.0,0.0,0.0,0.0,0.0,0.0,0.0,0.0,0.0,0.0,0.0,1.0,0.0,0.0,0.0,0.0,1.0,0.0,0.0,0.0,0.0,1.0,1.0,0.0
2633,0.29629629629629634,0.0,0.0,0.0,0.44444444444444436,0.25,0.5212197964741162,0.02631578947368421,1.0,0.0,1.0,0.6691348402182413,0.3389121338912131,0.9809566991611882,1.0,0.0,0.0,0.0,0.0,0.0,0.0,0.0,0.0,0.0,1.0,0.0,0.0,1.0,0.0,0.0,0.0,0.0,0.0,0.0,0.0,1.0,0.0,0.0,1.0,0.0
2634,0.2716049382716049,1.0,0.0,0.0,0.44444444444444436,0.25,0.7345335067710294,0.10526315789473684,1.0,0.0,1.0,0.6691348402182413,0.3389121338912131,0.9809566991611882,1.0,1.0,0.0,0.0,0.0,0.0,0.0,0.0,0.0,0.0,0.0,0.0,0.0,0.0,0.0,0.0,0.0,0.0,1.0,0.0,0.0,0.0,0.0,0.0,1.0,0.0
2635,0.18518518518518517,1.0,0.0,0.0,0.44444444444444436,0.25,0.7262542512230573,0.0,1.0,0.0,1.0,0.6691348402182413,0.3389121338912131,0.9809566991611882,1.0,0.0,0.0,0.0,0.0,0.0,0.0,0.0,0.0,0.0,1.0,0.0,0.0,0.0,1.0,0.0,0.0,0.0,0.0,0.0,1.0,0.0,0.0,0.0,1.0,0.0
2636,0.419753086419753,1.0,0.0,0.0,0.44444444444444436,0.25,0.707424281343387,0.07894736842105263,1.0,0.0,1.0,0.6691348402182413,0.3389121338912131,0.9809566991611882,1.0,0.0,0.0,0.0,0.0,0.0,0.0,0.0,0.0,0.0,0.0,0.0,0.0,0.0,0.0,0.0,0.0,0.0,0.0,0.0,1.0,0.0,0.0,0.0,1.0,0.0
2637,0.3703703703703703,1.0,0.0,1.0,0.44444444444444436,0.25,0.5970188304191458,0.02631578947368421,1.0,0.0,1.0,0.6691348402182413,0.3389121338912131,0.9809566991611882,1.0,0.0,0.0,0.0,1.0,0.0,0.0,0.0,0.0,0.0,0.0,0.0,0.0,1.0,0.0,0.0,0.0,0.0,0.0,0.0,0.0,0.0,0.0,1.0,1.0,0.0
2638,0.20987654320987653,1.0,0.0,0.0,0.44444444444444436,0.25,0.7734600293864244,0.05263157894736842,1.0,0.0,1.0,0.6691348402182413,0.3389121338912131,0.9809566991611882,1.0,1.0,0.0,0.0,0.0,0.0,0.0,0.0,0.0,0.0,1.0,0.0,0.0,0.0,0.0,0.0,1.0,0.0,0.0,0.0,0.0,0.0,0.0,0.0,1.0,0.0
2639,0.3209876543209876,0.0,0.0,0.0,0.44444444444444436,0.25,0.6427386711469765,0.02631578947368421,1.0,0.0,1.0,0.6691348402182413,0.3389121338912131,0.9809566991611882,1.0,0.0,1.0,0.0,0.0,0.0,0.0,0.0,0.0,0.0,0.0,0.0,0.0,1.0,0.0,0.0,1.0,0.0,0.0,0.0,0.0,0.0,0.0,0.0,1.0,0.0
2640,0.20987654320987653,0.0,1.0,0.0,0.44444444444444436,0.25,0.8073015529835439,0.10526315789473684,1.0,0.0,1.0,0.6691348402182413,0.3389121338912131,0.9809566991611882,1.0,1.0,0.0,0.0,0.0,0.0,0.0,0.0,0.0,0.0,1.0,0.0,0.0,0.0,1.0,0.0,0.0,0.0,0.0,0.0,1.0,0.0,0.0,0.0,1.0,0.0
2641,0.19753086419753085,1.0,0.0,0.0,0.44444444444444436,0.25,0.6202900913078108,0.07894736842105263,1.0,0.0,1.0,0.6691348402182413,0.3389121338912131,0.9809566991611882,1.0,0.0,0.0,0.0,0.0,0.0,0.0,0.0,0.0,0.0,0.0,0.0,0.0,1.0,0.0,0.0,0.0,0.0,1.0,0.0,0.0,0.0,0.0,1.0,1.0,0.0
2642,0.18518518518518517,1.0,0.0,0.0,0.44444444444444436,0.25,0.5670345425314071,0.07894736842105263,1.0,0.0,1.0,0.6691348402182413,0.3389121338912131,0.9809566991611882,1.0,0.0,0.0,0.0,0.0,1.0,0.0,0.0,0.0,0.0,0.0,0.0,0.0,0.0,0.0,0.0,0.0,0.0,0.0,0.0,0.0,1.0,0.0,0.0,1.0,0.0
2643,0.16049382716049382,1.0,0.0,0.0,0.44444444444444436,0.25,0.5239878100544288,0.10526315789473684,1.0,0.0,1.0,0.6691348402182413,0.3389121338912131,0.9809566991611882,1.0,0.0,0.0,1.0,0.0,0.0,0.0,0.0,0.0,0.0,0.0,0.0,0.0,0.0,1.0,0.0,0.0,0.0,1.0,0.0,0.0,0.0,0.0,0.0,1.0,0.0
2644,0.2345679012345679,0.0,1.0,0.0,0.44444444444444436,0.25,0.5940405662922726,0.02631578947368421,1.0,0.0,1.0,0.6691348402182413,0.3389121338912131,0.9809566991611882,1.0,0.0,0.0,0.0,0.0,0.0,0.0,0.0,0.0,0.0,0.0,0.0,0.0,0.0,1.0,0.0,0.0,1.0,0.0,0.0,0.0,0.0,0.0,0.0,1.0,0.0
2645,0.3333333333333333,0.0,0.0,0.0,0.44444444444444436,0.25,0.5591892927228724,0.02631578947368421,1.0,0.0,1.0,0.6691348402182413,0.3389121338912131,0.9809566991611882,1.0,0.0,1.0,0.0,0.0,0.0,0.0,0.0,0.0,0.0,0.0,0.0,0.0,1.0,0.0,0.0,0.0,0.0,0.0,0.0,0.0,0.0,0.0,0.0,1.0,0.0
2646,0.4691358024691357,0.0,0.0,0.0,0.44444444444444436,0.25,0.7036245548746948,0.07894736842105263,1.0,0.0,1.0,0.6691348402182413,0.3389121338912131,0.9809566991611882,1.0,0.0,1.0,0.0,0.0,0.0,0.0,0.0,0.0,0.0,0.0,0.0,0.0,1.0,0.0,0.0,0.0,0.0,0.0,0.0,0.0,0.0,0.0,0.0,1.0,0.0
2647,0.2222222222222222,1.0,0.0,0.0,0.44444444444444436,0.25,0.7220124395076876,0.07894736842105263,1.0,0.0,1.0,0.6691348402182413,0.3389121338912131,0.9809566991611882,1.0,0.0,0.0,0.0,0.0,0.0,0.0,0.0,0.0,0.0,0.0,1.0,0.0,1.0,0.0,0.0,0.0,0.0,0.0,0.0,0.0,1.0,0.0,0.0,1.0,0.0
2648,0.4074074074074074,1.0,0.0,0.0,0.44444444444444436,0.25,0.6328650293995502,0.15789473684210525,1.0,0.0,1.0,0.6691348402182413,0.3389121338912131,0.9809566991611882,1.0,0.0,0.0,0.0,0.0,0.0,0.0,0.0,0.0,0.0,1.0,0.0,0.0,0.0,1.0,0.0,0.0,0.0,0.0,0.0,0.0,1.0,0.0,0.0,1.0,0.0
2649,0.18518518518518517,0.0,0.0,0.0,0.44444444444444436,0.25,0.7818491417520995,0.07894736842105263,1.0,0.0,1.0,0.6691348402182413,0.3389121338912131,0.9809566991611882,1.0,1.0,0.0,0.0,0.0,0.0,0.0,0.0,0.0,0.0,1.0,0.0,0.0,0.0,1.0,0.0,0.0,0.0,0.0,0.0,1.0,0.0,0.0,0.0,1.0,0.0
2650,0.19753086419753085,0.0,0.0,0.0,0.44444444444444436,0.25,0.7988863519558861,0.10526315789473684,1.0,0.0,1.0,0.6691348402182413,0.3389121338912131,0.9809566991611882,1.0,1.0,1.0,0.0,0.0,0.0,0.0,0.0,0.0,0.0,0.0,0.0,0.0,0.0,0.0,0.0,0.0,1.0,0.0,0.0,0.0,0.0,0.0,1.0,1.0,0.0
2651,0.38271604938271603,0.0,0.0,0.0,0.44444444444444436,0.25,0.8542578791017735,0.07894736842105263,1.0,0.0,1.0,0.6691348402182413,0.3389121338912131,0.9809566991611882,1.0,1.0,0.0,0.0,0.0,0.0,0.0,0.0,0.0,0.0,0.0,0.0,0.0,0.0,0.0,0.0,0.0,1.0,0.0,0.0,0.0,0.0,0.0,0.0,1.0,0.0
2652,0.20987654320987653,1.0,0.0,0.0,0.44444444444444436,0.25,0.7919446128221177,0.05263157894736842,1.0,0.0,1.0,0.6691348402182413,0.3389121338912131,0.9809566991611882,1.0,1.0,0.0,0.0,0.0,1.0,0.0,0.0,0.0,0.0,0.0,0.0,0.0,1.0,0.0,0.0,0.0,0.0,1.0,0.0,0.0,0.0,0.0,0.0,1.0,0.0
2653,0.25925925925925924,0.0,0.0,0.0,0.44444444444444436,0.25,0.710546265890685,0.18421052631578946,1.0,0.0,1.0,0.6691348402182413,0.3389121338912131,0.9809566991611882,1.0,0.0,0.0,0.0,0.0,0.0,0.0,0.0,0.0,0.0,0.0,0.0,0.0,0.0,0.0,0.0,0.0,0.0,0.0,0.0,0.0,1.0,0.0,0.0,1.0,0.0
2654,0.38271604938271603,1.0,0.0,0.0,0.44444444444444436,0.25,0.7882415057327662,0.05263157894736842,1.0,0.0,1.0,0.6691348402182413,0.3389121338912131,0.9809566991611882,1.0,0.0,0.0,0.0,0.0,0.0,0.0,0.0,0.0,0.0,0.0,1.0,0.0,1.0,0.0,0.0,0.0,0.0,0.0,0.0,0.0,1.0,0.0,0.0,1.0,0.0
2655,0.4074074074074074,1.0,0.0,1.0,0.44444444444444436,0.25,0.5631773068220264,0.18421052631578946,1.0,0.0,1.0,0.6691348402182413,0.3389121338912131,0.9809566991611882,1.0,0.0,1.0,0.0,0.0,0.0,0.0,0.0,0.0,0.0,0.0,0.0,0.0,1.0,0.0,0.0,0.0,0.0,0.0,0.0,0.0,0.0,0.0,1.0,1.0,0.0
2656,0.4938271604938272,0.0,0.0,0.0,0.44444444444444436,0.25,0.7588020523597342,0.13157894736842105,1.0,0.0,1.0,0.6691348402182413,0.3389121338912131,0.9809566991611882,1.0,1.0,1.0,0.0,0.0,0.0,0.0,0.0,0.0,0.0,0.0,0.0,0.0,0.0,0.0,0.0,1.0,0.0,0.0,0.0,0.0,0.0,0.0,1.0,1.0,0.0
2657,0.12345679012345678,0.0,0.0,0.0,0.44444444444444436,0.25,0.7184005503099906,0.10526315789473684,1.0,0.0,1.0,0.6691348402182413,0.3389121338912131,0.9809566991611882,1.0,1.0,0.0,0.0,0.0,0.0,0.0,0.0,0.0,0.0,0.0,0.0,0.0,0.0,1.0,0.0,0.0,0.0,0.0,0.0,1.0,0.0,0.0,0.0,1.0,0.0
2658,0.19753086419753085,1.0,0.0,1.0,0.44444444444444436,0.25,0.41131218966975264,0.15789473684210525,1.0,0.0,1.0,0.6691348402182413,0.3389121338912131,0.9809566991611882,1.0,0.0,0.0,0.0,0.0,0.0,0.0,0.0,1.0,0.0,0.0,0.0,0.0,1.0,0.0,0.0,0.0,0.0,1.0,0.0,0.0,0.0,0.0,0.0,1.0,0.0
2659,0.08641975308641975,0.0,0.0,1.0,0.44444444444444436,0.5,0.4396813242736008,0.13157894736842105,1.0,0.0,1.0,0.6691348402182413,0.3389121338912131,0.9800498753117208,1.0,0.0,0.0,0.0,0.0,0.0,0.0,0.0,0.0,0.0,0.0,0.0,0.0,0.0,1.0,0.0,0.0,0.0,1.0,0.0,0.0,0.0,0.0,0.0,1.0,0.0
2660,0.24691358024691357,1.0,0.0,0.0,0.44444444444444436,0.5,0.6615821400485514,0.07894736842105263,1.0,0.0,1.0,0.6691348402182413,0.3389121338912131,0.9800498753117208,1.0,0.0,0.0,1.0,0.0,0.0,0.0,0.0,0.0,0.0,0.0,0.0,0.0,0.0,0.0,0.0,0.0,0.0,1.0,0.0,0.0,0.0,0.0,1.0,1.0,0.0
2661,0.48148148148148145,1.0,0.0,0.0,0.44444444444444436,0.5,0.6705725318885943,0.02631578947368421,1.0,0.0,1.0,0.6691348402182413,0.3389121338912131,0.9800498753117208,1.0,0.0,0.0,0.0,0.0,0.0,0.0,0.0,0.0,0.0,0.0,0.0,0.0,1.0,0.0,0.0,0.0,0.0,1.0,0.0,0.0,0.0,0.0,1.0,1.0,0.0
2662,0.5185185185185184,0.0,0.0,0.0,0.44444444444444436,0.5,0.7815431984080345,0.10526315789473684,1.0,0.0,1.0,0.6691348402182413,0.3389121338912131,0.9800498753117208,1.0,1.0,0.0,0.0,0.0,0.0,1.0,0.0,0.0,0.0,0.0,0.0,0.0,1.0,0.0,0.0,0.0,0.0,0.0,0.0,0.0,1.0,0.0,1.0,1.0,0.0
2663,0.25925925925925924,0.0,0.0,0.0,0.44444444444444436,0.5,0.6894344634990646,0.15789473684210525,1.0,0.0,1.0,0.6691348402182413,0.3389121338912131,0.9800498753117208,1.0,0.0,0.0,0.0,0.0,0.0,0.0,1.0,0.0,0.0,0.0,0.0,0.0,1.0,0.0,0.0,0.0,0.0,0.0,0.0,1.0,0.0,0.0,0.0,1.0,0.0
2664,0.1111111111111111,0.5,0.5,0.0,0.44444444444444436,0.5,0.7483127678708024,0.0,1.0,0.0,1.0,0.6691348402182413,0.3389121338912131,0.9800498753117208,1.0,1.0,0.0,0.0,0.0,0.0,0.0,0.0,0.0,0.0,1.0,0.0,0.0,0.0,1.0,0.0,0.0,0.0,0.0,0.0,1.0,0.0,0.0,0.0,1.0,0.0
2665,0.24691358024691357,0.0,0.0,0.0,0.44444444444444436,0.5,0.5550613200712357,0.07894736842105263,1.0,0.0,1.0,0.6691348402182413,0.3389121338912131,0.9800498753117208,1.0,0.0,0.0,1.0,0.0,0.0,0.0,0.0,0.0,0.0,0.0,0.0,0.0,0.0,0.0,0.0,0.0,0.0,1.0,0.0,0.0,0.0,0.0,1.0,1.0,0.0
2666,0.08641975308641975,0.0,0.0,0.0,0.44444444444444436,0.5,0.6890988423028271,0.0,1.0,0.0,1.0,0.6691348402182413,0.3389121338912131,0.9800498753117208,1.0,1.0,1.0,0.0,0.0,0.0,0.0,0.0,0.0,0.0,0.0,0.0,0.0,1.0,0.0,0.0,0.0,1.0,0.0,0.0,0.0,0.0,0.0,1.0,1.0,0.0
2667,0.3209876543209876,1.0,1.0,0.0,0.44444444444444436,0.5,0.8821957798427035,0.07894736842105263,1.0,0.0,1.0,0.6691348402182413,0.3389121338912131,0.9800498753117208,1.0,1.0,1.0,0.0,0.0,0.0,0.0,0.0,0.0,0.0,0.0,0.0,0.0,0.0,1.0,0.0,1.0,0.0,0.0,0.0,0.0,0.0,0.0,0.0,1.0,0.0
2668,0.39506172839506176,0.0,0.0,0.0,0.44444444444444436,0.5,0.5331930189342876,0.0,1.0,0.0,1.0,0.6691348402182413,0.3389121338912131,0.9800498753117208,1.0,0.0,1.0,0.0,0.0,0.0,0.0,0.0,0.0,0.0,0.0,0.0,0.0,0.0,0.0,0.0,0.0,0.0,0.0,0.0,0.0,0.0,1.0,1.0,1.0,0.0
2669,0.12345679012345678,0.0,0.0,0.0,0.44444444444444436,0.5,0.5909849360662706,0.07894736842105263,1.0,0.0,1.0,0.6691348402182413,0.3389121338912131,0.9800498753117208,1.0,0.0,0.0,0.0,0.0,0.0,0.0,0.0,1.0,0.0,0.0,0.0,0.0,1.0,0.0,0.0,0.0,0.0,1.0,0.0,0.0,0.0,0.0,0.0,1.0,0.0
2670,0.39506172839506176,0.0,0.0,0.0,0.44444444444444436,0.5,0.6677857821213365,0.0,1.0,0.0,1.0,0.6691348402182413,0.3389121338912131,0.9800498753117208,1.0,0.0,1.0,0.0,0.0,0.0,0.0,0.0,0.0,0.0,0.0,0.0,0.0,0.0,0.0,0.0,0.0,0.0,0.0,0.0,0.0,0.0,1.0,1.0,1.0,0.0
2671,0.39506172839506176,1.0,0.0,0.0,0.44444444444444436,0.5,0.5660820259952785,0.0,1.0,0.0,1.0,0.6691348402182413,0.3389121338912131,0.9800498753117208,1.0,0.0,0.0,0.0,0.0,0.0,0.0,0.0,1.0,0.0,0.0,0.0,0.0,1.0,0.0,0.0,0.0,0.0,1.0,0.0,0.0,0.0,0.0,1.0,1.0,0.0
2672,0.2716049382716049,0.0,0.0,0.0,0.44444444444444436,0.5,0.7836682782537098,0.0,1.0,0.0,1.0,0.6691348402182413,0.3389121338912131,0.9800498753117208,1.0,1.0,0.0,0.0,0.0,0.0,0.0,0.0,0.0,0.0,1.0,0.0,0.0,1.0,0.0,0.0,0.0,0.0,1.0,0.0,0.0,0.0,0.0,1.0,1.0,0.0
2673,0.34567901234567905,1.0,1.0,0.0,0.44444444444444436,0.5,0.7303484158131063,0.0,1.0,0.0,1.0,0.6691348402182413,0.3389121338912131,0.9800498753117208,1.0,1.0,0.0,0.0,0.0,0.0,0.0,0.0,0.0,0.0,0.0,0.0,1.0,0.0,0.0,1.0,0.0,0.0,0.0,0.0,0.0,0.0,1.0,0.0,1.0,0.0
2674,0.34567901234567905,1.0,0.0,0.0,0.44444444444444436,0.5,0.7499269976532702,0.0,1.0,0.0,1.0,0.6691348402182413,0.3389121338912131,0.9800498753117208,1.0,1.0,0.0,0.0,0.0,0.0,0.0,0.0,0.0,0.0,0.0,0.0,1.0,0.0,0.0,1.0,0.0,0.0,0.0,0.0,0.0,0.0,1.0,0.0,1.0,0.0
2675,0.4691358024691357,1.0,0.0,0.0,0.44444444444444436,0.5,0.4601914110336532,0.0,1.0,0.0,1.0,0.6691348402182413,0.3389121338912131,0.9800498753117208,1.0,0.0,0.0,0.0,0.0,1.0,0.0,0.0,0.0,0.0,0.0,0.0,0.0,1.0,0.0,0.0,0.0,1.0,0.0,0.0,0.0,0.0,0.0,0.0,1.0,0.0
2676,0.4691358024691357,1.0,0.0,0.0,0.44444444444444436,0.5,0.5306356323565045,0.0,1.0,0.0,1.0,0.6691348402182413,0.3389121338912131,0.9800498753117208,1.0,0.0,0.0,0.0,0.0,1.0,0.0,0.0,0.0,0.0,0.0,0.0,0.0,1.0,0.0,0.0,0.0,1.0,0.0,0.0,0.0,0.0,0.0,0.0,1.0,0.0
2677,0.12345679012345678,0.0,0.0,0.0,0.44444444444444436,0.5,0.7689446932222594,0.0,1.0,0.0,1.0,0.6691348402182413,0.3389121338912131,0.9800498753117208,1.0,1.0,1.0,0.0,0.0,0.0,0.0,0.0,0.0,0.0,0.0,0.0,0.0,1.0,0.0,0.0,0.0,1.0,0.0,0.0,0.0,0.0,0.0,0.0,1.0,0.0
2678,0.48148148148148145,0.0,0.0,0.0,0.44444444444444436,0.5,0.5641535377316825,0.07894736842105263,1.0,0.0,1.0,0.6691348402182413,0.3389121338912131,0.9800498753117208,1.0,0.0,0.0,0.0,0.0,0.0,0.0,0.0,0.0,0.0,0.0,0.0,0.0,1.0,0.0,0.0,0.0,0.0,1.0,0.0,0.0,0.0,0.0,1.0,1.0,0.0
2679,0.39506172839506176,1.0,0.0,0.0,0.44444444444444436,0.5,0.7435445231564038,0.0,1.0,0.0,1.0,0.6691348402182413,0.3389121338912131,0.9800498753117208,1.0,1.0,0.0,0.0,0.0,0.0,1.0,0.0,0.0,0.0,0.0,0.0,0.0,1.0,0.0,0.0,0.0,0.0,1.0,0.0,0.0,0.0,0.0,0.0,1.0,0.0
2680,0.20987654320987653,1.0,0.0,0.0,0.44444444444444436,0.5,0.7684321209538291,0.13157894736842105,1.0,0.0,1.0,0.6691348402182413,0.3389121338912131,0.9800498753117208,1.0,1.0,0.0,0.0,0.0,0.0,0.0,0.0,0.0,0.0,0.0,0.0,0.0,1.0,0.0,0.0,0.0,0.0,0.0,0.0,0.0,1.0,0.0,0.0,1.0,0.0
2681,0.07407407407407407,0.0,0.0,0.0,0.44444444444444436,0.5,0.7149443538148184,0.0,1.0,0.0,1.0,0.6691348402182413,0.3389121338912131,0.9800498753117208,1.0,1.0,1.0,0.0,0.0,0.0,0.0,0.0,0.0,0.0,0.0,0.0,0.0,0.0,1.0,0.0,0.0,0.0,1.0,0.0,0.0,0.0,0.0,0.0,1.0,0.0
2682,0.07407407407407407,1.0,0.0,0.0,0.44444444444444436,0.5,0.7908175608524628,0.0,1.0,0.0,1.0,0.6691348402182413,0.3389121338912131,0.9800498753117208,1.0,1.0,1.0,0.0,0.0,0.0,0.0,0.0,0.0,0.0,0.0,0.0,0.0,0.0,1.0,0.0,0.0,0.0,1.0,0.0,0.0,0.0,0.0,0.0,1.0,0.0
2683,0.14814814814814814,0.0,0.0,0.0,0.44444444444444436,0.5,0.7967523224665035,0.02631578947368421,1.0,0.0,1.0,0.6691348402182413,0.3389121338912131,0.9800498753117208,1.0,1.0,0.0,0.0,0.0,0.0,0.0,0.0,0.0,0.0,0.0,0.0,0.0,0.0,1.0,0.0,0.0,0.0,0.0,0.0,0.0,1.0,0.0,0.0,1.0,0.0
2684,0.1728395061728395,0.0,0.0,0.0,0.44444444444444436,0.5,0.6020559671887218,0.0,1.0,0.0,1.0,0.6691348402182413,0.3389121338912131,0.9800498753117208,1.0,0.0,1.0,0.0,0.0,0.0,0.0,0.0,0.0,0.0,0.0,0.0,0.0,0.0,1.0,0.0,0.0,0.0,1.0,0.0,0.0,0.0,0.0,0.0,1.0,0.0
2685,0.20987654320987653,1.0,0.0,0.0,0.44444444444444436,0.5,0.6821771312868369,0.0,1.0,0.0,1.0,0.6691348402182413,0.3389121338912131,0.9800498753117208,1.0,0.0,0.0,0.0,0.0,0.0,0.0,0.0,0.0,0.0,1.0,0.0,0.0,0.0,1.0,0.0,0.0,0.0,0.0,0.0,0.0,1.0,0.0,0.0,1.0,0.0
2686,0.29629629629629634,1.0,0.0,0.0,0.44444444444444436,0.5,0.5838049699531718,0.0,1.0,0.0,1.0,0.6691348402182413,0.3389121338912131,0.9800498753117208,1.0,0.0,1.0,0.0,0.0,0.0,0.0,0.0,0.0,0.0,0.0,0.0,0.0,0.0,1.0,0.0,1.0,0.0,0.0,0.0,0.0,0.0,0.0,0.0,1.0,0.0
2687,0.1728395061728395,1.0,1.0,0.0,0.44444444444444436,0.5,0.45038280300177924,0.0,1.0,0.0,1.0,0.6691348402182413,0.3389121338912131,0.9800498753117208,1.0,0.0,0.0,0.0,0.0,0.0,0.0,0.0,0.0,0.0,0.0,1.0,0.0,0.0,1.0,0.0,0.0,0.0,1.0,0.0,0.0,0.0,0.0,0.0,1.0,0.0
2688,0.4074074074074074,0.0,0.0,0.0,0.44444444444444436,0.5,0.8362755870321749,0.0,1.0,0.0,1.0,0.6691348402182413,0.3389121338912131,0.9800498753117208,1.0,1.0,0.0,0.0,0.0,0.0,1.0,0.0,0.0,0.0,0.0,0.0,0.0,1.0,0.0,0.0,0.0,0.0,0.0,0.0,0.0,0.0,0.0,0.0,1.0,0.0
2689,0.1728395061728395,1.0,1.0,0.0,0.44444444444444436,0.5,0.7358960913046179,0.0,1.0,0.0,1.0,0.6691348402182413,0.3389121338912131,0.9800498753117208,1.0,0.0,1.0,0.0,0.0,0.0,0.0,0.0,0.0,0.0,0.0,0.0,0.0,1.0,0.0,0.0,0.0,1.0,0.0,0.0,0.0,0.0,0.0,0.0,1.0,0.0
2690,0.4074074074074074,1.0,0.0,0.0,0.44444444444444436,0.5,0.5716847586578249,0.0,1.0,0.0,1.0,0.6691348402182413,0.3389121338912131,0.9800498753117208,1.0,0.0,0.0,0.0,0.0,0.0,1.0,0.0,0.0,0.0,0.0,0.0,0.0,1.0,0.0,0.0,0.0,0.0,0.0,0.0,0.0,0.0,0.0,0.0,1.0,0.0
2691,0.1728395061728395,1.0,0.0,0.0,0.44444444444444436,0.5,0.680742538513431,0.02631578947368421,1.0,0.0,1.0,0.6691348402182413,0.3389121338912131,0.9800498753117208,1.0,0.0,1.0,0.0,0.0,0.0,0.0,0.0,0.0,0.0,0.0,0.0,0.0,0.0,1.0,0.0,0.0,1.0,0.0,0.0,0.0,0.0,0.0,0.0,1.0,0.0
2692,0.1728395061728395,1.0,0.0,0.0,0.44444444444444436,0.5,0.5266921854673875,0.02631578947368421,1.0,0.0,1.0,0.6691348402182413,0.3389121338912131,0.9800498753117208,1.0,0.0,0.0,0.0,0.0,0.0,0.0,0.0,0.0,0.0,1.0,0.0,0.0,1.0,0.0,0.0,0.0,0.0,0.0,0.0,1.0,0.0,0.0,0.0,1.0,0.0
2693,0.4691358024691357,0.0,0.0,0.0,0.44444444444444436,0.5,0.8112936686551774,0.0,1.0,0.0,1.0,0.6691348402182413,0.3389121338912131,0.9800498753117208,1.0,1.0,0.0,0.0,1.0,0.0,0.0,0.0,0.0,0.0,0.0,0.0,0.0,1.0,0.0,0.0,0.0,0.0,0.0,0.0,0.0,1.0,0.0,0.0,1.0,0.0
2694,0.04938271604938271,1.0,0.0,0.0,0.44444444444444436,0.5,0.5550613200712357,0.0,1.0,0.0,1.0,0.6691348402182413,0.3389121338912131,0.9800498753117208,1.0,0.0,0.0,0.0,0.0,0.0,0.0,0.0,0.0,0.0,0.0,0.0,0.0,0.0,1.0,0.0,0.0,0.0,1.0,0.0,0.0,0.0,0.0,0.0,1.0,0.0
2695,0.35802469135802467,1.0,0.0,1.0,0.44444444444444436,0.5,0.744177538941244,0.13157894736842105,1.0,0.0,1.0,0.6691348402182413,0.3389121338912131,0.9800498753117208,1.0,0.0,1.0,0.0,0.0,0.0,0.0,0.0,0.0,0.0,0.0,0.0,0.0,0.0,1.0,0.0,0.0,0.0,0.0,0.0,0.0,0.0,0.0,1.0,1.0,0.0
2696,0.13580246913580246,1.0,1.0,0.0,0.44444444444444436,0.5,0.6095598825393173,0.0,1.0,0.0,1.0,0.6691348402182413,0.3389121338912131,0.9800498753117208,1.0,0.0,0.0,0.0,0.0,0.0,0.0,0.0,1.0,0.0,0.0,0.0,0.0,1.0,0.0,0.0,0.0,0.0,1.0,0.0,0.0,0.0,0.0,0.0,1.0,0.0
2697,0.2222222222222222,1.0,1.0,0.0,0.44444444444444436,0.5,0.7624612945032339,0.0,1.0,0.0,1.0,0.6691348402182413,0.3389121338912131,0.9800498753117208,1.0,1.0,0.0,0.0,0.0,0.0,0.0,0.0,0.0,0.0,0.0,0.0,0.0,0.0,1.0,0.0,0.0,0.0,1.0,0.0,0.0,0.0,0.0,0.0,1.0,0.0
2698,0.2716049382716049,1.0,0.0,0.0,0.44444444444444436,0.5,0.6013494476505862,0.10526315789473684,1.0,0.0,1.0,0.6691348402182413,0.3389121338912131,0.9800498753117208,1.0,0.0,1.0,0.0,0.0,0.0,0.0,0.0,0.0,0.0,0.0,0.0,0.0,1.0,0.0,0.0,0.0,1.0,0.0,0.0,0.0,0.0,0.0,1.0,1.0,0.0
2699,0.1111111111111111,1.0,0.0,1.0,0.44444444444444436,0.5,0.6949982196033254,0.13157894736842105,1.0,0.0,1.0,0.6691348402182413,0.3389121338912131,0.9800498753117208,1.0,1.0,0.0,0.0,0.0,0.0,0.0,0.0,0.0,0.0,1.0,0.0,0.0,1.0,0.0,0.0,0.0,1.0,0.0,0.0,0.0,0.0,0.0,1.0,1.0,0.0
2700,0.16049382716049382,1.0,0.0,0.0,0.44444444444444436,0.5,0.7418396360758742,0.02631578947368421,1.0,0.0,1.0,0.6691348402182413,0.3389121338912131,0.9800498753117208,1.0,0.0,1.0,0.0,0.0,0.0,0.0,0.0,0.0,0.0,0.0,0.0,0.0,1.0,0.0,0.0,0.0,1.0,0.0,0.0,0.0,0.0,0.0,0.0,1.0,0.0
2701,0.19753086419753085,1.0,0.0,0.0,0.44444444444444436,0.5,0.8149243098734416,0.26315789473684215,1.0,0.0,1.0,0.6691348402182413,0.3389121338912131,0.9800498753117208,1.0,1.0,1.0,0.0,0.0,0.0,0.0,0.0,0.0,0.0,0.0,0.0,0.0,1.0,0.0,0.0,0.0,1.0,0.0,0.0,0.0,0.0,0.0,0.0,1.0,0.0
2702,0.38271604938271603,1.0,0.0,0.0,0.44444444444444436,0.5,0.7723059261610165,0.02631578947368421,1.0,0.0,1.0,0.6691348402182413,0.3389121338912131,0.9800498753117208,1.0,1.0,1.0,0.0,0.0,0.0,0.0,0.0,0.0,0.0,0.0,0.0,0.0,1.0,0.0,0.0,1.0,0.0,0.0,0.0,0.0,0.0,0.0,1.0,1.0,0.0
2703,0.09876543209876543,0.0,0.0,0.0,0.44444444444444436,0.5,0.481638834621511,0.0,1.0,0.0,1.0,0.6691348402182413,0.3389121338912131,0.9800498753117208,1.0,0.0,0.0,0.0,0.0,0.0,0.0,0.0,1.0,0.0,0.0,0.0,0.0,1.0,0.0,0.0,0.0,0.0,1.0,0.0,0.0,0.0,0.0,1.0,1.0,0.0
2704,0.29629629629629634,0.0,0.0,0.0,0.44444444444444436,0.5,0.7349894575336511,0.07894736842105263,1.0,0.0,1.0,0.6691348402182413,0.3389121338912131,0.9800498753117208,1.0,0.0,1.0,0.0,0.0,0.0,0.0,0.0,0.0,0.0,0.0,0.0,0.0,1.0,0.0,0.0,0.0,0.0,0.0,0.0,0.0,0.0,1.0,1.0,1.0,0.0
2705,0.419753086419753,1.0,0.0,0.0,0.44444444444444436,0.5,0.7448071665789902,0.21052631578947367,1.0,0.0,1.0,0.6691348402182413,0.3389121338912131,0.9800498753117208,1.0,1.0,1.0,0.0,0.0,0.0,0.0,0.0,0.0,0.0,0.0,0.0,0.0,1.0,0.0,0.0,0.0,1.0,0.0,0.0,0.0,0.0,0.0,0.0,1.0,0.0
2706,0.19753086419753085,1.0,0.0,0.0,0.44444444444444436,0.5,0.5955391234938983,0.02631578947368421,1.0,0.0,1.0,0.6691348402182413,0.3389121338912131,0.9800498753117208,1.0,0.0,0.0,1.0,0.0,0.0,0.0,0.0,0.0,0.0,0.0,0.0,0.0,1.0,0.0,0.0,0.0,0.0,0.0,0.0,1.0,0.0,0.0,0.0,1.0,0.0
2707,0.1728395061728395,1.0,0.0,0.0,0.44444444444444436,0.5,0.5440593682563573,0.05263157894736842,1.0,0.0,1.0,0.6691348402182413,0.3389121338912131,0.9800498753117208,1.0,0.0,0.0,0.0,0.0,0.0,0.0,0.0,0.0,0.0,0.0,0.0,0.0,1.0,0.0,0.0,0.0,0.0,0.0,0.0,0.0,1.0,0.0,0.0,1.0,0.0
2708,0.39506172839506176,0.0,0.0,0.0,0.44444444444444436,0.5,0.5752769507338984,0.02631578947368421,1.0,0.0,1.0,0.6691348402182413,0.3389121338912131,0.9800498753117208,1.0,0.0,1.0,0.0,0.0,0.0,0.0,0.0,0.0,0.0,0.0,0.0,0.0,0.0,0.0,0.0,0.0,0.0,0.0,0.0,0.0,0.0,1.0,1.0,1.0,0.0
2709,0.1728395061728395,0.0,0.0,0.0,0.44444444444444436,0.5,0.8549164400911214,0.10526315789473684,1.0,0.0,1.0,0.6691348402182413,0.3389121338912131,0.9800498753117208,1.0,0.0,0.0,0.0,0.0,0.0,0.0,0.0,0.0,0.0,0.0,0.0,0.0,0.0,1.0,0.0,0.0,1.0,0.0,0.0,0.0,0.0,0.0,0.0,1.0,0.0
2710,0.4691358024691357,0.0,0.0,0.0,0.44444444444444436,0.5,0.5829794567444476,0.15789473684210525,1.0,0.0,1.0,0.6691348402182413,0.3389121338912131,0.9800498753117208,1.0,0.0,0.0,0.0,1.0,0.0,0.0,0.0,0.0,0.0,0.0,0.0,0.0,1.0,0.0,0.0,0.0,0.0,0.0,0.0,0.0,0.0,0.0,0.0,1.0,0.0
2711,0.3209876543209876,0.0,0.0,0.0,0.44444444444444436,0.5,0.6796549947166548,0.07894736842105263,1.0,0.0,1.0,0.6691348402182413,0.3389121338912131,0.9800498753117208,1.0,0.0,0.0,0.0,0.0,0.0,0.0,0.0,0.0,0.0,1.0,0.0,0.0,1.0,0.0,0.0,0.0,0.0,1.0,0.0,0.0,0.0,0.0,0.0,1.0,0.0
2712,0.1111111111111111,1.0,0.0,0.0,0.44444444444444436,0.5,0.7202203568701819,0.0,1.0,0.0,1.0,0.6691348402182413,0.3389121338912131,0.9800498753117208,1.0,0.0,0.0,0.0,0.0,0.0,0.0,0.0,0.0,0.0,0.0,0.0,0.0,0.0,1.0,0.0,0.0,0.0,0.0,0.0,0.0,1.0,0.0,0.0,1.0,0.0
2713,0.419753086419753,1.0,0.0,0.0,0.44444444444444436,0.5,0.49977237288625836,0.05263157894736842,1.0,0.0,1.0,0.6691348402182413,0.3389121338912131,0.9800498753117208,1.0,0.0,0.0,0.0,0.0,0.0,0.0,0.0,0.0,0.0,0.0,0.0,0.0,1.0,0.0,0.0,0.0,0.0,1.0,0.0,0.0,0.0,0.0,0.0,1.0,0.0
2714,0.3703703703703703,1.0,0.0,0.0,0.44444444444444436,0.5,0.529335783224907,0.02631578947368421,1.0,0.0,1.0,0.6691348402182413,0.3389121338912131,0.9800498753117208,1.0,0.0,1.0,0.0,0.0,0.0,0.0,0.0,0.0,0.0,0.0,0.0,0.0,0.0,1.0,0.0,0.0,1.0,0.0,0.0,0.0,0.0,0.0,1.0,1.0,0.0
2715,0.16049382716049382,1.0,1.0,0.0,0.44444444444444436,0.5,0.8148089247249208,0.02631578947368421,1.0,0.0,1.0,0.6691348402182413,0.3389121338912131,0.9800498753117208,1.0,1.0,1.0,0.0,0.0,0.0,0.0,0.0,0.0,0.0,0.0,0.0,0.0,1.0,0.0,0.0,1.0,0.0,0.0,0.0,0.0,0.0,0.0,0.0,1.0,0.0
2716,0.14814814814814814,1.0,0.0,0.0,0.44444444444444436,0.5,0.5716847586578249,0.02631578947368421,1.0,0.0,1.0,0.6691348402182413,0.3389121338912131,0.9800498753117208,1.0,0.0,0.0,0.0,0.0,0.0,0.0,0.0,0.0,0.0,1.0,0.0,0.0,0.0,0.0,0.0,0.0,0.0,1.0,0.0,0.0,0.0,0.0,0.0,1.0,0.0
2717,0.14814814814814814,1.0,0.0,0.0,0.44444444444444436,0.5,0.5125020940917573,0.13157894736842105,1.0,0.0,1.0,0.6691348402182413,0.3389121338912131,0.9800498753117208,1.0,0.0,0.0,0.0,0.0,0.0,0.0,0.0,0.0,0.0,0.0,0.0,0.0,0.0,1.0,0.0,0.0,0.0,0.0,0.0,0.0,1.0,0.0,0.0,1.0,0.0
2718,0.20987654320987653,0.0,0.0,0.0,0.44444444444444436,0.5,0.7836682782537098,0.02631578947368421,1.0,0.0,1.0,0.6691348402182413,0.3389121338912131,0.9800498753117208,1.0,1.0,0.0,0.0,0.0,0.0,0.0,0.0,0.0,0.0,0.0,0.0,0.0,1.0,0.0,0.0,0.0,0.0,0.0,0.0,0.0,1.0,0.0,0.0,1.0,0.0
2719,0.14814814814814814,0.0,1.0,1.0,0.44444444444444436,0.5,0.6917573769087555,0.15789473684210525,1.0,0.0,1.0,0.6691348402182413,0.3389121338912131,0.9800498753117208,1.0,0.0,0.0,0.0,0.0,0.0,0.0,0.0,0.0,0.0,1.0,0.0,0.0,0.0,1.0,0.0,0.0,0.0,0.0,0.0,0.0,1.0,0.0,0.0,1.0,0.0
2720,0.19753086419753085,1.0,0.0,0.0,0.44444444444444436,0.75,0.48923083320309235,0.26315789473684215,1.0,0.0,1.0,0.6691348402182413,0.3389121338912131,0.9802765812740877,1.0,0.0,0.0,0.0,0.0,0.0,0.0,0.0,1.0,0.0,0.0,0.0,0.0,0.0,1.0,0.0,0.0,0.0,1.0,0.0,0.0,0.0,0.0,0.0,1.0,0.0
2721,0.07407407407407407,1.0,0.0,0.0,0.44444444444444436,0.75,0.5452070373544604,0.02631578947368421,1.0,0.0,1.0,0.6691348402182413,0.3389121338912131,0.9802765812740877,1.0,0.0,0.0,0.0,0.0,0.0,1.0,0.0,0.0,0.0,0.0,0.0,0.0,0.0,1.0,0.0,0.0,0.0,0.0,0.0,1.0,0.0,0.0,0.0,1.0,0.0
2722,0.2345679012345679,1.0,0.0,0.0,0.44444444444444436,0.75,0.481638834621511,0.05263157894736842,1.0,0.0,1.0,0.6691348402182413,0.3389121338912131,0.9802765812740877,1.0,0.0,0.0,0.0,0.0,0.0,0.0,0.0,0.0,0.0,0.0,0.0,0.0,0.0,0.0,0.0,0.0,0.0,0.0,0.0,0.0,1.0,0.0,0.0,1.0,0.0
2723,0.3333333333333333,1.0,0.0,0.0,0.44444444444444436,0.75,0.5306356323565045,0.0,1.0,0.0,1.0,0.6691348402182413,0.3389121338912131,0.9802765812740877,1.0,0.0,0.0,0.0,0.0,0.0,0.0,0.0,0.0,0.0,1.0,0.0,0.0,0.0,1.0,0.0,0.0,0.0,0.0,0.0,1.0,0.0,0.0,0.0,1.0,0.0
2724,0.13580246913580246,0.0,0.0,0.0,0.44444444444444436,0.75,0.5047088377203057,0.05263157894736842,1.0,0.0,1.0,0.6691348402182413,0.3389121338912131,0.9802765812740877,1.0,0.0,1.0,0.0,0.0,0.0,0.0,0.0,0.0,0.0,0.0,0.0,0.0,0.0,1.0,0.0,0.0,1.0,0.0,0.0,0.0,0.0,0.0,0.0,1.0,0.0
2725,0.08641975308641975,0.0,0.0,0.0,0.44444444444444436,0.75,0.829137988820481,0.05263157894736842,1.0,0.0,1.0,0.6691348402182413,0.3389121338912131,0.9802765812740877,1.0,1.0,0.0,0.0,0.0,0.0,0.0,0.0,1.0,0.0,0.0,0.0,0.0,0.0,1.0,0.0,0.0,0.0,1.0,0.0,0.0,0.0,0.0,0.0,1.0,0.0
2726,0.3333333333333333,1.0,1.0,0.0,0.44444444444444436,0.75,0.5670345425314071,0.0,1.0,0.0,1.0,0.6691348402182413,0.3389121338912131,0.9802765812740877,1.0,0.0,0.0,0.0,0.0,0.0,0.0,0.0,0.0,0.0,1.0,0.0,0.0,0.0,1.0,0.0,0.0,0.0,0.0,0.0,1.0,0.0,0.0,0.0,1.0,0.0
2727,0.3703703703703703,1.0,1.0,0.0,0.44444444444444436,0.75,0.5581708002178327,0.0,1.0,0.0,1.0,0.6691348402182413,0.3389121338912131,0.9802765812740877,1.0,0.0,1.0,0.0,0.0,0.0,0.0,0.0,0.0,0.0,0.0,0.0,0.0,1.0,0.0,0.0,0.0,0.0,0.0,0.0,0.0,0.0,0.0,1.0,1.0,0.0
2728,0.09876543209876543,1.0,0.0,0.0,0.44444444444444436,0.75,0.6427386711469765,0.0,1.0,0.0,1.0,0.6691348402182413,0.3389121338912131,0.9802765812740877,1.0,0.0,1.0,0.0,0.0,0.0,0.0,0.0,0.0,0.0,0.0,0.0,0.0,1.0,0.0,0.0,0.0,0.0,0.0,0.0,0.0,0.0,0.0,0.0,1.0,0.0
2729,0.2345679012345679,1.0,0.0,0.0,0.44444444444444436,0.75,0.6121741045570199,0.02631578947368421,1.0,0.0,1.0,0.6691348402182413,0.3389121338912131,0.9802765812740877,1.0,0.0,1.0,0.0,0.0,0.0,0.0,0.0,0.0,0.0,0.0,0.0,0.0,1.0,0.0,0.0,0.0,1.0,0.0,0.0,0.0,0.0,0.0,0.0,1.0,0.0
2730,0.2839506172839506,1.0,0.0,0.0,0.44444444444444436,0.75,0.5962813035550764,0.0,1.0,0.0,1.0,0.6691348402182413,0.3389121338912131,0.9802765812740877,1.0,0.0,0.0,0.0,0.0,0.0,0.0,0.0,1.0,0.0,0.0,0.0,0.0,1.0,0.0,0.0,0.0,1.0,0.0,0.0,0.0,0.0,0.0,0.0,1.0,0.0
2731,0.39506172839506176,1.0,1.0,0.0,0.44444444444444436,0.75,0.6267455095549759,0.0,1.0,0.0,1.0,0.6691348402182413,0.3389121338912131,0.9802765812740877,1.0,0.0,0.0,0.0,0.0,0.0,0.0,0.0,1.0,0.0,0.0,0.0,0.0,0.0,1.0,0.0,0.0,0.0,1.0,0.0,0.0,0.0,0.0,0.0,1.0,0.0
2732,0.39506172839506176,0.0,0.0,0.0,0.44444444444444436,0.75,0.5581708002178327,0.02631578947368421,1.0,0.0,1.0,0.6691348402182413,0.3389121338912131,0.9802765812740877,1.0,0.0,0.0,0.0,0.0,0.0,0.0,1.0,0.0,0.0,0.0,0.0,0.0,1.0,0.0,0.0,0.0,0.0,0.0,0.0,0.0,1.0,0.0,0.0,1.0,0.0
2733,0.2222222222222222,1.0,0.0,0.0,0.44444444444444436,0.75,0.7580563436851481,0.0,1.0,0.0,1.0,0.6691348402182413,0.3389121338912131,0.9802765812740877,1.0,0.0,0.0,0.0,0.0,0.0,0.0,1.0,0.0,0.0,0.0,0.0,0.0,1.0,0.0,0.0,0.0,0.0,0.0,0.0,0.0,1.0,0.0,0.0,1.0,0.0
2734,0.38271604938271603,1.0,1.0,0.0,0.44444444444444436,0.75,0.49105467050389934,0.0,1.0,0.0,1.0,0.6691348402182413,0.3389121338912131,0.9802765812740877,1.0,0.0,0.0,0.0,0.0,0.0,0.0,0.0,0.0,0.0,0.0,0.0,0.0,1.0,0.0,0.0,0.0,0.0,1.0,0.0,0.0,0.0,0.0,1.0,1.0,0.0
2735,0.39506172839506176,0.0,0.0,0.0,0.44444444444444436,0.75,0.5679794082497067,0.0,1.0,0.0,1.0,0.6691348402182413,0.3389121338912131,0.9802765812740877,1.0,0.0,0.0,0.0,0.0,0.0,0.0,0.0,0.0,0.0,1.0,0.0,0.0,0.0,0.0,0.0,0.0,0.0,1.0,0.0,0.0,0.0,0.0,0.0,1.0,0.0
2736,0.1728395061728395,1.0,0.0,0.0,0.44444444444444436,0.75,0.7793790216096876,0.02631578947368421,1.0,0.0,1.0,0.6691348402182413,0.3389121338912131,0.9802765812740877,1.0,1.0,0.0,0.0,0.0,0.0,0.0,0.0,1.0,0.0,0.0,0.0,0.0,0.0,1.0,0.0,0.0,1.0,0.0,0.0,0.0,0.0,0.0,0.0,1.0,0.0
2737,0.14814814814814814,0.0,0.0,0.0,0.44444444444444436,0.75,0.7684321209538291,0.0,1.0,0.0,1.0,0.6691348402182413,0.3389121338912131,0.9802765812740877,1.0,0.0,0.0,0.0,0.0,0.0,0.0,0.0,0.0,0.0,0.0,0.0,0.0,0.0,1.0,0.0,0.0,0.0,0.0,0.0,0.0,1.0,0.0,0.0,1.0,0.0
2738,0.12345679012345678,0.0,0.0,0.0,0.44444444444444436,0.75,0.5253477691257531,0.0,1.0,0.0,1.0,0.6691348402182413,0.3389121338912131,0.9802765812740877,1.0,0.0,1.0,0.0,0.0,0.0,0.0,0.0,0.0,0.0,0.0,0.0,0.0,0.0,1.0,0.0,0.0,1.0,0.0,0.0,0.0,0.0,0.0,0.0,1.0,0.0
2739,0.1111111111111111,0.0,0.0,0.0,0.44444444444444436,0.75,0.6371237804409605,0.02631578947368421,1.0,0.0,1.0,0.6691348402182413,0.3389121338912131,0.9802765812740877,1.0,0.0,0.0,0.0,0.0,0.0,0.0,0.0,0.0,0.0,1.0,0.0,0.0,0.0,1.0,0.0,0.0,0.0,1.0,0.0,0.0,0.0,0.0,0.0,1.0,0.0
2740,0.08641975308641975,1.0,0.0,0.0,0.44444444444444436,0.75,0.5707693054036078,0.10526315789473684,1.0,0.0,1.0,0.6691348402182413,0.3389121338912131,0.9802765812740877,1.0,0.0,0.0,0.0,0.0,0.0,0.0,0.0,0.0,0.0,1.0,0.0,0.0,0.0,1.0,0.0,1.0,0.0,0.0,0.0,0.0,0.0,0.0,0.0,1.0,0.0
2741,0.12345679012345678,1.0,0.0,0.0,0.44444444444444436,0.75,0.5266921854673875,0.0,1.0,0.0,1.0,0.6691348402182413,0.3389121338912131,0.9802765812740877,1.0,0.0,0.0,0.0,0.0,0.0,0.0,0.0,0.0,0.0,0.0,0.0,0.0,0.0,1.0,0.0,0.0,0.0,1.0,0.0,0.0,0.0,0.0,1.0,1.0,0.0
2742,0.16049382716049382,1.0,0.0,0.0,0.44444444444444436,0.75,0.49636241965296135,0.0,1.0,0.0,1.0,0.6691348402182413,0.3389121338912131,0.9802765812740877,1.0,0.0,1.0,0.0,0.0,0.0,0.0,0.0,0.0,0.0,0.0,0.0,0.0,1.0,0.0,0.0,0.0,1.0,0.0,0.0,0.0,0.0,0.0,1.0,1.0,0.0
2743,0.19753086419753085,1.0,0.0,0.0,0.44444444444444436,0.75,0.6422391580843787,0.0,1.0,0.0,1.0,0.6691348402182413,0.3389121338912131,0.9802765812740877,1.0,0.0,0.0,0.0,0.0,1.0,0.0,0.0,0.0,0.0,0.0,0.0,0.0,0.0,1.0,0.0,0.0,1.0,0.0,0.0,0.0,0.0,0.0,0.0,1.0,0.0
2744,0.4074074074074074,0.0,0.0,0.0,0.44444444444444436,0.75,0.6238550656258994,0.0,1.0,0.0,1.0,0.6691348402182413,0.3389121338912131,0.9802765812740877,1.0,0.0,1.0,0.0,0.0,0.0,0.0,0.0,0.0,0.0,0.0,0.0,0.0,1.0,0.0,0.0,0.0,0.0,0.0,0.0,0.0,0.0,1.0,1.0,1.0,0.0
2745,0.4074074074074074,0.0,0.0,0.0,0.44444444444444436,0.75,0.8412660615887138,0.0,1.0,0.0,1.0,0.6691348402182413,0.3389121338912131,0.9802765812740877,1.0,1.0,1.0,0.0,0.0,0.0,0.0,0.0,0.0,0.0,0.0,0.0,0.0,1.0,0.0,0.0,0.0,0.0,0.0,0.0,0.0,0.0,1.0,1.0,1.0,0.0
2746,0.09876543209876543,0.0,0.0,0.0,0.44444444444444436,0.75,0.7694550417428381,0.0,1.0,0.0,1.0,0.6691348402182413,0.3389121338912131,0.9802765812740877,1.0,0.0,1.0,0.0,0.0,0.0,0.0,0.0,0.0,0.0,0.0,0.0,0.0,0.0,1.0,0.0,0.0,1.0,0.0,0.0,0.0,0.0,0.0,0.0,1.0,0.0
2747,0.5185185185185184,1.0,0.0,0.0,0.44444444444444436,0.75,0.5846247304098844,0.02631578947368421,1.0,0.0,1.0,0.6691348402182413,0.3389121338912131,0.9802765812740877,1.0,0.0,0.0,0.0,0.0,0.0,1.0,0.0,0.0,0.0,0.0,0.0,0.0,0.0,1.0,0.0,0.0,0.0,1.0,0.0,0.0,0.0,0.0,0.0,1.0,0.0
2748,0.09876543209876543,0.0,1.0,1.0,0.44444444444444436,0.75,0.8136488053668359,0.02631578947368421,1.0,0.0,1.0,0.6691348402182413,0.3389121338912131,0.9802765812740877,1.0,1.0,1.0,0.0,0.0,0.0,0.0,0.0,0.0,0.0,0.0,0.0,0.0,1.0,0.0,0.0,0.0,0.0,0.0,0.0,0.0,0.0,0.0,0.0,1.0,0.0
2749,0.08641975308641975,1.0,0.0,0.0,0.44444444444444436,0.75,0.6541316149049302,0.0,1.0,0.0,1.0,0.6691348402182413,0.3389121338912131,0.9802765812740877,1.0,0.0,0.0,0.0,0.0,0.0,0.0,0.0,0.0,0.0,0.0,0.0,0.0,0.0,1.0,0.0,0.0,0.0,1.0,0.0,0.0,0.0,0.0,1.0,1.0,0.0
2750,0.2716049382716049,1.0,0.0,0.0,0.44444444444444436,0.75,0.5485843549516803,0.0,1.0,0.0,1.0,0.6691348402182413,0.3389121338912131,0.9802765812740877,1.0,0.0,0.0,0.0,1.0,0.0,0.0,0.0,0.0,0.0,0.0,0.0,0.0,0.0,0.0,0.0,0.0,1.0,0.0,0.0,0.0,0.0,0.0,0.0,1.0,0.0
2751,0.12345679012345678,1.0,1.0,0.0,0.44444444444444436,0.75,0.7398916314041893,0.02631578947368421,1.0,0.0,1.0,0.6691348402182413,0.3389121338912131,0.9802765812740877,1.0,1.0,0.0,0.0,0.0,0.0,0.0,0.0,0.0,0.0,0.0,1.0,0.0,0.0,1.0,0.0,0.0,0.0,0.0,0.0,0.0,1.0,0.0,0.0,1.0,0.0
2752,0.07407407407407407,0.0,0.0,0.0,0.44444444444444436,0.75,0.7857556487290006,0.0,1.0,0.0,1.0,0.6691348402182413,0.3389121338912131,0.9802765812740877,1.0,1.0,0.0,0.0,0.0,1.0,0.0,0.0,0.0,0.0,0.0,0.0,0.0,0.0,1.0,0.0,0.0,0.0,0.0,0.0,0.0,1.0,0.0,0.0,1.0,0.0
2753,0.2716049382716049,0.0,0.0,0.0,0.44444444444444436,0.75,0.8036778789622832,0.0,1.0,0.0,1.0,0.6691348402182413,0.3389121338912131,0.9802765812740877,1.0,1.0,0.0,0.0,1.0,0.0,0.0,0.0,0.0,0.0,0.0,0.0,0.0,0.0,0.0,0.0,0.0,1.0,0.0,0.0,0.0,0.0,0.0,0.0,1.0,0.0
2754,0.29629629629629634,1.0,1.0,0.0,0.44444444444444436,0.75,0.634480182683441,0.0,1.0,0.0,1.0,0.6691348402182413,0.3389121338912131,0.9802765812740877,1.0,0.0,0.0,1.0,0.0,0.0,0.0,0.0,0.0,0.0,0.0,0.0,0.0,0.0,0.0,0.0,0.0,1.0,0.0,0.0,0.0,0.0,0.0,0.0,1.0,0.0
2755,0.20987654320987653,1.0,0.0,0.0,0.44444444444444436,0.75,0.646660205928461,0.0,1.0,0.0,1.0,0.6691348402182413,0.3389121338912131,0.9802765812740877,1.0,0.0,0.0,0.0,0.0,0.0,0.0,0.0,0.0,0.0,0.0,0.0,0.0,0.0,0.0,1.0,0.0,0.0,0.0,0.0,0.0,1.0,0.0,0.0,1.0,0.0
2756,0.39506172839506176,1.0,0.0,0.0,0.44444444444444436,0.75,0.5030862582093689,0.0,1.0,0.0,1.0,0.6691348402182413,0.3389121338912131,0.9802765812740877,1.0,0.0,0.0,0.0,0.0,0.0,0.0,0.0,0.0,0.0,0.0,0.0,0.0,1.0,0.0,0.0,0.0,0.0,1.0,0.0,0.0,0.0,0.0,1.0,1.0,0.0
2757,0.34567901234567905,1.0,0.0,0.0,0.44444444444444436,0.75,0.5955391234938983,0.0,1.0,0.0,1.0,0.6691348402182413,0.3389121338912131,0.9802765812740877,1.0,0.0,0.0,0.0,0.0,0.0,0.0,0.0,1.0,0.0,0.0,0.0,0.0,1.0,0.0,0.0,0.0,1.0,0.0,0.0,0.0,0.0,0.0,1.0,1.0,0.0
2758,0.39506172839506176,0.0,0.0,0.0,0.44444444444444436,0.75,0.5670345425314071,0.02631578947368421,1.0,0.0,1.0,0.6691348402182413,0.3389121338912131,0.9802765812740877,1.0,0.0,0.0,0.0,0.0,0.0,0.0,0.0,0.0,0.0,1.0,0.0,0.0,0.0,0.0,0.0,0.0,0.0,1.0,0.0,0.0,0.0,0.0,0.0,1.0,0.0
2759,0.4567901234567901,0.0,0.0,0.0,0.44444444444444436,0.75,0.6376454449299462,0.02631578947368421,1.0,0.0,1.0,0.6691348402182413,0.3389121338912131,0.9802765812740877,1.0,0.0,1.0,0.0,0.0,0.0,0.0,0.0,0.0,0.0,0.0,0.0,0.0,1.0,0.0,0.0,0.0,1.0,0.0,0.0,0.0,0.0,0.0,1.0,1.0,0.0
2760,0.09876543209876543,1.0,0.0,0.0,0.44444444444444436,0.75,0.675955471292364,0.10526315789473684,1.0,0.0,1.0,0.6691348402182413,0.3389121338912131,0.9802765812740877,1.0,0.0,0.0,0.0,0.0,0.0,0.0,0.0,0.0,0.0,1.0,0.0,0.0,0.0,1.0,0.0,0.0,0.0,0.0,0.0,1.0,0.0,0.0,0.0,1.0,0.0
2761,0.18518518518518517,0.0,1.0,0.0,0.44444444444444436,0.75,0.8158433391532395,0.0,1.0,0.0,1.0,0.6691348402182413,0.3389121338912131,0.9802765812740877,1.0,1.0,0.0,0.0,0.0,0.0,0.0,0.0,0.0,0.0,0.0,0.0,0.0,0.0,1.0,0.0,0.0,0.0,0.0,0.0,0.0,1.0,0.0,0.0,1.0,0.0
2762,0.18518518518518517,1.0,0.0,0.0,0.44444444444444436,0.75,0.7584297889177843,0.0,1.0,0.0,1.0,0.6691348402182413,0.3389121338912131,0.9802765812740877,1.0,0.0,0.0,0.0,0.0,0.0,0.0,1.0,0.0,0.0,0.0,0.0,0.0,0.0,1.0,0.0,0.0,0.0,0.0,0.0,0.0,1.0,0.0,0.0,1.0,0.0
2763,0.4074074074074074,0.0,0.0,0.0,0.44444444444444436,0.75,0.6115259753720838,0.0,1.0,0.0,1.0,0.6691348402182413,0.3389121338912131,0.9802765812740877,1.0,0.0,0.0,1.0,0.0,0.0,0.0,0.0,0.0,0.0,0.0,0.0,0.0,1.0,0.0,0.0,0.0,0.0,0.0,0.0,0.0,0.0,0.0,1.0,1.0,0.0
2764,0.1111111111111111,1.0,1.0,0.0,0.44444444444444436,0.75,0.36884433080126383,0.0,1.0,0.0,1.0,0.6691348402182413,0.3389121338912131,0.9802765812740877,1.0,0.0,0.0,0.0,0.0,0.0,0.0,0.0,0.0,0.0,0.0,0.0,0.0,0.0,1.0,0.0,0.0,0.0,0.0,0.0,0.0,1.0,0.0,0.0,1.0,0.0
2765,0.3209876543209876,0.0,0.0,0.0,0.44444444444444436,0.75,0.6877466992608396,0.0,1.0,0.0,1.0,0.6691348402182413,0.3389121338912131,0.9802765812740877,1.0,0.0,0.0,0.0,0.0,0.0,0.0,0.0,1.0,0.0,0.0,0.0,0.0,1.0,0.0,0.0,0.0,0.0,1.0,0.0,0.0,0.0,0.0,0.0,1.0,0.0
2766,0.2716049382716049,1.0,0.0,0.0,0.44444444444444436,0.75,0.7015265475542785,0.02631578947368421,1.0,0.0,1.0,0.6691348402182413,0.3389121338912131,0.9802765812740877,1.0,0.0,1.0,0.0,0.0,0.0,0.0,0.0,0.0,0.0,0.0,0.0,0.0,1.0,0.0,0.0,0.0,0.0,0.0,0.0,0.0,0.0,0.0,0.0,1.0,0.0
2767,0.3209876543209876,1.0,0.0,0.0,0.44444444444444436,0.75,0.6981521658814236,0.26315789473684215,1.0,0.0,1.0,0.6691348402182413,0.3389121338912131,0.9802765812740877,1.0,0.0,1.0,0.0,0.0,0.0,0.0,0.0,0.0,0.0,0.0,0.0,0.0,1.0,0.0,0.0,0.0,0.0,0.0,0.0,0.0,0.0,0.0,0.0,1.0,0.0
2768,0.29629629629629634,1.0,0.0,0.0,0.44444444444444436,0.75,0.603456402174661,0.13157894736842105,1.0,0.0,1.0,0.6691348402182413,0.3389121338912131,0.9802765812740877,1.0,0.0,1.0,0.0,0.0,0.0,0.0,0.0,0.0,0.0,0.0,0.0,0.0,0.0,0.0,0.0,0.0,0.0,1.0,0.0,0.0,0.0,0.0,0.0,1.0,0.0
2769,0.14814814814814814,0.0,0.0,0.0,0.44444444444444436,0.75,0.7322268613080786,0.0,1.0,0.0,1.0,0.6691348402182413,0.3389121338912131,0.9802765812740877,1.0,0.0,0.0,0.0,0.0,0.0,0.0,0.0,0.0,0.0,0.0,0.0,0.0,0.0,1.0,0.0,0.0,1.0,0.0,0.0,0.0,0.0,0.0,0.0,1.0,0.0
2770,0.08641975308641975,1.0,1.0,0.0,0.44444444444444436,0.75,0.3463695194647243,0.18421052631578946,1.0,0.0,1.0,0.6691348402182413,0.3389121338912131,0.9802765812740877,1.0,0.0,0.0,0.0,0.0,0.0,0.0,0.0,0.0,0.0,1.0,0.0,0.0,0.0,1.0,0.0,1.0,0.0,0.0,0.0,0.0,0.0,0.0,0.0,1.0,0.0
2771,0.08641975308641975,1.0,0.0,0.0,0.44444444444444436,0.75,0.6984629590595263,0.15789473684210525,1.0,0.0,1.0,0.6691348402182413,0.3389121338912131,0.9802765812740877,1.0,0.0,0.0,0.0,0.0,0.0,0.0,0.0,0.0,0.0,1.0,0.0,0.0,0.0,1.0,0.0,1.0,0.0,0.0,0.0,0.0,0.0,0.0,0.0,1.0,0.0
2772,0.48148148148148145,0.0,1.0,0.0,0.44444444444444436,0.75,0.6075603701023119,0.18421052631578946,1.0,0.0,1.0,0.6691348402182413,0.3389121338912131,0.9802765812740877,1.0,0.0,0.0,0.0,0.0,0.0,0.0,0.0,0.0,0.0,0.0,0.0,0.0,0.0,0.0,0.0,1.0,0.0,0.0,0.0,0.0,0.0,0.0,0.0,1.0,0.0
2773,0.07407407407407407,0.0,0.0,0.0,0.44444444444444436,0.75,0.8667757404580481,0.02631578947368421,1.0,0.0,1.0,0.6691348402182413,0.3389121338912131,0.9802765812740877,1.0,1.0,0.0,0.0,0.0,1.0,0.0,0.0,0.0,0.0,0.0,0.0,0.0,0.0,1.0,0.0,0.0,0.0,0.0,0.0,0.0,1.0,0.0,0.0,1.0,0.0
2774,0.09876543209876543,0.0,0.0,0.0,0.44444444444444436,0.75,0.7108260166752879,0.02631578947368421,1.0,0.0,1.0,0.6691348402182413,0.3389121338912131,0.9802765812740877,1.0,0.0,1.0,0.0,0.0,0.0,0.0,0.0,0.0,0.0,0.0,0.0,0.0,1.0,0.0,0.0,0.0,0.0,0.0,0.0,0.0,0.0,0.0,0.0,1.0,0.0
2775,0.39506172839506176,1.0,0.0,0.0,0.44444444444444436,0.75,0.757681709134477,0.05263157894736842,1.0,0.0,1.0,0.6691348402182413,0.3389121338912131,0.9802765812740877,1.0,1.0,1.0,0.0,0.0,0.0,0.0,0.0,0.0,0.0,0.0,0.0,0.0,0.0,1.0,0.0,1.0,0.0,0.0,0.0,0.0,0.0,0.0,1.0,1.0,0.0
2776,0.4691358024691357,0.0,0.0,0.0,0.44444444444444436,0.75,0.5813108450867737,0.10526315789473684,1.0,0.0,1.0,0.6691348402182413,0.3389121338912131,0.9802765812740877,1.0,0.0,0.0,0.0,1.0,0.0,0.0,0.0,0.0,0.0,0.0,0.0,0.0,0.0,0.0,0.0,0.0,0.0,0.0,0.0,0.0,0.0,1.0,1.0,1.0,0.0
2777,0.14814814814814814,0.0,1.0,0.0,0.44444444444444436,0.75,0.7491226516170062,0.02631578947368421,1.0,0.0,1.0,0.6691348402182413,0.3389121338912131,0.9802765812740877,1.0,1.0,0.0,0.0,0.0,0.0,0.0,0.0,0.0,0.0,0.0,0.0,0.0,0.0,1.0,0.0,0.0,0.0,0.0,0.0,0.0,1.0,0.0,0.0,1.0,0.0
2778,0.08641975308641975,1.0,0.0,1.0,0.44444444444444436,0.75,0.8562226036782605,0.15789473684210525,1.0,0.0,1.0,0.6691348402182413,0.3389121338912131,0.9802765812740877,1.0,1.0,0.0,0.0,0.0,0.0,0.0,0.0,0.0,0.0,1.0,0.0,0.0,0.0,1.0,0.0,1.0,0.0,0.0,0.0,0.0,0.0,0.0,0.0,1.0,0.0
2779,0.1111111111111111,1.0,0.0,0.0,0.44444444444444436,0.75,0.5641535377316825,0.05263157894736842,1.0,0.0,1.0,0.6691348402182413,0.3389121338912131,0.9802765812740877,1.0,0.0,0.0,0.0,0.0,0.0,0.0,0.0,0.0,0.0,0.0,0.0,0.0,0.0,1.0,0.0,0.0,0.0,1.0,0.0,0.0,0.0,0.0,1.0,1.0,0.0
2780,0.09876543209876543,1.0,0.0,0.0,0.44444444444444436,0.75,0.6594393640539922,0.10526315789473684,1.0,0.0,1.0,0.6691348402182413,0.3389121338912131,0.9802765812740877,1.0,0.0,0.0,0.0,0.0,0.0,0.0,0.0,0.0,0.0,0.0,0.0,0.0,0.0,1.0,0.0,0.0,0.0,0.0,0.0,0.0,1.0,0.0,0.0,1.0,0.0
2781,0.20987654320987653,1.0,0.0,1.0,0.44444444444444436,0.75,0.6250197795910157,0.10526315789473684,1.0,0.0,1.0,0.6691348402182413,0.3389121338912131,0.9802765812740877,1.0,0.0,0.0,0.0,0.0,0.0,0.0,0.0,0.0,0.0,1.0,0.0,0.0,0.0,1.0,0.0,0.0,0.0,0.0,0.0,0.0,1.0,0.0,0.0,1.0,0.0
2782,0.12345679012345678,0.0,0.0,0.0,0.44444444444444436,0.75,0.7631796793281285,0.05263157894736842,1.0,0.0,1.0,0.6691348402182413,0.3389121338912131,0.9802765812740877,1.0,1.0,1.0,0.0,0.0,0.0,0.0,0.0,0.0,0.0,0.0,0.0,0.0,0.0,1.0,0.0,0.0,1.0,0.0,0.0,0.0,0.0,0.0,0.0,1.0,0.0
2783,0.13580246913580246,0.0,0.0,0.0,0.44444444444444436,0.75,0.7597275893881983,0.0,1.0,0.0,1.0,0.6691348402182413,0.3389121338912131,0.9802765812740877,1.0,1.0,1.0,0.0,0.0,0.0,0.0,0.0,0.0,0.0,0.0,0.0,0.0,0.0,1.0,0.0,0.0,0.0,0.0,0.0,0.0,0.0,1.0,0.0,1.0,0.0
2784,0.1728395061728395,0.0,0.0,0.0,0.44444444444444436,0.75,0.7426951682067213,0.05263157894736842,1.0,0.0,1.0,0.6691348402182413,0.3389121338912131,0.9802765812740877,1.0,1.0,1.0,0.0,0.0,0.0,0.0,0.0,0.0,0.0,0.0,0.0,0.0,0.0,0.0,0.0,0.0,1.0,0.0,0.0,0.0,0.0,0.0,0.0,1.0,0.0
2785,0.1728395061728395,0.0,1.0,0.0,0.44444444444444436,0.75,0.8452540756878677,0.10526315789473684,1.0,0.0,1.0,0.6691348402182413,0.3389121338912131,0.9802765812740877,1.0,1.0,0.0,0.0,0.0,0.0,0.0,0.0,0.0,0.0,1.0,0.0,0.0,1.0,0.0,0.0,0.0,1.0,0.0,0.0,0.0,0.0,0.0,0.0,1.0,0.0
2786,0.12345679012345678,1.0,0.0,0.0,0.44444444444444436,0.75,0.7538682423174289,0.05263157894736842,1.0,0.0,1.0,0.6691348402182413,0.3389121338912131,0.9802765812740877,1.0,0.0,0.0,0.0,0.0,0.0,0.0,0.0,0.0,0.0,0.0,0.0,0.0,0.0,1.0,0.0,0.0,0.0,1.0,0.0,0.0,0.0,0.0,1.0,1.0,0.0
2787,0.4074074074074074,0.0,0.0,0.0,0.44444444444444436,0.75,0.5226119446684994,0.02631578947368421,1.0,0.0,1.0,0.6691348402182413,0.3389121338912131,0.9802765812740877,1.0,0.0,1.0,0.0,0.0,0.0,0.0,0.0,0.0,0.0,0.0,0.0,0.0,1.0,0.0,0.0,0.0,0.0,0.0,0.0,0.0,0.0,1.0,1.0,1.0,0.0
2788,0.12345679012345678,0.0,0.0,0.0,0.44444444444444436,0.75,0.6422391580843787,0.0,1.0,0.0,1.0,0.6691348402182413,0.3389121338912131,0.9802765812740877,1.0,0.0,0.0,0.0,0.0,0.0,0.0,0.0,0.0,0.0,1.0,0.0,0.0,0.0,1.0,0.0,0.0,0.0,0.0,0.0,1.0,0.0,0.0,0.0,1.0,0.0
2789,0.35802469135802467,0.0,0.0,0.0,0.44444444444444436,0.75,0.5550613200712357,0.02631578947368421,1.0,0.0,1.0,0.6691348402182413,0.3389121338912131,0.9802765812740877,1.0,0.0,1.0,0.0,0.0,0.0,0.0,0.0,0.0,0.0,0.0,0.0,0.0,1.0,0.0,0.0,0.0,0.0,0.0,0.0,0.0,0.0,0.0,1.0,1.0,0.0
2790,0.09876543209876543,1.0,0.0,0.0,0.44444444444444436,0.75,0.6075603701023119,0.02631578947368421,1.0,0.0,1.0,0.6691348402182413,0.3389121338912131,0.9802765812740877,1.0,0.0,0.0,0.0,0.0,0.0,0.0,0.0,0.0,0.0,0.0,0.0,0.0,0.0,1.0,0.0,0.0,0.0,0.0,0.0,0.0,1.0,0.0,0.0,1.0,0.0
2791,0.2222222222222222,0.0,0.0,0.0,0.44444444444444436,0.75,0.8316656999438057,0.02631578947368421,1.0,0.0,1.0,0.6691348402182413,0.3389121338912131,0.9802765812740877,1.0,1.0,0.0,0.0,0.0,0.0,0.0,1.0,0.0,0.0,0.0,0.0,0.0,1.0,0.0,0.0,0.0,0.0,0.0,0.0,0.0,1.0,0.0,0.0,1.0,0.0
2792,0.19753086419753085,0.0,0.0,0.0,0.44444444444444436,0.75,0.8148089247249208,0.0,1.0,0.0,1.0,0.6691348402182413,0.3389121338912131,0.9802765812740877,1.0,0.0,0.0,0.0,0.0,0.0,0.0,0.0,0.0,0.0,0.0,0.0,0.0,1.0,0.0,0.0,0.0,0.0,0.0,0.0,0.0,1.0,0.0,0.0,1.0,0.0
2793,0.1111111111111111,0.0,0.0,0.0,0.44444444444444436,0.75,0.8116499591329531,0.10526315789473684,1.0,0.0,1.0,0.6691348402182413,0.3389121338912131,0.9802765812740877,1.0,1.0,0.0,0.0,0.0,0.0,0.0,0.0,0.0,0.0,0.0,0.0,0.0,1.0,0.0,0.0,0.0,0.0,1.0,0.0,0.0,0.0,0.0,0.0,1.0,0.0
2794,0.08641975308641975,0.0,0.0,0.0,0.44444444444444436,0.75,0.6789243392652736,0.02631578947368421,1.0,0.0,1.0,0.6691348402182413,0.3389121338912131,0.9802765812740877,1.0,0.0,0.0,0.0,0.0,0.0,0.0,0.0,0.0,0.0,0.0,0.0,0.0,0.0,1.0,0.0,0.0,0.0,1.0,0.0,0.0,0.0,0.0,1.0,1.0,0.0
2795,0.35802469135802467,1.0,0.0,0.0,0.44444444444444436,0.75,0.5932840675469451,0.0,1.0,0.0,1.0,0.6691348402182413,0.3389121338912131,0.9802765812740877,1.0,0.0,0.0,0.0,0.0,0.0,0.0,0.0,0.0,0.0,0.0,0.0,0.0,0.0,1.0,0.0,0.0,0.0,0.0,0.0,0.0,1.0,0.0,1.0,1.0,0.0
2796,0.30864197530864196,0.0,0.0,0.0,0.44444444444444436,0.75,0.8294441976254479,0.07894736842105263,1.0,0.0,1.0,0.6691348402182413,0.3389121338912131,0.9802765812740877,1.0,1.0,0.0,0.0,0.0,0.0,0.0,0.0,1.0,0.0,0.0,0.0,0.0,1.0,0.0,0.0,0.0,0.0,1.0,0.0,0.0,0.0,0.0,0.0,1.0,0.0
2797,0.09876543209876543,1.0,0.0,0.0,0.44444444444444436,1.0,0.6062082270603242,0.02631578947368421,1.0,0.0,1.0,0.6691348402182413,0.3389121338912131,0.9800498753117208,1.0,0.0,0.0,0.0,0.0,0.0,0.0,0.0,1.0,0.0,0.0,0.0,0.0,0.0,1.0,0.0,0.0,0.0,1.0,0.0,0.0,0.0,0.0,0.0,1.0,0.0
2798,0.06172839506172839,1.0,0.0,0.0,0.44444444444444436,1.0,0.49105467050389934,0.02631578947368421,1.0,0.0,1.0,0.6691348402182413,0.3389121338912131,0.9800498753117208,1.0,0.0,0.0,0.0,0.0,0.0,0.0,0.0,0.0,0.0,0.0,0.0,0.0,0.0,1.0,0.0,0.0,0.0,1.0,0.0,0.0,0.0,0.0,0.0,1.0,0.0
2799,0.18518518518518517,0.0,1.0,0.0,0.44444444444444436,1.0,0.5955391234938983,0.05263157894736842,1.0,0.0,1.0,0.6691348402182413,0.3389121338912131,0.9800498753117208,1.0,0.0,0.0,0.0,0.0,0.0,0.0,0.0,1.0,0.0,0.0,0.0,0.0,1.0,0.0,0.0,0.0,0.0,1.0,0.0,0.0,0.0,0.0,0.0,1.0,0.0
2800,0.18518518518518517,0.0,0.0,0.0,0.44444444444444436,1.0,0.614731491134803,0.02631578947368421,1.0,0.0,1.0,0.6691348402182413,0.3389121338912131,0.9800498753117208,1.0,0.0,0.0,0.0,0.0,0.0,0.0,0.0,1.0,0.0,0.0,0.0,0.0,0.0,1.0,0.0,0.0,0.0,1.0,0.0,0.0,0.0,0.0,0.0,1.0,0.0
2801,0.18518518518518517,0.0,0.0,0.0,0.44444444444444436,1.0,0.6062082270603242,0.05263157894736842,1.0,0.0,1.0,0.6691348402182413,0.3389121338912131,0.9800498753117208,1.0,0.0,0.0,0.0,0.0,0.0,0.0,1.0,0.0,0.0,0.0,0.0,0.0,1.0,0.0,0.0,0.0,0.0,0.0,0.0,0.0,1.0,0.0,1.0,1.0,0.0
2802,0.29629629629629634,0.0,0.0,0.0,0.44444444444444436,1.0,0.7571175106933035,0.05263157894736842,1.0,0.0,1.0,0.6691348402182413,0.3389121338912131,0.9800498753117208,1.0,1.0,1.0,0.0,0.0,0.0,0.0,0.0,0.0,0.0,0.0,0.0,0.0,1.0,0.0,0.0,0.0,0.0,0.0,0.0,0.0,0.0,0.0,0.0,1.0,0.0
2803,0.24691358024691357,0.0,1.0,0.0,0.44444444444444436,1.0,0.7663592012448719,0.05263157894736842,1.0,0.0,1.0,0.6691348402182413,0.3389121338912131,0.9800498753117208,1.0,1.0,0.0,0.0,0.0,0.0,0.0,0.0,0.0,0.0,1.0,0.0,0.0,1.0,0.0,0.0,0.0,0.0,0.0,0.0,1.0,0.0,0.0,0.0,1.0,0.0
2804,0.1728395061728395,1.0,1.0,0.0,0.44444444444444436,1.0,0.8218657898415808,0.02631578947368421,1.0,0.0,1.0,0.6691348402182413,0.3389121338912131,0.9800498753117208,1.0,1.0,1.0,0.0,0.0,0.0,0.0,0.0,0.0,0.0,0.0,0.0,0.0,0.0,1.0,0.0,0.0,1.0,0.0,0.0,0.0,0.0,0.0,0.0,1.0,0.0
2805,0.2222222222222222,0.0,0.0,1.0,0.44444444444444436,1.0,0.7202203568701819,0.21052631578947367,1.0,0.0,1.0,0.6691348402182413,0.3389121338912131,0.9800498753117208,1.0,0.0,0.0,0.0,0.0,0.0,0.0,0.0,0.0,0.0,1.0,0.0,0.0,0.0,1.0,0.0,0.0,0.0,0.0,0.0,0.0,1.0,0.0,0.0,1.0,0.0
2806,0.38271604938271603,0.0,0.0,0.0,0.44444444444444436,1.0,0.5862473099208212,0.02631578947368421,1.0,0.0,1.0,0.6691348402182413,0.3389121338912131,0.9800498753117208,1.0,0.0,0.0,0.0,0.0,0.0,0.0,0.0,0.0,0.0,0.0,0.0,0.0,1.0,0.0,0.0,0.0,0.0,1.0,0.0,0.0,0.0,0.0,0.0,1.0,0.0
2807,0.1111111111111111,0.0,1.0,0.0,0.44444444444444436,1.0,0.6661632026103997,0.02631578947368421,1.0,0.0,1.0,0.6691348402182413,0.3389121338912131,0.9800498753117208,1.0,0.0,0.0,0.0,0.0,0.0,0.0,0.0,0.0,0.0,0.0,0.0,0.0,0.0,1.0,0.0,0.0,0.0,1.0,0.0,0.0,0.0,0.0,0.0,1.0,0.0
2808,0.1728395061728395,0.0,0.0,0.0,0.44444444444444436,1.0,0.5239878100544288,0.0,1.0,0.0,1.0,0.6691348402182413,0.3389121338912131,0.9800498753117208,1.0,0.0,0.0,0.0,0.0,0.0,0.0,0.0,0.0,0.0,1.0,0.0,0.0,0.0,1.0,0.0,0.0,0.0,0.0,0.0,0.0,1.0,0.0,0.0,1.0,0.0
2809,0.13580246913580246,1.0,0.0,0.0,0.44444444444444436,1.0,0.5212197964741162,0.02631578947368421,1.0,0.0,1.0,0.6691348402182413,0.3389121338912131,0.9800498753117208,1.0,0.0,0.0,0.0,0.0,0.0,0.0,0.0,0.0,0.0,1.0,0.0,0.0,1.0,0.0,0.0,0.0,1.0,0.0,0.0,0.0,0.0,0.0,0.0,1.0,0.0
2810,0.4938271604938272,0.0,0.0,0.0,0.44444444444444436,1.0,0.744177538941244,0.0,1.0,0.0,1.0,0.6691348402182413,0.3389121338912131,0.9800498753117208,1.0,1.0,1.0,0.0,0.0,0.0,0.0,0.0,0.0,0.0,0.0,0.0,0.0,1.0,0.0,0.0,0.0,0.0,1.0,0.0,0.0,0.0,0.0,1.0,1.0,0.0
2811,0.4938271604938272,1.0,0.0,0.0,0.44444444444444436,1.0,0.7470873906500883,0.0,1.0,0.0,1.0,0.6691348402182413,0.3389121338912131,0.9800498753117208,1.0,1.0,1.0,0.0,0.0,0.0,0.0,0.0,0.0,0.0,0.0,0.0,0.0,1.0,0.0,0.0,0.0,0.0,1.0,0.0,0.0,0.0,0.0,1.0,1.0,0.0
2812,0.12345679012345678,1.0,0.0,0.0,0.44444444444444436,1.0,0.7298740798902329,0.0,1.0,0.0,1.0,0.6691348402182413,0.3389121338912131,0.9800498753117208,1.0,1.0,0.0,0.0,0.0,0.0,0.0,0.0,0.0,0.0,0.0,0.0,0.0,1.0,0.0,0.0,0.0,0.0,0.0,0.0,0.0,1.0,0.0,0.0,1.0,0.0
2813,0.1728395061728395,0.0,0.0,0.0,0.44444444444444436,1.0,0.8100981792046431,0.0,1.0,0.0,1.0,0.6691348402182413,0.3389121338912131,0.9800498753117208,1.0,1.0,0.0,0.0,0.0,0.0,0.0,0.0,0.0,0.0,0.0,0.0,0.0,0.0,1.0,0.0,0.0,1.0,0.0,0.0,0.0,0.0,0.0,0.0,1.0,0.0
2814,0.18518518518518517,1.0,0.0,0.0,0.44444444444444436,1.0,0.5854388177384106,0.0,1.0,0.0,1.0,0.6691348402182413,0.3389121338912131,0.9800498753117208,1.0,0.0,1.0,0.0,0.0,0.0,0.0,0.0,0.0,0.0,0.0,0.0,0.0,0.0,1.0,0.0,0.0,1.0,0.0,0.0,0.0,0.0,0.0,1.0,1.0,0.0
2815,0.2222222222222222,0.0,0.0,0.0,0.44444444444444436,1.0,0.7394543255121515,0.0,1.0,0.0,1.0,0.6691348402182413,0.3389121338912131,0.9800498753117208,1.0,1.0,0.0,0.0,0.0,0.0,0.0,0.0,0.0,0.0,0.0,0.0,0.0,0.0,1.0,0.0,0.0,0.0,0.0,0.0,0.0,1.0,0.0,0.0,1.0,0.0
2816,0.14814814814814814,0.0,0.0,0.0,0.44444444444444436,1.0,0.7460564011454784,0.0,1.0,0.0,1.0,0.6691348402182413,0.3389121338912131,0.9800498753117208,1.0,1.0,0.0,0.0,0.0,0.0,0.0,0.0,0.0,0.0,0.0,0.0,0.0,0.0,1.0,0.0,0.0,0.0,1.0,0.0,0.0,0.0,0.0,0.0,1.0,0.0
2817,0.16049382716049382,0.0,0.0,0.0,0.44444444444444436,1.0,0.5226119446684994,0.02631578947368421,1.0,0.0,1.0,0.6691348402182413,0.3389121338912131,0.9800498753117208,1.0,0.0,0.0,0.0,0.0,0.0,0.0,0.0,0.0,0.0,0.0,0.0,0.0,1.0,0.0,0.0,0.0,0.0,0.0,0.0,0.0,1.0,0.0,0.0,1.0,0.0
2818,0.3209876543209876,1.0,0.0,0.0,0.44444444444444436,1.0,0.6381648062569562,0.0,1.0,0.0,1.0,0.6691348402182413,0.3389121338912131,0.9800498753117208,1.0,0.0,1.0,0.0,0.0,0.0,0.0,0.0,0.0,0.0,0.0,0.0,0.0,1.0,0.0,0.0,0.0,1.0,0.0,0.0,0.0,0.0,0.0,0.0,1.0,0.0
2819,0.14814814814814814,0.0,1.0,0.0,0.44444444444444436,1.0,0.8088904155205662,0.0,1.0,0.0,1.0,0.6691348402182413,0.3389121338912131,0.9800498753117208,1.0,1.0,0.0,0.0,0.0,1.0,0.0,0.0,0.0,0.0,0.0,0.0,0.0,0.0,1.0,0.0,0.0,1.0,0.0,0.0,0.0,0.0,0.0,0.0,1.0,0.0
2820,0.3209876543209876,0.0,0.0,0.0,0.44444444444444436,1.0,0.6981521658814236,0.0,1.0,0.0,1.0,0.6691348402182413,0.3389121338912131,0.9800498753117208,1.0,0.0,1.0,0.0,0.0,0.0,0.0,0.0,0.0,0.0,0.0,0.0,0.0,1.0,0.0,0.0,0.0,1.0,0.0,0.0,0.0,0.0,0.0,0.0,1.0,0.0
2821,0.35802469135802467,1.0,0.0,0.0,0.44444444444444436,1.0,0.6620060509558884,0.0,1.0,0.0,1.0,0.6691348402182413,0.3389121338912131,0.9800498753117208,1.0,0.0,1.0,0.0,0.0,0.0,0.0,0.0,0.0,0.0,0.0,0.0,0.0,1.0,0.0,0.0,0.0,0.0,0.0,0.0,0.0,0.0,0.0,1.0,1.0,0.0
2822,0.09876543209876543,1.0,0.0,0.0,0.44444444444444436,1.0,0.7232759870961841,0.0,1.0,0.0,1.0,0.6691348402182413,0.3389121338912131,0.9800498753117208,1.0,0.0,1.0,0.0,0.0,0.0,0.0,0.0,0.0,0.0,0.0,0.0,0.0,0.0,1.0,0.0,0.0,1.0,0.0,0.0,0.0,0.0,0.0,0.0,1.0,0.0
2823,0.16049382716049382,1.0,0.0,0.0,0.44444444444444436,1.0,0.725022458297862,0.02631578947368421,1.0,0.0,1.0,0.6691348402182413,0.3389121338912131,0.9800498753117208,1.0,1.0,1.0,0.0,0.0,0.0,0.0,0.0,0.0,0.0,0.0,0.0,0.0,1.0,0.0,0.0,1.0,0.0,0.0,0.0,0.0,0.0,0.0,1.0,1.0,0.0
2824,0.1728395061728395,1.0,0.0,0.0,0.44444444444444436,1.0,0.5540062892371289,0.23684210526315788,1.0,0.0,1.0,0.6691348402182413,0.3389121338912131,0.9800498753117208,1.0,0.0,0.0,0.0,0.0,0.0,0.0,0.0,0.0,0.0,1.0,0.0,0.0,1.0,0.0,0.0,0.0,0.0,1.0,0.0,0.0,0.0,0.0,0.0,1.0,0.0
2825,0.19753086419753085,1.0,0.0,0.0,0.44444444444444436,1.0,0.7349894575336511,0.0,1.0,0.0,1.0,0.6691348402182413,0.3389121338912131,0.9800498753117208,1.0,1.0,0.0,0.0,0.0,0.0,0.0,0.0,0.0,0.0,0.0,0.0,0.0,0.0,1.0,0.0,0.0,0.0,1.0,0.0,0.0,0.0,0.0,0.0,1.0,0.0
2826,0.34567901234567905,1.0,0.0,0.0,0.44444444444444436,1.0,0.5641535377316825,0.0,1.0,0.0,1.0,0.6691348402182413,0.3389121338912131,0.9800498753117208,1.0,0.0,1.0,0.0,0.0,0.0,0.0,0.0,0.0,0.0,0.0,0.0,0.0,0.0,0.0,0.0,0.0,0.0,0.0,0.0,0.0,0.0,0.0,1.0,1.0,0.0
2827,0.08641975308641975,1.0,0.0,0.0,0.44444444444444436,1.0,0.6255978404568726,0.0,1.0,0.0,1.0,0.6691348402182413,0.3389121338912131,0.9800498753117208,1.0,0.0,1.0,0.0,0.0,0.0,0.0,0.0,0.0,0.0,0.0,0.0,0.0,0.0,1.0,0.0,0.0,0.0,1.0,0.0,0.0,0.0,0.0,0.0,1.0,0.0
2828,0.13580246913580246,0.0,1.0,0.0,0.44444444444444436,1.0,0.6624284397381989,0.02631578947368421,1.0,0.0,1.0,0.6691348402182413,0.3389121338912131,0.9800498753117208,1.0,1.0,0.0,0.0,0.0,0.0,0.0,0.0,1.0,0.0,0.0,0.0,0.0,0.0,0.0,0.0,0.0,0.0,1.0,0.0,0.0,0.0,0.0,1.0,1.0,0.0
2829,0.4567901234567901,0.0,0.0,0.0,0.44444444444444436,1.0,0.5356959888812932,0.0,1.0,0.0,1.0,0.6691348402182413,0.3389121338912131,0.9800498753117208,1.0,0.0,1.0,0.0,0.0,0.0,0.0,0.0,0.0,0.0,0.0,0.0,0.0,1.0,0.0,0.0,0.0,0.0,0.0,0.0,0.0,0.0,0.0,1.0,1.0,0.0
2830,0.25925925925925924,0.0,0.0,0.0,0.44444444444444436,1.0,0.7546408897551403,0.0,1.0,0.0,1.0,0.6691348402182413,0.3389121338912131,0.9800498753117208,1.0,1.0,1.0,0.0,0.0,0.0,0.0,0.0,0.0,0.0,0.0,0.0,0.0,1.0,0.0,0.0,0.0,1.0,0.0,0.0,0.0,0.0,0.0,0.0,1.0,0.0
2831,0.20987654320987653,1.0,0.0,0.0,0.44444444444444436,1.0,0.5518674094137875,0.0,1.0,0.0,1.0,0.6691348402182413,0.3389121338912131,0.9800498753117208,1.0,0.0,0.0,0.0,0.0,0.0,0.0,0.0,0.0,0.0,0.0,0.0,0.0,0.0,1.0,0.0,0.0,0.0,1.0,0.0,0.0,0.0,0.0,0.0,1.0,0.0
2832,0.25925925925925924,1.0,0.0,0.0,0.44444444444444436,1.0,0.455389309605973,0.0,1.0,0.0,1.0,0.6691348402182413,0.3389121338912131,0.9800498753117208,1.0,0.0,0.0,0.0,0.0,0.0,0.0,0.0,1.0,0.0,0.0,0.0,0.0,1.0,0.0,0.0,0.0,0.0,1.0,0.0,0.0,0.0,0.0,0.0,1.0,0.0
2833,0.2222222222222222,0.0,0.0,0.0,0.44444444444444436,1.0,0.6744424581583719,0.02631578947368421,1.0,0.0,1.0,0.6691348402182413,0.3389121338912131,0.9800498753117208,1.0,0.0,1.0,0.0,0.0,0.0,0.0,0.0,0.0,0.0,0.0,0.0,0.0,0.0,1.0,0.0,0.0,0.0,0.0,0.0,0.0,0.0,0.0,0.0,1.0,0.0
2834,0.24691358024691357,0.0,0.0,0.0,0.44444444444444436,1.0,0.7602794362930587,0.05263157894736842,1.0,0.0,1.0,0.6691348402182413,0.3389121338912131,0.9800498753117208,1.0,1.0,1.0,0.0,0.0,0.0,0.0,0.0,0.0,0.0,0.0,0.0,0.0,1.0,0.0,0.0,1.0,0.0,0.0,0.0,0.0,0.0,0.0,0.0,1.0,0.0
2835,0.06172839506172839,1.0,0.0,0.0,0.44444444444444436,1.0,0.3832666732878459,0.0,1.0,0.0,1.0,0.6691348402182413,0.3389121338912131,0.9800498753117208,1.0,0.0,1.0,0.0,0.0,0.0,0.0,0.0,0.0,0.0,0.0,0.0,0.0,0.0,1.0,0.0,0.0,0.0,0.0,0.0,0.0,0.0,0.0,1.0,1.0,0.0
2836,0.39506172839506176,0.0,0.0,0.0,0.44444444444444436,1.0,0.5381468098084997,0.0,1.0,0.0,1.0,0.6691348402182413,0.3389121338912131,0.9800498753117208,1.0,0.0,0.0,0.0,0.0,0.0,0.0,0.0,0.0,0.0,1.0,0.0,0.0,1.0,0.0,0.0,0.0,0.0,0.0,0.0,1.0,0.0,0.0,0.0,1.0,0.0
2837,0.18518518518518517,1.0,0.0,0.0,0.44444444444444436,1.0,0.7658352130756624,0.0,1.0,0.0,1.0,0.6691348402182413,0.3389121338912131,0.9800498753117208,1.0,1.0,0.0,0.0,0.0,0.0,0.0,0.0,1.0,0.0,0.0,0.0,0.0,0.0,1.0,0.0,0.0,0.0,0.0,0.0,1.0,0.0,0.0,0.0,1.0,0.0
2838,0.34567901234567905,0.0,0.0,0.0,0.44444444444444436,1.0,0.7108260166752879,0.0,1.0,0.0,1.0,0.6691348402182413,0.3389121338912131,0.9800498753117208,1.0,1.0,0.0,0.0,1.0,0.0,0.0,0.0,0.0,0.0,0.0,0.0,0.0,0.0,0.0,0.0,0.0,0.0,0.0,0.0,0.0,0.0,0.0,1.0,1.0,0.0
2839,0.09876543209876543,0.0,0.0,0.0,0.44444444444444436,1.0,0.573494565885327,0.0,1.0,0.0,1.0,0.6691348402182413,0.3389121338912131,0.9800498753117208,1.0,0.0,0.0,1.0,0.0,0.0,0.0,0.0,0.0,0.0,0.0,0.0,0.0,0.0,1.0,0.0,0.0,1.0,0.0,0.0,0.0,0.0,0.0,0.0,1.0,0.0
2840,0.24691358024691357,1.0,0.0,0.0,0.44444444444444436,1.0,0.7635372332492569,0.02631578947368421,1.0,0.0,1.0,0.6691348402182413,0.3389121338912131,0.9800498753117208,1.0,1.0,0.0,1.0,0.0,0.0,0.0,0.0,0.0,0.0,0.0,0.0,0.0,1.0,0.0,0.0,0.0,1.0,0.0,0.0,0.0,0.0,0.0,1.0,1.0,0.0
2841,0.1111111111111111,0.0,0.0,0.0,0.44444444444444436,1.0,0.623268355434684,0.0,1.0,0.0,1.0,0.6691348402182413,0.3389121338912131,0.9800498753117208,1.0,0.0,1.0,0.0,0.0,0.0,0.0,0.0,0.0,0.0,0.0,0.0,0.0,1.0,0.0,0.0,0.0,1.0,0.0,0.0,0.0,0.0,0.0,0.0,1.0,0.0
2842,0.39506172839506176,1.0,1.0,0.0,0.44444444444444436,1.0,0.5561069727294308,0.05263157894736842,1.0,0.0,1.0,0.6691348402182413,0.3389121338912131,0.9800498753117208,1.0,0.0,0.0,0.0,0.0,0.0,0.0,0.0,1.0,0.0,0.0,0.0,0.0,0.0,0.0,0.0,1.0,0.0,0.0,0.0,0.0,0.0,0.0,1.0,1.0,0.0
2843,0.4938271604938272,0.0,0.0,0.0,0.44444444444444436,1.0,0.7630004939934287,0.07894736842105263,1.0,0.0,1.0,0.6691348402182413,0.3389121338912131,0.9800498753117208,1.0,1.0,0.0,0.0,0.0,0.0,1.0,0.0,0.0,0.0,0.0,0.0,0.0,0.0,0.0,0.0,0.0,0.0,0.0,0.0,0.0,0.0,0.0,1.0,1.0,0.0
2844,0.5185185185185184,1.0,0.0,0.0,0.44444444444444436,1.0,0.5838049699531718,0.0,1.0,0.0,1.0,0.6691348402182413,0.3389121338912131,0.9800498753117208,1.0,0.0,0.0,0.0,0.0,1.0,0.0,0.0,0.0,0.0,0.0,0.0,0.0,1.0,0.0,0.0,0.0,1.0,0.0,0.0,0.0,0.0,0.0,1.0,1.0,0.0
2845,0.18518518518518517,1.0,0.0,0.0,0.44444444444444436,1.0,0.5829794567444476,0.0,1.0,0.0,1.0,0.6691348402182413,0.3389121338912131,0.9800498753117208,1.0,0.0,1.0,0.0,0.0,0.0,0.0,0.0,0.0,0.0,0.0,0.0,0.0,0.0,1.0,0.0,0.0,0.0,0.0,0.0,0.0,0.0,0.0,0.0,1.0,0.0
2846,0.08641975308641975,1.0,0.0,0.0,0.44444444444444436,1.0,0.7637156034873523,0.10526315789473684,1.0,0.0,1.0,0.6691348402182413,0.3389121338912131,0.9800498753117208,1.0,1.0,1.0,0.0,0.0,0.0,0.0,0.0,0.0,0.0,0.0,0.0,0.0,0.0,1.0,0.0,0.0,1.0,0.0,0.0,0.0,0.0,0.0,0.0,1.0,0.0
2847,0.48148148148148145,1.0,0.0,0.0,0.44444444444444436,1.0,0.7604628114657891,0.0,1.0,0.0,1.0,0.6691348402182413,0.3389121338912131,0.9800498753117208,1.0,1.0,1.0,0.0,0.0,0.0,0.0,0.0,0.0,0.0,0.0,0.0,0.0,1.0,0.0,0.0,0.0,0.0,0.0,0.0,0.0,0.0,0.0,0.0,1.0,0.0
2848,0.09876543209876543,0.0,0.0,0.0,0.44444444444444436,1.0,0.7915232327315964,0.0,1.0,0.0,1.0,0.6691348402182413,0.3389121338912131,0.9800498753117208,1.0,0.0,0.0,0.0,0.0,0.0,0.0,0.0,0.0,0.0,0.0,0.0,0.0,0.0,1.0,0.0,0.0,0.0,0.0,0.0,0.0,1.0,0.0,0.0,1.0,0.0
2849,0.19753086419753085,1.0,0.0,0.0,0.44444444444444436,1.0,0.7094205620899076,0.02631578947368421,1.0,0.0,1.0,0.6691348402182413,0.3389121338912131,0.9800498753117208,1.0,1.0,0.0,0.0,0.0,1.0,0.0,0.0,0.0,0.0,0.0,0.0,0.0,0.0,1.0,0.0,0.0,0.0,0.0,0.0,0.0,1.0,0.0,0.0,1.0,0.0
2850,0.30864197530864196,1.0,0.0,0.0,0.44444444444444436,1.0,0.5870502833422594,0.02631578947368421,1.0,0.0,1.0,0.6691348402182413,0.3389121338912131,0.9800498753117208,1.0,0.0,0.0,0.0,0.0,0.0,0.0,0.0,0.0,0.0,0.0,0.0,0.0,1.0,0.0,0.0,0.0,0.0,0.0,0.0,0.0,1.0,0.0,0.0,1.0,0.0
2851,0.35802469135802467,0.0,0.0,0.0,0.44444444444444436,1.0,0.7938913382098409,0.21052631578947367,1.0,0.0,1.0,0.6691348402182413,0.3389121338912131,0.9800498753117208,1.0,1.0,0.0,0.0,0.0,0.0,0.0,0.0,0.0,0.0,0.0,0.0,0.0,0.0,1.0,0.0,0.0,0.0,0.0,0.0,0.0,1.0,0.0,0.0,1.0,0.0
2852,0.2716049382716049,1.0,0.0,0.0,0.44444444444444436,1.0,0.7593582479561072,0.05263157894736842,1.0,0.0,1.0,0.6691348402182413,0.3389121338912131,0.9800498753117208,1.0,1.0,1.0,0.0,0.0,0.0,0.0,0.0,0.0,0.0,0.0,0.0,0.0,1.0,0.0,0.0,0.0,1.0,0.0,0.0,0.0,0.0,0.0,0.0,1.0,0.0
2853,0.037037037037037035,1.0,0.0,0.0,0.44444444444444436,1.0,0.8606050496703869,0.26315789473684215,1.0,0.0,1.0,0.6691348402182413,0.3389121338912131,0.9800498753117208,1.0,0.0,0.0,0.0,0.0,0.0,0.0,0.0,0.0,1.0,0.0,0.0,0.0,0.0,1.0,0.0,0.0,0.0,0.0,0.0,0.0,1.0,0.0,0.0,1.0,0.0
2854,0.19753086419753085,1.0,0.0,0.0,0.44444444444444436,1.0,0.603456402174661,0.15789473684210525,1.0,0.0,1.0,0.6691348402182413,0.3389121338912131,0.9800498753117208,1.0,0.0,0.0,1.0,0.0,0.0,0.0,0.0,0.0,0.0,0.0,0.0,0.0,1.0,0.0,0.0,1.0,0.0,0.0,0.0,0.0,0.0,0.0,0.0,1.0,0.0
2855,0.09876543209876543,0.0,1.0,0.0,0.44444444444444436,1.0,0.8267635260732674,0.05263157894736842,1.0,0.0,1.0,0.6691348402182413,0.3389121338912131,0.9800498753117208,1.0,1.0,1.0,0.0,0.0,0.0,0.0,0.0,0.0,0.0,0.0,0.0,0.0,0.0,1.0,0.0,1.0,0.0,0.0,0.0,0.0,0.0,0.0,0.0,1.0,0.0
2856,0.25925925925925924,0.0,1.0,1.0,0.44444444444444436,1.0,0.5725931427044147,0.07894736842105263,1.0,0.0,1.0,0.6691348402182413,0.3389121338912131,0.9800498753117208,1.0,0.0,0.0,1.0,0.0,0.0,0.0,0.0,0.0,0.0,0.0,0.0,0.0,1.0,0.0,0.0,0.0,1.0,0.0,0.0,0.0,0.0,0.0,0.0,1.0,0.0
2857,0.1111111111111111,0.0,0.0,0.0,0.44444444444444436,1.0,0.5770327318283031,0.05263157894736842,1.0,0.0,1.0,0.6691348402182413,0.3389121338912131,0.9800498753117208,1.0,0.0,0.0,0.0,0.0,0.0,0.0,0.0,0.0,0.0,0.0,0.0,0.0,0.0,1.0,0.0,0.0,0.0,1.0,0.0,0.0,0.0,0.0,0.0,1.0,0.0
2858,0.19753086419753085,1.0,0.0,0.0,0.44444444444444436,1.0,0.8488522981194264,0.21052631578947367,1.0,0.0,1.0,0.6691348402182413,0.3389121338912131,0.9800498753117208,1.0,1.0,0.0,0.0,0.0,0.0,0.0,0.0,0.0,0.0,1.0,0.0,0.0,1.0,0.0,0.0,0.0,0.0,1.0,0.0,0.0,0.0,0.0,0.0,1.0,0.0
2859,0.5308641975308641,0.0,0.0,0.0,0.44444444444444436,1.0,0.4039575981303762,0.02631578947368421,1.0,0.0,1.0,0.6691348402182413,0.3389121338912131,0.9800498753117208,1.0,0.0,0.0,0.0,0.0,0.0,0.0,0.0,0.0,0.0,0.0,0.0,0.0,0.0,0.0,0.0,0.0,0.0,1.0,0.0,0.0,0.0,0.0,0.0,1.0,0.0
2860,0.1111111111111111,1.0,1.0,0.0,0.44444444444444436,1.0,0.6713567691230875,0.05263157894736842,1.0,0.0,1.0,0.6691348402182413,0.3389121338912131,0.9800498753117208,1.0,0.0,1.0,0.0,0.0,0.0,0.0,0.0,0.0,0.0,0.0,0.0,0.0,1.0,0.0,0.0,0.0,1.0,0.0,0.0,0.0,0.0,0.0,0.0,1.0,0.0
2861,0.2345679012345679,0.0,0.0,0.0,0.44444444444444436,1.0,0.6278820898893921,0.21052631578947367,1.0,0.0,1.0,0.6691348402182413,0.3389121338912131,0.9800498753117208,1.0,0.0,0.0,0.0,0.0,0.0,0.0,0.0,1.0,0.0,0.0,0.0,0.0,0.0,0.0,0.0,0.0,0.0,0.0,0.0,0.0,0.0,0.0,1.0,1.0,0.0
2862,0.08641975308641975,0.0,0.0,0.0,0.44444444444444436,1.0,0.56984667205054,0.02631578947368421,1.0,0.0,1.0,0.6691348402182413,0.3389121338912131,0.9800498753117208,1.0,0.0,0.0,0.0,0.0,0.0,0.0,0.0,0.0,0.0,1.0,0.0,0.0,0.0,1.0,0.0,0.0,0.0,0.0,0.0,0.0,0.0,1.0,0.0,1.0,0.0
2863,0.1111111111111111,1.0,0.0,0.0,0.44444444444444436,1.0,0.4279079916652397,0.07894736842105263,1.0,0.0,1.0,0.6691348402182413,0.3389121338912131,0.9800498753117208,1.0,0.0,0.0,0.0,0.0,0.0,0.0,0.0,1.0,0.0,0.0,0.0,0.0,0.0,1.0,0.0,0.0,0.0,1.0,0.0,0.0,0.0,0.0,0.0,1.0,0.0
2864,0.1111111111111111,0.0,0.0,0.0,0.44444444444444436,1.0,0.7503271175951005,0.15789473684210525,1.0,0.0,1.0,0.6691348402182413,0.3389121338912131,0.9800498753117208,1.0,1.0,0.0,0.0,0.0,0.0,0.0,0.0,1.0,0.0,0.0,0.0,0.0,0.0,1.0,0.0,0.0,0.0,1.0,0.0,0.0,0.0,0.0,0.0,1.0,0.0
2865,0.2222222222222222,1.0,0.0,0.0,0.44444444444444436,1.0,0.8499705931543444,0.07894736842105263,1.0,0.0,1.0,0.6691348402182413,0.3389121338912131,0.9800498753117208,1.0,1.0,1.0,0.0,0.0,0.0,0.0,0.0,0.0,0.0,0.0,0.0,0.0,1.0,0.0,0.0,0.0,1.0,0.0,0.0,0.0,0.0,0.0,0.0,1.0,0.0
2866,0.04938271604938271,0.0,0.0,0.0,0.44444444444444436,1.0,0.5707693054036078,0.02631578947368421,1.0,0.0,1.0,0.6691348402182413,0.3389121338912131,0.9800498753117208,1.0,0.0,1.0,0.0,0.0,0.0,0.0,0.0,0.0,0.0,0.0,0.0,0.0,0.0,1.0,0.0,0.0,1.0,0.0,0.0,0.0,0.0,0.0,0.0,1.0,0.0
2867,0.20987654320987653,1.0,0.0,0.0,0.44444444444444436,1.0,0.802016518438772,0.07894736842105263,1.0,0.0,1.0,0.6691348402182413,0.3389121338912131,0.9800498753117208,1.0,1.0,1.0,0.0,0.0,0.0,0.0,0.0,0.0,0.0,0.0,0.0,0.0,1.0,0.0,0.0,0.0,1.0,0.0,0.0,0.0,0.0,0.0,1.0,1.0,0.0
2868,0.16049382716049382,1.0,0.0,0.0,0.44444444444444436,1.0,0.7863452998357148,0.02631578947368421,1.0,0.0,1.0,0.6691348402182413,0.3389121338912131,0.9800498753117208,1.0,1.0,0.0,0.0,0.0,0.0,0.0,0.0,0.0,0.0,0.0,0.0,0.0,1.0,0.0,0.0,0.0,0.0,0.0,0.0,0.0,1.0,0.0,0.0,1.0,0.0
2869,0.1728395061728395,1.0,0.0,0.0,0.44444444444444436,1.0,0.6789243392652736,0.0,1.0,0.0,1.0,0.6691348402182413,0.3389121338912131,0.9800498753117208,1.0,0.0,1.0,0.0,0.0,0.0,0.0,0.0,0.0,0.0,0.0,0.0,0.0,0.0,0.0,0.0,0.0,0.0,0.0,0.0,0.0,0.0,1.0,0.0,1.0,0.0
2870,0.4938271604938272,0.0,0.0,0.0,0.44444444444444436,1.0,0.8280083540862354,0.02631578947368421,1.0,0.0,1.0,0.6691348402182413,0.3389121338912131,0.9800498753117208,1.0,1.0,0.0,0.0,0.0,0.0,0.0,0.0,0.0,0.0,0.0,0.0,0.0,1.0,0.0,0.0,0.0,1.0,0.0,0.0,0.0,0.0,0.0,0.0,1.0,0.0
2871,0.419753086419753,1.0,0.0,0.0,0.44444444444444436,1.0,0.6386818846696665,0.02631578947368421,1.0,0.0,1.0,0.6691348402182413,0.3389121338912131,0.9800498753117208,1.0,0.0,1.0,0.0,0.0,0.0,0.0,0.0,0.0,0.0,0.0,0.0,0.0,1.0,0.0,0.0,1.0,0.0,0.0,0.0,0.0,0.0,0.0,0.0,1.0,0.0
2872,0.24691358024691357,0.0,0.0,1.0,0.44444444444444436,0.0,0.6632686943784747,0.05263157894736842,1.0,0.0,1.0,0.6691348402182413,0.3389121338912131,0.9807299931988211,1.0,0.0,0.0,0.0,0.0,0.0,0.0,0.0,0.0,0.0,1.0,0.0,0.0,0.0,1.0,0.0,0.0,0.0,0.0,0.0,1.0,0.0,0.0,0.0,1.0,0.0
2873,0.2716049382716049,1.0,0.0,1.0,0.44444444444444436,0.0,0.645692009932198,0.05263157894736842,1.0,0.0,1.0,0.6691348402182413,0.3389121338912131,0.9807299931988211,1.0,0.0,0.0,0.0,0.0,0.0,0.0,0.0,0.0,0.0,1.0,0.0,0.0,0.0,1.0,0.0,0.0,0.0,0.0,0.0,1.0,0.0,0.0,0.0,1.0,0.0
2874,0.13580246913580246,0.0,1.0,0.0,0.44444444444444436,0.0,0.6013494476505862,0.02631578947368421,1.0,0.0,1.0,0.6691348402182413,0.3389121338912131,0.9807299931988211,1.0,0.0,1.0,0.0,0.0,0.0,0.0,0.0,0.0,0.0,0.0,0.0,0.0,1.0,0.0,0.0,0.0,1.0,0.0,0.0,0.0,0.0,0.0,0.0,1.0,0.0
2875,0.3209876543209876,0.0,0.0,0.0,0.44444444444444436,0.0,0.8125948248512528,0.02631578947368421,1.0,0.0,1.0,0.6691348402182413,0.3389121338912131,0.9807299931988211,1.0,1.0,0.0,0.0,0.0,0.0,0.0,0.0,0.0,0.0,0.0,0.0,0.0,1.0,0.0,0.0,0.0,0.0,1.0,0.0,0.0,0.0,0.0,0.0,1.0,0.0
2876,0.4567901234567901,0.0,0.0,0.0,0.44444444444444436,0.0,0.603456402174661,0.10526315789473684,1.0,0.0,1.0,0.6691348402182413,0.3389121338912131,0.9807299931988211,1.0,0.0,1.0,0.0,0.0,0.0,0.0,0.0,0.0,0.0,0.0,0.0,0.0,1.0,0.0,0.0,0.0,0.0,0.0,0.0,0.0,0.0,0.0,0.0,1.0,0.0
2877,0.06172839506172839,1.0,0.0,1.0,0.44444444444444436,0.0,0.5540062892371289,0.15789473684210525,1.0,0.0,1.0,0.6691348402182413,0.3389121338912131,0.9807299931988211,1.0,0.0,1.0,0.0,0.0,0.0,0.0,0.0,0.0,0.0,0.0,0.0,0.0,0.0,1.0,0.0,0.0,1.0,0.0,0.0,0.0,0.0,0.0,0.0,1.0,0.0
2878,0.5308641975308641,1.0,0.0,0.0,0.44444444444444436,0.0,0.5641535377316825,0.05263157894736842,1.0,0.0,1.0,0.6691348402182413,0.3389121338912131,0.9807299931988211,1.0,0.0,0.0,0.0,0.0,0.0,1.0,0.0,0.0,0.0,0.0,0.0,0.0,1.0,0.0,0.0,0.0,0.0,0.0,0.0,0.0,1.0,0.0,0.0,1.0,0.0
2879,0.29629629629629634,1.0,0.0,0.0,0.44444444444444436,0.0,0.6532232308583403,0.02631578947368421,1.0,0.0,1.0,0.6691348402182413,0.3389121338912131,0.9807299931988211,1.0,0.0,1.0,0.0,0.0,0.0,0.0,0.0,0.0,0.0,0.0,0.0,0.0,1.0,0.0,0.0,0.0,0.0,0.0,0.0,0.0,0.0,0.0,1.0,1.0,0.0
2880,0.2839506172839506,1.0,0.0,0.0,0.44444444444444436,0.0,0.7599118261517549,0.05263157894736842,1.0,0.0,1.0,0.6691348402182413,0.3389121338912131,0.9807299931988211,1.0,1.0,0.0,0.0,0.0,1.0,0.0,0.0,0.0,0.0,0.0,0.0,0.0,1.0,0.0,0.0,0.0,0.0,0.0,0.0,0.0,1.0,0.0,0.0,1.0,0.0
2881,0.18518518518518517,1.0,0.0,0.0,0.44444444444444436,0.0,0.5621929065211045,0.05263157894736842,1.0,0.0,1.0,0.6691348402182413,0.3389121338912131,0.9807299931988211,1.0,0.0,0.0,0.0,0.0,0.0,0.0,0.0,0.0,0.0,0.0,0.0,0.0,0.0,0.0,0.0,0.0,1.0,0.0,0.0,0.0,0.0,0.0,0.0,1.0,0.0
2882,0.16049382716049382,1.0,1.0,0.0,0.44444444444444436,0.0,0.6778197757555917,0.05263157894736842,1.0,0.0,1.0,0.6691348402182413,0.3389121338912131,0.9807299931988211,1.0,0.0,0.0,0.0,0.0,0.0,0.0,0.0,0.0,0.0,0.0,0.0,0.0,0.0,1.0,0.0,0.0,0.0,0.0,0.0,0.0,1.0,0.0,0.0,1.0,0.0
2883,0.12345679012345678,0.0,0.0,0.0,0.44444444444444436,0.0,0.8244465547630724,0.02631578947368421,1.0,0.0,1.0,0.6691348402182413,0.3389121338912131,0.9807299931988211,1.0,1.0,0.0,0.0,0.0,0.0,0.0,0.0,0.0,0.0,0.0,0.0,0.0,0.0,1.0,0.0,0.0,0.0,1.0,0.0,0.0,0.0,0.0,1.0,1.0,0.0
2884,0.12345679012345678,0.0,0.0,0.0,0.44444444444444436,0.0,0.7431206122490668,0.02631578947368421,1.0,0.0,1.0,0.6691348402182413,0.3389121338912131,0.9807299931988211,1.0,0.0,0.0,0.0,0.0,0.0,0.0,1.0,0.0,0.0,0.0,0.0,0.0,0.0,1.0,0.0,0.0,0.0,0.0,0.0,1.0,0.0,0.0,0.0,1.0,0.0
2885,0.1111111111111111,1.0,0.0,0.0,0.44444444444444436,0.0,0.7398916314041893,0.0,1.0,0.0,1.0,0.6691348402182413,0.3389121338912131,0.9807299931988211,1.0,0.0,0.0,0.0,0.0,0.0,0.0,0.0,0.0,0.0,1.0,0.0,0.0,0.0,1.0,0.0,0.0,0.0,1.0,0.0,0.0,0.0,0.0,0.0,1.0,0.0
2886,0.2222222222222222,0.0,1.0,0.0,0.44444444444444436,0.0,0.7433327586536977,0.02631578947368421,1.0,0.0,1.0,0.6691348402182413,0.3389121338912131,0.9807299931988211,1.0,0.0,0.0,0.0,0.0,0.0,0.0,0.0,0.0,0.0,1.0,0.0,0.0,1.0,0.0,0.0,0.0,0.0,0.0,0.0,1.0,0.0,0.0,0.0,1.0,0.0
2887,0.2839506172839506,0.0,0.0,0.0,0.44444444444444436,0.0,0.7361216621301798,0.0,1.0,0.0,1.0,0.6691348402182413,0.3389121338912131,0.9807299931988211,1.0,0.0,0.0,0.0,0.0,0.0,0.0,1.0,0.0,0.0,0.0,0.0,0.0,1.0,0.0,0.0,0.0,0.0,1.0,0.0,0.0,0.0,0.0,0.0,1.0,0.0
2888,0.39506172839506176,1.0,0.0,0.0,0.44444444444444436,0.0,0.4279079916652397,0.0,1.0,0.0,1.0,0.6691348402182413,0.3389121338912131,0.9807299931988211,1.0,0.0,0.0,0.0,0.0,1.0,0.0,0.0,0.0,0.0,0.0,0.0,0.0,1.0,0.0,0.0,0.0,0.0,0.0,0.0,0.0,1.0,0.0,1.0,1.0,0.0
2889,0.2222222222222222,1.0,0.0,0.0,0.44444444444444436,0.0,0.5947922311468027,0.0,1.0,0.0,1.0,0.6691348402182413,0.3389121338912131,0.9807299931988211,1.0,0.0,0.0,0.0,0.0,0.0,0.0,0.0,0.0,0.0,0.0,0.0,0.0,0.0,1.0,0.0,0.0,0.0,0.0,0.0,0.0,1.0,0.0,0.0,1.0,0.0
2890,0.2839506172839506,0.0,0.0,0.0,0.44444444444444436,0.0,0.5125020940917573,0.02631578947368421,1.0,0.0,1.0,0.6691348402182413,0.3389121338912131,0.9807299931988211,1.0,0.0,0.0,0.0,0.0,1.0,0.0,0.0,0.0,0.0,0.0,0.0,0.0,1.0,0.0,0.0,0.0,0.0,0.0,0.0,0.0,1.0,0.0,0.0,1.0,0.0
2891,0.18518518518518517,0.0,0.0,0.0,0.44444444444444436,0.0,0.750725881195543,0.05263157894736842,1.0,0.0,1.0,0.6691348402182413,0.3389121338912131,0.9807299931988211,1.0,1.0,0.0,0.0,0.0,0.0,0.0,0.0,0.0,0.0,0.0,0.0,0.0,0.0,1.0,0.0,0.0,0.0,1.0,0.0,0.0,0.0,0.0,1.0,1.0,0.0
2892,0.13580246913580246,1.0,0.0,0.0,0.44444444444444436,0.0,0.5440593682563573,0.0,1.0,0.0,1.0,0.6691348402182413,0.3389121338912131,0.9807299931988211,1.0,0.0,0.0,0.0,0.0,0.0,0.0,0.0,0.0,0.0,0.0,0.0,0.0,0.0,1.0,0.0,0.0,0.0,1.0,0.0,0.0,0.0,0.0,0.0,1.0,0.0
2893,0.2716049382716049,0.0,0.0,0.0,0.44444444444444436,0.0,0.7387953033432286,0.0,1.0,0.0,1.0,0.6691348402182413,0.3389121338912131,0.9807299931988211,1.0,0.0,1.0,0.0,0.0,0.0,0.0,0.0,0.0,0.0,0.0,0.0,0.0,1.0,0.0,0.0,0.0,0.0,0.0,0.0,0.0,0.0,0.0,1.0,1.0,0.0
2894,0.3209876543209876,0.0,1.0,0.0,0.44444444444444436,0.0,0.6729097309439991,0.05263157894736842,1.0,0.0,1.0,0.6691348402182413,0.3389121338912131,0.9807299931988211,1.0,0.0,0.0,0.0,0.0,0.0,0.0,0.0,0.0,0.0,0.0,0.0,0.0,1.0,0.0,0.0,0.0,0.0,1.0,0.0,0.0,0.0,0.0,0.0,1.0,0.0
2895,0.2345679012345679,0.0,0.0,0.0,0.44444444444444436,0.0,0.7941668304891158,0.0,1.0,0.0,1.0,0.6691348402182413,0.3389121338912131,0.9807299931988211,1.0,1.0,0.0,0.0,0.0,0.0,0.0,0.0,0.0,0.0,1.0,0.0,0.0,1.0,0.0,0.0,0.0,0.0,0.0,0.0,0.0,0.0,0.0,0.0,1.0,0.0
2896,0.38271604938271603,0.0,0.0,0.0,0.44444444444444436,0.0,0.5306356323565045,0.0,1.0,0.0,1.0,0.6691348402182413,0.3389121338912131,0.9807299931988211,1.0,0.0,0.0,1.0,0.0,0.0,0.0,0.0,0.0,0.0,0.0,0.0,0.0,1.0,0.0,0.0,0.0,1.0,0.0,0.0,0.0,0.0,0.0,0.0,1.0,0.0
2897,0.1728395061728395,0.0,0.0,0.0,0.44444444444444436,0.0,0.5550613200712357,0.0,1.0,0.0,1.0,0.6691348402182413,0.3389121338912131,0.9807299931988211,1.0,0.0,1.0,0.0,0.0,0.0,0.0,0.0,0.0,0.0,0.0,0.0,0.0,1.0,0.0,0.0,0.0,1.0,0.0,0.0,0.0,0.0,0.0,0.0,1.0,0.0
2898,0.18518518518518517,1.0,0.0,1.0,0.44444444444444436,0.0,0.35240341381759965,0.0,1.0,0.0,1.0,0.6691348402182413,0.3389121338912131,0.9807299931988211,1.0,0.0,0.0,0.0,0.0,0.0,0.0,0.0,0.0,0.0,0.0,0.0,0.0,1.0,0.0,0.0,0.0,0.0,1.0,0.0,0.0,0.0,0.0,0.0,1.0,0.0
2899,0.18518518518518517,0.0,0.0,1.0,0.44444444444444436,0.0,0.492850661870268,0.0,1.0,0.0,1.0,0.6691348402182413,0.3389121338912131,0.9807299931988211,1.0,0.0,0.0,0.0,0.0,0.0,0.0,0.0,0.0,0.0,0.0,0.0,0.0,1.0,0.0,0.0,0.0,0.0,1.0,0.0,0.0,0.0,0.0,0.0,1.0,0.0
2900,0.2716049382716049,0.0,0.0,0.0,0.44444444444444436,0.0,0.7559809303588871,0.02631578947368421,1.0,0.0,1.0,0.6691348402182413,0.3389121338912131,0.9807299931988211,1.0,1.0,0.0,0.0,0.0,0.0,0.0,0.0,0.0,0.0,1.0,0.0,0.0,0.0,1.0,0.0,0.0,0.0,0.0,0.0,1.0,0.0,0.0,0.0,1.0,0.0
2901,0.20987654320987653,1.0,1.0,0.0,0.44444444444444436,0.0,0.6339442585242172,0.0,1.0,0.0,1.0,0.6691348402182413,0.3389121338912131,0.9807299931988211,1.0,0.0,1.0,0.0,0.0,0.0,0.0,0.0,0.0,0.0,0.0,0.0,0.0,1.0,0.0,0.0,1.0,0.0,0.0,0.0,0.0,0.0,0.0,0.0,1.0,0.0
2902,0.2839506172839506,0.0,0.0,0.0,0.44444444444444436,0.0,0.599923549592398,0.07894736842105263,1.0,0.0,1.0,0.6691348402182413,0.3389121338912131,0.9807299931988211,1.0,0.0,1.0,0.0,0.0,0.0,0.0,0.0,0.0,0.0,0.0,0.0,0.0,1.0,0.0,0.0,0.0,1.0,0.0,0.0,0.0,0.0,0.0,1.0,1.0,0.0
2903,0.25925925925925924,1.0,0.0,0.0,0.44444444444444436,0.0,0.817208559305961,0.15789473684210525,1.0,0.0,1.0,0.6691348402182413,0.3389121338912131,0.9807299931988211,1.0,1.0,1.0,0.0,0.0,0.0,0.0,0.0,0.0,0.0,0.0,0.0,0.0,1.0,0.0,0.0,0.0,0.0,0.0,0.0,0.0,0.0,0.0,1.0,1.0,0.0
2904,0.18518518518518517,1.0,0.0,0.0,0.44444444444444436,0.0,0.5829794567444476,0.02631578947368421,1.0,0.0,1.0,0.6691348402182413,0.3389121338912131,0.9807299931988211,1.0,0.0,0.0,0.0,0.0,0.0,0.0,0.0,0.0,0.0,0.0,0.0,0.0,0.0,1.0,0.0,0.0,0.0,1.0,0.0,0.0,0.0,0.0,1.0,1.0,0.0
2905,0.3333333333333333,1.0,0.0,0.0,0.44444444444444436,0.0,0.7474972696344017,0.0,1.0,0.0,1.0,0.6691348402182413,0.3389121338912131,0.9807299931988211,1.0,1.0,1.0,0.0,0.0,0.0,0.0,0.0,0.0,0.0,0.0,0.0,0.0,1.0,0.0,0.0,0.0,1.0,0.0,0.0,0.0,0.0,0.0,1.0,1.0,0.0
2906,0.3333333333333333,1.0,1.0,0.0,0.44444444444444436,0.0,0.802786216819379,0.02631578947368421,1.0,0.0,1.0,0.6691348402182413,0.3389121338912131,0.9807299931988211,1.0,1.0,0.0,0.0,0.0,0.0,0.0,0.0,0.0,0.0,0.0,0.0,0.0,0.0,1.0,0.0,0.0,1.0,0.0,0.0,0.0,0.0,0.0,0.0,1.0,0.0
2907,0.3703703703703703,0.0,0.0,0.0,0.44444444444444436,0.0,0.5894268318375645,0.0,1.0,0.0,1.0,0.6691348402182413,0.3389121338912131,0.9807299931988211,1.0,0.0,0.0,0.0,0.0,0.0,0.0,0.0,0.0,0.0,1.0,0.0,0.0,1.0,0.0,0.0,0.0,0.0,0.0,0.0,1.0,0.0,0.0,0.0,1.0,0.0
2908,0.2716049382716049,1.0,0.0,0.0,0.44444444444444436,0.0,0.5047088377203057,0.07894736842105263,1.0,0.0,1.0,0.6691348402182413,0.3389121338912131,0.9807299931988211,1.0,0.0,0.0,0.0,0.0,0.0,0.0,0.0,0.0,0.0,0.0,0.0,0.0,1.0,0.0,0.0,0.0,0.0,0.0,0.0,0.0,1.0,0.0,0.0,1.0,0.0
2909,0.1728395061728395,0.0,0.0,0.0,0.44444444444444436,0.0,0.8146934262870854,0.13157894736842105,1.0,0.0,1.0,0.6691348402182413,0.3389121338912131,0.9807299931988211,1.0,1.0,0.0,0.0,0.0,0.0,0.0,0.0,0.0,0.0,0.0,0.0,0.0,0.0,1.0,0.0,0.0,0.0,1.0,0.0,0.0,0.0,0.0,0.0,1.0,0.0
2910,0.06172839506172839,1.0,1.0,0.0,0.44444444444444436,0.0,0.7933384105197575,0.0,1.0,0.0,1.0,0.6691348402182413,0.3389121338912131,0.9807299931988211,1.0,1.0,1.0,0.0,0.0,0.0,0.0,0.0,0.0,0.0,0.0,0.0,0.0,0.0,1.0,0.0,0.0,1.0,0.0,0.0,0.0,0.0,0.0,0.0,1.0,0.0
2911,0.24691358024691357,0.0,0.0,0.0,0.44444444444444436,0.0,0.5030862582093689,0.368421052631579,1.0,0.0,1.0,0.6691348402182413,0.3389121338912131,0.9807299931988211,1.0,0.0,0.0,0.0,0.0,0.0,0.0,0.0,0.0,0.0,0.0,0.0,0.0,0.0,1.0,0.0,0.0,0.0,1.0,0.0,0.0,0.0,0.0,0.0,1.0,0.0
2912,0.2716049382716049,0.0,0.0,1.0,0.44444444444444436,0.0,0.7762165959614749,0.05263157894736842,1.0,0.0,1.0,0.6691348402182413,0.3389121338912131,0.9807299931988211,1.0,1.0,0.0,0.0,0.0,0.0,0.0,0.0,0.0,0.0,0.0,0.0,0.0,1.0,0.0,0.0,0.0,0.0,0.0,0.0,0.0,1.0,0.0,0.0,1.0,0.0
2913,0.29629629629629634,1.0,0.0,0.0,0.44444444444444436,0.0,0.7431206122490668,0.0,1.0,0.0,1.0,0.6691348402182413,0.3389121338912131,0.9807299931988211,1.0,1.0,0.0,0.0,0.0,0.0,0.0,0.0,0.0,0.0,1.0,0.0,0.0,0.0,1.0,0.0,0.0,0.0,0.0,0.0,0.0,1.0,0.0,0.0,1.0,0.0
2914,0.3209876543209876,0.0,0.0,0.0,0.44444444444444436,0.0,0.7329236164515708,0.0,1.0,0.0,1.0,0.6691348402182413,0.3389121338912131,0.9807299931988211,1.0,0.0,0.0,0.0,0.0,0.0,0.0,0.0,0.0,0.0,0.0,0.0,0.0,1.0,0.0,0.0,0.0,0.0,1.0,0.0,0.0,0.0,0.0,0.0,1.0,0.0
2915,0.4691358024691357,0.0,0.0,0.0,0.44444444444444436,0.0,0.5344511608683252,0.0,1.0,0.0,1.0,0.6691348402182413,0.3389121338912131,0.9807299931988211,1.0,0.0,0.0,0.0,0.0,0.0,0.0,0.0,0.0,0.0,0.0,0.0,0.0,1.0,0.0,0.0,0.0,0.0,0.0,0.0,0.0,1.0,0.0,0.0,1.0,0.0
2916,0.13580246913580246,1.0,0.0,0.0,0.44444444444444436,0.0,0.8217570194690736,0.07894736842105263,1.0,0.0,1.0,0.6691348402182413,0.3389121338912131,0.9807299931988211,1.0,1.0,0.0,0.0,0.0,0.0,0.0,0.0,0.0,0.0,1.0,0.0,0.0,1.0,0.0,0.0,0.0,1.0,0.0,0.0,0.0,0.0,0.0,0.0,1.0,0.0
2917,0.3209876543209876,0.0,0.0,0.0,0.44444444444444436,0.0,0.7724714929012056,0.0,1.0,0.0,1.0,0.6691348402182413,0.3389121338912131,0.9807299931988211,1.0,1.0,0.0,0.0,0.0,0.0,0.0,0.0,1.0,0.0,0.0,0.0,0.0,1.0,0.0,0.0,0.0,0.0,1.0,0.0,0.0,0.0,0.0,0.0,1.0,0.0
2918,0.2839506172839506,1.0,0.0,0.0,0.44444444444444436,0.0,0.7899651285028904,0.10526315789473684,1.0,0.0,1.0,0.6691348402182413,0.3389121338912131,0.9807299931988211,1.0,0.0,1.0,0.0,0.0,0.0,0.0,0.0,0.0,0.0,0.0,0.0,0.0,0.0,1.0,0.0,0.0,1.0,0.0,0.0,0.0,0.0,0.0,1.0,1.0,0.0
2919,0.3209876543209876,1.0,1.0,0.0,0.44444444444444436,0.0,0.8353097757819391,0.0,1.0,0.0,1.0,0.6691348402182413,0.3389121338912131,0.9807299931988211,1.0,1.0,0.0,0.0,0.0,0.0,0.0,0.0,1.0,0.0,0.0,0.0,0.0,1.0,0.0,0.0,0.0,0.0,1.0,0.0,0.0,0.0,0.0,0.0,1.0,0.0
2920,0.2839506172839506,0.0,0.0,0.0,0.44444444444444436,0.0,0.8297496114261323,0.0,1.0,0.0,1.0,0.6691348402182413,0.3389121338912131,0.9807299931988211,1.0,0.0,0.0,0.0,0.0,0.0,0.0,0.0,0.0,0.0,0.0,0.0,0.0,1.0,0.0,0.0,0.0,0.0,0.0,0.0,0.0,1.0,0.0,0.0,1.0,0.0
2921,0.24691358024691357,1.0,0.0,0.0,0.44444444444444436,0.0,0.7571175106933035,0.0,1.0,0.0,1.0,0.6691348402182413,0.3389121338912131,0.9807299931988211,1.0,0.0,1.0,0.0,0.0,0.0,0.0,0.0,0.0,0.0,0.0,0.0,0.0,1.0,0.0,0.0,0.0,1.0,0.0,0.0,0.0,0.0,0.0,1.0,1.0,0.0
2922,0.18518518518518517,0.0,0.0,0.0,0.44444444444444436,0.0,0.799150404029686,0.07894736842105263,1.0,0.0,1.0,0.6691348402182413,0.3389121338912131,0.9807299931988211,1.0,1.0,0.0,0.0,0.0,0.0,0.0,0.0,1.0,0.0,0.0,0.0,0.0,1.0,0.0,0.0,0.0,0.0,0.0,0.0,0.0,0.0,0.0,1.0,1.0,0.0
2923,0.38271604938271603,1.0,0.0,0.0,0.44444444444444436,0.0,0.6238550656258994,0.02631578947368421,1.0,0.0,1.0,0.6691348402182413,0.3389121338912131,0.9807299931988211,1.0,0.0,0.0,0.0,0.0,0.0,0.0,0.0,1.0,0.0,0.0,0.0,0.0,0.0,0.0,0.0,0.0,0.0,1.0,0.0,0.0,0.0,0.0,0.0,1.0,0.0
2924,0.1111111111111111,1.0,1.0,0.0,0.44444444444444436,0.0,0.5909849360662706,0.02631578947368421,1.0,0.0,1.0,0.6691348402182413,0.3389121338912131,0.9807299931988211,1.0,0.0,1.0,0.0,0.0,0.0,0.0,0.0,0.0,0.0,0.0,0.0,0.0,0.0,1.0,0.0,0.0,1.0,0.0,0.0,0.0,0.0,0.0,0.0,1.0,0.0
2925,0.1728395061728395,1.0,0.0,0.0,0.44444444444444436,0.0,0.5925226723355308,0.05263157894736842,1.0,0.0,1.0,0.6691348402182413,0.3389121338912131,0.9807299931988211,1.0,0.0,1.0,0.0,0.0,0.0,0.0,0.0,0.0,0.0,0.0,0.0,0.0,0.0,1.0,0.0,0.0,0.0,0.0,0.0,0.0,0.0,0.0,1.0,1.0,0.0
2926,0.18518518518518517,0.0,0.0,1.0,0.44444444444444436,0.0,0.7692851714613549,0.23684210526315788,1.0,0.0,1.0,0.6691348402182413,0.3389121338912131,0.9807299931988211,1.0,1.0,0.0,0.0,0.0,0.0,0.0,0.0,1.0,0.0,0.0,0.0,0.0,1.0,0.0,0.0,0.0,0.0,0.0,0.0,0.0,1.0,0.0,0.0,1.0,0.0
2927,0.19753086419753085,1.0,1.0,0.0,0.44444444444444436,0.0,0.6250197795910157,0.05263157894736842,1.0,0.0,1.0,0.6691348402182413,0.3389121338912131,0.9807299931988211,1.0,0.0,0.0,0.0,0.0,0.0,0.0,0.0,0.0,0.0,0.0,0.0,0.0,1.0,0.0,0.0,0.0,1.0,0.0,0.0,0.0,0.0,0.0,0.0,1.0,0.0
2928,0.13580246913580246,1.0,1.0,0.0,0.44444444444444436,0.0,0.5689167450775122,0.0,1.0,0.0,1.0,0.6691348402182413,0.3389121338912131,0.9807299931988211,1.0,0.0,1.0,0.0,0.0,0.0,0.0,0.0,0.0,0.0,0.0,0.0,0.0,0.0,0.0,0.0,0.0,1.0,0.0,0.0,0.0,0.0,0.0,0.0,1.0,0.0
2929,0.2345679012345679,1.0,0.0,1.0,0.44444444444444436,0.0,0.8867293642967908,0.0,1.0,0.0,1.0,0.6691348402182413,0.3389121338912131,0.9807299931988211,1.0,1.0,1.0,0.0,0.0,0.0,0.0,0.0,0.0,0.0,0.0,0.0,0.0,0.0,1.0,0.0,1.0,0.0,0.0,0.0,0.0,0.0,0.0,1.0,1.0,0.0
2930,0.12345679012345678,1.0,0.0,0.0,0.44444444444444436,0.0,0.6693862850347637,0.05263157894736842,1.0,0.0,1.0,0.6691348402182413,0.3389121338912131,0.9807299931988211,1.0,0.0,1.0,0.0,0.0,0.0,0.0,0.0,0.0,0.0,0.0,0.0,0.0,0.0,1.0,0.0,0.0,1.0,0.0,0.0,0.0,0.0,0.0,0.0,1.0,0.0
2931,0.08641975308641975,1.0,0.0,0.0,0.44444444444444436,0.0,0.4529126886678098,0.0,1.0,0.0,1.0,0.6691348402182413,0.3389121338912131,0.9807299931988211,1.0,0.0,1.0,0.0,0.0,0.0,0.0,0.0,0.0,0.0,0.0,0.0,0.0,1.0,0.0,0.0,0.0,1.0,0.0,0.0,0.0,0.0,0.0,0.0,1.0,0.0
2932,0.1111111111111111,1.0,0.0,0.0,0.44444444444444436,0.0,0.7503271175951005,0.0,1.0,0.0,1.0,0.6691348402182413,0.3389121338912131,0.9807299931988211,1.0,0.0,0.0,0.0,0.0,0.0,0.0,0.0,0.0,0.0,0.0,0.0,0.0,1.0,0.0,0.0,0.0,0.0,0.0,0.0,0.0,1.0,0.0,0.0,1.0,0.0
2933,0.3333333333333333,1.0,1.0,0.0,0.44444444444444436,0.0,0.5862473099208212,0.10526315789473684,1.0,0.0,1.0,0.6691348402182413,0.3389121338912131,0.9807299931988211,1.0,0.0,0.0,0.0,0.0,0.0,0.0,0.0,0.0,0.0,0.0,0.0,0.0,0.0,1.0,0.0,0.0,1.0,0.0,0.0,0.0,0.0,0.0,0.0,1.0,0.0
2934,0.12345679012345678,1.0,0.0,0.0,0.44444444444444436,0.0,0.7071363126573881,0.26315789473684215,1.0,0.0,1.0,0.6691348402182413,0.3389121338912131,0.9807299931988211,1.0,0.0,0.0,0.0,0.0,0.0,0.0,0.0,0.0,0.0,1.0,0.0,0.0,0.0,1.0,0.0,0.0,0.0,1.0,0.0,0.0,0.0,0.0,0.0,1.0,0.0
2935,0.2222222222222222,1.0,1.0,0.0,0.44444444444444436,0.0,0.6832417100410403,0.0,1.0,0.0,1.0,0.6691348402182413,0.3389121338912131,0.9807299931988211,1.0,0.0,0.0,0.0,0.0,0.0,0.0,0.0,1.0,0.0,0.0,0.0,0.0,1.0,0.0,0.0,0.0,0.0,1.0,0.0,0.0,0.0,0.0,0.0,1.0,0.0
2936,0.09876543209876543,0.0,0.0,0.0,0.44444444444444436,0.0,0.5752769507338984,0.05263157894736842,1.0,0.0,1.0,0.6691348402182413,0.3389121338912131,0.9807299931988211,1.0,0.0,1.0,0.0,0.0,0.0,0.0,0.0,0.0,0.0,0.0,0.0,0.0,1.0,0.0,0.0,0.0,1.0,0.0,0.0,0.0,0.0,0.0,0.0,1.0,0.0
2937,0.4938271604938272,1.0,0.0,0.0,0.44444444444444436,0.0,0.7945788629575985,0.07894736842105263,1.0,0.0,1.0,0.6691348402182413,0.3389121338912131,0.9807299931988211,1.0,1.0,1.0,0.0,0.0,0.0,0.0,0.0,0.0,0.0,0.0,0.0,0.0,1.0,0.0,0.0,0.0,0.0,0.0,0.0,1.0,0.0,0.0,1.0,1.0,0.0
2938,0.1728395061728395,1.0,0.0,0.0,0.44444444444444436,0.0,0.4980797516051752,0.21052631578947367,1.0,0.0,1.0,0.6691348402182413,0.3389121338912131,0.9807299931988211,1.0,0.0,0.0,0.0,0.0,0.0,0.0,0.0,1.0,0.0,0.0,0.0,0.0,0.0,1.0,0.0,0.0,0.0,0.0,0.0,0.0,1.0,0.0,0.0,1.0,0.0
2939,0.48148148148148145,0.0,0.0,0.0,0.44444444444444436,0.0,0.6705725318885943,0.0,1.0,0.0,1.0,0.6691348402182413,0.3389121338912131,0.9807299931988211,1.0,0.0,1.0,0.0,0.0,0.0,0.0,0.0,0.0,0.0,0.0,0.0,0.0,1.0,0.0,0.0,0.0,0.0,0.0,0.0,0.0,0.0,1.0,1.0,1.0,0.0
2940,0.29629629629629634,1.0,0.0,0.0,0.44444444444444436,0.0,0.5030862582093689,0.10526315789473684,1.0,0.0,1.0,0.6691348402182413,0.3389121338912131,0.9807299931988211,1.0,0.0,0.0,1.0,0.0,0.0,0.0,0.0,0.0,0.0,0.0,0.0,0.0,0.0,0.0,0.0,0.0,0.0,1.0,0.0,0.0,0.0,0.0,1.0,1.0,0.0
2941,0.14814814814814814,0.0,1.0,1.0,0.44444444444444436,0.0,0.8270759702130835,0.18421052631578946,1.0,0.0,1.0,0.6691348402182413,0.3389121338912131,0.9807299931988211,1.0,1.0,0.0,0.0,0.0,0.0,0.0,0.0,0.0,0.0,0.0,0.0,0.0,0.0,1.0,0.0,0.0,0.0,0.0,0.0,0.0,1.0,0.0,0.0,1.0,0.0
2942,0.14814814814814814,1.0,0.0,0.0,0.44444444444444436,0.0,0.7481094227043764,0.02631578947368421,1.0,0.0,1.0,0.6691348402182413,0.3389121338912131,0.9807299931988211,1.0,1.0,0.0,0.0,0.0,0.0,0.0,0.0,0.0,0.0,0.0,0.0,0.0,1.0,0.0,0.0,0.0,1.0,0.0,0.0,0.0,0.0,0.0,0.0,1.0,0.0
2943,0.1111111111111111,1.0,0.0,0.0,0.44444444444444436,0.0,0.7333858376729261,0.0,1.0,0.0,1.0,0.6691348402182413,0.3389121338912131,0.9807299931988211,1.0,0.0,0.0,0.0,0.0,0.0,0.0,0.0,1.0,0.0,0.0,0.0,0.0,0.0,1.0,0.0,0.0,0.0,1.0,0.0,0.0,0.0,0.0,0.0,1.0,0.0
2944,0.19753086419753085,0.0,0.0,0.0,0.44444444444444436,0.0,0.8472861265453134,0.02631578947368421,1.0,0.0,1.0,0.6691348402182413,0.3389121338912131,0.9807299931988211,1.0,1.0,0.0,0.0,0.0,0.0,0.0,0.0,1.0,0.0,0.0,0.0,0.0,1.0,0.0,0.0,0.0,0.0,1.0,0.0,0.0,0.0,0.0,0.0,1.0,0.0
2945,0.13580246913580246,1.0,0.0,0.0,0.44444444444444436,0.0,0.8129472019978762,0.05263157894736842,1.0,0.0,1.0,0.6691348402182413,0.3389121338912131,0.9807299931988211,1.0,1.0,0.0,0.0,0.0,0.0,0.0,0.0,0.0,0.0,1.0,0.0,0.0,0.0,1.0,0.0,0.0,0.0,0.0,0.0,1.0,0.0,0.0,0.0,1.0,0.0
2946,0.2222222222222222,1.0,0.0,0.0,0.44444444444444436,0.0,0.6607297076989791,0.05263157894736842,1.0,0.0,1.0,0.6691348402182413,0.3389121338912131,0.9807299931988211,1.0,0.0,0.0,0.0,0.0,0.0,0.0,0.0,1.0,0.0,0.0,0.0,0.0,0.0,0.0,0.0,0.0,0.0,1.0,0.0,0.0,0.0,0.0,1.0,1.0,0.0
2947,0.3209876543209876,1.0,0.0,0.0,0.44444444444444436,0.0,0.6499874824690127,0.02631578947368421,1.0,0.0,1.0,0.6691348402182413,0.3389121338912131,0.9807299931988211,1.0,0.0,0.0,0.0,0.0,0.0,0.0,0.0,0.0,0.0,0.0,0.0,0.0,1.0,0.0,0.0,0.0,0.0,1.0,0.0,0.0,0.0,0.0,0.0,1.0,0.0
2948,0.06172839506172839,1.0,0.0,1.0,0.44444444444444436,0.0,0.580467578755373,0.2894736842105263,1.0,0.0,1.0,0.6691348402182413,0.3389121338912131,0.9807299931988211,1.0,0.0,0.0,0.0,0.0,0.0,0.0,0.0,0.0,1.0,0.0,0.0,0.0,0.0,1.0,0.0,0.0,0.0,0.0,0.0,0.0,1.0,0.0,0.0,1.0,0.0
2949,0.3209876543209876,1.0,0.0,0.0,0.44444444444444436,0.0,0.6386818846696665,0.07894736842105263,1.0,0.0,1.0,0.6691348402182413,0.3389121338912131,0.9807299931988211,1.0,0.0,1.0,0.0,0.0,0.0,0.0,0.0,0.0,0.0,0.0,0.0,0.0,1.0,0.0,0.0,0.0,1.0,0.0,0.0,0.0,0.0,0.0,1.0,1.0,0.0
2950,0.16049382716049382,0.0,1.0,0.0,0.44444444444444436,0.0,0.8109362957742876,0.26315789473684215,1.0,0.0,1.0,0.6691348402182413,0.3389121338912131,0.9807299931988211,1.0,1.0,1.0,0.0,0.0,0.0,0.0,0.0,0.0,0.0,0.0,0.0,0.0,0.0,1.0,0.0,0.0,1.0,0.0,0.0,0.0,0.0,0.0,0.0,1.0,0.0
2951,0.2222222222222222,1.0,0.0,0.0,0.44444444444444436,0.0,0.6432360720972943,0.05263157894736842,1.0,0.0,1.0,0.6691348402182413,0.3389121338912131,0.9807299931988211,1.0,0.0,0.0,0.0,0.0,0.0,0.0,0.0,0.0,0.0,0.0,0.0,0.0,1.0,0.0,0.0,0.0,0.0,0.0,0.0,0.0,0.0,1.0,1.0,1.0,0.0
2952,0.29629629629629634,0.0,0.0,0.0,0.44444444444444436,0.0,0.8488522981194264,0.05263157894736842,1.0,0.0,1.0,0.6691348402182413,0.3389121338912131,0.9807299931988211,1.0,1.0,0.0,0.0,0.0,0.0,0.0,0.0,0.0,0.0,0.0,0.0,0.0,1.0,0.0,0.0,0.0,0.0,0.0,0.0,0.0,1.0,0.0,0.0,1.0,0.0
2953,0.39506172839506176,0.0,0.0,0.0,0.44444444444444436,0.0,0.5319212752022946,0.05263157894736842,1.0,0.0,1.0,0.6691348402182413,0.3389121338912131,0.9807299931988211,1.0,0.0,0.0,0.0,0.0,0.0,0.0,0.0,0.0,0.0,0.0,0.0,0.0,1.0,0.0,0.0,0.0,0.0,0.0,0.0,0.0,1.0,0.0,1.0,1.0,0.0
2954,0.24691358024691357,1.0,0.0,0.0,0.44444444444444436,0.0,0.8274912756735251,0.10526315789473684,1.0,0.0,1.0,0.6691348402182413,0.3389121338912131,0.9807299931988211,1.0,1.0,0.0,0.0,0.0,0.0,0.0,0.0,0.0,0.0,1.0,0.0,0.0,0.0,0.0,0.0,0.0,0.0,0.0,0.0,1.0,0.0,0.0,1.0,1.0,0.0
2955,0.16049382716049382,0.0,0.0,0.0,0.44444444444444436,0.0,0.6068862413262684,0.02631578947368421,1.0,0.0,1.0,0.6691348402182413,0.3389121338912131,0.9807299931988211,1.0,0.0,1.0,0.0,0.0,0.0,0.0,0.0,0.0,0.0,0.0,0.0,0.0,1.0,0.0,0.0,1.0,0.0,0.0,0.0,0.0,0.0,0.0,0.0,1.0,0.0
2956,0.2716049382716049,1.0,0.0,0.0,0.44444444444444436,0.0,0.8013712334993324,0.05263157894736842,1.0,0.0,1.0,0.6691348402182413,0.3389121338912131,0.9807299931988211,1.0,1.0,0.0,0.0,0.0,1.0,0.0,0.0,0.0,0.0,0.0,0.0,0.0,1.0,0.0,0.0,0.0,0.0,0.0,0.0,0.0,1.0,0.0,1.0,1.0,0.0
2957,0.12345679012345678,1.0,1.0,0.0,0.44444444444444436,0.0,0.5902084636135368,0.07894736842105263,1.0,0.0,1.0,0.6691348402182413,0.3389121338912131,0.9807299931988211,1.0,0.0,0.0,0.0,0.0,0.0,0.0,0.0,0.0,0.0,0.0,0.0,0.0,0.0,1.0,0.0,0.0,0.0,0.0,0.0,0.0,1.0,0.0,0.0,1.0,0.0
2958,0.16049382716049382,0.0,0.0,1.0,0.44444444444444436,0.0,0.6095598825393173,0.05263157894736842,1.0,0.0,1.0,0.6691348402182413,0.3389121338912131,0.9807299931988211,1.0,0.0,0.0,0.0,0.0,0.0,0.0,0.0,0.0,0.0,0.0,0.0,0.0,0.0,1.0,0.0,0.0,0.0,1.0,0.0,0.0,0.0,0.0,0.0,1.0,0.0
2959,0.3209876543209876,1.0,0.0,0.0,0.44444444444444436,0.0,0.3786529388331377,0.7105263157894737,1.0,0.0,1.0,0.6691348402182413,0.3389121338912131,0.9807299931988211,1.0,0.0,0.0,0.0,0.0,0.0,0.0,0.0,0.0,0.0,0.0,0.0,0.0,1.0,0.0,0.0,0.0,0.0,1.0,0.0,0.0,0.0,0.0,0.0,1.0,0.0
2960,0.16049382716049382,0.0,1.0,1.0,0.44444444444444436,0.0,0.5429003918915096,0.26315789473684215,1.0,0.0,1.0,0.6691348402182413,0.3389121338912131,0.9807299931988211,1.0,0.0,0.0,0.0,0.0,1.0,0.0,0.0,0.0,0.0,0.0,0.0,0.0,0.0,1.0,0.0,0.0,0.0,0.0,0.0,0.0,1.0,0.0,0.0,1.0,0.0
2961,0.14814814814814814,1.0,0.0,0.0,0.44444444444444436,0.0,0.6172344610818086,0.05263157894736842,1.0,0.0,1.0,0.6691348402182413,0.3389121338912131,0.9807299931988211,1.0,0.0,1.0,0.0,0.0,0.0,0.0,0.0,0.0,0.0,0.0,0.0,0.0,0.0,1.0,0.0,0.0,1.0,0.0,0.0,0.0,0.0,0.0,0.0,1.0,0.0
2962,0.38271604938271603,0.0,0.0,0.0,0.44444444444444436,0.0,0.47140323828241015,0.05263157894736842,1.0,0.0,1.0,0.6691348402182413,0.3389121338912131,0.9807299931988211,1.0,0.0,1.0,0.0,0.0,0.0,0.0,0.0,0.0,0.0,0.0,0.0,0.0,1.0,0.0,0.0,0.0,1.0,0.0,0.0,0.0,0.0,0.0,0.0,1.0,0.0
2963,0.5061728395061729,0.0,0.0,1.0,0.44444444444444436,0.25,0.4477973110243916,0.18421052631578946,1.0,0.0,1.0,0.6691348402182413,0.3389121338912131,0.9809566991611882,1.0,0.0,0.0,0.0,0.0,0.0,1.0,0.0,0.0,0.0,0.0,0.0,0.0,1.0,0.0,0.0,0.0,0.0,0.0,0.0,1.0,0.0,0.0,1.0,1.0,0.0
2964,0.4444444444444445,0.0,1.0,0.0,0.44444444444444436,0.25,0.5970188304191458,0.05263157894736842,1.0,0.0,1.0,0.6691348402182413,0.3389121338912131,0.9809566991611882,1.0,0.0,0.0,0.0,0.0,0.0,1.0,0.0,0.0,0.0,0.0,0.0,0.0,0.0,0.0,0.0,0.0,0.0,0.0,0.0,0.0,0.0,0.0,1.0,1.0,0.0
2965,0.13580246913580246,0.0,0.0,0.0,0.44444444444444436,0.25,0.5047088377203057,0.3421052631578947,1.0,0.0,1.0,0.6691348402182413,0.3389121338912131,0.9809566991611882,1.0,0.0,0.0,0.0,0.0,0.0,0.0,0.0,0.0,0.0,0.0,0.0,0.0,0.0,1.0,0.0,0.0,0.0,1.0,0.0,0.0,0.0,0.0,0.0,1.0,0.0
2966,0.24691358024691357,0.0,0.0,0.0,0.44444444444444436,0.25,0.77280192893164,0.13157894736842105,1.0,0.0,1.0,0.6691348402182413,0.3389121338912131,0.9809566991611882,1.0,1.0,0.0,0.0,0.0,0.0,0.0,0.0,0.0,0.0,0.0,0.0,0.0,0.0,1.0,0.0,0.0,0.0,1.0,0.0,0.0,0.0,0.0,1.0,1.0,0.0
2967,0.4567901234567901,1.0,0.0,0.0,0.44444444444444436,0.25,0.5917563168597532,0.02631578947368421,1.0,0.0,1.0,0.6691348402182413,0.3389121338912131,0.9809566991611882,1.0,0.0,0.0,0.0,0.0,0.0,1.0,0.0,0.0,0.0,0.0,0.0,0.0,0.0,0.0,0.0,0.0,0.0,0.0,0.0,0.0,1.0,0.0,0.0,1.0,0.0
2968,0.12345679012345678,0.0,0.0,1.0,0.44444444444444436,0.25,0.4980797516051752,0.05263157894736842,1.0,0.0,1.0,0.6691348402182413,0.3389121338912131,0.9809566991611882,1.0,0.0,1.0,0.0,0.0,0.0,0.0,0.0,0.0,0.0,0.0,0.0,0.0,0.0,1.0,0.0,1.0,0.0,0.0,0.0,0.0,0.0,0.0,0.0,1.0,0.0
2969,0.5185185185185184,0.0,0.0,0.0,0.44444444444444436,0.25,0.5651217337279456,0.02631578947368421,1.0,0.0,1.0,0.6691348402182413,0.3389121338912131,0.9809566991611882,1.0,0.0,0.0,0.0,1.0,0.0,0.0,0.0,0.0,0.0,0.0,0.0,0.0,1.0,0.0,0.0,0.0,0.0,0.0,0.0,0.0,0.0,0.0,1.0,1.0,0.0
2970,0.16049382716049382,1.0,0.0,0.0,0.44444444444444436,0.25,0.8481587948611198,0.02631578947368421,1.0,0.0,1.0,0.6691348402182413,0.3389121338912131,0.9809566991611882,1.0,1.0,0.0,0.0,0.0,0.0,0.0,0.0,0.0,0.0,0.0,0.0,0.0,0.0,1.0,0.0,0.0,0.0,1.0,0.0,0.0,0.0,0.0,0.0,1.0,0.0
2971,0.19753086419753085,1.0,0.0,0.0,0.44444444444444436,0.25,0.6624284397381989,0.10526315789473684,1.0,0.0,1.0,0.6691348402182413,0.3389121338912131,0.9809566991611882,1.0,0.0,0.0,0.0,0.0,0.0,0.0,0.0,1.0,0.0,0.0,0.0,0.0,1.0,0.0,0.0,0.0,0.0,1.0,0.0,0.0,0.0,0.0,0.0,1.0,0.0
2972,0.19753086419753085,0.0,0.0,0.0,0.44444444444444436,0.25,0.8214301036047047,0.0,1.0,0.0,1.0,0.6691348402182413,0.3389121338912131,0.9809566991611882,1.0,1.0,1.0,0.0,0.0,0.0,0.0,0.0,0.0,0.0,0.0,0.0,0.0,1.0,0.0,0.0,1.0,0.0,0.0,0.0,0.0,0.0,0.0,0.0,1.0,0.0
2973,0.2345679012345679,0.0,0.0,0.0,0.44444444444444436,0.25,0.5306356323565045,0.0,1.0,0.0,1.0,0.6691348402182413,0.3389121338912131,0.9809566991611882,1.0,0.0,0.0,0.0,0.0,0.0,0.0,0.0,0.0,0.0,0.0,0.0,0.0,0.0,1.0,0.0,0.0,0.0,1.0,0.0,0.0,0.0,0.0,0.0,1.0,0.0
2974,0.19753086419753085,1.0,0.0,0.0,0.44444444444444436,0.25,0.7731314393697406,0.0,1.0,0.0,1.0,0.6691348402182413,0.3389121338912131,0.9809566991611882,1.0,1.0,0.0,0.0,0.0,0.0,0.0,0.0,1.0,0.0,0.0,0.0,0.0,0.0,1.0,0.0,0.0,0.0,1.0,0.0,0.0,0.0,0.0,0.0,1.0,0.0
2975,0.2222222222222222,0.0,0.0,0.0,0.44444444444444436,0.25,0.7445976649216831,0.0,1.0,0.0,1.0,0.6691348402182413,0.3389121338912131,0.9809566991611882,1.0,1.0,1.0,0.0,0.0,0.0,0.0,0.0,0.0,0.0,0.0,0.0,0.0,1.0,0.0,0.0,0.0,0.0,0.0,0.0,0.0,0.0,1.0,1.0,1.0,0.0
2976,0.25925925925925924,0.0,0.0,0.0,0.44444444444444436,0.25,0.7691150555250048,0.0,1.0,0.0,1.0,0.6691348402182413,0.3389121338912131,0.9809566991611882,1.0,1.0,1.0,0.0,0.0,0.0,0.0,0.0,0.0,0.0,0.0,0.0,0.0,1.0,0.0,0.0,0.0,0.0,0.0,0.0,0.0,0.0,0.0,1.0,1.0,0.0
2977,0.2716049382716049,1.0,0.0,0.0,0.44444444444444436,0.25,0.5752769507338984,0.13157894736842105,1.0,0.0,1.0,0.6691348402182413,0.3389121338912131,0.9809566991611882,1.0,0.0,1.0,0.0,0.0,0.0,0.0,0.0,0.0,0.0,0.0,0.0,0.0,0.0,1.0,0.0,0.0,0.0,1.0,0.0,0.0,0.0,0.0,1.0,1.0,0.0
2978,0.48148148148148145,0.0,0.0,0.0,0.44444444444444436,0.25,0.8638450422003625,0.0,1.0,0.0,1.0,0.6691348402182413,0.3389121338912131,0.9809566991611882,1.0,1.0,1.0,0.0,0.0,0.0,0.0,0.0,0.0,0.0,0.0,0.0,0.0,1.0,0.0,0.0,0.0,0.0,0.0,0.0,0.0,0.0,0.0,1.0,1.0,0.0
2979,0.48148148148148145,1.0,0.0,0.0,0.44444444444444436,0.25,0.8146934262870854,0.0,1.0,0.0,1.0,0.6691348402182413,0.3389121338912131,0.9809566991611882,1.0,0.0,1.0,0.0,0.0,0.0,0.0,0.0,0.0,0.0,0.0,0.0,0.0,1.0,0.0,0.0,0.0,0.0,0.0,0.0,0.0,0.0,1.0,1.0,1.0,0.0
2980,0.08641975308641975,0.0,0.0,0.0,0.44444444444444436,0.25,0.6603011638753588,0.07894736842105263,1.0,0.0,1.0,0.6691348402182413,0.3389121338912131,0.9809566991611882,1.0,0.0,1.0,0.0,0.0,0.0,0.0,0.0,0.0,0.0,0.0,0.0,0.0,1.0,0.0,0.0,0.0,0.0,0.0,0.0,1.0,0.0,0.0,0.0,1.0,0.0
2981,0.39506172839506176,0.0,0.0,0.0,0.44444444444444436,0.25,0.36884433080126383,0.13157894736842105,1.0,0.0,1.0,0.6691348402182413,0.3389121338912131,0.9809566991611882,1.0,0.0,0.0,0.0,0.0,0.0,0.0,0.0,0.0,0.0,0.0,0.0,0.0,1.0,0.0,0.0,0.0,0.0,0.0,0.0,0.0,1.0,0.0,1.0,1.0,0.0
2982,0.2222222222222222,1.0,0.0,0.0,0.44444444444444436,0.25,0.7326918229785724,0.0,1.0,0.0,1.0,0.6691348402182413,0.3389121338912131,0.9809566991611882,1.0,0.0,1.0,0.0,0.0,0.0,0.0,0.0,0.0,0.0,0.0,0.0,0.0,1.0,0.0,0.0,0.0,0.0,0.0,0.0,0.0,0.0,1.0,0.0,1.0,0.0
2983,0.18518518518518517,0.0,1.0,1.0,0.44444444444444436,0.25,0.7536742848959364,0.0,1.0,0.0,1.0,0.6691348402182413,0.3389121338912131,0.9809566991611882,1.0,0.0,1.0,0.0,0.0,0.0,0.0,0.0,0.0,0.0,0.0,0.0,0.0,1.0,0.0,0.0,0.0,0.0,0.0,0.0,0.0,0.0,0.0,0.0,1.0,0.0
2984,0.2716049382716049,0.0,1.0,0.0,0.44444444444444436,0.25,0.5306356323565045,0.0,1.0,0.0,1.0,0.6691348402182413,0.3389121338912131,0.9809566991611882,1.0,0.0,0.0,0.0,0.0,0.0,0.0,0.0,0.0,0.0,1.0,0.0,0.0,1.0,0.0,0.0,0.0,0.0,0.0,0.0,1.0,0.0,0.0,0.0,1.0,0.0
2985,0.2222222222222222,0.0,1.0,0.0,0.44444444444444436,0.25,0.7628210353018958,0.02631578947368421,1.0,0.0,1.0,0.6691348402182413,0.3389121338912131,0.9809566991611882,1.0,1.0,0.0,0.0,0.0,0.0,0.0,0.0,1.0,0.0,0.0,0.0,0.0,0.0,0.0,0.0,0.0,0.0,0.0,0.0,0.0,1.0,0.0,0.0,1.0,0.0
2986,0.2222222222222222,1.0,0.0,1.0,0.44444444444444436,0.25,0.5679794082497067,0.0,1.0,0.0,1.0,0.6691348402182413,0.3389121338912131,0.9809566991611882,1.0,0.0,0.0,0.0,0.0,0.0,0.0,0.0,1.0,0.0,0.0,0.0,0.0,0.0,0.0,0.0,0.0,1.0,0.0,0.0,0.0,0.0,0.0,0.0,1.0,0.0
2987,0.20987654320987653,0.0,0.0,1.0,0.44444444444444436,0.25,0.40010036242099567,0.39473684210526316,1.0,0.0,1.0,0.6691348402182413,0.3389121338912131,0.9809566991611882,1.0,0.0,0.0,0.0,0.0,0.0,0.0,0.0,1.0,0.0,0.0,0.0,0.0,0.0,1.0,0.0,0.0,0.0,1.0,0.0,0.0,0.0,0.0,0.0,1.0,0.0
2988,0.14814814814814814,0.0,0.0,0.0,0.44444444444444436,0.25,0.5947922311468027,0.05263157894736842,1.0,0.0,1.0,0.6691348402182413,0.3389121338912131,0.9809566991611882,1.0,0.0,0.0,0.0,0.0,0.0,0.0,0.0,0.0,0.0,1.0,0.0,0.0,1.0,0.0,0.0,0.0,0.0,0.0,0.0,1.0,0.0,0.0,0.0,1.0,0.0
2989,0.4074074074074074,0.0,1.0,0.0,0.44444444444444436,0.25,0.7934768862855838,0.0,1.0,0.0,1.0,0.6691348402182413,0.3389121338912131,0.9809566991611882,1.0,1.0,1.0,0.0,0.0,0.0,0.0,0.0,0.0,0.0,0.0,0.0,0.0,1.0,0.0,0.0,0.0,0.0,0.0,0.0,0.0,0.0,0.0,0.0,1.0,0.0
2990,0.2345679012345679,1.0,0.0,1.0,0.44444444444444436,0.25,0.6550330380858423,0.2894736842105263,1.0,0.0,1.0,0.6691348402182413,0.3389121338912131,0.9809566991611882,1.0,0.0,0.0,0.0,0.0,0.0,0.0,0.0,1.0,0.0,0.0,0.0,0.0,0.0,0.0,0.0,0.0,0.0,0.0,0.0,1.0,0.0,0.0,0.0,1.0,0.0
2991,0.1111111111111111,1.0,0.0,0.0,0.44444444444444436,0.25,0.8839404693550165,0.02631578947368421,1.0,0.0,1.0,0.6691348402182413,0.3389121338912131,0.9809566991611882,1.0,1.0,1.0,0.0,0.0,0.0,0.0,0.0,0.0,0.0,0.0,0.0,0.0,0.0,1.0,0.0,1.0,0.0,0.0,0.0,0.0,0.0,0.0,1.0,1.0,0.0
2992,0.2222222222222222,1.0,0.0,0.0,0.44444444444444436,0.25,0.7744403279718529,0.02631578947368421,1.0,0.0,1.0,0.6691348402182413,0.3389121338912131,0.9809566991611882,1.0,1.0,0.0,0.0,0.0,0.0,0.0,0.0,1.0,0.0,0.0,0.0,0.0,0.0,0.0,0.0,0.0,0.0,0.0,0.0,0.0,1.0,0.0,0.0,1.0,0.0
2993,0.06172839506172839,1.0,0.0,0.0,0.44444444444444436,0.25,0.6480977205520548,0.05263157894736842,1.0,0.0,1.0,0.6691348402182413,0.3389121338912131,0.9809566991611882,1.0,0.0,0.0,0.0,0.0,0.0,0.0,0.0,1.0,0.0,0.0,0.0,0.0,0.0,1.0,0.0,0.0,0.0,1.0,0.0,0.0,0.0,0.0,0.0,1.0,0.0
2994,0.2716049382716049,0.0,0.0,1.0,0.44444444444444436,0.25,0.6261730746079361,0.02631578947368421,1.0,0.0,1.0,0.6691348402182413,0.3389121338912131,0.9809566991611882,1.0,0.0,1.0,0.0,0.0,0.0,0.0,0.0,0.0,0.0,0.0,0.0,0.0,1.0,0.0,0.0,0.0,0.0,0.0,0.0,0.0,0.0,0.0,0.0,1.0,0.0
2995,0.12345679012345678,0.0,0.0,0.0,0.44444444444444436,0.25,0.8609954753506692,0.0,1.0,0.0,1.0,0.6691348402182413,0.3389121338912131,0.9809566991611882,1.0,1.0,1.0,0.0,0.0,0.0,0.0,0.0,0.0,0.0,0.0,0.0,0.0,0.0,1.0,0.0,1.0,0.0,0.0,0.0,0.0,0.0,0.0,0.0,1.0,0.0
2996,0.16049382716049382,1.0,0.0,0.0,0.44444444444444436,0.25,0.5679794082497067,0.02631578947368421,1.0,0.0,1.0,0.6691348402182413,0.3389121338912131,0.9809566991611882,1.0,0.0,0.0,0.0,0.0,0.0,0.0,0.0,0.0,0.0,0.0,0.0,0.0,0.0,1.0,0.0,0.0,0.0,0.0,0.0,0.0,1.0,0.0,0.0,1.0,0.0
2997,0.14814814814814814,1.0,0.0,0.0,0.44444444444444436,0.25,0.80864736760459,0.02631578947368421,1.0,0.0,1.0,0.6691348402182413,0.3389121338912131,0.9809566991611882,1.0,1.0,1.0,0.0,0.0,0.0,0.0,0.0,0.0,0.0,0.0,0.0,0.0,0.0,1.0,0.0,0.0,0.0,1.0,0.0,0.0,0.0,0.0,0.0,1.0,0.0
2998,0.38271604938271603,1.0,0.0,0.0,0.44444444444444436,0.25,0.6563723521677338,0.0,1.0,0.0,1.0,0.6691348402182413,0.3389121338912131,0.9809566991611882,1.0,0.0,1.0,0.0,0.0,0.0,0.0,0.0,0.0,0.0,0.0,0.0,0.0,1.0,0.0,0.0,0.0,0.0,0.0,0.0,0.0,0.0,0.0,0.0,1.0,0.0
2999,0.5061728395061729,0.0,0.0,0.0,0.44444444444444436,0.25,0.6013494476505862,0.02631578947368421,1.0,0.0,1.0,0.6691348402182413,0.3389121338912131,0.9809566991611882,1.0,0.0,0.0,0.0,0.0,0.0,1.0,0.0,0.0,0.0,0.0,0.0,0.0,1.0,0.0,0.0,0.0,0.0,0.0,0.0,0.0,0.0,0.0,0.0,1.0,0.0
3000,0.2839506172839506,0.0,0.0,0.0,0.44444444444444436,0.25,0.7065582517915311,0.02631578947368421,1.0,0.0,1.0,0.6691348402182413,0.3389121338912131,0.9809566991611882,1.0,0.0,1.0,0.0,0.0,0.0,0.0,0.0,0.0,0.0,0.0,0.0,0.0,1.0,0.0,0.0,0.0,0.0,1.0,0.0,0.0,0.0,0.0,0.0,1.0,0.0
3001,0.12345679012345678,0.0,0.0,0.0,0.44444444444444436,0.25,0.5716847586578249,0.0,1.0,0.0,1.0,0.6691348402182413,0.3389121338912131,0.9809566991611882,1.0,0.0,0.0,0.0,0.0,0.0,0.0,0.0,0.0,0.0,0.0,0.0,0.0,0.0,1.0,0.0,0.0,0.0,0.0,0.0,0.0,1.0,0.0,1.0,1.0,0.0
3002,0.12345679012345678,1.0,0.0,0.0,0.44444444444444436,0.25,0.6381648062569562,0.0,1.0,0.0,1.0,0.6691348402182413,0.3389121338912131,0.9809566991611882,1.0,0.0,0.0,0.0,0.0,0.0,0.0,0.0,0.0,0.0,0.0,0.0,0.0,0.0,1.0,0.0,0.0,0.0,0.0,0.0,0.0,1.0,0.0,1.0,1.0,0.0
3003,0.24691358024691357,1.0,0.0,0.0,0.44444444444444436,0.25,0.7640715346196701,0.02631578947368421,1.0,0.0,1.0,0.6691348402182413,0.3389121338912131,0.9809566991611882,1.0,0.0,0.0,0.0,0.0,0.0,0.0,0.0,0.0,1.0,0.0,0.0,0.0,0.0,1.0,0.0,0.0,0.0,0.0,0.0,0.0,0.0,1.0,0.0,1.0,0.0
3004,0.19753086419753085,0.0,1.0,0.0,0.44444444444444436,0.25,0.8529295923059607,0.02631578947368421,1.0,0.0,1.0,0.6691348402182413,0.3389121338912131,0.9809566991611882,1.0,0.0,0.0,0.0,0.0,0.0,0.0,0.0,0.0,0.0,1.0,0.0,0.0,0.0,1.0,0.0,0.0,0.0,0.0,0.0,1.0,0.0,0.0,0.0,1.0,0.0
3005,0.39506172839506176,1.0,0.0,0.0,0.44444444444444436,0.25,0.5429003918915096,0.21052631578947367,1.0,0.0,1.0,0.6691348402182413,0.3389121338912131,0.9809566991611882,1.0,0.0,0.0,0.0,0.0,0.0,0.0,0.0,1.0,0.0,0.0,0.0,0.0,0.0,0.0,0.0,0.0,0.0,1.0,0.0,0.0,0.0,0.0,1.0,1.0,0.0
3006,0.09876543209876543,1.0,0.0,0.0,0.44444444444444436,0.25,0.7523075540922047,0.10526315789473684,1.0,0.0,1.0,0.6691348402182413,0.3389121338912131,0.9809566991611882,1.0,1.0,0.0,0.0,0.0,0.0,0.0,0.0,1.0,0.0,0.0,0.0,0.0,0.0,1.0,0.0,0.0,0.0,0.0,0.0,0.0,0.0,1.0,0.0,1.0,0.0
3007,0.4444444444444445,0.0,0.0,0.0,0.44444444444444436,0.25,0.7257630807830285,0.02631578947368421,1.0,0.0,1.0,0.6691348402182413,0.3389121338912131,0.9809566991611882,1.0,0.0,0.0,0.0,0.0,1.0,0.0,0.0,0.0,0.0,0.0,0.0,0.0,1.0,0.0,0.0,0.0,0.0,0.0,0.0,0.0,1.0,0.0,0.0,1.0,0.0
3008,0.12345679012345678,1.0,0.0,0.0,0.44444444444444436,0.25,0.7212477446188635,0.0,1.0,0.0,1.0,0.6691348402182413,0.3389121338912131,0.9809566991611882,1.0,0.0,0.0,0.0,0.0,0.0,0.0,0.0,0.0,0.0,1.0,0.0,0.0,1.0,0.0,0.0,0.0,0.0,0.0,0.0,0.0,1.0,0.0,0.0,1.0,0.0
3009,0.24691358024691357,0.0,0.0,0.0,0.44444444444444436,0.25,0.5507832068127649,0.02631578947368421,1.0,0.0,1.0,0.6691348402182413,0.3389121338912131,0.9809566991611882,1.0,0.0,1.0,0.0,0.0,0.0,0.0,0.0,0.0,0.0,0.0,0.0,0.0,0.0,0.0,0.0,0.0,0.0,0.0,0.0,1.0,0.0,0.0,0.0,1.0,0.0
3010,0.12345679012345678,0.0,1.0,1.0,0.44444444444444436,0.25,0.6661632026103997,0.02631578947368421,1.0,0.0,1.0,0.6691348402182413,0.3389121338912131,0.9809566991611882,1.0,0.0,0.0,0.0,0.0,0.0,0.0,0.0,0.0,0.0,0.0,0.0,0.0,0.0,1.0,0.0,0.0,0.0,0.0,0.0,0.0,1.0,0.0,1.0,1.0,0.0
3011,0.3209876543209876,1.0,0.0,0.0,0.44444444444444436,0.25,0.5813108450867737,0.05263157894736842,1.0,0.0,1.0,0.6691348402182413,0.3389121338912131,0.9809566991611882,1.0,0.0,0.0,0.0,0.0,0.0,0.0,0.0,1.0,0.0,0.0,0.0,0.0,0.0,0.0,0.0,0.0,0.0,0.0,0.0,0.0,0.0,1.0,1.0,1.0,0.0
3012,0.19753086419753085,1.0,0.0,0.0,0.44444444444444436,0.25,0.7445976649216831,0.02631578947368421,1.0,0.0,1.0,0.6691348402182413,0.3389121338912131,0.9809566991611882,1.0,1.0,0.0,0.0,0.0,0.0,0.0,0.0,1.0,0.0,0.0,0.0,0.0,0.0,1.0,0.0,0.0,0.0,1.0,0.0,0.0,0.0,0.0,1.0,1.0,0.0
3013,0.25925925925925924,1.0,1.0,0.0,0.44444444444444436,0.25,0.4735228478707203,0.05263157894736842,1.0,0.0,1.0,0.6691348402182413,0.3389121338912131,0.9809566991611882,1.0,0.0,0.0,0.0,0.0,0.0,0.0,1.0,0.0,0.0,0.0,0.0,0.0,0.0,1.0,0.0,0.0,0.0,0.0,0.0,0.0,0.0,1.0,0.0,1.0,0.0
3014,0.12345679012345678,0.0,0.0,0.0,0.44444444444444436,0.25,0.8377095968603098,0.15789473684210525,1.0,0.0,1.0,0.6691348402182413,0.3389121338912131,0.9809566991611882,1.0,1.0,0.0,0.0,0.0,0.0,0.0,0.0,0.0,0.0,0.0,0.0,0.0,0.0,1.0,0.0,0.0,0.0,0.0,0.0,0.0,1.0,0.0,0.0,1.0,0.0
3015,0.419753086419753,1.0,0.0,0.0,0.44444444444444436,0.25,0.5947922311468027,0.05263157894736842,1.0,0.0,1.0,0.6691348402182413,0.3389121338912131,0.9809566991611882,1.0,0.0,1.0,0.0,0.0,0.0,0.0,0.0,0.0,0.0,0.0,0.0,0.0,1.0,0.0,0.0,0.0,1.0,0.0,0.0,0.0,0.0,0.0,1.0,1.0,0.0
3016,0.25925925925925924,1.0,0.0,0.0,0.44444444444444436,0.25,0.5452070373544604,0.10526315789473684,1.0,0.0,1.0,0.6691348402182413,0.3389121338912131,0.9809566991611882,1.0,0.0,1.0,0.0,0.0,0.0,0.0,0.0,0.0,0.0,0.0,0.0,0.0,1.0,0.0,0.0,1.0,0.0,0.0,0.0,0.0,0.0,0.0,0.0,1.0,0.0
3017,0.20987654320987653,1.0,0.0,0.0,0.44444444444444436,0.25,0.56984667205054,0.07894736842105263,1.0,0.0,1.0,0.6691348402182413,0.3389121338912131,0.9809566991611882,1.0,0.0,1.0,0.0,0.0,0.0,0.0,0.0,0.0,0.0,0.0,0.0,0.0,1.0,0.0,0.0,1.0,0.0,0.0,0.0,0.0,0.0,0.0,1.0,1.0,0.0
3018,0.12345679012345678,1.0,1.0,0.0,0.44444444444444436,0.25,0.6480977205520548,0.07894736842105263,1.0,0.0,1.0,0.6691348402182413,0.3389121338912131,0.9809566991611882,1.0,0.0,1.0,0.0,0.0,0.0,0.0,0.0,0.0,0.0,0.0,0.0,0.0,0.0,1.0,0.0,1.0,0.0,0.0,0.0,0.0,0.0,0.0,0.0,1.0,0.0
3019,0.35802469135802467,0.0,0.0,0.0,0.44444444444444436,0.25,0.6255978404568726,0.07894736842105263,1.0,0.0,1.0,0.6691348402182413,0.3389121338912131,0.9809566991611882,1.0,0.0,1.0,0.0,0.0,0.0,0.0,0.0,0.0,0.0,0.0,0.0,0.0,1.0,0.0,0.0,0.0,0.0,0.0,0.0,0.0,0.0,0.0,1.0,1.0,0.0
3020,0.09876543209876543,0.0,0.0,0.0,0.44444444444444436,0.25,0.41131218966975264,0.05263157894736842,1.0,0.0,1.0,0.6691348402182413,0.3389121338912131,0.9809566991611882,1.0,0.0,0.0,0.0,0.0,0.0,0.0,0.0,1.0,0.0,0.0,0.0,0.0,0.0,1.0,0.0,0.0,0.0,1.0,0.0,0.0,0.0,0.0,0.0,1.0,0.0
3021,0.2345679012345679,1.0,0.0,0.0,0.44444444444444436,0.25,0.795534696476893,0.07894736842105263,1.0,0.0,1.0,0.6691348402182413,0.3389121338912131,0.9809566991611882,1.0,1.0,1.0,0.0,0.0,0.0,0.0,0.0,0.0,0.0,0.0,0.0,0.0,1.0,0.0,0.0,1.0,0.0,0.0,0.0,0.0,0.0,0.0,0.0,1.0,0.0
3022,0.07407407407407407,1.0,0.0,0.0,0.44444444444444436,0.25,0.6767047422935657,0.02631578947368421,1.0,0.0,1.0,0.6691348402182413,0.3389121338912131,0.9809566991611882,1.0,0.0,0.0,0.0,0.0,1.0,0.0,0.0,0.0,0.0,0.0,0.0,0.0,0.0,1.0,0.0,0.0,0.0,0.0,0.0,0.0,1.0,0.0,0.0,1.0,0.0
3023,0.25925925925925924,1.0,0.0,0.0,0.44444444444444436,0.25,0.8169821200647509,0.18421052631578946,1.0,0.0,1.0,0.6691348402182413,0.3389121338912131,0.9809566991611882,1.0,1.0,0.0,0.0,0.0,0.0,0.0,0.0,0.0,0.0,1.0,0.0,0.0,1.0,0.0,0.0,0.0,0.0,1.0,0.0,0.0,0.0,0.0,0.0,1.0,0.0
3024,0.29629629629629634,1.0,0.0,1.0,0.44444444444444436,0.25,0.6897691298684182,0.26315789473684215,1.0,0.0,1.0,0.6691348402182413,0.3389121338912131,0.9809566991611882,1.0,0.0,1.0,0.0,0.0,0.0,0.0,0.0,0.0,0.0,0.0,0.0,0.0,0.0,0.0,0.0,0.0,0.0,0.0,0.0,0.0,0.0,1.0,0.0,1.0,0.0
3025,0.43209876543209874,1.0,0.0,0.0,0.44444444444444436,0.25,0.6027582686746316,0.05263157894736842,1.0,0.0,1.0,0.6691348402182413,0.3389121338912131,0.9809566991611882,1.0,0.0,0.0,1.0,0.0,0.0,0.0,0.0,0.0,0.0,0.0,0.0,0.0,1.0,0.0,0.0,0.0,0.0,0.0,0.0,0.0,1.0,0.0,1.0,1.0,0.0
3026,0.2222222222222222,1.0,0.0,0.0,0.44444444444444436,0.25,0.4309636218912418,0.0,1.0,0.0,1.0,0.6691348402182413,0.3389121338912131,0.9809566991611882,1.0,0.0,0.0,0.0,1.0,0.0,0.0,0.0,0.0,0.0,0.0,0.0,0.0,1.0,0.0,0.0,0.0,0.0,0.0,0.0,0.0,0.0,0.0,0.0,1.0,0.0
3027,0.1728395061728395,0.0,0.0,1.0,0.44444444444444436,0.25,0.786785606586147,0.26315789473684215,1.0,0.0,1.0,0.6691348402182413,0.3389121338912131,0.9809566991611882,1.0,1.0,1.0,0.0,0.0,0.0,0.0,0.0,0.0,0.0,0.0,0.0,0.0,0.0,1.0,0.0,0.0,0.0,1.0,0.0,0.0,0.0,0.0,0.0,1.0,0.0
3028,0.13580246913580246,0.0,0.0,0.0,0.44444444444444436,0.25,0.5846247304098844,0.10526315789473684,1.0,0.0,1.0,0.6691348402182413,0.3389121338912131,0.9809566991611882,1.0,0.0,1.0,0.0,0.0,0.0,0.0,0.0,0.0,0.0,0.0,0.0,0.0,1.0,0.0,0.0,0.0,1.0,0.0,0.0,0.0,0.0,0.0,0.0,1.0,0.0
3029,0.14814814814814814,1.0,0.0,0.0,0.44444444444444436,0.25,0.7731314393697406,0.0,1.0,0.0,1.0,0.6691348402182413,0.3389121338912131,0.9809566991611882,1.0,0.0,1.0,0.0,0.0,0.0,0.0,0.0,0.0,0.0,0.0,0.0,0.0,0.0,1.0,0.0,0.0,1.0,0.0,0.0,0.0,0.0,0.0,1.0,1.0,0.0
3030,0.1728395061728395,0.0,0.0,0.0,0.44444444444444436,0.25,0.8685436156767924,0.3157894736842105,1.0,0.0,1.0,0.6691348402182413,0.3389121338912131,0.9809566991611882,1.0,1.0,1.0,0.0,0.0,0.0,0.0,0.0,0.0,0.0,0.0,0.0,0.0,1.0,0.0,0.0,0.0,0.0,0.0,0.0,0.0,0.0,1.0,1.0,1.0,0.0
3031,0.13580246913580246,1.0,0.0,0.0,0.44444444444444436,0.5,0.6355447614376443,0.02631578947368421,1.0,0.0,1.0,0.6691348402182413,0.3389121338912131,0.9814101110859217,1.0,0.0,1.0,0.0,0.0,0.0,0.0,0.0,0.0,0.0,0.0,0.0,0.0,0.0,1.0,0.0,0.0,0.0,1.0,0.0,0.0,0.0,0.0,0.0,1.0,0.0
3032,0.3209876543209876,1.0,1.0,0.0,0.44444444444444436,0.5,0.506309340633733,0.0,1.0,0.0,1.0,0.6691348402182413,0.3389121338912131,0.9814101110859217,1.0,0.0,0.0,0.0,0.0,0.0,0.0,0.0,0.0,0.0,0.0,0.0,0.0,1.0,0.0,0.0,0.0,0.0,0.0,0.0,0.0,1.0,0.0,0.0,1.0,0.0
3033,0.12345679012345678,1.0,0.0,0.0,0.44444444444444436,0.5,0.6006386590863215,0.0,1.0,0.0,1.0,0.6691348402182413,0.3389121338912131,0.9814101110859217,1.0,0.0,1.0,0.0,0.0,0.0,0.0,0.0,0.0,0.0,0.0,0.0,0.0,0.0,1.0,0.0,0.0,0.0,1.0,0.0,0.0,0.0,0.0,0.0,1.0,0.0
3034,0.5061728395061729,0.0,0.0,1.0,0.44444444444444436,0.5,0.6082306576679029,0.0,1.0,0.0,1.0,0.6691348402182413,0.3389121338912131,0.9814101110859217,1.0,0.0,0.0,1.0,0.0,0.0,0.0,0.0,0.0,0.0,0.0,0.0,0.0,1.0,0.0,0.0,0.0,0.0,0.0,0.0,0.0,1.0,0.0,0.0,1.0,0.0
3035,0.1728395061728395,1.0,0.0,0.0,0.44444444444444436,0.5,0.8036778789622832,0.0,1.0,0.0,1.0,0.6691348402182413,0.3389121338912131,0.9814101110859217,1.0,1.0,0.0,0.0,0.0,0.0,0.0,0.0,0.0,0.0,0.0,0.0,0.0,0.0,1.0,0.0,0.0,0.0,1.0,0.0,0.0,0.0,0.0,0.0,1.0,0.0
3036,0.1728395061728395,1.0,1.0,0.0,0.44444444444444436,0.5,0.7963478459093186,0.0,1.0,0.0,1.0,0.6691348402182413,0.3389121338912131,0.9814101110859217,1.0,1.0,1.0,0.0,0.0,0.0,0.0,0.0,0.0,0.0,0.0,0.0,0.0,0.0,1.0,0.0,0.0,0.0,1.0,0.0,0.0,0.0,0.0,0.0,1.0,0.0
3037,0.07407407407407407,0.0,1.0,0.0,0.44444444444444436,0.5,0.6178519698461769,0.0,1.0,0.0,1.0,0.6691348402182413,0.3389121338912131,0.9814101110859217,1.0,0.0,0.0,0.0,0.0,0.0,0.0,0.0,0.0,0.0,0.0,0.0,0.0,0.0,1.0,0.0,0.0,0.0,0.0,0.0,1.0,0.0,0.0,0.0,1.0,0.0
3038,0.07407407407407407,1.0,0.0,0.0,0.44444444444444436,0.5,0.4796617267459457,0.0,1.0,0.0,1.0,0.6691348402182413,0.3389121338912131,0.9814101110859217,1.0,0.0,0.0,0.0,0.0,0.0,0.0,0.0,0.0,0.0,0.0,0.0,0.0,0.0,1.0,0.0,0.0,0.0,0.0,0.0,1.0,0.0,0.0,0.0,1.0,0.0
3039,0.16049382716049382,1.0,0.0,0.0,0.44444444444444436,0.5,0.775734813105844,0.0,1.0,0.0,1.0,0.6691348402182413,0.3389121338912131,0.9814101110859217,1.0,0.0,0.0,0.0,0.0,0.0,0.0,0.0,0.0,0.0,0.0,0.0,0.0,0.0,1.0,0.0,0.0,0.0,1.0,0.0,0.0,0.0,0.0,0.0,1.0,0.0
3040,0.4691358024691357,1.0,0.0,0.0,0.44444444444444436,0.5,0.7308208467673027,0.0,1.0,0.0,1.0,0.6691348402182413,0.3389121338912131,0.9814101110859217,1.0,0.0,0.0,0.0,0.0,0.0,1.0,0.0,0.0,0.0,0.0,0.0,0.0,1.0,0.0,0.0,0.0,0.0,0.0,0.0,0.0,0.0,0.0,0.0,1.0,0.0
3041,0.4074074074074074,1.0,0.0,0.0,0.44444444444444436,0.5,0.5796182238056906,0.0,1.0,0.0,1.0,0.6691348402182413,0.3389121338912131,0.9814101110859217,1.0,0.0,0.0,0.0,0.0,0.0,0.0,0.0,0.0,0.0,0.0,0.0,0.0,1.0,0.0,0.0,1.0,0.0,0.0,0.0,0.0,0.0,0.0,0.0,1.0,0.0
3042,0.4691358024691357,0.0,0.0,0.0,0.44444444444444436,0.5,0.7806205650549668,0.0,1.0,0.0,1.0,0.6691348402182413,0.3389121338912131,0.9814101110859217,1.0,1.0,0.0,0.0,0.0,0.0,1.0,0.0,0.0,0.0,0.0,0.0,0.0,1.0,0.0,0.0,0.0,0.0,0.0,0.0,0.0,0.0,0.0,0.0,1.0,0.0
3043,0.2345679012345679,1.0,1.0,0.0,0.44444444444444436,0.5,0.672135812695421,0.0,1.0,0.0,1.0,0.6691348402182413,0.3389121338912131,0.9814101110859217,1.0,0.0,1.0,0.0,0.0,0.0,0.0,0.0,0.0,0.0,0.0,0.0,0.0,1.0,0.0,0.0,0.0,0.0,1.0,0.0,0.0,0.0,0.0,0.0,1.0,0.0
3044,0.2716049382716049,0.0,0.0,0.0,0.44444444444444436,0.5,0.8317656873272035,0.0,1.0,0.0,1.0,0.6691348402182413,0.3389121338912131,0.9814101110859217,1.0,1.0,0.0,0.0,0.0,0.0,0.0,0.0,0.0,0.0,0.0,0.0,0.0,1.0,0.0,0.0,1.0,0.0,0.0,0.0,0.0,0.0,0.0,1.0,1.0,0.0
3045,0.5185185185185184,1.0,0.0,0.0,0.44444444444444436,0.5,0.5838049699531718,0.0,1.0,0.0,1.0,0.6691348402182413,0.3389121338912131,0.9814101110859217,1.0,0.0,0.0,0.0,0.0,0.0,0.0,0.0,0.0,0.0,1.0,0.0,0.0,0.0,0.0,0.0,0.0,1.0,0.0,0.0,0.0,0.0,0.0,0.0,1.0,0.0
3046,0.1111111111111111,0.0,1.0,0.0,0.44444444444444436,0.5,0.5787626916748434,0.0,1.0,0.0,1.0,0.6691348402182413,0.3389121338912131,0.9814101110859217,1.0,0.0,0.0,0.0,0.0,0.0,0.0,0.0,0.0,0.0,0.0,0.0,0.0,0.0,1.0,0.0,0.0,0.0,1.0,0.0,0.0,0.0,0.0,0.0,1.0,0.0
3047,0.04938271604938271,0.0,0.0,0.0,0.44444444444444436,0.5,0.5977517620704379,0.0,1.0,0.0,1.0,0.6691348402182413,0.3389121338912131,0.9814101110859217,1.0,0.0,1.0,0.0,0.0,0.0,0.0,0.0,0.0,0.0,0.0,0.0,0.0,1.0,0.0,0.0,0.0,1.0,0.0,0.0,0.0,0.0,0.0,0.0,1.0,0.0
3048,0.24691358024691357,1.0,1.0,0.0,0.44444444444444436,0.5,0.7589877432419946,0.0,1.0,0.0,1.0,0.6691348402182413,0.3389121338912131,0.9814101110859217,1.0,1.0,0.0,0.0,0.0,0.0,0.0,0.0,0.0,0.0,0.0,1.0,0.0,0.0,1.0,0.0,0.0,1.0,0.0,0.0,0.0,0.0,0.0,1.0,1.0,0.0
3049,0.38271604938271603,1.0,0.0,0.0,0.44444444444444436,0.5,0.3463695194647243,0.0,1.0,0.0,1.0,0.6691348402182413,0.3389121338912131,0.9814101110859217,1.0,0.0,0.0,0.0,0.0,0.0,0.0,0.0,1.0,0.0,0.0,0.0,0.0,1.0,0.0,0.0,0.0,1.0,0.0,0.0,0.0,0.0,0.0,0.0,1.0,0.0
3050,0.3333333333333333,0.0,0.0,0.0,0.44444444444444436,0.5,0.5591892927228724,0.0,1.0,0.0,1.0,0.6691348402182413,0.3389121338912131,0.9814101110859217,1.0,0.0,0.0,0.0,0.0,0.0,0.0,0.0,0.0,0.0,1.0,0.0,0.0,1.0,0.0,0.0,0.0,0.0,0.0,0.0,1.0,0.0,0.0,0.0,1.0,0.0
3051,0.25925925925925924,1.0,0.0,0.0,0.44444444444444436,0.5,0.7610112280743938,0.0,1.0,0.0,1.0,0.6691348402182413,0.3389121338912131,0.9814101110859217,1.0,0.0,0.0,0.0,0.0,0.0,0.0,0.0,0.0,0.0,1.0,0.0,0.0,1.0,0.0,0.0,0.0,0.0,0.0,0.0,0.0,0.0,1.0,0.0,1.0,0.0
3052,0.35802469135802467,1.0,1.0,1.0,0.44444444444444436,0.5,0.4247708684332175,0.0,1.0,0.0,1.0,0.6691348402182413,0.3389121338912131,0.9814101110859217,1.0,0.0,0.0,0.0,0.0,0.0,0.0,0.0,1.0,0.0,0.0,0.0,0.0,1.0,0.0,0.0,0.0,0.0,1.0,0.0,0.0,0.0,0.0,0.0,1.0,0.0
3053,0.18518518518518517,1.0,0.0,0.0,0.44444444444444436,0.5,0.7656600303932715,0.0,1.0,0.0,1.0,0.6691348402182413,0.3389121338912131,0.9814101110859217,1.0,0.0,1.0,0.0,0.0,0.0,0.0,0.0,0.0,0.0,0.0,0.0,0.0,0.0,0.0,0.0,1.0,0.0,0.0,0.0,0.0,0.0,0.0,1.0,1.0,0.0
3054,0.35802469135802467,1.0,0.0,0.0,0.44444444444444436,0.5,0.6202900913078108,0.0,1.0,0.0,1.0,0.6691348402182413,0.3389121338912131,0.9814101110859217,1.0,0.0,0.0,0.0,0.0,0.0,0.0,0.0,1.0,0.0,0.0,0.0,0.0,1.0,0.0,0.0,0.0,0.0,1.0,0.0,0.0,0.0,0.0,0.0,1.0,0.0
3055,0.13580246913580246,1.0,0.0,0.0,0.44444444444444436,0.5,0.4215477860088535,0.21052631578947367,1.0,0.0,1.0,0.6691348402182413,0.3389121338912131,0.9814101110859217,1.0,0.0,0.0,0.0,0.0,1.0,0.0,0.0,0.0,0.0,0.0,0.0,0.0,0.0,1.0,0.0,0.0,0.0,0.0,0.0,0.0,1.0,0.0,0.0,1.0,0.0
3056,0.1728395061728395,1.0,0.0,0.0,0.44444444444444436,0.5,0.5886399717165399,0.0,1.0,0.0,1.0,0.6691348402182413,0.3389121338912131,0.9814101110859217,1.0,0.0,1.0,0.0,0.0,0.0,0.0,0.0,0.0,0.0,0.0,0.0,0.0,1.0,0.0,0.0,0.0,0.0,0.0,0.0,0.0,0.0,0.0,1.0,1.0,0.0
3057,0.30864197530864196,0.0,0.0,0.0,0.44444444444444436,0.5,0.506309340633733,0.02631578947368421,1.0,0.0,1.0,0.6691348402182413,0.3389121338912131,0.9814101110859217,1.0,0.0,0.0,0.0,0.0,0.0,0.0,0.0,0.0,0.0,0.0,0.0,0.0,1.0,0.0,0.0,0.0,0.0,0.0,0.0,0.0,1.0,0.0,0.0,1.0,0.0
3058,0.2716049382716049,0.0,0.0,0.0,0.44444444444444436,0.5,0.5550613200712357,0.0,1.0,0.0,1.0,0.6691348402182413,0.3389121338912131,0.9814101110859217,1.0,0.0,0.0,0.0,0.0,0.0,0.0,0.0,1.0,0.0,0.0,0.0,0.0,1.0,0.0,0.0,0.0,0.0,1.0,0.0,0.0,0.0,0.0,0.0,1.0,0.0
3059,0.2345679012345679,1.0,0.0,0.0,0.44444444444444436,0.5,0.7116612993527112,0.0,1.0,0.0,1.0,0.6691348402182413,0.3389121338912131,0.9814101110859217,1.0,0.0,1.0,0.0,0.0,0.0,0.0,0.0,0.0,0.0,0.0,0.0,0.0,0.0,1.0,0.0,1.0,0.0,0.0,0.0,0.0,0.0,0.0,0.0,1.0,0.0
3060,0.3333333333333333,0.0,0.0,0.0,0.44444444444444436,0.5,0.6953174467991899,0.0,1.0,0.0,1.0,0.6691348402182413,0.3389121338912131,0.9814101110859217,1.0,0.0,0.0,0.0,0.0,0.0,0.0,0.0,0.0,0.0,0.0,0.0,0.0,1.0,0.0,0.0,1.0,0.0,0.0,0.0,0.0,0.0,0.0,0.0,1.0,0.0
3061,0.2345679012345679,0.0,0.0,0.0,0.44444444444444436,0.5,0.5955391234938983,0.0,1.0,0.0,1.0,0.6691348402182413,0.3389121338912131,0.9814101110859217,1.0,0.0,1.0,0.0,0.0,0.0,0.0,0.0,0.0,0.0,0.0,0.0,0.0,1.0,0.0,0.0,0.0,1.0,0.0,0.0,0.0,0.0,0.0,0.0,1.0,0.0
3062,0.13580246913580246,0.0,1.0,0.0,0.44444444444444436,0.5,0.7691150555250048,0.0,1.0,0.0,1.0,0.6691348402182413,0.3389121338912131,0.9814101110859217,1.0,1.0,0.0,0.0,0.0,0.0,0.0,0.0,0.0,0.0,0.0,0.0,0.0,1.0,0.0,0.0,0.0,0.0,0.0,0.0,0.0,1.0,0.0,0.0,1.0,0.0
3063,0.5061728395061729,1.0,0.0,0.0,0.44444444444444436,0.5,0.697214829053618,0.0,1.0,0.0,1.0,0.6691348402182413,0.3389121338912131,0.9814101110859217,1.0,0.0,0.0,0.0,0.0,0.0,1.0,0.0,0.0,0.0,0.0,0.0,0.0,1.0,0.0,0.0,0.0,0.0,0.0,0.0,0.0,0.0,0.0,1.0,1.0,0.0
3064,0.13580246913580246,1.0,0.0,0.0,0.44444444444444436,0.5,0.7379108243682493,0.0,1.0,0.0,1.0,0.6691348402182413,0.3389121338912131,0.9814101110859217,1.0,1.0,0.0,0.0,0.0,0.0,0.0,0.0,0.0,0.0,0.0,0.0,0.0,1.0,0.0,0.0,0.0,0.0,0.0,0.0,0.0,1.0,0.0,0.0,1.0,0.0
3065,0.39506172839506176,1.0,0.0,0.0,0.44444444444444436,0.5,0.540547610473664,0.0,1.0,0.0,1.0,0.6691348402182413,0.3389121338912131,0.9814101110859217,1.0,0.0,0.0,0.0,0.0,0.0,0.0,0.0,0.0,0.0,0.0,1.0,0.0,1.0,0.0,0.0,0.0,0.0,1.0,0.0,0.0,0.0,0.0,0.0,1.0,0.0
3066,0.2839506172839506,0.0,0.0,0.0,0.44444444444444436,0.5,0.6946781237609596,0.02631578947368421,1.0,0.0,1.0,0.6691348402182413,0.3389121338912131,0.9814101110859217,1.0,0.0,0.0,0.0,0.0,0.0,0.0,0.0,0.0,0.0,0.0,0.0,0.0,0.0,0.0,0.0,0.0,0.0,0.0,0.0,0.0,1.0,0.0,0.0,1.0,0.0
3067,0.43209876543209874,0.0,1.0,0.0,0.44444444444444436,0.5,0.6328650293995502,0.18421052631578946,1.0,0.0,1.0,0.6691348402182413,0.3389121338912131,0.9814101110859217,1.0,0.0,0.0,0.0,0.0,0.0,0.0,0.0,0.0,0.0,0.0,0.0,0.0,0.0,0.0,0.0,0.0,0.0,0.0,0.0,0.0,1.0,0.0,0.0,1.0,0.0
3068,0.4074074074074074,1.0,0.0,0.0,0.44444444444444436,0.5,0.4796617267459457,0.02631578947368421,1.0,0.0,1.0,0.6691348402182413,0.3389121338912131,0.9814101110859217,1.0,0.0,0.0,0.0,1.0,0.0,0.0,0.0,0.0,0.0,0.0,0.0,0.0,1.0,0.0,0.0,0.0,0.0,0.0,0.0,0.0,0.0,1.0,0.0,1.0,0.0
3069,0.16049382716049382,0.0,0.0,0.0,0.44444444444444436,0.5,0.5463436176888766,0.07894736842105263,1.0,0.0,1.0,0.6691348402182413,0.3389121338912131,0.9814101110859217,1.0,0.0,0.0,0.0,0.0,1.0,0.0,0.0,0.0,0.0,0.0,0.0,0.0,1.0,0.0,0.0,0.0,0.0,0.0,0.0,0.0,1.0,0.0,0.0,1.0,0.0
3070,0.16049382716049382,0.0,1.0,0.0,0.44444444444444436,0.5,0.8293422165618562,0.02631578947368421,1.0,0.0,1.0,0.6691348402182413,0.3389121338912131,0.9814101110859217,1.0,1.0,1.0,0.0,0.0,0.0,0.0,0.0,0.0,0.0,0.0,0.0,0.0,1.0,0.0,0.0,1.0,0.0,0.0,0.0,0.0,0.0,0.0,0.0,1.0,0.0
3071,0.12345679012345678,1.0,0.0,0.0,0.44444444444444436,0.5,0.4735228478707203,0.0,1.0,0.0,1.0,0.6691348402182413,0.3389121338912131,0.9814101110859217,1.0,0.0,1.0,0.0,0.0,0.0,0.0,0.0,0.0,0.0,0.0,0.0,0.0,0.0,1.0,0.0,0.0,0.0,1.0,0.0,0.0,0.0,0.0,0.0,1.0,0.0
3072,0.18518518518518517,1.0,0.0,0.0,0.44444444444444436,0.5,0.6062082270603242,0.02631578947368421,1.0,0.0,1.0,0.6691348402182413,0.3389121338912131,0.9814101110859217,1.0,0.0,0.0,0.0,0.0,0.0,0.0,0.0,0.0,0.0,1.0,0.0,0.0,1.0,0.0,0.0,0.0,0.0,0.0,0.0,1.0,0.0,0.0,0.0,1.0,0.0
3073,0.4444444444444445,0.0,0.0,1.0,0.44444444444444436,0.5,0.7000047262075192,0.02631578947368421,1.0,0.0,1.0,0.6691348402182413,0.3389121338912131,0.9814101110859217,1.0,0.0,0.0,1.0,0.0,0.0,0.0,0.0,0.0,0.0,0.0,0.0,0.0,0.0,0.0,0.0,0.0,0.0,0.0,0.0,0.0,1.0,0.0,0.0,1.0,0.0
3074,0.419753086419753,0.0,1.0,1.0,0.44444444444444436,0.5,0.3832666732878459,0.13157894736842105,1.0,0.0,1.0,0.6691348402182413,0.3389121338912131,0.9814101110859217,1.0,0.0,1.0,0.0,0.0,0.0,0.0,0.0,0.0,0.0,0.0,0.0,0.0,1.0,0.0,0.0,0.0,0.0,0.0,0.0,0.0,0.0,0.0,0.0,1.0,0.0
3075,0.08641975308641975,1.0,0.0,0.0,0.44444444444444436,0.5,0.506309340633733,0.07894736842105263,1.0,0.0,1.0,0.6691348402182413,0.3389121338912131,0.9814101110859217,1.0,0.0,0.0,0.0,0.0,0.0,0.0,0.0,1.0,0.0,0.0,0.0,0.0,0.0,1.0,0.0,0.0,1.0,0.0,0.0,0.0,0.0,0.0,0.0,1.0,0.0
3076,0.2345679012345679,0.0,0.0,0.0,0.44444444444444436,0.5,0.8918167511843825,0.05263157894736842,1.0,0.0,1.0,0.6691348402182413,0.3389121338912131,0.9814101110859217,1.0,1.0,0.0,0.0,0.0,0.0,0.0,0.0,0.0,0.0,0.0,0.0,0.0,0.0,0.0,0.0,0.0,0.0,1.0,0.0,0.0,0.0,0.0,0.0,1.0,0.0
3077,0.2716049382716049,0.0,0.0,0.0,0.44444444444444436,0.5,0.675955471292364,0.02631578947368421,1.0,0.0,1.0,0.6691348402182413,0.3389121338912131,0.9814101110859217,1.0,0.0,0.0,0.0,0.0,0.0,0.0,0.0,0.0,0.0,0.0,0.0,0.0,1.0,0.0,0.0,1.0,0.0,0.0,0.0,0.0,0.0,0.0,1.0,1.0,0.0
3078,0.20987654320987653,1.0,0.0,0.0,0.44444444444444436,0.5,0.5429003918915096,0.02631578947368421,1.0,0.0,1.0,0.6691348402182413,0.3389121338912131,0.9814101110859217,1.0,0.0,0.0,0.0,0.0,0.0,0.0,0.0,0.0,0.0,1.0,0.0,0.0,0.0,1.0,0.0,0.0,0.0,0.0,0.0,1.0,0.0,0.0,0.0,1.0,0.0
3079,0.14814814814814814,1.0,1.0,0.0,0.44444444444444436,0.5,0.6020559671887218,0.0,1.0,0.0,1.0,0.6691348402182413,0.3389121338912131,0.9814101110859217,1.0,0.0,0.0,0.0,0.0,0.0,0.0,0.0,0.0,0.0,1.0,0.0,0.0,0.0,1.0,0.0,0.0,0.0,0.0,0.0,0.0,1.0,0.0,0.0,1.0,0.0
3080,0.2716049382716049,1.0,0.0,0.0,0.44444444444444436,0.5,0.7658352130756624,0.07894736842105263,1.0,0.0,1.0,0.6691348402182413,0.3389121338912131,0.9814101110859217,1.0,0.0,0.0,0.0,0.0,0.0,0.0,0.0,1.0,0.0,0.0,0.0,0.0,1.0,0.0,0.0,0.0,0.0,1.0,0.0,0.0,0.0,0.0,1.0,1.0,0.0
3081,0.16049382716049382,1.0,0.0,0.0,0.44444444444444436,0.5,0.8075473945557486,0.05263157894736842,1.0,0.0,1.0,0.6691348402182413,0.3389121338912131,0.9814101110859217,1.0,1.0,0.0,0.0,0.0,1.0,0.0,0.0,0.0,0.0,0.0,0.0,0.0,1.0,0.0,0.0,0.0,0.0,0.0,0.0,0.0,1.0,0.0,0.0,1.0,0.0
3082,0.1728395061728395,0.0,0.0,1.0,0.44444444444444436,0.5,0.6697830312775754,0.02631578947368421,1.0,0.0,1.0,0.6691348402182413,0.3389121338912131,0.9814101110859217,1.0,0.0,0.0,0.0,0.0,0.0,0.0,0.0,0.0,0.0,1.0,0.0,0.0,0.0,1.0,0.0,0.0,0.0,0.0,0.0,1.0,0.0,0.0,0.0,1.0,0.0
3083,0.19753086419753085,0.0,0.0,0.0,0.44444444444444436,0.5,0.6339442585242172,0.05263157894736842,1.0,0.0,1.0,0.6691348402182413,0.3389121338912131,0.9814101110859217,1.0,0.0,1.0,0.0,0.0,0.0,0.0,0.0,0.0,0.0,0.0,0.0,0.0,1.0,0.0,0.0,0.0,1.0,0.0,0.0,0.0,0.0,0.0,1.0,1.0,0.0
3084,0.07407407407407407,1.0,0.0,0.0,0.44444444444444436,0.5,0.800592189926999,0.02631578947368421,1.0,0.0,1.0,0.6691348402182413,0.3389121338912131,0.9814101110859217,1.0,1.0,0.0,0.0,0.0,0.0,0.0,0.0,0.0,0.0,0.0,0.0,0.0,0.0,1.0,0.0,0.0,0.0,0.0,0.0,1.0,0.0,0.0,0.0,1.0,0.0
3085,0.2716049382716049,1.0,0.0,0.0,0.44444444444444436,0.5,0.5670345425314071,0.05263157894736842,1.0,0.0,1.0,0.6691348402182413,0.3389121338912131,0.9814101110859217,1.0,0.0,1.0,0.0,0.0,0.0,0.0,0.0,0.0,0.0,0.0,0.0,0.0,1.0,0.0,0.0,0.0,0.0,0.0,0.0,0.0,0.0,1.0,1.0,1.0,0.0
3086,0.48148148148148145,0.0,1.0,0.0,0.44444444444444436,0.5,0.6930644475725992,0.05263157894736842,1.0,0.0,1.0,0.6691348402182413,0.3389121338912131,0.9814101110859217,1.0,0.0,0.0,0.0,0.0,1.0,0.0,0.0,0.0,0.0,0.0,0.0,0.0,0.0,0.0,0.0,0.0,0.0,1.0,0.0,0.0,0.0,0.0,0.0,1.0,0.0
3087,0.1728395061728395,1.0,0.0,0.0,0.44444444444444436,0.5,0.8459648642521324,0.02631578947368421,1.0,0.0,1.0,0.6691348402182413,0.3389121338912131,0.9814101110859217,1.0,1.0,0.0,0.0,0.0,0.0,0.0,0.0,0.0,0.0,0.0,0.0,0.0,0.0,1.0,0.0,0.0,0.0,0.0,0.0,0.0,1.0,0.0,0.0,1.0,0.0
3088,0.04938271604938271,1.0,0.0,0.0,0.44444444444444436,0.5,0.8986904625467494,0.13157894736842105,1.0,0.0,1.0,0.6691348402182413,0.3389121338912131,0.9814101110859217,1.0,1.0,1.0,0.0,0.0,0.0,0.0,0.0,0.0,0.0,0.0,0.0,0.0,1.0,0.0,0.0,0.0,1.0,0.0,0.0,0.0,0.0,0.0,0.0,1.0,0.0
3089,0.35802469135802467,0.0,1.0,0.0,0.44444444444444436,0.5,0.7051005485106072,0.02631578947368421,1.0,0.0,1.0,0.6691348402182413,0.3389121338912131,0.9814101110859217,1.0,0.0,0.0,0.0,0.0,0.0,0.0,0.0,0.0,0.0,0.0,0.0,0.0,0.0,0.0,0.0,0.0,0.0,1.0,0.0,0.0,0.0,0.0,0.0,1.0,0.0
3090,0.20987654320987653,0.0,0.0,0.0,0.44444444444444436,0.5,0.7252698509221354,0.02631578947368421,1.0,0.0,1.0,0.6691348402182413,0.3389121338912131,0.9814101110859217,1.0,0.0,1.0,0.0,0.0,0.0,0.0,0.0,0.0,0.0,0.0,0.0,0.0,0.0,1.0,0.0,0.0,0.0,0.0,0.0,0.0,0.0,0.0,0.0,1.0,0.0
3091,0.4444444444444445,1.0,0.0,0.0,0.44444444444444436,0.5,0.6933889585355939,0.4736842105263158,1.0,0.0,1.0,0.6691348402182413,0.3389121338912131,0.9814101110859217,1.0,0.0,1.0,0.0,0.0,0.0,0.0,0.0,0.0,0.0,0.0,0.0,0.0,1.0,0.0,0.0,1.0,0.0,0.0,0.0,0.0,0.0,0.0,0.0,1.0,0.0
3092,0.48148148148148145,1.0,0.0,0.0,0.44444444444444436,0.5,0.5689167450775122,0.0,1.0,0.0,1.0,0.6691348402182413,0.3389121338912131,0.9814101110859217,1.0,0.0,1.0,0.0,0.0,0.0,0.0,0.0,0.0,0.0,0.0,0.0,0.0,1.0,0.0,0.0,0.0,1.0,0.0,0.0,0.0,0.0,0.0,1.0,1.0,0.0
3093,0.39506172839506176,1.0,0.0,0.0,0.44444444444444436,0.5,0.8264502498575294,0.02631578947368421,1.0,0.0,1.0,0.6691348402182413,0.3389121338912131,0.9814101110859217,1.0,1.0,0.0,0.0,0.0,0.0,0.0,1.0,0.0,0.0,0.0,0.0,0.0,0.0,0.0,0.0,0.0,0.0,0.0,0.0,0.0,1.0,0.0,0.0,1.0,0.0
3094,0.419753086419753,1.0,0.0,0.0,0.44444444444444436,0.5,0.6391967001499177,0.02631578947368421,1.0,0.0,1.0,0.6691348402182413,0.3389121338912131,0.9814101110859217,1.0,1.0,0.0,0.0,0.0,0.0,0.0,0.0,0.0,0.0,0.0,0.0,0.0,1.0,0.0,0.0,0.0,1.0,0.0,0.0,0.0,0.0,0.0,1.0,1.0,0.0
3095,0.16049382716049382,0.0,1.0,0.0,0.44444444444444436,0.5,0.7876613065319946,0.0,1.0,0.0,1.0,0.6691348402182413,0.3389121338912131,0.9814101110859217,1.0,1.0,0.0,0.0,0.0,0.0,0.0,0.0,0.0,0.0,1.0,0.0,0.0,0.0,0.0,0.0,0.0,0.0,0.0,0.0,1.0,0.0,0.0,0.0,1.0,0.0
3096,0.09876543209876543,0.0,0.0,1.0,0.44444444444444436,0.5,0.6894344634990646,0.02631578947368421,1.0,0.0,1.0,0.6691348402182413,0.3389121338912131,0.9814101110859217,1.0,0.0,0.0,0.0,0.0,0.0,0.0,0.0,1.0,0.0,0.0,0.0,0.0,0.0,1.0,0.0,0.0,1.0,0.0,0.0,0.0,0.0,0.0,0.0,1.0,0.0
3097,0.2345679012345679,0.0,0.0,0.0,0.44444444444444436,0.5,0.7599118261517549,0.02631578947368421,1.0,0.0,1.0,0.6691348402182413,0.3389121338912131,0.9814101110859217,1.0,1.0,0.0,1.0,0.0,0.0,0.0,0.0,0.0,0.0,0.0,0.0,0.0,1.0,0.0,0.0,0.0,0.0,0.0,0.0,0.0,1.0,0.0,0.0,1.0,0.0
3098,0.25925925925925924,1.0,0.0,0.0,0.44444444444444436,0.5,0.6732947890602686,0.02631578947368421,1.0,0.0,1.0,0.6691348402182413,0.3389121338912131,0.9814101110859217,1.0,0.0,1.0,0.0,0.0,0.0,0.0,0.0,0.0,0.0,0.0,0.0,0.0,1.0,0.0,0.0,0.0,1.0,0.0,0.0,0.0,0.0,0.0,0.0,1.0,0.0
3099,0.3333333333333333,1.0,1.0,1.0,0.44444444444444436,0.5,0.6821771312868369,0.05263157894736842,1.0,0.0,1.0,0.6691348402182413,0.3389121338912131,0.9814101110859217,1.0,0.0,0.0,0.0,0.0,0.0,0.0,0.0,1.0,0.0,0.0,0.0,0.0,1.0,0.0,0.0,0.0,0.0,0.0,0.0,0.0,0.0,1.0,0.0,1.0,0.0
3100,0.2716049382716049,1.0,1.0,0.0,0.44444444444444436,0.5,0.8342381438207433,0.13157894736842105,1.0,0.0,1.0,0.6691348402182413,0.3389121338912131,0.9814101110859217,1.0,1.0,0.0,0.0,0.0,0.0,0.0,0.0,1.0,0.0,0.0,0.0,0.0,1.0,0.0,0.0,0.0,0.0,0.0,0.0,0.0,0.0,1.0,1.0,1.0,0.0
3101,0.2222222222222222,1.0,1.0,0.0,0.44444444444444436,0.5,0.6509210996671051,0.13157894736842105,1.0,0.0,1.0,0.6691348402182413,0.3389121338912131,0.9814101110859217,1.0,0.0,0.0,0.0,0.0,0.0,0.0,0.0,1.0,0.0,0.0,0.0,0.0,1.0,0.0,0.0,0.0,1.0,0.0,0.0,0.0,0.0,0.0,0.0,1.0,0.0
3102,0.12345679012345678,1.0,0.0,0.0,0.44444444444444436,0.5,0.8443595075024113,0.07894736842105263,1.0,0.0,1.0,0.6691348402182413,0.3389121338912131,0.9814101110859217,1.0,1.0,1.0,0.0,0.0,0.0,0.0,0.0,0.0,0.0,0.0,0.0,0.0,0.0,1.0,0.0,0.0,1.0,0.0,0.0,0.0,0.0,0.0,1.0,1.0,0.0
3103,0.08641975308641975,0.0,0.0,0.0,0.44444444444444436,0.5,0.5078883596370491,0.10526315789473684,1.0,0.0,1.0,0.6691348402182413,0.3389121338912131,0.9814101110859217,1.0,0.0,0.0,0.0,0.0,0.0,0.0,0.0,1.0,0.0,0.0,0.0,0.0,0.0,1.0,0.0,0.0,0.0,1.0,0.0,0.0,0.0,0.0,0.0,1.0,0.0
3104,0.2716049382716049,0.0,0.0,1.0,0.44444444444444436,0.5,0.5779008918534767,0.02631578947368421,1.0,0.0,1.0,0.6691348402182413,0.3389121338912131,0.9814101110859217,1.0,0.0,0.0,0.0,1.0,0.0,0.0,0.0,0.0,0.0,0.0,0.0,0.0,0.0,1.0,0.0,0.0,0.0,0.0,0.0,0.0,0.0,0.0,1.0,1.0,0.0
3105,0.3703703703703703,1.0,0.0,0.0,0.44444444444444436,0.5,0.848765833470561,0.13157894736842105,1.0,0.0,1.0,0.6691348402182413,0.3389121338912131,0.9814101110859217,1.0,1.0,0.0,0.0,0.0,0.0,0.0,1.0,0.0,0.0,0.0,0.0,0.0,1.0,0.0,0.0,0.0,1.0,0.0,0.0,0.0,0.0,0.0,0.0,1.0,0.0
3106,0.3209876543209876,1.0,0.0,1.0,0.44444444444444436,0.5,0.5660820259952785,0.07894736842105263,1.0,0.0,1.0,0.6691348402182413,0.3389121338912131,0.9814101110859217,1.0,0.0,0.0,0.0,0.0,0.0,0.0,0.0,0.0,0.0,0.0,0.0,0.0,1.0,0.0,0.0,0.0,0.0,0.0,0.0,0.0,1.0,0.0,0.0,1.0,0.0
3107,0.5308641975308641,1.0,0.0,0.0,0.44444444444444436,0.5,0.7097029995592844,0.07894736842105263,1.0,0.0,1.0,0.6691348402182413,0.3389121338912131,0.9814101110859217,1.0,1.0,0.0,0.0,0.0,0.0,0.0,1.0,0.0,0.0,0.0,0.0,0.0,1.0,0.0,0.0,0.0,0.0,0.0,0.0,0.0,1.0,0.0,0.0,1.0,0.0
3108,0.4074074074074074,0.5,0.5,0.0,0.44444444444444436,0.5,0.7571175106933035,0.05263157894736842,1.0,0.0,1.0,0.6691348402182413,0.3389121338912131,0.9814101110859217,1.0,0.0,0.0,0.0,0.0,0.0,0.0,0.0,0.0,0.0,0.0,0.0,0.0,0.0,1.0,0.0,0.0,0.0,0.0,0.0,0.0,1.0,0.0,0.0,1.0,0.0
3109,0.2839506172839506,0.0,0.0,0.0,0.44444444444444436,0.5,0.6628493172872891,0.05263157894736842,1.0,0.0,1.0,0.6691348402182413,0.3389121338912131,0.9814101110859217,1.0,0.0,0.0,1.0,0.0,0.0,0.0,0.0,0.0,0.0,0.0,0.0,0.0,1.0,0.0,0.0,0.0,0.0,0.0,0.0,0.0,1.0,0.0,0.0,1.0,0.0
3110,0.2345679012345679,0.0,0.0,0.0,0.44444444444444436,0.5,0.7385748062786976,0.02631578947368421,1.0,0.0,1.0,0.6691348402182413,0.3389121338912131,0.9814101110859217,1.0,1.0,0.0,0.0,0.0,0.0,0.0,0.0,1.0,0.0,0.0,0.0,0.0,0.0,0.0,0.0,0.0,0.0,1.0,0.0,0.0,0.0,0.0,0.0,1.0,0.0
3111,0.2839506172839506,0.0,0.0,1.0,0.44444444444444436,0.5,0.5393533347388635,0.13157894736842105,1.0,0.0,1.0,0.6691348402182413,0.3389121338912131,0.9814101110859217,1.0,0.0,0.0,0.0,0.0,0.0,0.0,0.0,0.0,0.0,0.0,0.0,0.0,0.0,0.0,0.0,0.0,0.0,0.0,0.0,0.0,1.0,0.0,0.0,1.0,0.0
3112,0.14814814814814814,1.0,1.0,0.0,0.44444444444444436,0.5,0.7679173054735778,0.02631578947368421,1.0,0.0,1.0,0.6691348402182413,0.3389121338912131,0.9814101110859217,1.0,1.0,0.0,0.0,0.0,0.0,0.0,1.0,0.0,0.0,0.0,0.0,0.0,1.0,0.0,0.0,0.0,0.0,0.0,0.0,1.0,0.0,0.0,1.0,1.0,0.0
3113,0.18518518518518517,1.0,0.0,1.0,0.44444444444444436,0.5,0.5030862582093689,0.05263157894736842,1.0,0.0,1.0,0.6691348402182413,0.3389121338912131,0.9814101110859217,1.0,0.0,0.0,0.0,0.0,0.0,0.0,0.0,1.0,0.0,0.0,0.0,0.0,1.0,0.0,0.0,0.0,1.0,0.0,0.0,0.0,0.0,0.0,0.0,1.0,0.0
3114,0.48148148148148145,0.0,0.0,0.0,0.44444444444444436,0.75,0.4776508205223571,0.07894736842105263,1.0,0.0,1.0,0.6691348402182413,0.3389121338912131,0.9811834051235548,1.0,0.0,0.0,0.0,0.0,0.0,1.0,0.0,0.0,0.0,0.0,0.0,0.0,1.0,0.0,0.0,0.0,0.0,0.0,0.0,0.0,0.0,0.0,0.0,1.0,0.0
3115,0.1728395061728395,0.0,1.0,1.0,0.44444444444444436,0.75,0.5014409845439322,0.05263157894736842,1.0,0.0,1.0,0.6691348402182413,0.3389121338912131,0.9811834051235548,1.0,0.0,1.0,0.0,0.0,0.0,0.0,0.0,0.0,0.0,0.0,0.0,0.0,0.0,1.0,0.0,0.0,1.0,0.0,0.0,0.0,0.0,0.0,1.0,1.0,0.0
3116,0.43209876543209874,1.0,0.0,0.0,0.44444444444444436,0.75,0.5612001989464611,0.02631578947368421,1.0,0.0,1.0,0.6691348402182413,0.3389121338912131,0.9811834051235548,1.0,0.0,0.0,0.0,0.0,0.0,0.0,0.0,1.0,0.0,0.0,0.0,0.0,1.0,0.0,0.0,0.0,0.0,1.0,0.0,0.0,0.0,0.0,1.0,1.0,0.0
3117,0.30864197530864196,0.5,0.5,0.0,0.44444444444444436,0.75,0.7135875319736221,0.07894736842105263,1.0,0.0,1.0,0.6691348402182413,0.3389121338912131,0.9811834051235548,1.0,1.0,0.0,1.0,0.0,0.0,0.0,0.0,0.0,0.0,0.0,0.0,0.0,1.0,0.0,0.0,0.0,0.0,0.0,0.0,0.0,1.0,0.0,0.0,1.0,0.0
3118,0.3703703703703703,0.0,0.0,0.0,0.44444444444444436,0.75,0.6250197795910157,0.05263157894736842,1.0,0.0,1.0,0.6691348402182413,0.3389121338912131,0.9811834051235548,1.0,0.0,0.0,0.0,0.0,0.0,0.0,0.0,0.0,0.0,1.0,0.0,0.0,0.0,0.0,0.0,0.0,0.0,1.0,0.0,0.0,0.0,0.0,0.0,1.0,0.0
3119,0.29629629629629634,0.0,0.0,0.0,0.44444444444444436,0.75,0.7396731816673451,0.02631578947368421,1.0,0.0,1.0,0.6691348402182413,0.3389121338912131,0.9811834051235548,1.0,0.0,0.0,0.0,0.0,0.0,0.0,0.0,0.0,0.0,1.0,0.0,0.0,0.0,1.0,0.0,0.0,0.0,0.0,0.0,0.0,1.0,0.0,0.0,1.0,0.0
3120,0.30864197530864196,0.0,1.0,0.0,0.44444444444444436,0.75,0.634480182683441,0.13157894736842105,1.0,0.0,1.0,0.6691348402182413,0.3389121338912131,0.9811834051235548,1.0,0.0,0.0,0.0,0.0,0.0,0.0,0.0,0.0,0.0,0.0,0.0,0.0,1.0,0.0,0.0,0.0,0.0,1.0,0.0,0.0,0.0,0.0,0.0,1.0,0.0
3121,0.43209876543209874,0.5,0.5,0.0,0.44444444444444436,0.75,0.5846247304098844,0.07894736842105263,1.0,0.0,1.0,0.6691348402182413,0.3389121338912131,0.9811834051235548,1.0,0.0,0.0,0.0,0.0,0.0,1.0,0.0,0.0,0.0,0.0,0.0,0.0,1.0,0.0,0.0,0.0,0.0,0.0,0.0,0.0,0.0,0.0,1.0,1.0,0.0
3122,0.48148148148148145,1.0,0.0,0.0,0.44444444444444436,0.75,0.5631773068220264,0.10526315789473684,1.0,0.0,1.0,0.6691348402182413,0.3389121338912131,0.9811834051235548,1.0,0.0,1.0,0.0,0.0,0.0,0.0,0.0,0.0,0.0,0.0,0.0,0.0,1.0,0.0,0.0,0.0,0.0,0.0,0.0,0.0,0.0,0.0,0.0,1.0,0.0
3123,0.2716049382716049,0.0,1.0,0.0,0.44444444444444436,0.75,0.6159896330688406,0.0,1.0,0.0,1.0,0.6691348402182413,0.3389121338912131,0.9811834051235548,1.0,0.0,0.0,0.0,0.0,0.0,0.0,0.0,1.0,0.0,0.0,0.0,0.0,0.0,0.0,0.0,0.0,0.0,1.0,0.0,0.0,0.0,0.0,0.0,1.0,0.0
3124,0.2716049382716049,0.0,1.0,0.0,0.44444444444444436,0.75,0.6284462883305656,0.0,1.0,0.0,1.0,0.6691348402182413,0.3389121338912131,0.9811834051235548,1.0,0.0,0.0,0.0,0.0,0.0,0.0,0.0,1.0,0.0,0.0,0.0,0.0,0.0,0.0,0.0,0.0,0.0,1.0,0.0,0.0,0.0,0.0,0.0,1.0,0.0
3125,0.14814814814814814,1.0,0.0,0.0,0.44444444444444436,0.75,0.6636865816722366,0.05263157894736842,1.0,0.0,1.0,0.6691348402182413,0.3389121338912131,0.9811834051235548,1.0,0.0,0.0,0.0,0.0,0.0,0.0,0.0,0.0,0.0,0.0,0.0,0.0,0.0,1.0,0.0,0.0,0.0,0.0,0.0,0.0,1.0,0.0,0.0,1.0,0.0
3126,0.2716049382716049,0.0,1.0,0.0,0.44444444444444436,0.75,0.7267433793684569,0.0,1.0,0.0,1.0,0.6691348402182413,0.3389121338912131,0.9811834051235548,1.0,0.0,0.0,0.0,0.0,0.0,0.0,0.0,1.0,0.0,0.0,0.0,0.0,0.0,0.0,0.0,0.0,0.0,1.0,0.0,0.0,0.0,0.0,0.0,1.0,0.0
3127,0.3333333333333333,1.0,0.0,0.0,0.44444444444444436,0.75,0.6755790384927881,0.0,1.0,0.0,1.0,0.6691348402182413,0.3389121338912131,0.9811834051235548,1.0,0.0,1.0,0.0,0.0,0.0,0.0,0.0,0.0,0.0,0.0,0.0,0.0,1.0,0.0,0.0,0.0,0.0,0.0,0.0,0.0,0.0,0.0,0.0,1.0,0.0
3128,0.29629629629629634,0.0,0.0,0.0,0.44444444444444436,0.75,0.5030862582093689,0.0,1.0,0.0,1.0,0.6691348402182413,0.3389121338912131,0.9811834051235548,1.0,0.0,0.0,1.0,0.0,0.0,0.0,0.0,0.0,0.0,0.0,0.0,0.0,0.0,1.0,0.0,0.0,0.0,1.0,0.0,0.0,0.0,0.0,0.0,1.0,0.0
3129,0.18518518518518517,1.0,0.0,0.0,0.44444444444444436,0.75,0.7940291649971196,0.02631578947368421,1.0,0.0,1.0,0.6691348402182413,0.3389121338912131,0.9811834051235548,1.0,1.0,0.0,0.0,0.0,0.0,0.0,0.0,0.0,1.0,0.0,0.0,0.0,0.0,1.0,0.0,0.0,0.0,1.0,0.0,0.0,0.0,0.0,0.0,1.0,0.0
3130,0.24691358024691357,1.0,0.0,0.0,0.44444444444444436,0.75,0.6202900913078108,0.0,1.0,0.0,1.0,0.6691348402182413,0.3389121338912131,0.9811834051235548,1.0,0.0,1.0,0.0,0.0,0.0,0.0,0.0,0.0,0.0,0.0,0.0,0.0,0.0,0.0,0.0,0.0,1.0,0.0,0.0,0.0,0.0,0.0,1.0,1.0,0.0
3131,0.29629629629629634,1.0,0.0,0.0,0.44444444444444436,0.75,0.8345313765845104,0.0,1.0,0.0,1.0,0.6691348402182413,0.3389121338912131,0.9811834051235548,1.0,1.0,0.0,1.0,0.0,0.0,0.0,0.0,0.0,0.0,0.0,0.0,0.0,0.0,1.0,0.0,0.0,0.0,1.0,0.0,0.0,0.0,0.0,0.0,1.0,0.0
3132,0.1728395061728395,1.0,0.0,0.0,0.44444444444444436,0.75,0.7232759870961841,0.0,1.0,0.0,1.0,0.6691348402182413,0.3389121338912131,0.9811834051235548,1.0,0.0,1.0,0.0,0.0,0.0,0.0,0.0,0.0,0.0,0.0,0.0,0.0,1.0,0.0,0.0,0.0,0.0,0.0,0.0,0.0,0.0,0.0,0.0,1.0,0.0
3133,0.4074074074074074,0.0,1.0,0.0,0.44444444444444436,0.75,0.603456402174661,0.0,1.0,0.0,1.0,0.6691348402182413,0.3389121338912131,0.9811834051235548,1.0,0.0,0.0,0.0,0.0,0.0,0.0,0.0,0.0,0.0,1.0,0.0,0.0,1.0,0.0,0.0,0.0,0.0,0.0,0.0,1.0,0.0,0.0,0.0,1.0,0.0
3134,0.12345679012345678,1.0,0.0,0.0,0.44444444444444436,0.75,0.6301228271521957,0.02631578947368421,1.0,0.0,1.0,0.6691348402182413,0.3389121338912131,0.9811834051235548,1.0,0.0,0.0,0.0,0.0,0.0,0.0,0.0,1.0,0.0,0.0,0.0,0.0,0.0,1.0,0.0,0.0,0.0,1.0,0.0,0.0,0.0,0.0,0.0,1.0,0.0
3135,0.48148148148148145,1.0,0.0,1.0,0.44444444444444436,0.75,0.6628493172872891,0.26315789473684215,1.0,0.0,1.0,0.6691348402182413,0.3389121338912131,0.9811834051235548,1.0,0.0,0.0,0.0,0.0,0.0,0.0,0.0,1.0,0.0,0.0,0.0,0.0,1.0,0.0,0.0,0.0,0.0,1.0,0.0,0.0,0.0,0.0,1.0,1.0,0.0
3136,0.3703703703703703,1.0,0.0,0.0,0.44444444444444436,0.75,0.684296740875147,0.02631578947368421,1.0,0.0,1.0,0.6691348402182413,0.3389121338912131,0.9811834051235548,1.0,0.0,0.0,0.0,0.0,0.0,0.0,0.0,0.0,0.0,1.0,0.0,0.0,0.0,0.0,0.0,0.0,0.0,1.0,0.0,0.0,0.0,0.0,0.0,1.0,0.0
3137,0.39506172839506176,1.0,0.0,0.0,0.44444444444444436,0.75,0.6220860826741794,0.0,1.0,0.0,1.0,0.6691348402182413,0.3389121338912131,0.9811834051235548,1.0,0.0,0.0,0.0,0.0,0.0,0.0,0.0,0.0,0.0,1.0,0.0,0.0,1.0,0.0,0.0,0.0,0.0,0.0,0.0,0.0,0.0,0.0,0.0,1.0,0.0
3138,0.35802469135802467,1.0,0.0,0.0,0.44444444444444436,0.75,0.4692447346122495,0.10526315789473684,1.0,0.0,1.0,0.6691348402182413,0.3389121338912131,0.9811834051235548,1.0,0.0,1.0,0.0,0.0,0.0,0.0,0.0,0.0,0.0,0.0,0.0,0.0,1.0,0.0,0.0,0.0,0.0,1.0,0.0,0.0,0.0,0.0,1.0,1.0,0.0
3139,0.5061728395061729,0.0,0.0,0.0,0.44444444444444436,0.75,0.6267455095549759,0.0,1.0,0.0,1.0,0.6691348402182413,0.3389121338912131,0.9811834051235548,1.0,0.0,1.0,0.0,0.0,0.0,0.0,0.0,0.0,0.0,0.0,0.0,0.0,1.0,0.0,0.0,0.0,1.0,0.0,0.0,0.0,0.0,0.0,0.0,1.0,0.0
3140,0.5185185185185184,1.0,0.0,0.0,0.44444444444444436,0.75,0.5796182238056906,0.0,1.0,0.0,1.0,0.6691348402182413,0.3389121338912131,0.9811834051235548,1.0,0.0,0.0,0.0,0.0,0.0,0.0,0.0,0.0,0.0,0.0,0.0,0.0,1.0,0.0,0.0,0.0,0.0,0.0,0.0,0.0,0.0,0.0,1.0,1.0,0.0
3141,0.34567901234567905,0.0,0.0,0.0,0.44444444444444436,0.75,0.5125020940917573,0.0,1.0,0.0,1.0,0.6691348402182413,0.3389121338912131,0.9811834051235548,1.0,0.0,0.0,0.0,0.0,0.0,0.0,0.0,1.0,0.0,0.0,0.0,0.0,1.0,0.0,0.0,0.0,0.0,1.0,0.0,0.0,0.0,0.0,0.0,1.0,0.0
3142,0.4938271604938272,0.0,1.0,0.0,0.44444444444444436,0.75,0.8556529408241499,0.02631578947368421,1.0,0.0,1.0,0.6691348402182413,0.3389121338912131,0.9811834051235548,1.0,1.0,0.0,0.0,0.0,0.0,0.0,1.0,0.0,0.0,0.0,0.0,0.0,1.0,0.0,0.0,0.0,0.0,0.0,0.0,0.0,1.0,0.0,0.0,1.0,0.0
3143,0.3333333333333333,0.0,0.0,0.0,0.44444444444444436,0.75,0.6153622441177717,0.02631578947368421,1.0,0.0,1.0,0.6691348402182413,0.3389121338912131,0.9811834051235548,1.0,0.0,0.0,0.0,0.0,0.0,0.0,0.0,0.0,0.0,0.0,0.0,0.0,1.0,0.0,0.0,0.0,0.0,0.0,0.0,0.0,1.0,0.0,0.0,1.0,0.0
3144,0.4567901234567901,1.0,0.0,0.0,0.44444444444444436,0.75,0.614731491134803,0.13157894736842105,1.0,0.0,1.0,0.6691348402182413,0.3389121338912131,0.9811834051235548,1.0,0.0,0.0,0.0,0.0,0.0,0.0,0.0,0.0,0.0,1.0,0.0,0.0,1.0,0.0,0.0,0.0,0.0,0.0,0.0,0.0,1.0,0.0,0.0,1.0,0.0
3145,0.39506172839506176,1.0,0.0,0.0,0.44444444444444436,0.75,0.3261538888020616,0.05263157894736842,1.0,0.0,1.0,0.6691348402182413,0.3389121338912131,0.9811834051235548,1.0,0.0,0.0,0.0,0.0,0.0,0.0,0.0,0.0,0.0,1.0,0.0,0.0,1.0,0.0,0.0,0.0,0.0,0.0,0.0,1.0,0.0,0.0,0.0,1.0,0.0
3146,0.34567901234567905,1.0,0.0,0.0,0.44444444444444436,0.75,0.7622810107139464,0.0,1.0,0.0,1.0,0.6691348402182413,0.3389121338912131,0.9811834051235548,1.0,1.0,0.0,0.0,0.0,0.0,0.0,0.0,0.0,0.0,0.0,0.0,0.0,1.0,0.0,0.0,0.0,0.0,0.0,0.0,0.0,0.0,1.0,1.0,1.0,0.0
3147,0.3209876543209876,1.0,0.0,1.0,0.44444444444444436,0.75,0.6196852820090151,0.15789473684210525,1.0,0.0,1.0,0.6691348402182413,0.3389121338912131,0.9811834051235548,1.0,0.0,0.0,0.0,0.0,0.0,0.0,0.0,0.0,0.0,1.0,0.0,0.0,1.0,0.0,0.0,0.0,0.0,0.0,0.0,1.0,0.0,0.0,1.0,1.0,0.0
3148,0.20987654320987653,1.0,0.0,0.0,0.44444444444444436,0.75,0.859662706985031,0.02631578947368421,1.0,0.0,1.0,0.6691348402182413,0.3389121338912131,0.9811834051235548,1.0,1.0,1.0,0.0,0.0,0.0,0.0,0.0,0.0,0.0,0.0,0.0,0.0,0.0,0.0,0.0,1.0,0.0,0.0,0.0,0.0,0.0,0.0,0.0,1.0,0.0
3149,0.18518518518518517,1.0,0.0,1.0,0.44444444444444436,0.75,0.5631773068220264,0.02631578947368421,1.0,0.0,1.0,0.6691348402182413,0.3389121338912131,0.9811834051235548,1.0,0.0,0.0,0.0,0.0,0.0,0.0,0.0,0.0,0.0,1.0,0.0,0.0,0.0,1.0,0.0,0.0,0.0,0.0,0.0,0.0,1.0,0.0,0.0,1.0,0.0
3150,0.48148148148148145,1.0,0.0,0.0,0.44444444444444436,0.75,0.6284462883305656,0.0,1.0,0.0,1.0,0.6691348402182413,0.3389121338912131,0.9811834051235548,1.0,0.0,1.0,0.0,0.0,0.0,0.0,0.0,0.0,0.0,0.0,0.0,0.0,1.0,0.0,0.0,0.0,0.0,0.0,0.0,0.0,0.0,0.0,0.0,1.0,0.0
3151,0.25925925925925924,1.0,0.0,0.0,0.44444444444444436,0.75,0.5047088377203057,0.0,1.0,0.0,1.0,0.6691348402182413,0.3389121338912131,0.9811834051235548,1.0,0.0,0.0,0.0,0.0,0.0,0.0,0.0,0.0,0.0,1.0,0.0,0.0,0.0,1.0,0.0,0.0,0.0,0.0,0.0,1.0,0.0,0.0,0.0,1.0,0.0
3152,0.4074074074074074,0.0,0.0,0.0,0.44444444444444436,0.75,0.7621004502034615,0.0,1.0,0.0,1.0,0.6691348402182413,0.3389121338912131,0.9811834051235548,1.0,0.0,0.0,0.0,0.0,1.0,0.0,0.0,0.0,0.0,0.0,0.0,0.0,1.0,0.0,0.0,0.0,0.0,0.0,0.0,0.0,1.0,0.0,0.0,1.0,0.0
3153,0.419753086419753,0.0,0.0,0.0,0.44444444444444436,0.75,0.6397092724183482,0.02631578947368421,1.0,0.0,1.0,0.6691348402182413,0.3389121338912131,0.9811834051235548,1.0,0.0,0.0,0.0,0.0,0.0,0.0,0.0,0.0,0.0,0.0,0.0,0.0,1.0,0.0,0.0,0.0,0.0,0.0,0.0,0.0,1.0,0.0,1.0,1.0,0.0
3154,0.12345679012345678,0.0,0.0,0.0,0.44444444444444436,0.75,0.5725931427044147,0.02631578947368421,1.0,0.0,1.0,0.6691348402182413,0.3389121338912131,0.9811834051235548,1.0,0.0,0.0,0.0,0.0,0.0,0.0,0.0,1.0,0.0,0.0,0.0,0.0,0.0,1.0,0.0,0.0,0.0,1.0,0.0,0.0,0.0,0.0,0.0,1.0,0.0
3155,0.34567901234567905,0.0,0.0,0.0,0.44444444444444436,0.75,0.7396731816673451,0.10526315789473684,1.0,0.0,1.0,0.6691348402182413,0.3389121338912131,0.9811834051235548,1.0,0.0,0.0,0.0,0.0,0.0,0.0,0.0,0.0,0.0,0.0,0.0,0.0,0.0,0.0,0.0,0.0,0.0,1.0,0.0,0.0,0.0,0.0,0.0,1.0,0.0
3156,0.38271604938271603,1.0,0.0,0.0,0.44444444444444436,0.75,0.800722389330977,0.0,1.0,0.0,1.0,0.6691348402182413,0.3389121338912131,0.9811834051235548,1.0,1.0,0.0,0.0,0.0,0.0,0.0,0.0,0.0,0.0,0.0,0.0,0.0,1.0,0.0,0.0,0.0,0.0,1.0,0.0,0.0,0.0,0.0,0.0,1.0,0.0
3157,0.16049382716049382,1.0,0.0,0.0,0.44444444444444436,0.75,0.7967523224665035,0.18421052631578946,1.0,0.0,1.0,0.6691348402182413,0.3389121338912131,0.9811834051235548,1.0,1.0,0.0,0.0,0.0,0.0,0.0,0.0,0.0,0.0,0.0,0.0,0.0,0.0,1.0,0.0,0.0,0.0,0.0,0.0,0.0,1.0,0.0,0.0,1.0,0.0
3158,0.4691358024691357,1.0,0.0,0.0,0.44444444444444436,0.75,0.843367560923815,0.0,1.0,0.0,1.0,0.6691348402182413,0.3389121338912131,0.9811834051235548,1.0,1.0,0.0,0.0,0.0,0.0,0.0,0.0,0.0,0.0,0.0,0.0,1.0,1.0,0.0,0.0,0.0,0.0,0.0,0.0,0.0,0.0,0.0,0.0,1.0,0.0
3159,0.4074074074074074,0.0,0.0,0.0,0.44444444444444436,0.75,0.773623980840818,0.0,1.0,0.0,1.0,0.6691348402182413,0.3389121338912131,0.9811834051235548,1.0,0.0,0.0,0.0,0.0,1.0,0.0,0.0,0.0,0.0,0.0,0.0,0.0,1.0,0.0,0.0,0.0,0.0,0.0,0.0,0.0,1.0,0.0,1.0,1.0,0.0
3160,0.5185185185185184,1.0,1.0,0.0,0.44444444444444436,0.75,0.7723059261610165,0.0,1.0,0.0,1.0,0.6691348402182413,0.3389121338912131,0.9811834051235548,1.0,1.0,0.0,0.0,0.0,0.0,0.0,0.0,0.0,0.0,1.0,0.0,0.0,1.0,0.0,0.0,0.0,0.0,0.0,0.0,0.0,0.0,0.0,1.0,1.0,0.0
3161,0.4691358024691357,0.0,1.0,0.0,0.44444444444444436,0.75,0.614731491134803,0.0,1.0,0.0,1.0,0.6691348402182413,0.3389121338912131,0.9811834051235548,1.0,0.0,0.0,0.0,0.0,0.0,0.0,0.0,0.0,0.0,0.0,0.0,1.0,1.0,0.0,0.0,0.0,0.0,0.0,0.0,0.0,0.0,0.0,0.0,1.0,0.0
3162,0.4074074074074074,0.5,0.5,0.0,0.44444444444444436,0.75,0.6402196209389266,0.02631578947368421,1.0,0.0,1.0,0.6691348402182413,0.3389121338912131,0.9811834051235548,1.0,0.0,0.0,0.0,0.0,1.0,0.0,0.0,0.0,0.0,0.0,0.0,0.0,1.0,0.0,0.0,0.0,0.0,0.0,0.0,1.0,0.0,0.0,0.0,1.0,0.0
3163,0.09876543209876543,1.0,0.0,0.0,0.44444444444444436,0.75,0.6339442585242172,0.05263157894736842,1.0,0.0,1.0,0.6691348402182413,0.3389121338912131,0.9811834051235548,1.0,0.0,1.0,0.0,0.0,0.0,0.0,0.0,0.0,0.0,0.0,0.0,0.0,0.0,1.0,0.0,0.0,1.0,0.0,0.0,0.0,0.0,0.0,0.0,1.0,0.0
3164,0.4567901234567901,1.0,0.0,0.0,0.44444444444444436,0.75,0.7824586516622517,0.02631578947368421,1.0,0.0,1.0,0.6691348402182413,0.3389121338912131,0.9811834051235548,1.0,0.0,0.0,0.0,0.0,0.0,0.0,0.0,0.0,0.0,0.0,1.0,0.0,1.0,0.0,0.0,0.0,0.0,0.0,0.0,0.0,1.0,0.0,0.0,1.0,0.0
3165,0.25925925925925924,0.0,0.0,0.0,0.44444444444444436,0.75,0.5878478128342483,0.05263157894736842,1.0,0.0,1.0,0.6691348402182413,0.3389121338912131,0.9811834051235548,1.0,0.0,1.0,0.0,0.0,0.0,0.0,0.0,0.0,0.0,0.0,0.0,0.0,0.0,1.0,0.0,0.0,0.0,1.0,0.0,0.0,0.0,0.0,1.0,1.0,0.0
3166,0.419753086419753,0.0,0.0,0.0,0.44444444444444436,0.75,0.8004618462577239,0.02631578947368421,1.0,0.0,1.0,0.6691348402182413,0.3389121338912131,0.9811834051235548,1.0,1.0,0.0,0.0,0.0,1.0,0.0,0.0,0.0,0.0,0.0,0.0,0.0,1.0,0.0,0.0,0.0,0.0,0.0,0.0,0.0,1.0,0.0,1.0,1.0,0.0
3167,0.2222222222222222,0.0,1.0,0.0,0.44444444444444436,0.75,0.6880861948773884,0.02631578947368421,1.0,0.0,1.0,0.6691348402182413,0.3389121338912131,0.9811834051235548,1.0,0.0,0.0,0.0,0.0,0.0,0.0,0.0,0.0,0.0,1.0,0.0,0.0,0.0,1.0,0.0,0.0,0.0,0.0,0.0,1.0,0.0,0.0,0.0,1.0,0.0
3168,0.38271604938271603,0.0,0.0,0.0,0.44444444444444436,0.75,0.8850258488547917,0.0,1.0,0.0,1.0,0.6691348402182413,0.3389121338912131,0.9811834051235548,1.0,1.0,0.0,0.0,0.0,0.0,0.0,0.0,0.0,0.0,0.0,1.0,0.0,1.0,0.0,0.0,1.0,0.0,0.0,0.0,0.0,0.0,0.0,0.0,1.0,0.0
3169,0.5185185185185184,1.0,0.0,0.0,0.44444444444444436,0.75,0.6736785908672379,0.0,1.0,0.0,1.0,0.6691348402182413,0.3389121338912131,0.9811834051235548,1.0,0.0,0.0,0.0,0.0,0.0,1.0,0.0,0.0,0.0,0.0,0.0,0.0,0.0,1.0,0.0,0.0,0.0,0.0,0.0,1.0,0.0,0.0,1.0,1.0,0.0
3170,0.1728395061728395,1.0,0.0,0.0,0.44444444444444436,0.75,0.6781891171876829,0.0,1.0,0.0,1.0,0.6691348402182413,0.3389121338912131,0.9811834051235548,1.0,0.0,0.0,0.0,0.0,0.0,0.0,0.0,1.0,0.0,0.0,0.0,0.0,1.0,0.0,0.0,0.0,1.0,0.0,0.0,0.0,0.0,0.0,1.0,1.0,0.0
3171,0.3333333333333333,1.0,0.0,0.0,0.44444444444444436,0.75,0.806313016498325,0.13157894736842105,1.0,0.0,1.0,0.6691348402182413,0.3389121338912131,0.9811834051235548,1.0,0.0,0.0,0.0,0.0,0.0,0.0,0.0,0.0,0.0,0.0,0.0,0.0,1.0,0.0,0.0,0.0,0.0,0.0,0.0,0.0,1.0,0.0,0.0,1.0,0.0
3172,0.06172839506172839,1.0,0.0,0.0,0.44444444444444436,0.75,0.7184005503099906,0.0,1.0,0.0,1.0,0.6691348402182413,0.3389121338912131,0.9811834051235548,1.0,0.0,1.0,0.0,0.0,0.0,0.0,0.0,0.0,0.0,0.0,0.0,0.0,1.0,0.0,0.0,0.0,1.0,0.0,0.0,0.0,0.0,0.0,0.0,1.0,0.0
3173,0.4074074074074074,1.0,0.0,0.0,0.44444444444444436,0.75,0.5984801554161608,0.02631578947368421,1.0,0.0,1.0,0.6691348402182413,0.3389121338912131,0.9811834051235548,1.0,0.0,0.0,0.0,0.0,1.0,0.0,0.0,0.0,0.0,0.0,0.0,0.0,1.0,0.0,0.0,0.0,0.0,0.0,0.0,0.0,1.0,0.0,0.0,1.0,0.0
3174,0.34567901234567905,1.0,0.0,0.0,0.44444444444444436,0.75,0.6949982196033254,0.02631578947368421,1.0,0.0,1.0,0.6691348402182413,0.3389121338912131,0.9811834051235548,1.0,1.0,1.0,0.0,0.0,0.0,0.0,0.0,0.0,0.0,0.0,0.0,0.0,1.0,0.0,0.0,0.0,0.0,0.0,0.0,0.0,0.0,0.0,0.0,1.0,0.0
3175,0.25925925925925924,1.0,1.0,0.0,0.44444444444444436,0.75,0.7343048669527241,0.05263157894736842,1.0,0.0,1.0,0.6691348402182413,0.3389121338912131,0.9811834051235548,1.0,0.0,0.0,0.0,0.0,0.0,0.0,0.0,0.0,0.0,0.0,0.0,0.0,0.0,1.0,0.0,0.0,0.0,0.0,0.0,0.0,1.0,0.0,0.0,1.0,0.0
3176,0.2222222222222222,1.0,0.0,0.0,0.44444444444444436,0.75,0.5670345425314071,0.10526315789473684,1.0,0.0,1.0,0.6691348402182413,0.3389121338912131,0.9811834051235548,1.0,0.0,0.0,0.0,0.0,0.0,0.0,0.0,1.0,0.0,0.0,0.0,0.0,0.0,1.0,0.0,0.0,1.0,0.0,0.0,0.0,0.0,0.0,0.0,1.0,0.0
3177,0.4567901234567901,1.0,0.0,0.0,0.44444444444444436,0.75,0.7481094227043764,0.05263157894736842,1.0,0.0,1.0,0.6691348402182413,0.3389121338912131,0.9811834051235548,1.0,0.0,0.0,0.0,0.0,0.0,1.0,0.0,0.0,0.0,0.0,0.0,0.0,0.0,1.0,0.0,0.0,0.0,1.0,0.0,0.0,0.0,0.0,0.0,1.0,0.0
3178,0.4691358024691357,1.0,0.0,0.0,0.44444444444444436,0.75,0.7589877432419946,0.15789473684210525,1.0,0.0,1.0,0.6691348402182413,0.3389121338912131,0.9811834051235548,1.0,0.0,0.0,0.0,0.0,0.0,0.0,0.0,0.0,0.0,0.0,0.0,1.0,1.0,0.0,0.0,0.0,0.0,0.0,0.0,0.0,0.0,0.0,0.0,1.0,0.0
3179,0.419753086419753,1.0,0.0,0.0,0.44444444444444436,0.75,0.645692009932198,0.02631578947368421,1.0,0.0,1.0,0.6691348402182413,0.3389121338912131,0.9811834051235548,1.0,0.0,0.0,0.0,1.0,0.0,0.0,0.0,0.0,0.0,0.0,0.0,0.0,0.0,0.0,0.0,0.0,0.0,1.0,0.0,0.0,0.0,0.0,0.0,1.0,0.0
3180,0.5185185185185184,1.0,0.0,0.0,0.44444444444444436,0.75,0.7209917376636646,0.21052631578947367,1.0,0.0,1.0,0.6691348402182413,0.3389121338912131,0.9811834051235548,1.0,1.0,0.0,0.0,0.0,0.0,0.0,0.0,0.0,0.0,0.0,1.0,0.0,1.0,0.0,0.0,0.0,0.0,0.0,0.0,0.0,0.0,0.0,1.0,1.0,0.0
3181,0.24691358024691357,1.0,1.0,0.0,0.44444444444444436,0.75,0.8681041314190917,0.13157894736842105,1.0,0.0,1.0,0.6691348402182413,0.3389121338912131,0.9811834051235548,1.0,1.0,0.0,0.0,0.0,0.0,0.0,0.0,0.0,0.0,0.0,0.0,0.0,1.0,0.0,0.0,1.0,0.0,0.0,0.0,0.0,0.0,0.0,0.0,1.0,0.0
3182,0.24691358024691357,0.0,0.0,0.0,0.44444444444444436,1.0,0.573494565885327,0.02631578947368421,1.0,0.0,1.0,0.6691348402182413,0.3389121338912131,0.9811834051235548,1.0,0.0,0.0,0.0,0.0,0.0,0.0,0.0,0.0,0.0,1.0,0.0,0.0,1.0,0.0,0.0,1.0,0.0,0.0,0.0,0.0,0.0,0.0,1.0,1.0,0.0
3183,0.43209876543209874,0.0,0.0,1.0,0.44444444444444436,1.0,0.8597415245085728,0.02631578947368421,1.0,0.0,1.0,0.6691348402182413,0.3389121338912131,0.9811834051235548,1.0,1.0,1.0,0.0,0.0,0.0,0.0,0.0,0.0,0.0,0.0,0.0,0.0,1.0,0.0,0.0,0.0,1.0,0.0,0.0,0.0,0.0,0.0,1.0,1.0,0.0
3184,0.35802469135802467,1.0,0.0,0.0,0.44444444444444436,1.0,0.3104459034696894,0.21052631578947367,1.0,0.0,1.0,0.6691348402182413,0.3389121338912131,0.9811834051235548,1.0,0.0,0.0,0.0,0.0,0.0,0.0,0.0,0.0,0.0,1.0,0.0,0.0,1.0,0.0,0.0,0.0,0.0,0.0,0.0,1.0,0.0,0.0,0.0,1.0,0.0
3185,0.19753086419753085,1.0,0.0,0.0,0.44444444444444436,1.0,0.8540926611680337,0.02631578947368421,1.0,0.0,1.0,0.6691348402182413,0.3389121338912131,0.9811834051235548,1.0,1.0,0.0,0.0,0.0,0.0,0.0,0.0,0.0,0.0,1.0,0.0,0.0,0.0,1.0,0.0,0.0,0.0,1.0,0.0,0.0,0.0,0.0,0.0,1.0,0.0
3186,0.1728395061728395,0.0,1.0,0.0,0.44444444444444436,1.0,0.6153622441177717,0.02631578947368421,1.0,0.0,1.0,0.6691348402182413,0.3389121338912131,0.9811834051235548,1.0,0.0,0.0,0.0,0.0,0.0,0.0,0.0,0.0,0.0,0.0,0.0,0.0,0.0,0.0,0.0,0.0,0.0,1.0,0.0,0.0,0.0,0.0,0.0,1.0,0.0
3187,0.48148148148148145,1.0,0.0,1.0,0.44444444444444436,1.0,0.5970188304191458,0.07894736842105263,1.0,0.0,1.0,0.6691348402182413,0.3389121338912131,0.9811834051235548,1.0,0.0,0.0,0.0,0.0,0.0,0.0,0.0,0.0,0.0,1.0,0.0,0.0,0.0,0.0,0.0,0.0,0.0,0.0,0.0,1.0,0.0,0.0,0.0,1.0,0.0
3188,0.18518518518518517,0.0,0.0,0.0,0.44444444444444436,1.0,0.5670345425314071,0.39473684210526316,1.0,0.0,1.0,0.6691348402182413,0.3389121338912131,0.9811834051235548,1.0,0.0,0.0,1.0,0.0,0.0,0.0,0.0,0.0,0.0,0.0,0.0,0.0,0.0,0.0,0.0,0.0,0.0,0.0,0.0,0.0,1.0,0.0,0.0,1.0,0.0
3189,0.3703703703703703,0.0,1.0,0.0,0.44444444444444436,1.0,0.44515371326687203,0.15789473684210525,1.0,0.0,1.0,0.6691348402182413,0.3389121338912131,0.9811834051235548,1.0,0.0,0.0,0.0,0.0,0.0,0.0,0.0,0.0,0.0,1.0,0.0,0.0,0.0,0.0,0.0,0.0,0.0,0.0,0.0,1.0,0.0,0.0,0.0,1.0,0.0
3190,0.12345679012345678,0.0,1.0,0.0,0.44444444444444436,1.0,0.8102182763559477,0.02631578947368421,1.0,0.0,1.0,0.6691348402182413,0.3389121338912131,0.9811834051235548,1.0,1.0,0.0,0.0,0.0,0.0,0.0,0.0,0.0,0.0,0.0,0.0,0.0,1.0,0.0,0.0,0.0,0.0,0.0,0.0,0.0,1.0,0.0,0.0,1.0,0.0
3191,0.4567901234567901,1.0,0.0,0.0,0.44444444444444436,1.0,0.7530904864298108,0.10526315789473684,1.0,0.0,1.0,0.6691348402182413,0.3389121338912131,0.9811834051235548,1.0,0.0,1.0,0.0,0.0,0.0,0.0,0.0,0.0,0.0,0.0,0.0,0.0,1.0,0.0,0.0,0.0,1.0,0.0,0.0,0.0,0.0,0.0,1.0,1.0,0.0
3192,0.12345679012345678,0.0,1.0,0.0,0.44444444444444436,1.0,0.7557904280508805,0.10526315789473684,1.0,0.0,1.0,0.6691348402182413,0.3389121338912131,0.9811834051235548,1.0,1.0,0.0,0.0,0.0,0.0,0.0,0.0,1.0,0.0,0.0,0.0,0.0,0.0,1.0,0.0,0.0,0.0,1.0,0.0,0.0,0.0,0.0,0.0,1.0,0.0
3193,0.3703703703703703,0.0,1.0,0.0,0.44444444444444436,1.0,0.5540062892371289,0.0,1.0,0.0,1.0,0.6691348402182413,0.3389121338912131,0.9811834051235548,1.0,0.0,1.0,0.0,0.0,0.0,0.0,0.0,0.0,0.0,0.0,0.0,0.0,1.0,0.0,0.0,0.0,0.0,0.0,0.0,0.0,0.0,0.0,1.0,1.0,0.0
3194,0.4691358024691357,0.0,0.0,0.0,0.44444444444444436,1.0,0.6068862413262684,0.18421052631578946,1.0,0.0,1.0,0.6691348402182413,0.3389121338912131,0.9811834051235548,1.0,0.0,0.0,0.0,0.0,0.0,0.0,0.0,0.0,0.0,1.0,0.0,0.0,1.0,0.0,0.0,0.0,0.0,0.0,0.0,0.0,0.0,1.0,0.0,1.0,0.0
3195,0.12345679012345678,1.0,0.0,0.0,0.44444444444444436,1.0,0.7841187005633716,0.0,1.0,0.0,1.0,0.6691348402182413,0.3389121338912131,0.9811834051235548,1.0,1.0,0.0,0.0,0.0,0.0,0.0,0.0,0.0,0.0,1.0,0.0,0.0,0.0,1.0,0.0,0.0,0.0,1.0,0.0,0.0,0.0,0.0,0.0,1.0,0.0
3196,0.20987654320987653,0.0,1.0,0.0,0.44444444444444436,1.0,0.8127124012223458,0.0,1.0,0.0,1.0,0.6691348402182413,0.3389121338912131,0.9811834051235548,1.0,1.0,1.0,0.0,0.0,0.0,0.0,0.0,0.0,0.0,0.0,0.0,0.0,0.0,1.0,0.0,0.0,0.0,0.0,0.0,0.0,0.0,1.0,0.0,1.0,0.0
3197,0.4074074074074074,1.0,0.0,0.0,0.44444444444444436,1.0,0.7699631857272993,0.0,1.0,0.0,1.0,0.6691348402182413,0.3389121338912131,0.9811834051235548,1.0,1.0,0.0,0.0,0.0,0.0,1.0,0.0,0.0,0.0,0.0,0.0,0.0,1.0,0.0,0.0,0.0,0.0,0.0,0.0,1.0,0.0,0.0,0.0,1.0,0.0
3198,0.3333333333333333,0.0,0.0,0.0,0.44444444444444436,1.0,0.7765366918038409,0.0,1.0,0.0,1.0,0.6691348402182413,0.3389121338912131,0.9811834051235548,1.0,1.0,0.0,0.0,0.0,0.0,0.0,0.0,0.0,0.0,0.0,0.0,0.0,1.0,0.0,0.0,0.0,0.0,0.0,0.0,0.0,0.0,1.0,0.0,1.0,0.0
3199,0.13580246913580246,0.0,0.0,0.0,0.44444444444444436,1.0,0.5094464638657551,0.0,1.0,0.0,1.0,0.6691348402182413,0.3389121338912131,0.9811834051235548,1.0,0.0,1.0,0.0,0.0,0.0,0.0,0.0,0.0,0.0,0.0,0.0,0.0,0.0,1.0,0.0,0.0,1.0,0.0,0.0,0.0,0.0,0.0,0.0,1.0,0.0
3200,0.18518518518518517,1.0,0.0,1.0,0.44444444444444436,1.0,0.603456402174661,0.0,1.0,0.0,1.0,0.6691348402182413,0.3389121338912131,0.9811834051235548,1.0,0.0,1.0,0.0,0.0,0.0,0.0,0.0,0.0,0.0,0.0,0.0,0.0,1.0,0.0,0.0,0.0,0.0,0.0,0.0,1.0,0.0,0.0,0.0,1.0,0.0
3201,0.09876543209876543,0.0,1.0,0.0,0.44444444444444436,1.0,0.5561069727294308,0.02631578947368421,1.0,0.0,1.0,0.6691348402182413,0.3389121338912131,0.9811834051235548,1.0,0.0,0.0,0.0,0.0,0.0,0.0,0.0,0.0,0.0,1.0,0.0,0.0,0.0,1.0,0.0,0.0,0.0,1.0,0.0,0.0,0.0,0.0,0.0,1.0,0.0
3202,0.2345679012345679,1.0,0.0,0.0,0.44444444444444436,1.0,0.7952623927685294,0.0,1.0,0.0,1.0,0.6691348402182413,0.3389121338912131,0.9811834051235548,1.0,1.0,0.0,0.0,0.0,0.0,0.0,0.0,1.0,0.0,0.0,0.0,0.0,0.0,1.0,0.0,0.0,0.0,1.0,0.0,0.0,0.0,0.0,0.0,1.0,0.0
3203,0.34567901234567905,0.0,0.0,0.0,0.44444444444444436,1.0,0.5770327318283031,0.0,1.0,0.0,1.0,0.6691348402182413,0.3389121338912131,0.9811834051235548,1.0,0.0,0.0,0.0,0.0,0.0,0.0,0.0,0.0,0.0,1.0,0.0,0.0,0.0,0.0,0.0,0.0,0.0,0.0,0.0,0.0,0.0,1.0,1.0,1.0,0.0
3204,0.38271604938271603,1.0,0.0,0.0,0.44444444444444436,1.0,0.6480977205520548,0.02631578947368421,1.0,0.0,1.0,0.6691348402182413,0.3389121338912131,0.9811834051235548,1.0,0.0,0.0,0.0,0.0,0.0,0.0,0.0,0.0,0.0,0.0,0.0,0.0,0.0,0.0,0.0,0.0,0.0,0.0,0.0,0.0,1.0,0.0,1.0,1.0,0.0
3205,0.14814814814814814,0.0,0.0,0.0,0.44444444444444436,1.0,0.6480977205520548,0.0,1.0,0.0,1.0,0.6691348402182413,0.3389121338912131,0.9811834051235548,1.0,0.0,0.0,0.0,0.0,0.0,0.0,0.0,1.0,0.0,0.0,0.0,0.0,0.0,1.0,0.0,0.0,0.0,0.0,0.0,0.0,1.0,0.0,0.0,1.0,0.0
3206,0.30864197530864196,1.0,0.0,0.0,0.44444444444444436,1.0,0.540547610473664,0.0,1.0,0.0,1.0,0.6691348402182413,0.3389121338912131,0.9811834051235548,1.0,0.0,0.0,0.0,0.0,0.0,0.0,0.0,0.0,0.0,1.0,0.0,0.0,0.0,1.0,0.0,0.0,0.0,0.0,0.0,1.0,0.0,0.0,0.0,1.0,0.0
3207,0.43209876543209874,0.0,0.0,0.0,0.44444444444444436,1.0,0.7857556487290006,0.0,1.0,0.0,1.0,0.6691348402182413,0.3389121338912131,0.9811834051235548,1.0,0.0,0.0,0.0,0.0,0.0,0.0,0.0,0.0,0.0,0.0,0.0,0.0,1.0,0.0,0.0,0.0,0.0,1.0,0.0,0.0,0.0,0.0,0.0,1.0,0.0
3208,0.35802469135802467,1.0,0.0,1.0,0.44444444444444436,1.0,0.8909739164156982,0.07894736842105263,1.0,0.0,1.0,0.6691348402182413,0.3389121338912131,0.9811834051235548,1.0,1.0,0.0,0.0,0.0,0.0,0.0,0.0,0.0,0.0,1.0,0.0,0.0,0.0,0.0,0.0,0.0,0.0,0.0,0.0,0.0,1.0,0.0,1.0,1.0,0.0
3209,0.5308641975308641,0.0,0.0,0.0,0.44444444444444436,1.0,0.5369277818064884,0.0,1.0,0.0,1.0,0.6691348402182413,0.3389121338912131,0.9811834051235548,1.0,0.0,0.0,0.0,0.0,0.0,1.0,0.0,0.0,0.0,0.0,0.0,0.0,1.0,0.0,0.0,1.0,0.0,0.0,0.0,0.0,0.0,0.0,1.0,1.0,0.0
3210,0.1728395061728395,1.0,0.0,0.0,0.44444444444444436,1.0,0.5356959888812932,0.02631578947368421,1.0,0.0,1.0,0.6691348402182413,0.3389121338912131,0.9811834051235548,1.0,0.0,0.0,1.0,0.0,0.0,0.0,0.0,0.0,0.0,0.0,0.0,0.0,1.0,0.0,0.0,0.0,0.0,0.0,0.0,0.0,1.0,0.0,0.0,1.0,0.0
3211,0.35802469135802467,0.0,1.0,0.0,0.44444444444444436,1.0,0.6013494476505862,0.05263157894736842,1.0,0.0,1.0,0.6691348402182413,0.3389121338912131,0.9811834051235548,1.0,0.0,0.0,0.0,0.0,0.0,0.0,0.0,0.0,0.0,1.0,0.0,0.0,0.0,0.0,0.0,0.0,0.0,0.0,0.0,0.0,1.0,0.0,0.0,1.0,0.0
3212,0.5185185185185184,1.0,0.0,1.0,0.44444444444444436,1.0,0.6933889585355939,0.18421052631578946,1.0,0.0,1.0,0.6691348402182413,0.3389121338912131,0.9811834051235548,1.0,1.0,0.0,0.0,0.0,0.0,1.0,0.0,0.0,0.0,0.0,0.0,0.0,0.0,0.0,0.0,0.0,1.0,0.0,0.0,0.0,0.0,0.0,1.0,1.0,0.0
3213,0.25925925925925924,0.0,0.0,0.0,0.44444444444444436,1.0,0.6849948743751764,0.02631578947368421,1.0,0.0,1.0,0.6691348402182413,0.3389121338912131,0.9811834051235548,1.0,0.0,0.0,0.0,0.0,0.0,0.0,0.0,0.0,0.0,1.0,0.0,0.0,0.0,1.0,0.0,0.0,0.0,0.0,0.0,0.0,0.0,1.0,0.0,1.0,0.0
3214,0.29629629629629634,1.0,0.0,0.0,0.44444444444444436,1.0,0.7242771433474918,0.02631578947368421,1.0,0.0,1.0,0.6691348402182413,0.3389121338912131,0.9811834051235548,1.0,0.0,0.0,0.0,0.0,0.0,0.0,0.0,0.0,0.0,0.0,0.0,0.0,1.0,0.0,0.0,0.0,1.0,0.0,0.0,0.0,0.0,0.0,1.0,1.0,0.0
3215,0.2716049382716049,1.0,0.0,0.0,0.44444444444444436,1.0,0.5707693054036078,0.0,1.0,0.0,1.0,0.6691348402182413,0.3389121338912131,0.9811834051235548,1.0,0.0,0.0,0.0,0.0,0.0,0.0,0.0,0.0,0.0,0.0,0.0,0.0,1.0,0.0,0.0,0.0,0.0,0.0,0.0,0.0,1.0,0.0,0.0,1.0,0.0
3216,0.2716049382716049,0.0,0.0,0.0,0.44444444444444436,1.0,0.7778084355358338,0.3157894736842105,1.0,0.0,1.0,0.6691348402182413,0.3389121338912131,0.9811834051235548,1.0,1.0,0.0,0.0,0.0,0.0,0.0,0.0,0.0,0.0,0.0,0.0,0.0,1.0,0.0,0.0,0.0,0.0,0.0,0.0,0.0,1.0,0.0,0.0,1.0,0.0
3217,0.43209876543209874,1.0,0.0,0.0,0.44444444444444436,1.0,0.8950706338795739,0.0,1.0,0.0,1.0,0.6691348402182413,0.3389121338912131,0.9811834051235548,1.0,1.0,1.0,0.0,0.0,0.0,0.0,0.0,0.0,0.0,0.0,0.0,0.0,1.0,0.0,0.0,0.0,0.0,0.0,0.0,0.0,0.0,0.0,1.0,1.0,0.0
3218,0.16049382716049382,0.0,0.0,0.0,0.44444444444444436,1.0,0.8302568789197602,0.6578947368421052,1.0,0.0,1.0,0.6691348402182413,0.3389121338912131,0.9811834051235548,1.0,0.0,0.0,0.0,0.0,0.0,0.0,0.0,0.0,0.0,1.0,0.0,0.0,1.0,0.0,0.0,0.0,0.0,1.0,0.0,0.0,0.0,0.0,0.0,1.0,0.0
3219,0.5061728395061729,0.0,0.0,0.0,0.44444444444444436,1.0,0.5306356323565045,0.15789473684210525,1.0,0.0,1.0,0.6691348402182413,0.3389121338912131,0.9811834051235548,1.0,0.0,0.0,0.0,0.0,0.0,0.0,0.0,0.0,0.0,0.0,0.0,0.0,1.0,0.0,0.0,0.0,1.0,0.0,0.0,0.0,0.0,0.0,0.0,1.0,0.0
3220,0.2345679012345679,0.0,0.0,0.0,0.44444444444444436,1.0,0.7235270760911621,0.07894736842105263,1.0,0.0,1.0,0.6691348402182413,0.3389121338912131,0.9811834051235548,1.0,0.0,0.0,0.0,0.0,0.0,0.0,0.0,1.0,0.0,0.0,0.0,0.0,1.0,0.0,0.0,0.0,0.0,1.0,0.0,0.0,0.0,0.0,0.0,1.0,0.0
3221,0.419753086419753,0.0,0.0,0.0,0.44444444444444436,1.0,0.5829794567444476,0.05263157894736842,1.0,0.0,1.0,0.6691348402182413,0.3389121338912131,0.9811834051235548,1.0,0.0,0.0,1.0,0.0,0.0,0.0,0.0,0.0,0.0,0.0,0.0,0.0,1.0,0.0,0.0,1.0,0.0,0.0,0.0,0.0,0.0,0.0,1.0,1.0,0.0
3222,0.4074074074074074,0.5,0.5,0.0,0.44444444444444436,1.0,0.6914283273250159,0.21052631578947367,1.0,0.0,1.0,0.6691348402182413,0.3389121338912131,0.9811834051235548,1.0,0.0,0.0,0.0,1.0,0.0,0.0,0.0,0.0,0.0,0.0,0.0,0.0,1.0,0.0,0.0,0.0,0.0,0.0,0.0,0.0,0.0,0.0,1.0,1.0,0.0
3223,0.4691358024691357,1.0,0.0,0.0,0.44444444444444436,1.0,0.8163001752593712,0.18421052631578946,1.0,0.0,1.0,0.6691348402182413,0.3389121338912131,0.9811834051235548,1.0,1.0,0.0,0.0,0.0,0.0,1.0,0.0,0.0,0.0,0.0,0.0,0.0,1.0,0.0,0.0,0.0,0.0,0.0,0.0,1.0,0.0,0.0,0.0,1.0,0.0
3224,0.19753086419753085,1.0,0.0,0.0,0.44444444444444436,1.0,0.703921238889424,0.0,1.0,0.0,1.0,0.6691348402182413,0.3389121338912131,0.9811834051235548,1.0,0.0,0.0,0.0,0.0,0.0,0.0,0.0,1.0,0.0,0.0,0.0,0.0,1.0,0.0,0.0,0.0,0.0,1.0,0.0,0.0,0.0,0.0,0.0,1.0,0.0
3225,0.419753086419753,0.0,0.0,0.0,0.44444444444444436,1.0,0.6685887555427749,0.07894736842105263,1.0,0.0,1.0,0.6691348402182413,0.3389121338912131,0.9811834051235548,1.0,0.0,0.0,0.0,0.0,0.0,0.0,0.0,0.0,0.0,0.0,0.0,0.0,1.0,0.0,0.0,0.0,0.0,0.0,0.0,0.0,1.0,0.0,0.0,1.0,0.0
3226,0.5308641975308641,0.0,0.0,0.0,0.44444444444444436,1.0,0.750725881195543,0.18421052631578946,1.0,0.0,1.0,0.6691348402182413,0.3389121338912131,0.9811834051235548,1.0,1.0,0.0,0.0,0.0,0.0,0.0,0.0,0.0,0.0,1.0,0.0,0.0,1.0,0.0,0.0,0.0,0.0,1.0,0.0,0.0,0.0,0.0,0.0,1.0,0.0
3227,0.35802469135802467,1.0,0.0,0.0,0.44444444444444436,1.0,0.7501272277432902,0.10526315789473684,1.0,0.0,1.0,0.6691348402182413,0.3389121338912131,0.9811834051235548,1.0,0.0,0.0,0.0,0.0,0.0,0.0,0.0,0.0,1.0,0.0,0.0,0.0,0.0,1.0,0.0,0.0,0.0,0.0,0.0,0.0,0.0,1.0,0.0,1.0,0.0
3228,0.5185185185185184,0.0,0.0,0.0,0.44444444444444436,1.0,0.8462303065975239,0.05263157894736842,1.0,0.0,1.0,0.6691348402182413,0.3389121338912131,0.9811834051235548,1.0,1.0,0.0,0.0,0.0,0.0,1.0,0.0,0.0,0.0,0.0,0.0,0.0,1.0,0.0,0.0,0.0,1.0,0.0,0.0,0.0,0.0,0.0,1.0,1.0,0.0
3229,0.43209876543209874,0.0,1.0,0.0,0.44444444444444436,1.0,0.6055262822549443,0.0,1.0,0.0,1.0,0.6691348402182413,0.3389121338912131,0.9811834051235548,1.0,0.0,0.0,0.0,0.0,0.0,0.0,0.0,0.0,0.0,0.0,0.0,0.0,1.0,0.0,0.0,0.0,0.0,0.0,0.0,0.0,1.0,0.0,0.0,1.0,0.0
3230,0.2222222222222222,0.0,0.0,0.0,0.44444444444444436,1.0,0.6295666315558228,0.07894736842105263,1.0,0.0,1.0,0.6691348402182413,0.3389121338912131,0.9811834051235548,1.0,0.0,0.0,0.0,0.0,1.0,0.0,0.0,0.0,0.0,0.0,0.0,0.0,0.0,0.0,0.0,0.0,0.0,0.0,0.0,0.0,1.0,0.0,0.0,1.0,0.0
3231,0.43209876543209874,1.0,0.0,0.0,0.44444444444444436,1.0,0.8061888632947317,0.05263157894736842,1.0,0.0,1.0,0.6691348402182413,0.3389121338912131,0.9811834051235548,1.0,1.0,0.0,0.0,0.0,0.0,0.0,0.0,1.0,0.0,0.0,0.0,0.0,1.0,0.0,0.0,0.0,0.0,1.0,0.0,0.0,0.0,0.0,1.0,1.0,0.0
3232,0.5061728395061729,0.0,1.0,0.0,0.44444444444444436,1.0,0.5463436176888766,0.05263157894736842,1.0,0.0,1.0,0.6691348402182413,0.3389121338912131,0.9811834051235548,1.0,0.0,0.0,0.0,0.0,0.0,0.0,0.0,0.0,0.0,1.0,0.0,0.0,1.0,0.0,0.0,0.0,0.0,0.0,0.0,0.0,0.0,0.0,1.0,1.0,0.0
3233,0.419753086419753,1.0,1.0,0.0,0.44444444444444436,1.0,0.5679794082497067,0.02631578947368421,1.0,0.0,1.0,0.6691348402182413,0.3389121338912131,0.9811834051235548,1.0,0.0,0.0,1.0,0.0,0.0,0.0,0.0,0.0,0.0,0.0,0.0,0.0,1.0,0.0,0.0,1.0,0.0,0.0,0.0,0.0,0.0,0.0,1.0,1.0,0.0
3234,0.4938271604938272,0.0,1.0,1.0,0.44444444444444436,1.0,0.5344511608683252,0.26315789473684215,1.0,0.0,1.0,0.6691348402182413,0.3389121338912131,0.9811834051235548,1.0,0.0,0.0,0.0,0.0,0.0,1.0,0.0,0.0,0.0,0.0,0.0,0.0,0.0,1.0,0.0,0.0,0.0,0.0,0.0,0.0,0.0,0.0,0.0,1.0,0.0
3235,0.5185185185185184,1.0,0.0,0.0,0.44444444444444436,1.0,0.8562226036782605,0.42105263157894735,1.0,0.0,1.0,0.6691348402182413,0.3389121338912131,0.9811834051235548,1.0,1.0,0.0,0.0,0.0,0.0,1.0,0.0,0.0,0.0,0.0,0.0,0.0,1.0,0.0,0.0,0.0,0.0,1.0,0.0,0.0,0.0,0.0,0.0,1.0,0.0
3236,0.35802469135802467,1.0,0.0,1.0,0.44444444444444436,1.0,0.6628493172872891,0.07894736842105263,1.0,0.0,1.0,0.6691348402182413,0.3389121338912131,0.9811834051235548,1.0,1.0,0.0,0.0,0.0,0.0,0.0,0.0,0.0,1.0,0.0,0.0,0.0,0.0,1.0,0.0,0.0,0.0,0.0,0.0,0.0,0.0,1.0,0.0,1.0,0.0
3237,0.48148148148148145,1.0,0.0,0.0,0.44444444444444436,1.0,0.7640715346196701,0.07894736842105263,1.0,0.0,1.0,0.6691348402182413,0.3389121338912131,0.9811834051235548,1.0,1.0,0.0,0.0,0.0,0.0,0.0,0.0,0.0,0.0,0.0,0.0,0.0,1.0,0.0,0.0,0.0,0.0,1.0,0.0,0.0,0.0,0.0,1.0,1.0,0.0
3238,0.38271604938271603,1.0,0.0,0.0,0.44444444444444436,1.0,0.64373137872162,0.10526315789473684,1.0,0.0,1.0,0.6691348402182413,0.3389121338912131,0.9811834051235548,1.0,0.0,0.0,0.0,0.0,0.0,0.0,0.0,0.0,0.0,0.0,0.0,0.0,0.0,1.0,0.0,0.0,0.0,1.0,0.0,0.0,0.0,0.0,0.0,1.0,0.0
3239,0.13580246913580246,0.0,0.0,0.0,0.44444444444444436,1.0,0.8496276332919277,0.21052631578947367,1.0,0.0,1.0,0.6691348402182413,0.3389121338912131,0.9811834051235548,1.0,1.0,1.0,0.0,0.0,0.0,0.0,0.0,0.0,0.0,0.0,0.0,0.0,0.0,1.0,0.0,0.0,1.0,0.0,0.0,0.0,0.0,0.0,0.0,1.0,0.0
3240,0.2716049382716049,0.0,0.0,0.0,0.44444444444444436,1.0,0.7626413024182143,0.07894736842105263,1.0,0.0,1.0,0.6691348402182413,0.3389121338912131,0.9811834051235548,1.0,1.0,0.0,0.0,0.0,0.0,0.0,0.0,0.0,0.0,0.0,0.0,0.0,1.0,0.0,0.0,0.0,0.0,0.0,0.0,0.0,1.0,0.0,0.0,1.0,0.0
3241,0.35802469135802467,1.0,0.0,0.0,0.44444444444444436,0.0,0.5909849360662706,0.02631578947368421,1.0,0.0,1.0,0.6691348402182413,0.3389121338912131,0.9811834051235548,1.0,0.0,0.0,0.0,0.0,0.0,0.0,0.0,0.0,0.0,0.0,0.0,0.0,1.0,0.0,0.0,0.0,0.0,1.0,0.0,0.0,0.0,0.0,1.0,1.0,0.0
3242,0.34567901234567905,0.0,0.0,0.0,0.44444444444444436,0.0,0.5670345425314071,0.10526315789473684,1.0,0.0,1.0,0.6691348402182413,0.3389121338912131,0.9811834051235548,1.0,0.0,0.0,1.0,0.0,0.0,0.0,0.0,0.0,0.0,0.0,0.0,0.0,0.0,1.0,0.0,0.0,0.0,0.0,0.0,0.0,1.0,0.0,0.0,1.0,0.0
3243,0.3333333333333333,1.0,1.0,1.0,0.44444444444444436,0.0,0.407692361002577,0.05263157894736842,1.0,0.0,1.0,0.6691348402182413,0.3389121338912131,0.9811834051235548,1.0,0.0,0.0,0.0,0.0,0.0,0.0,0.0,0.0,0.0,1.0,0.0,0.0,0.0,0.0,0.0,0.0,0.0,0.0,0.0,0.0,1.0,0.0,1.0,1.0,0.0
3244,0.2839506172839506,1.0,1.0,0.0,0.44444444444444436,0.0,0.467045882751165,0.23684210526315788,1.0,0.0,1.0,0.6691348402182413,0.3389121338912131,0.9811834051235548,1.0,0.0,0.0,0.0,0.0,0.0,0.0,0.0,0.0,0.0,0.0,0.0,0.0,0.0,0.0,0.0,0.0,0.0,1.0,0.0,0.0,0.0,0.0,0.0,1.0,0.0
3245,0.3333333333333333,0.0,0.0,0.0,0.44444444444444436,0.0,0.6814620217929135,0.02631578947368421,1.0,0.0,1.0,0.6691348402182413,0.3389121338912131,0.9811834051235548,1.0,0.0,0.0,0.0,0.0,0.0,0.0,0.0,0.0,0.0,0.0,0.0,0.0,1.0,0.0,0.0,0.0,0.0,1.0,0.0,0.0,0.0,0.0,1.0,1.0,0.0
3246,0.3703703703703703,1.0,0.0,0.0,0.44444444444444436,0.0,0.5518674094137875,0.02631578947368421,1.0,0.0,1.0,0.6691348402182413,0.3389121338912131,0.9811834051235548,1.0,0.0,0.0,0.0,0.0,0.0,0.0,0.0,0.0,0.0,1.0,0.0,0.0,0.0,1.0,0.0,0.0,0.0,0.0,0.0,1.0,0.0,0.0,0.0,1.0,0.0
3247,0.48148148148148145,1.0,0.0,0.0,0.44444444444444436,0.0,0.6115259753720838,0.05263157894736842,1.0,0.0,1.0,0.6691348402182413,0.3389121338912131,0.9811834051235548,1.0,0.0,0.0,0.0,0.0,1.0,0.0,0.0,0.0,0.0,0.0,0.0,0.0,1.0,0.0,0.0,0.0,1.0,0.0,0.0,0.0,0.0,0.0,0.0,1.0,0.0
3248,0.29629629629629634,1.0,0.0,0.0,0.44444444444444436,0.0,0.4756049402686357,0.18421052631578946,1.0,0.0,1.0,0.6691348402182413,0.3389121338912131,0.9811834051235548,1.0,0.0,0.0,0.0,0.0,0.0,0.0,0.0,1.0,0.0,0.0,0.0,0.0,1.0,0.0,0.0,0.0,0.0,1.0,0.0,0.0,0.0,0.0,0.0,1.0,0.0
3249,0.3209876543209876,0.0,0.0,0.0,0.44444444444444436,0.0,0.7209917376636646,0.13157894736842105,1.0,0.0,1.0,0.6691348402182413,0.3389121338912131,0.9811834051235548,1.0,1.0,1.0,0.0,0.0,0.0,0.0,0.0,0.0,0.0,0.0,0.0,0.0,1.0,0.0,0.0,0.0,1.0,0.0,0.0,0.0,0.0,0.0,0.0,1.0,0.0
3250,0.4074074074074074,0.0,0.0,0.0,0.44444444444444436,0.0,0.8106974425968247,0.02631578947368421,1.0,0.0,1.0,0.6691348402182413,0.3389121338912131,0.9811834051235548,1.0,1.0,0.0,0.0,0.0,1.0,0.0,0.0,0.0,0.0,0.0,0.0,0.0,0.0,0.0,0.0,0.0,0.0,0.0,0.0,0.0,1.0,0.0,0.0,1.0,0.0
3251,0.3703703703703703,1.0,0.0,0.0,0.44444444444444436,0.0,0.6943571545318569,0.05263157894736842,1.0,0.0,1.0,0.6691348402182413,0.3389121338912131,0.9811834051235548,1.0,1.0,0.0,0.0,0.0,0.0,0.0,0.0,0.0,0.0,1.0,0.0,0.0,0.0,1.0,0.0,0.0,0.0,0.0,0.0,1.0,0.0,0.0,0.0,1.0,0.0
3252,0.2345679012345679,0.0,0.0,0.0,0.44444444444444436,0.0,0.407692361002577,0.02631578947368421,1.0,0.0,1.0,0.6691348402182413,0.3389121338912131,0.9811834051235548,1.0,0.0,1.0,0.0,0.0,0.0,0.0,0.0,0.0,0.0,0.0,0.0,0.0,0.0,1.0,0.0,0.0,1.0,0.0,0.0,0.0,0.0,0.0,0.0,1.0,0.0
3253,0.5185185185185184,1.0,0.0,0.0,0.44444444444444436,0.0,0.7646034201504672,0.15789473684210525,1.0,0.0,1.0,0.6691348402182413,0.3389121338912131,0.9811834051235548,1.0,1.0,0.0,0.0,0.0,0.0,1.0,0.0,0.0,0.0,0.0,0.0,0.0,1.0,0.0,0.0,0.0,0.0,0.0,0.0,0.0,1.0,0.0,0.0,1.0,0.0
3254,0.35802469135802467,0.0,0.0,0.0,0.44444444444444436,0.0,0.4776508205223571,0.02631578947368421,1.0,0.0,1.0,0.6691348402182413,0.3389121338912131,0.9811834051235548,1.0,0.0,0.0,0.0,0.0,0.0,0.0,0.0,1.0,0.0,0.0,0.0,0.0,1.0,0.0,0.0,0.0,0.0,1.0,0.0,0.0,0.0,0.0,1.0,1.0,0.0
3255,0.35802469135802467,0.0,0.0,0.0,0.44444444444444436,0.0,0.529335783224907,0.02631578947368421,1.0,0.0,1.0,0.6691348402182413,0.3389121338912131,0.9811834051235548,1.0,0.0,0.0,0.0,0.0,1.0,0.0,0.0,0.0,0.0,0.0,0.0,0.0,1.0,0.0,0.0,0.0,0.0,0.0,0.0,0.0,1.0,0.0,0.0,1.0,0.0
3256,0.3333333333333333,0.0,0.0,0.0,0.44444444444444436,0.0,0.7706373145033426,0.02631578947368421,1.0,0.0,1.0,0.6691348402182413,0.3389121338912131,0.9811834051235548,1.0,1.0,1.0,0.0,0.0,0.0,0.0,0.0,0.0,0.0,0.0,0.0,0.0,0.0,1.0,0.0,0.0,0.0,1.0,0.0,0.0,0.0,0.0,1.0,1.0,0.0
3257,0.4691358024691357,1.0,0.0,0.0,0.44444444444444436,0.0,0.7708052447952238,0.0,1.0,0.0,1.0,0.6691348402182413,0.3389121338912131,0.9811834051235548,1.0,1.0,0.0,0.0,0.0,0.0,0.0,0.0,0.0,0.0,0.0,0.0,0.0,1.0,0.0,0.0,0.0,0.0,1.0,0.0,0.0,0.0,0.0,0.0,1.0,0.0
3258,0.3209876543209876,0.0,1.0,0.0,0.44444444444444436,0.0,0.634480182683441,0.02631578947368421,1.0,0.0,1.0,0.6691348402182413,0.3389121338912131,0.9811834051235548,1.0,0.0,0.0,0.0,0.0,1.0,0.0,0.0,0.0,0.0,0.0,0.0,0.0,1.0,0.0,0.0,0.0,0.0,0.0,0.0,0.0,1.0,0.0,1.0,1.0,0.0
3259,0.3209876543209876,0.5,0.5,0.0,0.44444444444444436,0.0,0.8053161024854095,0.02631578947368421,1.0,0.0,1.0,0.6691348402182413,0.3389121338912131,0.9811834051235548,1.0,1.0,0.0,0.0,0.0,0.0,0.0,0.0,1.0,0.0,0.0,0.0,0.0,1.0,0.0,0.0,1.0,0.0,0.0,0.0,0.0,0.0,0.0,1.0,1.0,0.0
3260,0.34567901234567905,1.0,1.0,0.0,0.44444444444444436,0.0,0.6860343669962174,0.0,1.0,0.0,1.0,0.6691348402182413,0.3389121338912131,0.9811834051235548,1.0,0.0,0.0,0.0,0.0,0.0,0.0,0.0,0.0,0.0,0.0,0.0,0.0,0.0,0.0,0.0,0.0,0.0,0.0,0.0,0.0,1.0,0.0,0.0,1.0,0.0
3261,0.3333333333333333,0.0,0.0,0.0,0.44444444444444436,0.0,0.506309340633733,0.02631578947368421,1.0,0.0,1.0,0.6691348402182413,0.3389121338912131,0.9811834051235548,1.0,0.0,0.0,0.0,0.0,0.0,0.0,0.0,0.0,0.0,1.0,0.0,0.0,0.0,0.0,0.0,0.0,0.0,0.0,0.0,0.0,1.0,0.0,1.0,1.0,0.0
3262,0.5185185185185184,1.0,1.0,0.0,0.44444444444444436,0.0,0.7781242347845155,0.13157894736842105,1.0,0.0,1.0,0.6691348402182413,0.3389121338912131,0.9811834051235548,1.0,1.0,0.0,0.0,0.0,0.0,0.0,0.0,0.0,0.0,0.0,0.0,0.0,0.0,0.0,0.0,0.0,0.0,0.0,0.0,0.0,0.0,0.0,1.0,1.0,0.0
3263,0.5185185185185184,1.0,0.0,0.0,0.44444444444444436,0.0,0.5518674094137875,0.15789473684210525,1.0,0.0,1.0,0.6691348402182413,0.3389121338912131,0.9811834051235548,1.0,0.0,1.0,0.0,0.0,0.0,0.0,0.0,0.0,0.0,0.0,0.0,0.0,1.0,0.0,0.0,1.0,0.0,0.0,0.0,0.0,0.0,0.0,1.0,1.0,0.0
3264,0.2716049382716049,1.0,0.0,0.0,0.44444444444444436,0.0,0.5226119446684994,0.07894736842105263,1.0,0.0,1.0,0.6691348402182413,0.3389121338912131,0.9811834051235548,1.0,0.0,1.0,0.0,0.0,0.0,0.0,0.0,0.0,0.0,0.0,0.0,0.0,1.0,0.0,0.0,0.0,0.0,1.0,0.0,0.0,0.0,0.0,0.0,1.0,0.0
3265,0.35802469135802467,0.0,0.0,0.0,0.44444444444444436,0.0,0.7642490971431724,0.02631578947368421,1.0,0.0,1.0,0.6691348402182413,0.3389121338912131,0.9811834051235548,1.0,1.0,0.0,0.0,0.0,1.0,0.0,0.0,0.0,0.0,0.0,0.0,0.0,1.0,0.0,0.0,0.0,0.0,0.0,0.0,0.0,1.0,0.0,0.0,1.0,0.0
3266,0.4938271604938272,1.0,0.0,1.0,0.44444444444444436,0.0,0.4368466051913672,0.0,1.0,0.0,1.0,0.6691348402182413,0.3389121338912131,0.9811834051235548,1.0,0.0,0.0,0.0,0.0,0.0,0.0,1.0,0.0,0.0,0.0,0.0,0.0,1.0,0.0,0.0,0.0,0.0,0.0,0.0,0.0,1.0,0.0,1.0,1.0,0.0
3267,0.3333333333333333,1.0,0.0,1.0,0.44444444444444436,0.0,0.3104459034696894,0.0,1.0,0.0,1.0,0.6691348402182413,0.3389121338912131,0.9811834051235548,1.0,0.0,0.0,0.0,0.0,1.0,0.0,0.0,0.0,0.0,0.0,0.0,0.0,1.0,0.0,0.0,0.0,0.0,1.0,0.0,0.0,0.0,0.0,1.0,1.0,0.0
3268,0.3703703703703703,1.0,0.0,0.0,0.44444444444444436,0.0,0.6949982196033254,0.0,1.0,0.0,1.0,0.6691348402182413,0.3389121338912131,0.9811834051235548,1.0,0.0,0.0,0.0,1.0,0.0,0.0,0.0,0.0,0.0,0.0,0.0,0.0,1.0,0.0,0.0,0.0,0.0,0.0,0.0,0.0,0.0,0.0,1.0,1.0,0.0
3269,0.3333333333333333,0.0,0.0,0.0,0.44444444444444436,0.0,0.6006386590863215,0.0,1.0,0.0,1.0,0.6691348402182413,0.3389121338912131,0.9811834051235548,1.0,0.0,0.0,0.0,0.0,1.0,0.0,0.0,0.0,0.0,0.0,0.0,0.0,1.0,0.0,0.0,0.0,0.0,1.0,0.0,0.0,0.0,0.0,1.0,1.0,0.0
3270,0.2716049382716049,1.0,0.0,0.0,0.44444444444444436,0.0,0.46252089605584185,0.05263157894736842,1.0,0.0,1.0,0.6691348402182413,0.3389121338912131,0.9811834051235548,1.0,0.0,0.0,0.0,0.0,0.0,0.0,0.0,0.0,0.0,0.0,0.0,0.0,0.0,1.0,0.0,0.0,0.0,0.0,0.0,0.0,1.0,0.0,0.0,1.0,0.0
3271,0.4938271604938272,0.0,1.0,0.0,0.44444444444444436,0.0,0.492850661870268,0.10526315789473684,1.0,0.0,1.0,0.6691348402182413,0.3389121338912131,0.9811834051235548,1.0,0.0,0.0,0.0,0.0,0.0,1.0,0.0,0.0,0.0,0.0,0.0,0.0,1.0,0.0,0.0,0.0,0.0,0.0,0.0,0.0,0.0,0.0,1.0,1.0,0.0
3272,0.3333333333333333,1.0,1.0,0.0,0.44444444444444436,0.0,0.8310639843122376,0.0,1.0,0.0,1.0,0.6691348402182413,0.3389121338912131,0.9811834051235548,1.0,1.0,0.0,0.0,0.0,0.0,0.0,0.0,1.0,0.0,0.0,0.0,0.0,0.0,0.0,0.0,0.0,0.0,1.0,0.0,0.0,0.0,0.0,0.0,1.0,0.0
3273,0.2839506172839506,1.0,1.0,0.0,0.44444444444444436,0.0,0.7138601512137958,0.0,1.0,0.0,1.0,0.6691348402182413,0.3389121338912131,0.9811834051235548,1.0,1.0,1.0,0.0,0.0,0.0,0.0,0.0,0.0,0.0,0.0,0.0,0.0,1.0,0.0,0.0,0.0,0.0,0.0,0.0,1.0,0.0,0.0,0.0,1.0,0.0
3274,0.2839506172839506,0.0,0.0,0.0,0.44444444444444436,0.0,0.7918043204387807,0.02631578947368421,1.0,0.0,1.0,0.6691348402182413,0.3389121338912131,0.9811834051235548,1.0,1.0,0.0,0.0,0.0,0.0,0.0,0.0,0.0,0.0,0.0,0.0,0.0,0.0,0.0,0.0,0.0,0.0,1.0,0.0,0.0,0.0,0.0,0.0,1.0,0.0
3275,0.419753086419753,1.0,0.0,1.0,0.44444444444444436,0.0,0.7519141251318812,0.05263157894736842,1.0,0.0,1.0,0.6691348402182413,0.3389121338912131,0.9811834051235548,1.0,1.0,0.0,0.0,0.0,0.0,0.0,0.0,1.0,0.0,0.0,0.0,0.0,1.0,0.0,0.0,0.0,0.0,1.0,0.0,0.0,0.0,0.0,1.0,1.0,0.0
3276,0.30864197530864196,1.0,0.0,0.0,0.44444444444444436,0.0,0.4578148625383481,0.21052631578947367,1.0,0.0,1.0,0.6691348402182413,0.3389121338912131,0.9811834051235548,1.0,0.0,0.0,0.0,0.0,0.0,0.0,0.0,0.0,0.0,0.0,0.0,1.0,1.0,0.0,0.0,0.0,0.0,0.0,0.0,0.0,0.0,1.0,0.0,1.0,0.0
3277,0.34567901234567905,0.0,1.0,1.0,0.44444444444444436,0.0,0.6697830312775754,0.0,1.0,0.0,1.0,0.6691348402182413,0.3389121338912131,0.9811834051235548,1.0,0.0,0.0,0.0,0.0,0.0,0.0,0.0,0.0,0.0,0.0,0.0,0.0,0.0,0.0,0.0,1.0,0.0,0.0,0.0,0.0,0.0,0.0,0.0,1.0,0.0
3278,0.24691358024691357,0.0,0.0,0.0,0.44444444444444436,0.0,0.6832417100410403,0.0,1.0,0.0,1.0,0.6691348402182413,0.3389121338912131,0.9811834051235548,1.0,0.0,0.0,0.0,0.0,0.0,0.0,0.0,0.0,0.0,0.0,0.0,0.0,1.0,0.0,0.0,0.0,0.0,0.0,0.0,0.0,1.0,0.0,1.0,1.0,0.0
3279,0.34567901234567905,0.0,1.0,0.0,0.44444444444444436,0.0,0.6717469358140523,0.0,1.0,0.0,1.0,0.6691348402182413,0.3389121338912131,0.9811834051235548,1.0,0.0,0.0,0.0,0.0,0.0,0.0,0.0,0.0,0.0,0.0,0.0,0.0,1.0,0.0,0.0,0.0,0.0,1.0,0.0,0.0,0.0,0.0,1.0,1.0,0.0
3280,0.419753086419753,0.0,0.0,1.0,0.44444444444444436,0.0,0.6924127276259379,0.0,1.0,0.0,1.0,0.6691348402182413,0.3389121338912131,0.9811834051235548,1.0,0.0,0.0,0.0,0.0,0.0,0.0,0.0,0.0,0.0,0.0,0.0,0.0,0.0,0.0,0.0,0.0,0.0,0.0,0.0,0.0,1.0,0.0,0.0,1.0,0.0
3281,0.4691358024691357,1.0,0.0,0.0,0.44444444444444436,0.0,0.7062681526322143,0.02631578947368421,1.0,0.0,1.0,0.6691348402182413,0.3389121338912131,0.9811834051235548,1.0,0.0,0.0,0.0,0.0,0.0,0.0,0.0,0.0,0.0,0.0,0.0,0.0,0.0,0.0,0.0,0.0,0.0,0.0,0.0,0.0,1.0,0.0,0.0,1.0,0.0
3282,0.4938271604938272,0.0,1.0,0.0,0.44444444444444436,0.0,0.6407277649233879,0.05263157894736842,1.0,0.0,1.0,0.6691348402182413,0.3389121338912131,0.9811834051235548,1.0,0.0,0.0,0.0,0.0,0.0,0.0,0.0,0.0,0.0,0.0,0.0,0.0,1.0,0.0,0.0,0.0,0.0,0.0,0.0,0.0,1.0,0.0,0.0,1.0,0.0
3283,0.3703703703703703,0.0,1.0,0.0,0.44444444444444436,0.0,0.5212197964741162,0.07894736842105263,1.0,0.0,1.0,0.6691348402182413,0.3389121338912131,0.9811834051235548,1.0,0.0,0.0,0.0,0.0,0.0,0.0,1.0,0.0,0.0,0.0,0.0,0.0,1.0,0.0,0.0,0.0,0.0,0.0,0.0,0.0,1.0,0.0,0.0,1.0,0.0
3284,0.3333333333333333,1.0,1.0,0.0,0.44444444444444436,0.0,0.7036245548746948,0.02631578947368421,1.0,0.0,1.0,0.6691348402182413,0.3389121338912131,0.9811834051235548,1.0,0.0,0.0,0.0,0.0,0.0,0.0,0.0,1.0,0.0,0.0,0.0,0.0,0.0,0.0,0.0,0.0,0.0,1.0,0.0,0.0,0.0,0.0,0.0,1.0,0.0
3285,0.5185185185185184,0.0,1.0,0.0,0.44444444444444436,0.0,0.7584297889177843,0.05263157894736842,1.0,0.0,1.0,0.6691348402182413,0.3389121338912131,0.9811834051235548,1.0,1.0,0.0,0.0,0.0,0.0,0.0,0.0,0.0,0.0,0.0,0.0,0.0,0.0,0.0,0.0,0.0,0.0,1.0,0.0,0.0,0.0,0.0,1.0,1.0,0.0
3286,0.3209876543209876,1.0,1.0,0.0,0.44444444444444436,0.0,0.5109842001350153,0.10526315789473684,1.0,0.0,1.0,0.6691348402182413,0.3389121338912131,0.9811834051235548,1.0,0.0,0.0,0.0,0.0,0.0,0.0,0.0,1.0,0.0,0.0,0.0,0.0,1.0,0.0,0.0,1.0,0.0,0.0,0.0,0.0,0.0,0.0,1.0,1.0,0.0
3287,0.38271604938271603,1.0,0.0,0.0,0.44444444444444436,0.0,0.7000047262075192,0.02631578947368421,1.0,0.0,1.0,0.6691348402182413,0.3389121338912131,0.9811834051235548,1.0,1.0,0.0,0.0,0.0,0.0,0.0,0.0,0.0,0.0,1.0,0.0,0.0,1.0,0.0,0.0,0.0,0.0,0.0,0.0,1.0,0.0,0.0,0.0,1.0,0.0
3288,0.3703703703703703,1.0,0.0,0.0,0.44444444444444436,0.0,0.5198109754500708,0.07894736842105263,1.0,0.0,1.0,0.6691348402182413,0.3389121338912131,0.9811834051235548,1.0,0.0,1.0,0.0,0.0,0.0,0.0,0.0,0.0,0.0,0.0,0.0,0.0,1.0,0.0,0.0,0.0,0.0,0.0,0.0,0.0,0.0,0.0,0.0,1.0,0.0
3289,0.3703703703703703,0.0,0.0,0.0,0.44444444444444436,0.0,0.5253477691257531,0.02631578947368421,1.0,0.0,1.0,0.6691348402182413,0.3389121338912131,0.9811834051235548,1.0,0.0,1.0,0.0,0.0,0.0,0.0,0.0,0.0,0.0,0.0,0.0,0.0,1.0,0.0,0.0,0.0,0.0,0.0,0.0,1.0,0.0,0.0,0.0,1.0,0.0
3290,0.35802469135802467,0.0,0.0,0.0,0.44444444444444436,0.0,0.41482394745244594,0.7368421052631579,1.0,0.0,1.0,0.6691348402182413,0.3389121338912131,0.9811834051235548,1.0,0.0,1.0,0.0,0.0,0.0,0.0,0.0,0.0,0.0,0.0,0.0,0.0,1.0,0.0,0.0,0.0,0.0,1.0,0.0,0.0,0.0,0.0,1.0,1.0,0.0
3291,0.24691358024691357,0.0,0.0,1.0,0.44444444444444436,0.0,0.8137653335085939,0.10526315789473684,1.0,0.0,1.0,0.6691348402182413,0.3389121338912131,0.9811834051235548,1.0,1.0,0.0,0.0,0.0,0.0,0.0,0.0,0.0,0.0,0.0,0.0,0.0,1.0,0.0,0.0,0.0,0.0,0.0,0.0,0.0,1.0,0.0,0.0,1.0,0.0
3292,0.38271604938271603,1.0,0.0,0.0,0.44444444444444436,0.0,0.8234853906818969,0.02631578947368421,1.0,0.0,1.0,0.6691348402182413,0.3389121338912131,0.9811834051235548,1.0,1.0,0.0,0.0,0.0,0.0,0.0,0.0,0.0,0.0,1.0,0.0,0.0,1.0,0.0,0.0,0.0,0.0,0.0,0.0,0.0,0.0,1.0,0.0,1.0,0.0
3293,0.43209876543209874,1.0,0.0,0.0,0.44444444444444436,0.0,0.7959419738005811,0.02631578947368421,1.0,0.0,1.0,0.6691348402182413,0.3389121338912131,0.9811834051235548,1.0,1.0,0.0,0.0,0.0,0.0,0.0,0.0,0.0,0.0,0.0,0.0,0.0,0.0,0.0,0.0,0.0,0.0,0.0,0.0,0.0,1.0,0.0,0.0,1.0,0.0
3294,0.29629629629629634,1.0,1.0,0.0,0.44444444444444436,0.0,0.6422391580843787,0.368421052631579,1.0,0.0,1.0,0.6691348402182413,0.3389121338912131,0.9811834051235548,1.0,0.0,0.0,0.0,0.0,0.0,0.0,0.0,0.0,0.0,0.0,0.0,0.0,1.0,0.0,0.0,0.0,0.0,1.0,0.0,0.0,0.0,0.0,0.0,1.0,0.0
3295,0.2345679012345679,0.0,0.0,0.0,0.44444444444444436,0.0,0.6752013972391346,0.10526315789473684,1.0,0.0,1.0,0.6691348402182413,0.3389121338912131,0.9811834051235548,1.0,0.0,0.0,0.0,0.0,1.0,0.0,0.0,0.0,0.0,0.0,0.0,0.0,0.0,1.0,0.0,0.0,0.0,0.0,0.0,0.0,1.0,0.0,0.0,1.0,0.0
3296,0.3209876543209876,0.0,1.0,0.0,0.44444444444444436,0.0,0.7426951682067213,0.05263157894736842,1.0,0.0,1.0,0.6691348402182413,0.3389121338912131,0.9811834051235548,1.0,1.0,0.0,0.0,0.0,0.0,0.0,0.0,0.0,0.0,0.0,0.0,0.0,1.0,0.0,0.0,0.0,0.0,1.0,0.0,0.0,0.0,0.0,0.0,1.0,0.0
3297,0.4567901234567901,1.0,1.0,0.0,0.44444444444444436,0.0,0.6585712040288184,0.15789473684210525,1.0,0.0,1.0,0.6691348402182413,0.3389121338912131,0.9811834051235548,1.0,0.0,0.0,0.0,0.0,0.0,0.0,0.0,0.0,0.0,0.0,0.0,0.0,0.0,0.0,0.0,0.0,0.0,0.0,0.0,0.0,0.0,1.0,0.0,1.0,0.0
3298,0.25925925925925924,1.0,0.0,0.0,0.44444444444444436,0.0,0.5679794082497067,0.05263157894736842,1.0,0.0,1.0,0.6691348402182413,0.3389121338912131,0.9811834051235548,1.0,0.0,0.0,0.0,0.0,0.0,0.0,0.0,0.0,0.0,0.0,0.0,0.0,1.0,0.0,0.0,0.0,0.0,0.0,0.0,0.0,1.0,0.0,0.0,1.0,0.0
3299,0.2345679012345679,1.0,0.0,0.0,0.44444444444444436,0.0,0.5109842001350153,0.02631578947368421,1.0,0.0,1.0,0.6691348402182413,0.3389121338912131,0.9811834051235548,1.0,0.0,0.0,0.0,1.0,0.0,0.0,0.0,0.0,0.0,0.0,0.0,0.0,1.0,0.0,0.0,0.0,0.0,0.0,0.0,0.0,0.0,0.0,0.0,1.0,0.0
3300,0.3209876543209876,0.0,0.0,0.0,0.44444444444444436,0.0,0.7045123715378098,0.15789473684210525,1.0,0.0,1.0,0.6691348402182413,0.3389121338912131,0.9811834051235548,1.0,0.0,0.0,0.0,0.0,0.0,0.0,0.0,0.0,0.0,0.0,1.0,0.0,0.0,0.0,0.0,0.0,1.0,0.0,0.0,0.0,0.0,0.0,0.0,1.0,0.0
3301,0.3703703703703703,1.0,0.0,0.0,0.44444444444444436,0.0,0.5970188304191458,0.23684210526315788,1.0,0.0,1.0,0.6691348402182413,0.3389121338912131,0.9811834051235548,1.0,0.0,0.0,0.0,0.0,0.0,0.0,0.0,1.0,0.0,0.0,0.0,0.0,1.0,0.0,0.0,1.0,0.0,0.0,0.0,0.0,0.0,0.0,0.0,1.0,0.0
3302,0.5061728395061729,0.0,0.0,0.0,0.44444444444444436,0.0,0.6532232308583403,0.13157894736842105,1.0,0.0,1.0,0.6691348402182413,0.3389121338912131,0.9811834051235548,1.0,0.0,0.0,0.0,0.0,0.0,0.0,0.0,0.0,0.0,0.0,0.0,0.0,1.0,0.0,0.0,0.0,0.0,0.0,0.0,0.0,1.0,0.0,1.0,1.0,0.0
3303,0.39506172839506176,0.0,0.0,0.0,0.44444444444444436,0.0,0.820113278479213,0.05263157894736842,1.0,0.0,1.0,0.6691348402182413,0.3389121338912131,0.9811834051235548,1.0,1.0,1.0,0.0,0.0,0.0,0.0,0.0,0.0,0.0,0.0,0.0,0.0,0.0,0.0,0.0,1.0,0.0,0.0,0.0,0.0,0.0,0.0,1.0,1.0,0.0
3304,0.48148148148148145,0.0,0.0,1.0,0.44444444444444436,0.0,0.8169821200647509,0.05263157894736842,1.0,0.0,1.0,0.6691348402182413,0.3389121338912131,0.9811834051235548,1.0,0.0,1.0,0.0,0.0,0.0,0.0,0.0,0.0,0.0,0.0,0.0,0.0,0.0,0.0,0.0,1.0,0.0,0.0,0.0,0.0,0.0,0.0,1.0,1.0,0.0
3305,0.2345679012345679,0.0,0.0,0.0,0.44444444444444436,0.0,0.6554811725306058,0.07894736842105263,1.0,0.0,1.0,0.6691348402182413,0.3389121338912131,0.9811834051235548,1.0,0.0,0.0,0.0,1.0,0.0,0.0,0.0,0.0,0.0,0.0,0.0,0.0,1.0,0.0,0.0,0.0,0.0,0.0,0.0,0.0,0.0,0.0,0.0,1.0,0.0
3306,0.4444444444444445,0.0,0.0,0.0,0.44444444444444436,0.0,0.5670345425314071,0.02631578947368421,1.0,0.0,1.0,0.6691348402182413,0.3389121338912131,0.9811834051235548,1.0,0.0,0.0,0.0,0.0,1.0,0.0,0.0,0.0,0.0,0.0,0.0,0.0,1.0,0.0,0.0,0.0,0.0,0.0,0.0,0.0,0.0,1.0,0.0,1.0,0.0
3307,0.4938271604938272,0.0,0.0,0.0,0.44444444444444436,0.0,0.5612001989464611,0.10526315789473684,1.0,0.0,1.0,0.6691348402182413,0.3389121338912131,0.9811834051235548,1.0,0.0,0.0,0.0,0.0,0.0,1.0,0.0,0.0,0.0,0.0,0.0,0.0,0.0,1.0,0.0,0.0,0.0,0.0,0.0,0.0,0.0,1.0,1.0,1.0,0.0
3308,0.3703703703703703,1.0,0.0,0.0,0.44444444444444436,0.0,0.6789243392652736,0.05263157894736842,1.0,0.0,1.0,0.6691348402182413,0.3389121338912131,0.9811834051235548,1.0,0.0,0.0,0.0,0.0,0.0,0.0,0.0,1.0,0.0,0.0,0.0,0.0,1.0,0.0,0.0,1.0,0.0,0.0,0.0,0.0,0.0,0.0,0.0,1.0,0.0
3309,0.3209876543209876,0.0,0.0,0.0,0.44444444444444436,0.0,0.43394188601811506,0.21052631578947367,1.0,0.0,1.0,0.6691348402182413,0.3389121338912131,0.9811834051235548,1.0,0.0,0.0,0.0,0.0,0.0,0.0,0.0,0.0,0.0,0.0,1.0,0.0,0.0,0.0,0.0,0.0,1.0,0.0,0.0,0.0,0.0,0.0,0.0,1.0,0.0
3310,0.34567901234567905,0.0,1.0,0.0,0.44444444444444436,0.0,0.7990184520814867,0.07894736842105263,1.0,0.0,1.0,0.6691348402182413,0.3389121338912131,0.9811834051235548,1.0,1.0,0.0,0.0,0.0,0.0,0.0,1.0,0.0,0.0,0.0,0.0,0.0,0.0,0.0,0.0,0.0,0.0,0.0,0.0,0.0,1.0,0.0,0.0,1.0,0.0
3311,0.3209876543209876,1.0,1.0,1.0,0.44444444444444436,0.0,0.5621929065211045,0.18421052631578946,1.0,0.0,1.0,0.6691348402182413,0.3389121338912131,0.9811834051235548,1.0,0.0,0.0,0.0,0.0,0.0,0.0,0.0,1.0,0.0,0.0,0.0,0.0,1.0,0.0,0.0,0.0,0.0,1.0,0.0,0.0,0.0,0.0,0.0,1.0,0.0
3312,0.5308641975308641,0.0,0.0,0.0,0.44444444444444436,0.0,0.5743891340707834,0.15789473684210525,1.0,0.0,1.0,0.6691348402182413,0.3389121338912131,0.9811834051235548,1.0,0.0,0.0,0.0,0.0,0.0,1.0,0.0,0.0,0.0,0.0,0.0,0.0,0.0,0.0,0.0,0.0,0.0,0.0,0.0,1.0,0.0,0.0,0.0,1.0,0.0
3313,0.4074074074074074,0.0,1.0,0.0,0.44444444444444436,0.0,0.5239878100544288,0.21052631578947367,1.0,0.0,1.0,0.6691348402182413,0.3389121338912131,0.9811834051235548,1.0,0.0,0.0,0.0,0.0,0.0,0.0,0.0,0.0,0.0,0.0,0.0,0.0,0.0,0.0,0.0,0.0,0.0,0.0,0.0,0.0,1.0,0.0,1.0,1.0,0.0
3314,0.4074074074074074,0.0,0.0,1.0,0.44444444444444436,0.0,0.821320929444214,0.42105263157894735,1.0,0.0,1.0,0.6691348402182413,0.3389121338912131,0.9811834051235548,1.0,1.0,0.0,0.0,0.0,0.0,0.0,0.0,0.0,0.0,0.0,0.0,0.0,1.0,0.0,0.0,0.0,0.0,0.0,0.0,0.0,1.0,0.0,0.0,1.0,0.0
3315,0.35802469135802467,1.0,1.0,0.0,0.44444444444444436,0.0,0.7284394871168269,0.07894736842105263,1.0,0.0,1.0,0.6691348402182413,0.3389121338912131,0.9811834051235548,1.0,0.0,0.0,0.0,0.0,1.0,0.0,0.0,0.0,0.0,0.0,0.0,0.0,1.0,0.0,0.0,0.0,1.0,0.0,0.0,0.0,0.0,0.0,1.0,1.0,0.0
3316,0.4938271604938272,1.0,1.0,0.0,0.44444444444444436,0.0,0.6075603701023119,0.13157894736842105,1.0,0.0,1.0,0.6691348402182413,0.3389121338912131,0.9811834051235548,1.0,0.0,0.0,0.0,0.0,0.0,1.0,0.0,0.0,0.0,0.0,0.0,0.0,0.0,1.0,0.0,0.0,0.0,0.0,0.0,0.0,0.0,1.0,1.0,1.0,0.0
3317,0.2839506172839506,0.0,0.0,0.0,0.44444444444444436,0.0,0.6273151724090865,0.23684210526315788,1.0,0.0,1.0,0.6691348402182413,0.3389121338912131,0.9811834051235548,1.0,0.0,0.0,0.0,0.0,0.0,0.0,0.0,0.0,0.0,0.0,0.0,0.0,0.0,0.0,0.0,0.0,0.0,0.0,0.0,0.0,1.0,0.0,0.0,1.0,0.0
3318,0.4938271604938272,0.0,0.0,0.0,0.44444444444444436,0.25,0.6196852820090151,0.21052631578947367,1.0,0.0,1.0,0.6691348402182413,0.3389121338912131,0.9809566991611882,1.0,0.0,0.0,0.0,0.0,0.0,1.0,0.0,0.0,0.0,0.0,0.0,0.0,1.0,0.0,0.0,0.0,0.0,1.0,0.0,0.0,0.0,0.0,0.0,1.0,0.0
3319,0.30864197530864196,1.0,0.0,1.0,0.44444444444444436,0.25,0.5485843549516803,0.15789473684210525,1.0,0.0,1.0,0.6691348402182413,0.3389121338912131,0.9809566991611882,1.0,0.0,0.0,0.0,0.0,0.0,0.0,0.0,1.0,0.0,0.0,0.0,0.0,0.0,1.0,0.0,0.0,0.0,0.0,0.0,0.0,0.0,1.0,1.0,1.0,0.0
3320,0.34567901234567905,1.0,1.0,0.0,0.44444444444444436,0.25,0.6190773470668909,0.0,1.0,0.0,1.0,0.6691348402182413,0.3389121338912131,0.9809566991611882,1.0,0.0,0.0,0.0,0.0,1.0,0.0,0.0,0.0,0.0,0.0,0.0,0.0,0.0,0.0,0.0,0.0,0.0,0.0,0.0,0.0,1.0,0.0,0.0,1.0,0.0
3321,0.30864197530864196,1.0,1.0,0.0,0.44444444444444436,0.25,0.5886399717165399,0.3421052631578947,1.0,0.0,1.0,0.6691348402182413,0.3389121338912131,0.9809566991611882,1.0,0.0,0.0,0.0,0.0,0.0,0.0,0.0,1.0,0.0,0.0,0.0,0.0,0.0,0.0,0.0,0.0,0.0,1.0,0.0,0.0,0.0,0.0,0.0,1.0,0.0
3322,0.2345679012345679,1.0,0.0,0.0,0.44444444444444436,0.25,0.7968868395188806,0.0,1.0,0.0,1.0,0.6691348402182413,0.3389121338912131,0.9809566991611882,1.0,1.0,0.0,0.0,0.0,0.0,0.0,0.0,0.0,0.0,0.0,0.0,0.0,1.0,0.0,0.0,0.0,0.0,0.0,0.0,0.0,1.0,0.0,1.0,1.0,0.0
3323,0.4444444444444445,1.0,0.0,0.0,0.44444444444444436,0.25,0.761738495611787,0.02631578947368421,1.0,0.0,1.0,0.6691348402182413,0.3389121338912131,0.9809566991611882,1.0,1.0,1.0,0.0,0.0,0.0,0.0,0.0,0.0,0.0,0.0,0.0,0.0,0.0,0.0,0.0,0.0,0.0,0.0,0.0,0.0,0.0,0.0,0.0,1.0,0.0
3324,0.3209876543209876,1.0,0.0,0.0,0.44444444444444436,0.25,0.5440593682563573,0.05263157894736842,1.0,0.0,1.0,0.6691348402182413,0.3389121338912131,0.9809566991611882,1.0,0.0,0.0,0.0,0.0,0.0,0.0,0.0,0.0,0.0,0.0,0.0,0.0,1.0,0.0,0.0,0.0,0.0,0.0,0.0,0.0,1.0,0.0,0.0,1.0,0.0
3325,0.2345679012345679,0.0,0.0,0.0,0.44444444444444436,0.25,0.6006386590863215,0.0,1.0,0.0,1.0,0.6691348402182413,0.3389121338912131,0.9809566991611882,1.0,0.0,1.0,0.0,0.0,0.0,0.0,0.0,0.0,0.0,0.0,0.0,0.0,1.0,0.0,0.0,1.0,0.0,0.0,0.0,0.0,0.0,0.0,0.0,1.0,0.0
3326,0.43209876543209874,1.0,0.0,0.0,0.44444444444444436,0.25,0.7724714929012056,0.0,1.0,0.0,1.0,0.6691348402182413,0.3389121338912131,0.9809566991611882,1.0,1.0,0.0,1.0,0.0,0.0,0.0,0.0,0.0,0.0,0.0,0.0,0.0,0.0,0.0,0.0,0.0,0.0,1.0,0.0,0.0,0.0,0.0,1.0,1.0,0.0
3327,0.4567901234567901,0.0,0.0,0.0,0.44444444444444436,0.25,0.6006386590863215,0.07894736842105263,1.0,0.0,1.0,0.6691348402182413,0.3389121338912131,0.9809566991611882,1.0,0.0,0.0,0.0,1.0,0.0,0.0,0.0,0.0,0.0,0.0,0.0,0.0,1.0,0.0,0.0,0.0,0.0,0.0,0.0,0.0,0.0,0.0,1.0,1.0,0.0
3328,0.5308641975308641,1.0,0.0,0.0,0.44444444444444436,0.25,0.752699671620228,0.0,1.0,0.0,1.0,0.6691348402182413,0.3389121338912131,0.9809566991611882,1.0,1.0,0.0,0.0,0.0,0.0,1.0,0.0,0.0,0.0,0.0,0.0,0.0,0.0,0.0,0.0,0.0,0.0,0.0,0.0,0.0,0.0,0.0,0.0,1.0,0.0
3329,0.4444444444444445,1.0,0.0,0.0,0.44444444444444436,0.25,0.7994138647209665,0.0,1.0,0.0,1.0,0.6691348402182413,0.3389121338912131,0.9809566991611882,1.0,1.0,0.0,1.0,0.0,0.0,0.0,0.0,0.0,0.0,0.0,0.0,0.0,1.0,0.0,0.0,0.0,0.0,0.0,0.0,0.0,1.0,0.0,1.0,1.0,0.0
3330,0.3703703703703703,1.0,0.0,0.0,0.44444444444444436,0.25,0.44515371326687203,0.0,1.0,0.0,1.0,0.6691348402182413,0.3389121338912131,0.9809566991611882,1.0,0.0,0.0,0.0,0.0,0.0,0.0,0.0,1.0,0.0,0.0,0.0,0.0,0.0,1.0,0.0,0.0,0.0,1.0,0.0,0.0,0.0,0.0,0.0,1.0,0.0
3331,0.2345679012345679,0.0,0.0,0.0,0.44444444444444436,0.25,0.5393533347388635,0.0,1.0,0.0,1.0,0.6691348402182413,0.3389121338912131,0.9809566991611882,1.0,0.0,0.0,0.0,0.0,0.0,0.0,0.0,0.0,0.0,0.0,0.0,0.0,1.0,0.0,0.0,0.0,0.0,0.0,0.0,0.0,1.0,0.0,1.0,1.0,0.0
3332,0.34567901234567905,0.0,0.0,0.0,0.44444444444444436,0.25,0.6877466992608396,0.07894736842105263,1.0,0.0,1.0,0.6691348402182413,0.3389121338912131,0.9809566991611882,1.0,0.0,0.0,0.0,0.0,0.0,0.0,0.0,0.0,0.0,0.0,0.0,0.0,1.0,0.0,0.0,0.0,0.0,0.0,0.0,0.0,1.0,0.0,0.0,1.0,0.0
3333,0.48148148148148145,0.0,0.0,0.0,0.44444444444444436,0.25,0.4776508205223571,0.05263157894736842,1.0,0.0,1.0,0.6691348402182413,0.3389121338912131,0.9809566991611882,1.0,0.0,0.0,0.0,0.0,0.0,0.0,0.0,1.0,0.0,0.0,0.0,0.0,0.0,0.0,0.0,0.0,0.0,1.0,0.0,0.0,0.0,0.0,0.0,1.0,0.0
3334,0.19753086419753085,0.0,0.0,0.0,0.44444444444444436,0.25,0.9211800336260292,0.0,1.0,0.0,1.0,0.6691348402182413,0.3389121338912131,0.9809566991611882,1.0,1.0,0.0,0.0,0.0,0.0,0.0,0.0,0.0,0.0,0.0,0.0,0.0,1.0,0.0,0.0,0.0,0.0,0.0,0.0,0.0,1.0,0.0,0.0,1.0,0.0
3335,0.4938271604938272,0.0,0.0,0.0,0.44444444444444436,0.25,0.5356959888812932,0.0,1.0,0.0,1.0,0.6691348402182413,0.3389121338912131,0.9809566991611882,1.0,0.0,0.0,0.0,0.0,0.0,0.0,0.0,0.0,0.0,1.0,0.0,0.0,1.0,0.0,0.0,0.0,1.0,0.0,0.0,0.0,0.0,0.0,0.0,1.0,0.0
3336,0.1111111111111111,1.0,1.0,0.0,0.44444444444444436,0.25,0.492850661870268,0.0,1.0,0.0,1.0,0.6691348402182413,0.3389121338912131,0.9809566991611882,1.0,0.0,0.0,0.0,0.0,0.0,0.0,0.0,0.0,0.0,0.0,0.0,0.0,0.0,1.0,0.0,0.0,0.0,0.0,0.0,0.0,1.0,0.0,0.0,1.0,0.0
3337,0.4938271604938272,1.0,0.0,0.0,0.44444444444444436,0.25,0.6172344610818086,0.4736842105263158,1.0,0.0,1.0,0.6691348402182413,0.3389121338912131,0.9809566991611882,1.0,0.0,0.0,0.0,0.0,0.0,1.0,0.0,0.0,0.0,0.0,0.0,0.0,0.0,1.0,0.0,0.0,0.0,0.0,0.0,0.0,0.0,1.0,1.0,1.0,0.0
3338,0.4691358024691357,0.0,0.0,0.0,0.44444444444444436,0.25,0.6261730746079361,0.05263157894736842,1.0,0.0,1.0,0.6691348402182413,0.3389121338912131,0.9809566991611882,1.0,0.0,0.0,0.0,0.0,0.0,0.0,0.0,1.0,0.0,0.0,0.0,0.0,0.0,0.0,0.0,0.0,0.0,1.0,0.0,0.0,0.0,0.0,1.0,1.0,0.0
3339,0.1111111111111111,0.0,0.0,0.0,0.44444444444444436,0.25,0.6306764053478436,0.0,1.0,0.0,1.0,0.6691348402182413,0.3389121338912131,0.9809566991611882,1.0,0.0,0.0,0.0,0.0,0.0,0.0,0.0,0.0,0.0,0.0,0.0,0.0,0.0,1.0,0.0,0.0,0.0,0.0,0.0,0.0,1.0,0.0,0.0,1.0,0.0
3340,0.3209876543209876,0.0,0.0,1.0,0.44444444444444436,0.25,0.5183850773918827,0.02631578947368421,1.0,0.0,1.0,0.6691348402182413,0.3389121338912131,0.9809566991611882,1.0,0.0,0.0,0.0,1.0,0.0,0.0,0.0,0.0,0.0,0.0,0.0,0.0,1.0,0.0,0.0,0.0,0.0,0.0,0.0,0.0,0.0,0.0,0.0,1.0,0.0
3341,0.5061728395061729,1.0,0.0,1.0,0.44444444444444436,0.25,0.4215477860088535,0.0,1.0,0.0,1.0,0.6691348402182413,0.3389121338912131,0.9809566991611882,1.0,0.0,0.0,0.0,1.0,0.0,0.0,0.0,0.0,0.0,0.0,0.0,0.0,1.0,0.0,0.0,0.0,0.0,0.0,0.0,0.0,0.0,0.0,1.0,1.0,0.0
3342,0.5061728395061729,0.0,0.0,0.0,0.44444444444444436,0.25,0.7387953033432286,0.0,1.0,0.0,1.0,0.6691348402182413,0.3389121338912131,0.9809566991611882,1.0,0.0,0.0,0.0,1.0,0.0,0.0,0.0,0.0,0.0,0.0,0.0,0.0,1.0,0.0,0.0,0.0,0.0,0.0,0.0,0.0,0.0,0.0,1.0,1.0,0.0
3343,0.4567901234567901,0.0,1.0,0.0,0.44444444444444436,0.25,0.5725931427044147,0.07894736842105263,1.0,0.0,1.0,0.6691348402182413,0.3389121338912131,0.9809566991611882,1.0,0.0,0.0,0.0,0.0,0.0,0.0,0.0,0.0,0.0,0.0,0.0,0.0,0.0,0.0,0.0,0.0,0.0,1.0,0.0,0.0,0.0,0.0,0.0,1.0,0.0
3344,0.5308641975308641,0.0,0.0,0.0,0.44444444444444436,0.25,0.7199621017730734,0.10526315789473684,1.0,0.0,1.0,0.6691348402182413,0.3389121338912131,0.9809566991611882,1.0,1.0,0.0,0.0,0.0,0.0,1.0,0.0,0.0,0.0,0.0,0.0,0.0,0.0,0.0,0.0,0.0,0.0,0.0,0.0,1.0,0.0,0.0,0.0,1.0,0.0
3345,0.4444444444444445,0.0,0.0,0.0,0.44444444444444436,0.25,0.467045882751165,0.05263157894736842,1.0,0.0,1.0,0.6691348402182413,0.3389121338912131,0.9809566991611882,1.0,0.0,0.0,0.0,0.0,0.0,0.0,0.0,0.0,0.0,0.0,0.0,0.0,0.0,0.0,0.0,0.0,0.0,1.0,0.0,0.0,0.0,0.0,0.0,1.0,0.0
3346,0.25925925925925924,0.0,0.0,0.0,0.44444444444444436,0.25,0.819338267632268,0.0,1.0,0.0,1.0,0.6691348402182413,0.3389121338912131,0.9809566991611882,1.0,1.0,0.0,0.0,0.0,0.0,0.0,0.0,0.0,0.0,0.0,1.0,0.0,1.0,0.0,0.0,0.0,0.0,0.0,0.0,0.0,0.0,0.0,1.0,1.0,0.0
3347,0.1111111111111111,1.0,1.0,0.0,0.44444444444444436,0.25,0.45038280300177924,0.05263157894736842,1.0,0.0,1.0,0.6691348402182413,0.3389121338912131,0.9809566991611882,1.0,0.0,0.0,0.0,0.0,0.0,0.0,1.0,0.0,0.0,0.0,0.0,0.0,1.0,0.0,0.0,0.0,0.0,0.0,0.0,0.0,1.0,0.0,0.0,1.0,0.0
3348,0.5185185185185184,0.0,0.0,0.0,0.44444444444444436,0.25,0.6620060509558884,0.0,1.0,0.0,1.0,0.6691348402182413,0.3389121338912131,0.9809566991611882,1.0,0.0,0.0,0.0,1.0,0.0,0.0,0.0,0.0,0.0,0.0,0.0,0.0,0.0,0.0,0.0,0.0,0.0,0.0,0.0,0.0,0.0,0.0,1.0,1.0,0.0
3349,0.5061728395061729,1.0,0.0,0.0,0.44444444444444436,0.25,0.7521110040891097,0.10526315789473684,1.0,0.0,1.0,0.6691348402182413,0.3389121338912131,0.9809566991611882,1.0,0.0,0.0,0.0,1.0,0.0,0.0,0.0,0.0,0.0,0.0,0.0,0.0,1.0,0.0,0.0,0.0,0.0,0.0,0.0,0.0,1.0,0.0,0.0,1.0,0.0
3350,0.16049382716049382,0.0,0.0,0.0,0.44444444444444436,0.25,0.8048144592966994,0.07894736842105263,1.0,0.0,1.0,0.6691348402182413,0.3389121338912131,0.9809566991611882,1.0,0.0,0.0,0.0,0.0,0.0,0.0,0.0,0.0,0.0,0.0,0.0,0.0,1.0,0.0,0.0,0.0,0.0,1.0,0.0,0.0,0.0,0.0,0.0,1.0,0.0
3351,0.4691358024691357,1.0,0.0,0.0,0.44444444444444436,0.25,0.5169416832156455,0.05263157894736842,1.0,0.0,1.0,0.6691348402182413,0.3389121338912131,0.9809566991611882,1.0,0.0,1.0,0.0,0.0,0.0,0.0,0.0,0.0,0.0,0.0,0.0,0.0,0.0,1.0,0.0,0.0,1.0,0.0,0.0,0.0,0.0,0.0,1.0,1.0,0.0
3352,0.38271604938271603,1.0,0.0,1.0,0.44444444444444436,0.25,0.7557904280508805,0.26315789473684215,1.0,0.0,1.0,0.6691348402182413,0.3389121338912131,0.9809566991611882,1.0,1.0,0.0,0.0,0.0,0.0,0.0,0.0,0.0,0.0,1.0,0.0,0.0,1.0,0.0,0.0,0.0,0.0,0.0,0.0,1.0,0.0,0.0,0.0,1.0,0.0
3353,0.4938271604938272,1.0,1.0,0.0,0.44444444444444436,0.25,0.7888188573186379,0.13157894736842105,1.0,0.0,1.0,0.6691348402182413,0.3389121338912131,0.9809566991611882,1.0,1.0,0.0,0.0,0.0,0.0,0.0,0.0,0.0,0.0,0.0,0.0,0.0,0.0,0.0,0.0,0.0,0.0,0.0,0.0,0.0,1.0,0.0,1.0,1.0,0.0
3354,0.1111111111111111,0.5,0.5,0.0,0.44444444444444436,0.25,0.6559276062712989,0.02631578947368421,1.0,0.0,1.0,0.6691348402182413,0.3389121338912131,0.9809566991611882,1.0,0.0,0.0,0.0,0.0,0.0,0.0,0.0,0.0,0.0,0.0,1.0,0.0,1.0,0.0,0.0,0.0,0.0,1.0,0.0,0.0,0.0,0.0,0.0,1.0,0.0
3355,0.13580246913580246,0.0,0.0,0.0,0.44444444444444436,0.25,0.7876613065319946,0.05263157894736842,1.0,0.0,1.0,0.6691348402182413,0.3389121338912131,0.9809566991611882,1.0,1.0,0.0,0.0,0.0,0.0,0.0,0.0,0.0,0.0,1.0,0.0,0.0,0.0,1.0,0.0,0.0,0.0,0.0,0.0,0.0,1.0,0.0,1.0,1.0,0.0
3356,0.38271604938271603,1.0,0.0,0.0,0.44444444444444436,0.25,0.49105467050389934,0.13157894736842105,1.0,0.0,1.0,0.6691348402182413,0.3389121338912131,0.9809566991611882,1.0,0.0,0.0,0.0,0.0,0.0,0.0,0.0,1.0,0.0,0.0,0.0,0.0,1.0,0.0,0.0,1.0,0.0,0.0,0.0,0.0,0.0,0.0,1.0,1.0,0.0
3357,0.3333333333333333,1.0,0.0,1.0,0.44444444444444436,0.25,0.8267635260732674,0.26315789473684215,1.0,0.0,1.0,0.6691348402182413,0.3389121338912131,0.9809566991611882,1.0,1.0,1.0,0.0,0.0,0.0,0.0,0.0,0.0,0.0,0.0,0.0,0.0,0.0,1.0,0.0,0.0,1.0,0.0,0.0,0.0,0.0,0.0,0.0,1.0,0.0
3358,0.09876543209876543,0.0,1.0,0.0,0.44444444444444436,0.25,0.6422391580843787,0.13157894736842105,1.0,0.0,1.0,0.6691348402182413,0.3389121338912131,0.9809566991611882,1.0,0.0,0.0,0.0,0.0,0.0,0.0,0.0,0.0,0.0,0.0,0.0,0.0,0.0,1.0,0.0,0.0,0.0,1.0,0.0,0.0,0.0,0.0,0.0,1.0,0.0
3359,0.43209876543209874,1.0,0.0,0.0,0.44444444444444436,0.25,0.5154803582186305,0.07894736842105263,1.0,0.0,1.0,0.6691348402182413,0.3389121338912131,0.9809566991611882,1.0,0.0,0.0,0.0,0.0,0.0,0.0,0.0,0.0,0.0,0.0,0.0,0.0,1.0,0.0,0.0,0.0,0.0,0.0,0.0,0.0,1.0,0.0,0.0,1.0,0.0
3360,0.48148148148148145,1.0,1.0,0.0,0.44444444444444436,0.5,0.580467578755373,0.13157894736842105,1.0,0.0,1.0,0.6691348402182413,0.3389121338912131,0.9814101110859217,1.0,0.0,0.0,0.0,0.0,0.0,0.0,0.0,0.0,0.0,1.0,0.0,0.0,1.0,0.0,0.0,0.0,0.0,0.0,0.0,0.0,0.0,0.0,1.0,1.0,0.0
3361,0.48148148148148145,1.0,0.0,1.0,0.44444444444444436,0.5,0.5306356323565045,0.0,1.0,0.0,1.0,0.6691348402182413,0.3389121338912131,0.9814101110859217,1.0,0.0,0.0,0.0,0.0,0.0,1.0,0.0,0.0,0.0,0.0,0.0,0.0,1.0,0.0,0.0,1.0,0.0,0.0,0.0,0.0,0.0,0.0,0.0,1.0,0.0
3362,0.39506172839506176,1.0,0.0,0.0,0.44444444444444436,0.5,0.5014409845439322,0.0,1.0,0.0,1.0,0.6691348402182413,0.3389121338912131,0.9814101110859217,1.0,0.0,0.0,0.0,0.0,0.0,0.0,0.0,0.0,0.0,0.0,0.0,0.0,0.0,0.0,0.0,0.0,1.0,0.0,0.0,0.0,0.0,0.0,0.0,1.0,0.0
3363,0.4074074074074074,0.0,1.0,0.0,0.44444444444444436,0.5,0.7680891610914122,0.0,1.0,0.0,1.0,0.6691348402182413,0.3389121338912131,0.9814101110859217,1.0,1.0,0.0,0.0,0.0,0.0,0.0,0.0,1.0,0.0,0.0,0.0,0.0,0.0,0.0,0.0,1.0,0.0,0.0,0.0,0.0,0.0,0.0,0.0,1.0,0.0
3364,0.09876543209876543,1.0,1.0,0.0,0.44444444444444436,0.5,0.7926435759568536,0.0,1.0,0.0,1.0,0.6691348402182413,0.3389121338912131,0.9814101110859217,1.0,1.0,0.0,0.0,0.0,0.0,0.0,0.0,1.0,0.0,0.0,0.0,0.0,0.0,1.0,0.0,0.0,0.0,1.0,0.0,0.0,0.0,0.0,1.0,1.0,0.0
3365,0.07407407407407407,0.0,0.0,0.0,0.44444444444444436,0.5,0.7621004502034615,0.0,1.0,0.0,1.0,0.6691348402182413,0.3389121338912131,0.9814101110859217,1.0,1.0,0.0,0.0,0.0,0.0,0.0,0.0,1.0,0.0,0.0,0.0,0.0,1.0,0.0,0.0,0.0,0.0,1.0,0.0,0.0,0.0,0.0,0.0,1.0,0.0
3366,0.2716049382716049,0.0,0.0,0.0,0.44444444444444436,0.5,0.5977517620704379,0.0,1.0,0.0,1.0,0.6691348402182413,0.3389121338912131,0.9814101110859217,1.0,0.0,0.0,0.0,0.0,0.0,0.0,0.0,1.0,0.0,0.0,0.0,0.0,0.0,0.0,0.0,0.0,0.0,1.0,0.0,0.0,0.0,0.0,0.0,1.0,0.0
3367,0.4691358024691357,0.0,0.0,1.0,0.44444444444444436,0.5,0.740761396175995,0.0,1.0,0.0,1.0,0.6691348402182413,0.3389121338912131,0.9814101110859217,1.0,1.0,0.0,1.0,0.0,0.0,0.0,0.0,0.0,0.0,0.0,0.0,0.0,0.0,1.0,0.0,0.0,0.0,0.0,0.0,0.0,0.0,1.0,1.0,1.0,0.0
3368,0.29629629629629634,1.0,1.0,1.0,0.44444444444444436,0.5,0.455389309605973,0.0,1.0,0.0,1.0,0.6691348402182413,0.3389121338912131,0.9814101110859217,1.0,0.0,1.0,0.0,0.0,0.0,0.0,0.0,0.0,0.0,0.0,0.0,0.0,1.0,0.0,0.0,1.0,0.0,0.0,0.0,0.0,0.0,0.0,0.0,1.0,0.0
3369,0.3333333333333333,1.0,0.0,1.0,0.44444444444444436,0.5,0.6208918069393788,0.05263157894736842,1.0,0.0,1.0,0.6691348402182413,0.3389121338912131,0.9814101110859217,1.0,0.0,0.0,0.0,0.0,0.0,0.0,0.0,0.0,0.0,0.0,0.0,1.0,1.0,0.0,0.0,0.0,0.0,1.0,0.0,0.0,0.0,0.0,1.0,1.0,0.0
3370,0.5061728395061729,1.0,0.0,1.0,0.44444444444444436,0.5,0.49105467050389934,0.0,1.0,0.0,1.0,0.6691348402182413,0.3389121338912131,0.9814101110859217,1.0,0.0,0.0,1.0,0.0,0.0,0.0,0.0,0.0,0.0,0.0,0.0,0.0,1.0,0.0,0.0,0.0,0.0,0.0,0.0,0.0,1.0,0.0,0.0,1.0,0.0
3371,0.4691358024691357,1.0,0.0,0.0,0.44444444444444436,0.5,0.7396731816673451,0.0,1.0,0.0,1.0,0.6691348402182413,0.3389121338912131,0.9814101110859217,1.0,0.0,0.0,1.0,0.0,0.0,0.0,0.0,0.0,0.0,0.0,0.0,0.0,0.0,0.0,0.0,0.0,0.0,0.0,0.0,0.0,1.0,0.0,0.0,1.0,0.0
3372,0.2716049382716049,1.0,0.0,0.0,0.44444444444444436,0.5,0.5829794567444476,0.18421052631578946,1.0,0.0,1.0,0.6691348402182413,0.3389121338912131,0.9814101110859217,1.0,0.0,0.0,0.0,0.0,0.0,0.0,0.0,0.0,0.0,1.0,0.0,0.0,1.0,0.0,0.0,0.0,0.0,0.0,0.0,0.0,1.0,0.0,0.0,1.0,0.0
3373,0.3209876543209876,1.0,1.0,0.0,0.44444444444444436,0.5,0.6897691298684182,0.0,1.0,0.0,1.0,0.6691348402182413,0.3389121338912131,0.9814101110859217,1.0,0.0,0.0,0.0,0.0,0.0,0.0,0.0,0.0,0.0,0.0,0.0,0.0,1.0,0.0,0.0,0.0,0.0,1.0,0.0,0.0,0.0,0.0,0.0,1.0,0.0
3374,0.29629629629629634,0.0,0.0,0.0,0.44444444444444436,0.5,0.5829794567444476,0.0,1.0,0.0,1.0,0.6691348402182413,0.3389121338912131,0.9814101110859217,1.0,0.0,0.0,0.0,1.0,0.0,0.0,0.0,0.0,0.0,0.0,0.0,0.0,0.0,0.0,0.0,0.0,1.0,0.0,0.0,0.0,0.0,0.0,1.0,1.0,0.0
3375,0.2839506172839506,1.0,0.0,0.0,0.44444444444444436,0.5,0.8499705931543444,0.02631578947368421,1.0,0.0,1.0,0.6691348402182413,0.3389121338912131,0.9814101110859217,1.0,1.0,0.0,0.0,0.0,0.0,0.0,0.0,0.0,0.0,0.0,1.0,0.0,0.0,0.0,0.0,0.0,0.0,0.0,0.0,0.0,1.0,0.0,0.0,1.0,0.0
3376,0.35802469135802467,0.0,0.0,0.0,0.44444444444444436,0.5,0.40010036242099567,0.02631578947368421,1.0,0.0,1.0,0.6691348402182413,0.3389121338912131,0.9814101110859217,1.0,0.0,0.0,0.0,0.0,0.0,0.0,0.0,0.0,0.0,0.0,0.0,0.0,1.0,0.0,0.0,0.0,0.0,0.0,0.0,0.0,1.0,0.0,0.0,1.0,0.0
3377,0.2222222222222222,0.0,0.0,0.0,0.44444444444444436,0.5,0.784716593334517,0.0,1.0,0.0,1.0,0.6691348402182413,0.3389121338912131,0.9814101110859217,1.0,1.0,0.0,0.0,0.0,0.0,0.0,0.0,0.0,0.0,0.0,0.0,0.0,1.0,0.0,0.0,0.0,0.0,1.0,0.0,0.0,0.0,0.0,0.0,1.0,0.0
3378,0.16049382716049382,0.0,0.0,0.0,0.44444444444444436,0.5,0.8112936686551774,0.0,1.0,0.0,1.0,0.6691348402182413,0.3389121338912131,0.9814101110859217,1.0,1.0,1.0,0.0,0.0,0.0,0.0,0.0,0.0,0.0,0.0,0.0,0.0,1.0,0.0,0.0,0.0,1.0,0.0,0.0,0.0,0.0,0.0,0.0,1.0,0.0
3379,0.3333333333333333,1.0,0.0,1.0,0.44444444444444436,0.5,0.614731491134803,0.02631578947368421,1.0,0.0,1.0,0.6691348402182413,0.3389121338912131,0.9814101110859217,1.0,0.0,0.0,0.0,0.0,0.0,0.0,0.0,0.0,0.0,1.0,0.0,0.0,0.0,1.0,0.0,0.0,0.0,0.0,0.0,0.0,1.0,0.0,0.0,1.0,0.0
3380,0.18518518518518517,0.0,0.0,0.0,0.44444444444444436,0.5,0.7409778362545074,0.05263157894736842,1.0,0.0,1.0,0.6691348402182413,0.3389121338912131,0.9814101110859217,1.0,1.0,0.0,0.0,0.0,0.0,0.0,0.0,0.0,0.0,0.0,0.0,0.0,1.0,0.0,0.0,0.0,0.0,0.0,0.0,0.0,1.0,0.0,0.0,1.0,0.0
3381,0.419753086419753,1.0,0.0,0.0,0.44444444444444436,0.5,0.49977237288625836,0.05263157894736842,1.0,0.0,1.0,0.6691348402182413,0.3389121338912131,0.9814101110859217,1.0,0.0,0.0,0.0,0.0,0.0,0.0,0.0,0.0,0.0,1.0,0.0,0.0,1.0,0.0,0.0,0.0,0.0,0.0,0.0,1.0,0.0,0.0,0.0,1.0,0.0
3382,0.419753086419753,1.0,0.0,0.0,0.44444444444444436,0.5,0.4477973110243916,0.05263157894736842,1.0,0.0,1.0,0.6691348402182413,0.3389121338912131,0.9814101110859217,1.0,0.0,0.0,0.0,1.0,0.0,0.0,0.0,0.0,0.0,0.0,0.0,0.0,1.0,0.0,0.0,0.0,0.0,1.0,0.0,0.0,0.0,0.0,0.0,1.0,0.0
3383,0.43209876543209874,0.0,0.0,0.0,0.44444444444444436,0.5,0.8312648983653222,0.02631578947368421,1.0,0.0,1.0,0.6691348402182413,0.3389121338912131,0.9814101110859217,1.0,1.0,0.0,0.0,0.0,0.0,0.0,0.0,0.0,0.0,0.0,0.0,0.0,1.0,0.0,0.0,0.0,1.0,0.0,0.0,0.0,0.0,0.0,0.0,1.0,0.0
3384,0.19753086419753085,1.0,0.0,0.0,0.44444444444444436,0.5,0.7755737793373901,0.02631578947368421,1.0,0.0,1.0,0.6691348402182413,0.3389121338912131,0.9814101110859217,1.0,1.0,1.0,0.0,0.0,0.0,0.0,0.0,0.0,0.0,0.0,0.0,0.0,0.0,0.0,0.0,0.0,1.0,0.0,0.0,0.0,0.0,0.0,0.0,1.0,0.0
3385,0.09876543209876543,1.0,0.0,0.0,0.44444444444444436,0.5,0.7333858376729261,0.0,1.0,0.0,1.0,0.6691348402182413,0.3389121338912131,0.9814101110859217,1.0,1.0,0.0,0.0,0.0,0.0,0.0,0.0,1.0,0.0,0.0,0.0,0.0,0.0,1.0,0.0,0.0,1.0,0.0,0.0,0.0,0.0,0.0,0.0,1.0,0.0
3386,0.20987654320987653,1.0,0.0,0.0,0.44444444444444436,0.5,0.8215391765374013,0.18421052631578946,1.0,0.0,1.0,0.6691348402182413,0.3389121338912131,0.9814101110859217,1.0,0.0,0.0,0.0,0.0,0.0,0.0,0.0,0.0,0.0,1.0,0.0,0.0,0.0,1.0,0.0,0.0,0.0,0.0,0.0,1.0,0.0,0.0,0.0,1.0,0.0
3387,0.09876543209876543,0.0,0.0,0.0,0.44444444444444436,0.5,0.5581708002178327,0.02631578947368421,1.0,0.0,1.0,0.6691348402182413,0.3389121338912131,0.9814101110859217,1.0,0.0,0.0,0.0,0.0,0.0,0.0,0.0,0.0,0.0,0.0,0.0,0.0,0.0,1.0,0.0,0.0,0.0,1.0,0.0,0.0,0.0,0.0,0.0,1.0,0.0
3388,0.2839506172839506,1.0,0.0,1.0,0.44444444444444436,0.5,0.6860343669962174,0.0,1.0,0.0,1.0,0.6691348402182413,0.3389121338912131,0.9814101110859217,1.0,0.0,0.0,0.0,0.0,0.0,0.0,0.0,0.0,0.0,0.0,0.0,0.0,1.0,0.0,0.0,0.0,0.0,0.0,0.0,0.0,1.0,0.0,1.0,1.0,0.0
3389,0.38271604938271603,0.0,0.0,0.0,0.44444444444444436,0.5,0.49977237288625836,0.13157894736842105,1.0,0.0,1.0,0.6691348402182413,0.3389121338912131,0.9814101110859217,1.0,0.0,0.0,0.0,0.0,0.0,0.0,0.0,1.0,0.0,0.0,0.0,0.0,1.0,0.0,0.0,1.0,0.0,0.0,0.0,0.0,0.0,0.0,0.0,1.0,0.0
3390,0.25925925925925924,1.0,1.0,0.0,0.44444444444444436,0.5,0.6376454449299462,0.02631578947368421,1.0,0.0,1.0,0.6691348402182413,0.3389121338912131,0.9814101110859217,1.0,0.0,1.0,0.0,0.0,0.0,0.0,0.0,0.0,0.0,0.0,0.0,0.0,1.0,0.0,0.0,0.0,0.0,0.0,0.0,0.0,0.0,1.0,0.0,1.0,0.0
3391,0.24691358024691357,1.0,1.0,1.0,0.44444444444444436,0.5,0.8227323510308718,0.02631578947368421,1.0,0.0,1.0,0.6691348402182413,0.3389121338912131,0.9814101110859217,1.0,1.0,0.0,0.0,0.0,0.0,0.0,0.0,0.0,0.0,0.0,0.0,0.0,1.0,0.0,0.0,0.0,0.0,1.0,0.0,0.0,0.0,0.0,0.0,1.0,0.0
3392,0.20987654320987653,0.0,0.0,0.0,0.44444444444444436,0.5,0.8352127570964518,0.0,1.0,0.0,1.0,0.6691348402182413,0.3389121338912131,0.9814101110859217,1.0,1.0,0.0,0.0,0.0,0.0,0.0,1.0,0.0,0.0,0.0,0.0,0.0,0.0,1.0,0.0,0.0,0.0,0.0,0.0,0.0,1.0,0.0,0.0,1.0,0.0
3393,0.4691358024691357,1.0,0.0,0.0,0.44444444444444436,0.5,0.5641535377316825,0.02631578947368421,1.0,0.0,1.0,0.6691348402182413,0.3389121338912131,0.9814101110859217,1.0,0.0,1.0,0.0,0.0,0.0,0.0,0.0,0.0,0.0,0.0,0.0,0.0,1.0,0.0,0.0,0.0,0.0,0.0,0.0,1.0,0.0,0.0,0.0,1.0,0.0
3394,0.1728395061728395,1.0,0.0,0.0,0.44444444444444436,0.5,0.7209917376636646,0.02631578947368421,1.0,0.0,1.0,0.6691348402182413,0.3389121338912131,0.9814101110859217,1.0,1.0,1.0,0.0,0.0,0.0,0.0,0.0,0.0,0.0,0.0,0.0,0.0,1.0,0.0,0.0,0.0,0.0,0.0,0.0,1.0,0.0,0.0,0.0,1.0,0.0
3395,0.2839506172839506,1.0,0.0,0.0,0.44444444444444436,0.5,0.6376454449299462,0.10526315789473684,1.0,0.0,1.0,0.6691348402182413,0.3389121338912131,0.9814101110859217,1.0,0.0,0.0,0.0,0.0,0.0,0.0,1.0,0.0,0.0,0.0,0.0,0.0,1.0,0.0,0.0,0.0,0.0,0.0,0.0,0.0,1.0,0.0,0.0,1.0,0.0
3396,0.3333333333333333,0.0,0.0,1.0,0.44444444444444436,0.5,0.5429003918915096,0.05263157894736842,1.0,0.0,1.0,0.6691348402182413,0.3389121338912131,0.9814101110859217,1.0,0.0,0.0,0.0,0.0,0.0,0.0,0.0,0.0,0.0,0.0,0.0,0.0,1.0,0.0,0.0,0.0,0.0,1.0,0.0,0.0,0.0,0.0,0.0,1.0,0.0
3397,0.25925925925925924,1.0,0.0,0.0,0.44444444444444436,0.5,0.684296740875147,0.10526315789473684,1.0,0.0,1.0,0.6691348402182413,0.3389121338912131,0.9814101110859217,1.0,0.0,0.0,0.0,1.0,0.0,0.0,0.0,0.0,0.0,0.0,0.0,0.0,1.0,0.0,0.0,0.0,0.0,1.0,0.0,0.0,0.0,0.0,0.0,1.0,0.0
3398,0.48148148148148145,0.0,1.0,0.0,0.44444444444444436,0.5,0.6480977205520548,0.05263157894736842,1.0,0.0,1.0,0.6691348402182413,0.3389121338912131,0.9814101110859217,1.0,0.0,0.0,0.0,0.0,0.0,1.0,0.0,0.0,0.0,0.0,0.0,0.0,0.0,0.0,0.0,0.0,0.0,0.0,0.0,0.0,0.0,0.0,0.0,1.0,0.0
3399,0.2222222222222222,0.0,0.0,0.0,0.44444444444444436,0.5,0.5253477691257531,0.05263157894736842,1.0,0.0,1.0,0.6691348402182413,0.3389121338912131,0.9814101110859217,1.0,0.0,0.0,0.0,0.0,0.0,0.0,0.0,0.0,0.0,0.0,0.0,0.0,0.0,1.0,0.0,0.0,0.0,1.0,0.0,0.0,0.0,0.0,0.0,1.0,0.0
3400,0.2345679012345679,0.0,0.0,0.0,0.44444444444444436,0.5,0.7403273176410653,0.13157894736842105,1.0,0.0,1.0,0.6691348402182413,0.3389121338912131,0.9814101110859217,1.0,1.0,0.0,0.0,0.0,0.0,0.0,1.0,0.0,0.0,0.0,0.0,0.0,0.0,1.0,0.0,0.0,0.0,0.0,0.0,0.0,1.0,0.0,0.0,1.0,0.0
3401,0.5061728395061729,0.0,0.0,0.0,0.44444444444444436,0.5,0.5529417104829256,0.05263157894736842,1.0,0.0,1.0,0.6691348402182413,0.3389121338912131,0.9814101110859217,1.0,0.0,0.0,0.0,0.0,1.0,0.0,0.0,0.0,0.0,0.0,0.0,0.0,1.0,0.0,0.0,0.0,1.0,0.0,0.0,0.0,0.0,0.0,0.0,1.0,0.0
3402,0.19753086419753085,0.0,0.0,1.0,0.44444444444444436,0.5,0.5813108450867737,0.07894736842105263,1.0,0.0,1.0,0.6691348402182413,0.3389121338912131,0.9814101110859217,1.0,0.0,0.0,0.0,0.0,0.0,0.0,0.0,1.0,0.0,0.0,0.0,0.0,1.0,0.0,0.0,0.0,0.0,1.0,0.0,0.0,0.0,0.0,0.0,1.0,0.0
3403,0.24691358024691357,0.0,1.0,0.0,0.44444444444444436,0.5,0.6476204981957939,0.0,1.0,0.0,1.0,0.6691348402182413,0.3389121338912131,0.9814101110859217,1.0,0.0,0.0,1.0,0.0,0.0,0.0,0.0,0.0,0.0,0.0,0.0,0.0,0.0,0.0,0.0,0.0,0.0,1.0,0.0,0.0,0.0,0.0,0.0,1.0,0.0
3404,0.2222222222222222,0.0,0.0,0.0,0.44444444444444436,0.5,0.7699631857272993,0.02631578947368421,1.0,0.0,1.0,0.6691348402182413,0.3389121338912131,0.9814101110859217,1.0,1.0,0.0,0.0,0.0,0.0,0.0,0.0,0.0,0.0,0.0,0.0,0.0,1.0,0.0,0.0,0.0,0.0,0.0,0.0,0.0,1.0,0.0,0.0,1.0,0.0
3405,0.3209876543209876,0.0,0.0,0.0,0.44444444444444436,0.5,0.7810827862763221,0.07894736842105263,1.0,0.0,1.0,0.6691348402182413,0.3389121338912131,0.9814101110859217,1.0,1.0,0.0,0.0,0.0,0.0,0.0,0.0,0.0,0.0,0.0,0.0,0.0,0.0,0.0,0.0,0.0,0.0,1.0,0.0,0.0,0.0,0.0,0.0,1.0,0.0
3406,0.2839506172839506,1.0,0.0,0.0,0.44444444444444436,0.5,0.820113278479213,0.05263157894736842,1.0,0.0,1.0,0.6691348402182413,0.3389121338912131,0.9814101110859217,1.0,1.0,0.0,0.0,0.0,0.0,0.0,1.0,0.0,0.0,0.0,0.0,0.0,0.0,1.0,0.0,0.0,0.0,0.0,0.0,0.0,1.0,0.0,0.0,1.0,0.0
3407,0.34567901234567905,1.0,0.0,0.0,0.44444444444444436,0.5,0.5212197964741162,0.05263157894736842,1.0,0.0,1.0,0.6691348402182413,0.3389121338912131,0.9814101110859217,1.0,0.0,0.0,0.0,0.0,0.0,0.0,0.0,0.0,0.0,0.0,0.0,1.0,0.0,1.0,0.0,0.0,0.0,1.0,0.0,0.0,0.0,0.0,0.0,1.0,0.0
3408,0.30864197530864196,0.0,0.0,0.0,0.44444444444444436,0.5,0.573494565885327,0.05263157894736842,1.0,0.0,1.0,0.6691348402182413,0.3389121338912131,0.9814101110859217,1.0,0.0,0.0,0.0,0.0,0.0,0.0,0.0,0.0,0.0,1.0,0.0,0.0,1.0,0.0,0.0,0.0,0.0,0.0,0.0,0.0,1.0,0.0,0.0,1.0,0.0
3409,0.29629629629629634,0.0,0.0,1.0,0.44444444444444436,0.5,0.6713567691230875,0.10526315789473684,1.0,0.0,1.0,0.6691348402182413,0.3389121338912131,0.9814101110859217,1.0,0.0,0.0,0.0,0.0,1.0,0.0,0.0,0.0,0.0,0.0,0.0,0.0,1.0,0.0,0.0,0.0,0.0,0.0,0.0,0.0,1.0,0.0,0.0,1.0,0.0
3410,0.20987654320987653,1.0,0.0,0.0,0.44444444444444436,0.5,0.5094464638657551,0.10526315789473684,1.0,0.0,1.0,0.6691348402182413,0.3389121338912131,0.9814101110859217,1.0,0.0,0.0,0.0,0.0,0.0,0.0,0.0,0.0,0.0,1.0,0.0,0.0,1.0,0.0,0.0,0.0,0.0,0.0,0.0,1.0,0.0,0.0,1.0,1.0,0.0
3411,0.48148148148148145,0.0,0.0,0.0,0.44444444444444436,0.5,0.5014409845439322,0.10526315789473684,1.0,0.0,1.0,0.6691348402182413,0.3389121338912131,0.9814101110859217,1.0,0.0,1.0,0.0,0.0,0.0,0.0,0.0,0.0,0.0,0.0,0.0,0.0,1.0,0.0,0.0,0.0,1.0,0.0,0.0,0.0,0.0,0.0,0.0,1.0,0.0
3412,0.2716049382716049,0.0,0.0,0.0,0.44444444444444436,0.5,0.6914283273250159,0.07894736842105263,1.0,0.0,1.0,0.6691348402182413,0.3389121338912131,0.9814101110859217,1.0,1.0,0.0,0.0,0.0,0.0,0.0,0.0,1.0,0.0,0.0,0.0,0.0,1.0,0.0,0.0,0.0,0.0,1.0,0.0,0.0,0.0,0.0,0.0,1.0,0.0
3413,0.18518518518518517,1.0,0.0,1.0,0.44444444444444436,0.5,0.9291307695996088,0.18421052631578946,1.0,0.0,1.0,0.6691348402182413,0.3389121338912131,0.9814101110859217,1.0,1.0,0.0,0.0,0.0,0.0,0.0,0.0,0.0,0.0,0.0,0.0,0.0,1.0,0.0,0.0,0.0,0.0,0.0,0.0,0.0,1.0,0.0,0.0,1.0,0.0
3414,0.13580246913580246,1.0,1.0,1.0,0.44444444444444436,0.5,0.5154803582186305,0.18421052631578946,1.0,0.0,1.0,0.6691348402182413,0.3389121338912131,0.9814101110859217,1.0,0.0,0.0,0.0,0.0,0.0,0.0,0.0,1.0,0.0,0.0,0.0,0.0,1.0,0.0,0.0,0.0,0.0,1.0,0.0,0.0,0.0,0.0,0.0,1.0,0.0
3415,0.39506172839506176,1.0,0.0,0.0,0.44444444444444436,0.5,0.5612001989464611,0.42105263157894735,1.0,0.0,1.0,0.6691348402182413,0.3389121338912131,0.9814101110859217,1.0,0.0,0.0,0.0,0.0,0.0,0.0,0.0,0.0,0.0,1.0,0.0,0.0,1.0,0.0,0.0,0.0,1.0,0.0,0.0,0.0,0.0,0.0,1.0,1.0,0.0
3416,0.18518518518518517,0.0,0.0,0.0,0.44444444444444436,0.5,0.7665333465756918,0.05263157894736842,1.0,0.0,1.0,0.6691348402182413,0.3389121338912131,0.9814101110859217,1.0,1.0,0.0,0.0,0.0,1.0,0.0,0.0,0.0,0.0,0.0,0.0,0.0,0.0,1.0,0.0,0.0,0.0,0.0,0.0,0.0,1.0,0.0,0.0,1.0,0.0
3417,0.25925925925925924,1.0,0.0,0.0,0.44444444444444436,0.5,0.5266921854673875,0.05263157894736842,1.0,0.0,1.0,0.6691348402182413,0.3389121338912131,0.9814101110859217,1.0,0.0,0.0,0.0,0.0,0.0,0.0,0.0,0.0,0.0,0.0,0.0,0.0,1.0,0.0,0.0,0.0,0.0,0.0,0.0,0.0,0.0,1.0,0.0,1.0,0.0
3418,0.19753086419753085,0.0,0.0,0.0,0.44444444444444436,0.5,0.7838186107335757,0.15789473684210525,1.0,0.0,1.0,0.6691348402182413,0.3389121338912131,0.9814101110859217,1.0,1.0,0.0,0.0,0.0,0.0,0.0,0.0,1.0,0.0,0.0,0.0,0.0,1.0,0.0,0.0,0.0,0.0,0.0,0.0,1.0,0.0,0.0,0.0,1.0,0.0
3419,0.3333333333333333,0.0,0.0,1.0,0.44444444444444436,0.5,0.7000047262075192,0.15789473684210525,1.0,0.0,1.0,0.6691348402182413,0.3389121338912131,0.9814101110859217,1.0,0.0,0.0,0.0,0.0,0.0,0.0,0.0,0.0,0.0,0.0,0.0,0.0,0.0,1.0,0.0,1.0,0.0,0.0,0.0,0.0,0.0,0.0,1.0,1.0,0.0
3420,0.12345679012345678,0.0,0.0,1.0,0.44444444444444436,0.5,0.6323216790132803,0.05263157894736842,1.0,0.0,1.0,0.6691348402182413,0.3389121338912131,0.9814101110859217,1.0,0.0,0.0,0.0,0.0,0.0,0.0,1.0,0.0,0.0,0.0,0.0,0.0,1.0,0.0,0.0,0.0,0.0,0.0,0.0,0.0,1.0,0.0,0.0,1.0,0.0
3421,0.24691358024691357,1.0,0.0,0.0,0.44444444444444436,0.5,0.48358326152743014,0.18421052631578946,1.0,0.0,1.0,0.6691348402182413,0.3389121338912131,0.9814101110859217,1.0,0.0,0.0,0.0,1.0,0.0,0.0,0.0,0.0,0.0,0.0,0.0,0.0,0.0,1.0,0.0,0.0,0.0,0.0,0.0,1.0,0.0,0.0,0.0,1.0,0.0
3422,0.2345679012345679,0.0,0.0,0.0,0.44444444444444436,0.5,0.7830650197547939,0.23684210526315788,1.0,0.0,1.0,0.6691348402182413,0.3389121338912131,0.9814101110859217,1.0,1.0,0.0,0.0,0.0,1.0,0.0,0.0,0.0,0.0,0.0,0.0,0.0,1.0,0.0,0.0,0.0,0.0,0.0,0.0,0.0,1.0,0.0,0.0,1.0,0.0
3423,0.30864197530864196,1.0,0.0,0.0,0.44444444444444436,0.5,0.808159760069185,0.07894736842105263,1.0,0.0,1.0,0.6691348402182413,0.3389121338912131,0.9814101110859217,1.0,1.0,1.0,0.0,0.0,0.0,0.0,0.0,0.0,0.0,0.0,0.0,0.0,1.0,0.0,0.0,0.0,0.0,0.0,0.0,0.0,0.0,0.0,0.0,1.0,0.0
3424,0.38271604938271603,1.0,1.0,0.0,0.44444444444444436,0.5,0.540547610473664,0.02631578947368421,1.0,0.0,1.0,0.6691348402182413,0.3389121338912131,0.9814101110859217,1.0,0.0,0.0,0.0,0.0,0.0,0.0,0.0,1.0,0.0,0.0,0.0,0.0,1.0,0.0,0.0,0.0,0.0,0.0,0.0,1.0,0.0,0.0,1.0,1.0,0.0
3425,0.25925925925925924,1.0,0.0,0.0,0.44444444444444436,0.5,0.7267433793684569,0.05263157894736842,1.0,0.0,1.0,0.6691348402182413,0.3389121338912131,0.9814101110859217,1.0,1.0,0.0,0.0,0.0,0.0,0.0,0.0,0.0,0.0,0.0,0.0,0.0,1.0,0.0,0.0,0.0,0.0,0.0,0.0,0.0,0.0,1.0,0.0,1.0,0.0
3426,0.3333333333333333,1.0,1.0,0.0,0.44444444444444436,0.75,0.5094464638657551,0.26315789473684215,1.0,0.0,1.0,0.6691348402182413,0.3389121338912131,0.9825436408977557,1.0,0.0,0.0,0.0,0.0,0.0,0.0,0.0,0.0,0.0,0.0,0.0,0.0,0.0,0.0,0.0,0.0,0.0,1.0,0.0,0.0,0.0,0.0,0.0,1.0,0.0
3427,0.4567901234567901,1.0,0.0,0.0,0.44444444444444436,0.75,0.5902084636135368,0.02631578947368421,1.0,0.0,1.0,0.6691348402182413,0.3389121338912131,0.9825436408977557,1.0,0.0,1.0,0.0,0.0,0.0,0.0,0.0,0.0,0.0,0.0,0.0,0.0,1.0,0.0,0.0,0.0,1.0,0.0,0.0,0.0,0.0,0.0,0.0,1.0,0.0
3428,0.2839506172839506,1.0,1.0,0.0,0.44444444444444436,0.75,0.49636241965296135,0.13157894736842105,1.0,0.0,1.0,0.6691348402182413,0.3389121338912131,0.9825436408977557,1.0,0.0,0.0,0.0,0.0,0.0,0.0,0.0,0.0,0.0,0.0,0.0,1.0,1.0,0.0,0.0,0.0,0.0,0.0,0.0,0.0,0.0,1.0,0.0,1.0,0.0
3429,0.13580246913580246,1.0,0.0,0.0,0.44444444444444436,0.75,0.5266921854673875,0.13157894736842105,1.0,0.0,1.0,0.6691348402182413,0.3389121338912131,0.9825436408977557,1.0,0.0,0.0,0.0,0.0,0.0,0.0,0.0,0.0,0.0,0.0,0.0,0.0,0.0,1.0,0.0,0.0,0.0,1.0,0.0,0.0,0.0,0.0,0.0,1.0,0.0
3430,0.24691358024691357,1.0,0.0,0.0,0.44444444444444436,0.75,0.6880861948773884,0.02631578947368421,1.0,0.0,1.0,0.6691348402182413,0.3389121338912131,0.9825436408977557,1.0,0.0,1.0,0.0,0.0,0.0,0.0,0.0,0.0,0.0,0.0,0.0,0.0,0.0,0.0,0.0,0.0,1.0,0.0,0.0,0.0,0.0,0.0,0.0,1.0,0.0
3431,0.48148148148148145,1.0,0.0,0.0,0.44444444444444436,0.75,0.2923123652049422,0.23684210526315788,1.0,0.0,1.0,0.6691348402182413,0.3389121338912131,0.9825436408977557,1.0,0.0,0.0,0.0,0.0,0.0,1.0,0.0,0.0,0.0,0.0,0.0,0.0,0.0,0.0,0.0,0.0,0.0,1.0,0.0,0.0,0.0,0.0,0.0,1.0,0.0
3432,0.24691358024691357,1.0,0.0,0.0,0.44444444444444436,0.75,0.7882415057327662,0.02631578947368421,1.0,0.0,1.0,0.6691348402182413,0.3389121338912131,0.9825436408977557,1.0,1.0,0.0,1.0,0.0,0.0,0.0,0.0,0.0,0.0,0.0,0.0,0.0,0.0,0.0,0.0,0.0,0.0,1.0,0.0,0.0,0.0,0.0,0.0,1.0,0.0
3433,0.2839506172839506,1.0,0.0,0.0,0.44444444444444436,0.75,0.6334058816143029,0.05263157894736842,1.0,0.0,1.0,0.6691348402182413,0.3389121338912131,0.9825436408977557,1.0,0.0,1.0,0.0,0.0,0.0,0.0,0.0,0.0,0.0,0.0,0.0,0.0,0.0,1.0,0.0,0.0,1.0,0.0,0.0,0.0,0.0,0.0,0.0,1.0,0.0
3434,0.19753086419753085,1.0,1.0,0.0,0.44444444444444436,0.75,0.7584297889177843,0.07894736842105263,1.0,0.0,1.0,0.6691348402182413,0.3389121338912131,0.9825436408977557,1.0,1.0,0.0,0.0,0.0,0.0,0.0,0.0,1.0,0.0,0.0,0.0,0.0,1.0,0.0,0.0,0.0,0.0,0.0,0.0,1.0,0.0,0.0,0.0,1.0,0.0
3435,0.30864197530864196,1.0,0.0,1.0,0.44444444444444436,0.75,0.8226243793395053,0.3421052631578947,1.0,0.0,1.0,0.6691348402182413,0.3389121338912131,0.9825436408977557,1.0,1.0,0.0,0.0,0.0,0.0,0.0,1.0,0.0,0.0,0.0,0.0,0.0,1.0,0.0,0.0,0.0,0.0,0.0,0.0,0.0,1.0,0.0,0.0,1.0,0.0
3436,0.24691358024691357,1.0,0.0,0.0,0.44444444444444436,0.75,0.829137988820481,0.07894736842105263,1.0,0.0,1.0,0.6691348402182413,0.3389121338912131,0.9825436408977557,1.0,1.0,1.0,0.0,0.0,0.0,0.0,0.0,0.0,0.0,0.0,0.0,0.0,0.0,0.0,0.0,0.0,1.0,0.0,0.0,0.0,0.0,0.0,0.0,1.0,0.0
3437,0.2222222222222222,1.0,0.0,0.0,0.44444444444444436,0.75,0.7466760785195581,0.05263157894736842,1.0,0.0,1.0,0.6691348402182413,0.3389121338912131,0.9825436408977557,1.0,0.0,0.0,0.0,0.0,0.0,0.0,0.0,0.0,0.0,1.0,0.0,0.0,1.0,0.0,0.0,0.0,0.0,0.0,0.0,1.0,0.0,0.0,0.0,1.0,0.0
3438,0.2716049382716049,1.0,0.0,0.0,0.44444444444444436,0.75,0.7062681526322143,0.0,1.0,0.0,1.0,0.6691348402182413,0.3389121338912131,0.9825436408977557,1.0,0.0,0.0,0.0,0.0,0.0,0.0,0.0,0.0,0.0,1.0,0.0,0.0,1.0,0.0,0.0,0.0,0.0,1.0,0.0,0.0,0.0,0.0,0.0,1.0,0.0
3439,0.2716049382716049,0.0,0.0,0.0,0.44444444444444436,0.75,0.6412337233355714,0.0,1.0,0.0,1.0,0.6691348402182413,0.3389121338912131,0.9825436408977557,1.0,0.0,0.0,0.0,0.0,0.0,0.0,0.0,0.0,0.0,1.0,0.0,0.0,1.0,0.0,0.0,0.0,0.0,1.0,0.0,0.0,0.0,0.0,0.0,1.0,0.0
3440,0.35802469135802467,0.5,0.5,0.0,0.44444444444444436,0.75,0.4279079916652397,0.05263157894736842,1.0,0.0,1.0,0.6691348402182413,0.3389121338912131,0.9825436408977557,1.0,0.0,0.0,0.0,0.0,0.0,0.0,0.0,0.0,0.0,0.0,0.0,0.0,0.0,1.0,0.0,0.0,0.0,1.0,0.0,0.0,0.0,0.0,0.0,1.0,0.0
3441,0.34567901234567905,0.0,0.0,0.0,0.44444444444444436,0.75,0.6214904603916316,0.0,1.0,0.0,1.0,0.6691348402182413,0.3389121338912131,0.9825436408977557,1.0,0.0,0.0,0.0,0.0,0.0,0.0,0.0,0.0,0.0,0.0,0.0,0.0,1.0,0.0,0.0,0.0,0.0,0.0,0.0,0.0,1.0,0.0,0.0,1.0,0.0
3442,0.25925925925925924,0.0,1.0,0.0,0.44444444444444436,0.75,0.5496889184613623,0.05263157894736842,1.0,0.0,1.0,0.6691348402182413,0.3389121338912131,0.9825436408977557,1.0,0.0,0.0,0.0,0.0,0.0,0.0,0.0,0.0,0.0,0.0,0.0,0.0,1.0,0.0,0.0,0.0,0.0,1.0,0.0,0.0,0.0,0.0,0.0,1.0,0.0
3443,0.25925925925925924,0.0,1.0,0.0,0.44444444444444436,0.75,0.5078883596370491,0.0,1.0,0.0,1.0,0.6691348402182413,0.3389121338912131,0.9825436408977557,1.0,0.0,0.0,0.0,0.0,0.0,0.0,0.0,1.0,0.0,0.0,0.0,0.0,1.0,0.0,0.0,0.0,0.0,1.0,0.0,0.0,0.0,0.0,0.0,1.0,0.0
3444,0.2222222222222222,0.0,0.0,0.0,0.44444444444444436,0.75,0.7474972696344017,0.0,1.0,0.0,1.0,0.6691348402182413,0.3389121338912131,0.9825436408977557,1.0,1.0,1.0,0.0,0.0,0.0,0.0,0.0,0.0,0.0,0.0,0.0,0.0,1.0,0.0,0.0,0.0,1.0,0.0,0.0,0.0,0.0,0.0,1.0,1.0,0.0
3445,0.12345679012345678,0.0,1.0,0.0,0.44444444444444436,0.75,0.6461771040195569,0.0,1.0,0.0,1.0,0.6691348402182413,0.3389121338912131,0.9825436408977557,1.0,0.0,0.0,0.0,0.0,0.0,0.0,0.0,0.0,0.0,0.0,0.0,0.0,0.0,1.0,0.0,0.0,0.0,0.0,0.0,0.0,1.0,0.0,0.0,1.0,0.0
3446,0.4444444444444445,1.0,0.0,1.0,0.44444444444444436,0.75,0.5854388177384106,0.0,1.0,0.0,1.0,0.6691348402182413,0.3389121338912131,0.9825436408977557,1.0,0.0,0.0,0.0,0.0,0.0,0.0,0.0,0.0,0.0,1.0,0.0,0.0,1.0,0.0,0.0,0.0,0.0,0.0,0.0,1.0,0.0,0.0,0.0,1.0,0.0
3447,0.08641975308641975,1.0,0.0,0.0,0.44444444444444436,0.75,0.7749274307361093,0.05263157894736842,1.0,0.0,1.0,0.6691348402182413,0.3389121338912131,0.9825436408977557,1.0,1.0,0.0,0.0,0.0,0.0,0.0,0.0,0.0,0.0,0.0,0.0,0.0,0.0,1.0,0.0,0.0,0.0,1.0,0.0,0.0,0.0,0.0,0.0,1.0,0.0
3448,0.48148148148148145,1.0,0.0,0.0,0.44444444444444436,0.75,0.36884433080126383,0.0,1.0,0.0,1.0,0.6691348402182413,0.3389121338912131,0.9825436408977557,1.0,0.0,0.0,0.0,0.0,1.0,0.0,0.0,0.0,0.0,0.0,0.0,0.0,1.0,0.0,0.0,0.0,0.0,0.0,0.0,0.0,1.0,0.0,0.0,1.0,0.0
3449,0.2716049382716049,1.0,0.0,0.0,0.44444444444444436,0.75,0.7409778362545074,0.7368421052631579,1.0,0.0,1.0,0.6691348402182413,0.3389121338912131,0.9825436408977557,1.0,0.0,0.0,0.0,0.0,0.0,0.0,0.0,1.0,0.0,0.0,0.0,0.0,1.0,0.0,0.0,0.0,0.0,1.0,0.0,0.0,0.0,0.0,0.0,1.0,0.0
3450,0.2222222222222222,1.0,0.0,0.0,0.44444444444444436,0.75,0.4692447346122495,0.0,1.0,0.0,1.0,0.6691348402182413,0.3389121338912131,0.9825436408977557,1.0,0.0,0.0,0.0,0.0,0.0,0.0,0.0,0.0,0.0,1.0,0.0,0.0,0.0,1.0,0.0,0.0,0.0,0.0,0.0,1.0,0.0,0.0,1.0,1.0,0.0
3451,0.48148148148148145,1.0,0.0,0.0,0.44444444444444436,0.75,0.6386818846696665,0.0,1.0,0.0,1.0,0.6691348402182413,0.3389121338912131,0.9825436408977557,1.0,0.0,0.0,0.0,0.0,0.0,0.0,0.0,0.0,0.0,1.0,0.0,0.0,0.0,0.0,0.0,0.0,0.0,0.0,0.0,0.0,1.0,0.0,1.0,1.0,0.0
3452,0.18518518518518517,0.0,0.0,0.0,0.44444444444444436,0.75,0.7642490971431724,0.26315789473684215,1.0,0.0,1.0,0.6691348402182413,0.3389121338912131,0.9825436408977557,1.0,1.0,0.0,0.0,0.0,0.0,0.0,0.0,0.0,0.0,0.0,0.0,0.0,1.0,0.0,0.0,0.0,0.0,1.0,0.0,0.0,0.0,0.0,0.0,1.0,0.0
3453,0.13580246913580246,0.0,0.0,0.0,0.44444444444444436,0.75,0.7752510489580507,0.02631578947368421,1.0,0.0,1.0,0.6691348402182413,0.3389121338912131,0.9825436408977557,1.0,1.0,0.0,0.0,0.0,0.0,0.0,0.0,0.0,0.0,0.0,0.0,0.0,0.0,1.0,0.0,0.0,0.0,0.0,0.0,0.0,1.0,0.0,0.0,1.0,0.0
3454,0.14814814814814814,1.0,0.0,1.0,0.44444444444444436,0.75,0.6536782997023916,0.0,1.0,0.0,1.0,0.6691348402182413,0.3389121338912131,0.9825436408977557,1.0,0.0,0.0,0.0,0.0,0.0,0.0,0.0,0.0,0.0,1.0,0.0,0.0,1.0,0.0,0.0,0.0,0.0,0.0,0.0,0.0,1.0,0.0,0.0,1.0,0.0
3455,0.3209876543209876,1.0,1.0,1.0,0.44444444444444436,0.75,0.5631773068220264,0.18421052631578946,1.0,0.0,1.0,0.6691348402182413,0.3389121338912131,0.9825436408977557,1.0,0.0,0.0,0.0,0.0,0.0,0.0,0.0,0.0,0.0,0.0,0.0,0.0,1.0,0.0,0.0,0.0,0.0,0.0,0.0,0.0,0.0,0.0,0.0,1.0,0.0
3456,0.48148148148148145,0.0,0.0,0.0,0.44444444444444436,0.75,0.481638834621511,0.2894736842105263,1.0,0.0,1.0,0.6691348402182413,0.3389121338912131,0.9825436408977557,1.0,0.0,0.0,0.0,0.0,0.0,0.0,0.0,0.0,0.0,1.0,0.0,0.0,0.0,0.0,0.0,0.0,0.0,0.0,0.0,0.0,1.0,0.0,1.0,1.0,0.0
3457,0.4938271604938272,0.0,0.0,0.0,0.44444444444444436,0.75,0.4309636218912418,0.368421052631579,1.0,0.0,1.0,0.6691348402182413,0.3389121338912131,0.9825436408977557,1.0,0.0,0.0,0.0,0.0,0.0,0.0,0.0,0.0,0.0,0.0,0.0,0.0,1.0,0.0,0.0,0.0,0.0,0.0,0.0,0.0,1.0,0.0,1.0,1.0,0.0
3458,0.14814814814814814,1.0,1.0,0.0,0.44444444444444436,0.75,0.6020559671887218,0.0,1.0,0.0,1.0,0.6691348402182413,0.3389121338912131,0.9825436408977557,1.0,0.0,0.0,0.0,0.0,0.0,0.0,0.0,0.0,0.0,0.0,0.0,0.0,1.0,0.0,0.0,0.0,0.0,0.0,0.0,0.0,1.0,0.0,0.0,1.0,0.0
3459,0.2222222222222222,1.0,0.0,0.0,0.44444444444444436,0.75,0.5496889184613623,0.0,1.0,0.0,1.0,0.6691348402182413,0.3389121338912131,0.9825436408977557,1.0,0.0,0.0,0.0,0.0,0.0,0.0,1.0,0.0,0.0,0.0,0.0,0.0,0.0,1.0,0.0,0.0,0.0,0.0,0.0,0.0,1.0,0.0,0.0,1.0,0.0
3460,0.30864197530864196,1.0,0.0,0.0,0.44444444444444436,0.75,0.48737827287699675,0.02631578947368421,1.0,0.0,1.0,0.6691348402182413,0.3389121338912131,0.9825436408977557,1.0,0.0,1.0,0.0,0.0,0.0,0.0,0.0,0.0,0.0,0.0,0.0,0.0,1.0,0.0,0.0,0.0,1.0,0.0,0.0,0.0,0.0,0.0,1.0,1.0,0.0
3461,0.19753086419753085,0.5,0.5,0.0,0.44444444444444436,0.75,0.6581347094668296,0.0,1.0,0.0,1.0,0.6691348402182413,0.3389121338912131,0.9825436408977557,1.0,0.0,0.0,0.0,0.0,0.0,0.0,0.0,0.0,0.0,0.0,1.0,0.0,1.0,0.0,0.0,0.0,0.0,1.0,0.0,0.0,0.0,0.0,1.0,1.0,0.0
3462,0.2222222222222222,0.0,0.0,0.0,0.44444444444444436,0.75,0.7544482031445144,0.0,1.0,0.0,1.0,0.6691348402182413,0.3389121338912131,0.9825436408977557,1.0,0.0,0.0,0.0,0.0,0.0,0.0,1.0,0.0,0.0,0.0,0.0,0.0,0.0,1.0,0.0,0.0,0.0,0.0,0.0,0.0,1.0,0.0,0.0,1.0,0.0
3463,0.13580246913580246,0.0,0.0,0.0,0.44444444444444436,0.75,0.7220124395076876,0.0,1.0,0.0,1.0,0.6691348402182413,0.3389121338912131,0.9825436408977557,1.0,0.0,0.0,0.0,0.0,0.0,0.0,0.0,1.0,0.0,0.0,0.0,0.0,1.0,0.0,0.0,0.0,0.0,1.0,0.0,0.0,0.0,0.0,0.0,1.0,0.0
3464,0.25925925925925924,0.0,0.0,0.0,0.44444444444444436,0.75,0.7945788629575985,0.02631578947368421,1.0,0.0,1.0,0.6691348402182413,0.3389121338912131,0.9825436408977557,1.0,1.0,0.0,0.0,0.0,0.0,0.0,0.0,1.0,0.0,0.0,0.0,0.0,1.0,0.0,0.0,0.0,0.0,1.0,0.0,0.0,0.0,0.0,0.0,1.0,0.0
3465,0.2345679012345679,1.0,0.0,0.0,0.44444444444444436,0.75,0.4735228478707203,0.15789473684210525,1.0,0.0,1.0,0.6691348402182413,0.3389121338912131,0.9825436408977557,1.0,0.0,0.0,1.0,0.0,0.0,0.0,0.0,0.0,0.0,0.0,0.0,0.0,1.0,0.0,0.0,0.0,0.0,0.0,0.0,0.0,1.0,0.0,1.0,1.0,0.0
3466,0.3333333333333333,1.0,0.0,0.0,0.44444444444444436,0.75,0.6636865816722366,0.02631578947368421,1.0,0.0,1.0,0.6691348402182413,0.3389121338912131,0.9825436408977557,1.0,0.0,0.0,0.0,0.0,0.0,0.0,0.0,0.0,0.0,0.0,0.0,0.0,0.0,0.0,0.0,0.0,0.0,1.0,0.0,0.0,0.0,0.0,0.0,1.0,0.0
3467,0.13580246913580246,0.0,0.0,0.0,0.44444444444444436,0.75,0.790675917067155,0.02631578947368421,1.0,0.0,1.0,0.6691348402182413,0.3389121338912131,0.9825436408977557,1.0,1.0,0.0,0.0,0.0,0.0,0.0,0.0,0.0,0.0,0.0,0.0,0.0,0.0,1.0,0.0,0.0,0.0,0.0,0.0,0.0,1.0,0.0,0.0,1.0,0.0
3468,0.13580246913580246,0.0,0.0,0.0,0.44444444444444436,0.75,0.7550253186903606,0.02631578947368421,1.0,0.0,1.0,0.6691348402182413,0.3389121338912131,0.9825436408977557,1.0,1.0,0.0,0.0,0.0,0.0,0.0,0.0,1.0,0.0,0.0,0.0,0.0,1.0,0.0,0.0,0.0,0.0,1.0,0.0,0.0,0.0,0.0,0.0,1.0,0.0
3469,0.20987654320987653,0.0,0.0,0.0,0.44444444444444436,0.75,0.6649314096852046,0.02631578947368421,1.0,0.0,1.0,0.6691348402182413,0.3389121338912131,0.9825436408977557,1.0,0.0,0.0,0.0,0.0,0.0,0.0,0.0,0.0,0.0,0.0,1.0,0.0,1.0,0.0,0.0,0.0,0.0,1.0,0.0,0.0,0.0,0.0,0.0,1.0,0.0
3470,0.2716049382716049,1.0,0.0,0.0,0.44444444444444436,0.75,0.8572732853063594,0.07894736842105263,1.0,0.0,1.0,0.6691348402182413,0.3389121338912131,0.9825436408977557,1.0,1.0,0.0,0.0,0.0,0.0,0.0,0.0,0.0,0.0,1.0,0.0,0.0,1.0,0.0,0.0,0.0,0.0,1.0,0.0,0.0,0.0,0.0,0.0,1.0,0.0
3471,0.06172839506172839,1.0,0.0,0.0,0.44444444444444436,0.75,0.6930644475725992,0.05263157894736842,1.0,0.0,1.0,0.6691348402182413,0.3389121338912131,0.9825436408977557,1.0,1.0,0.0,0.0,0.0,0.0,0.0,0.0,0.0,0.0,0.0,1.0,0.0,0.0,1.0,0.0,0.0,0.0,1.0,0.0,0.0,0.0,0.0,0.0,1.0,0.0
3472,0.4444444444444445,0.0,1.0,0.0,0.44444444444444436,0.75,0.6485730147319224,0.02631578947368421,1.0,0.0,1.0,0.6691348402182413,0.3389121338912131,0.9825436408977557,1.0,0.0,1.0,0.0,0.0,0.0,0.0,0.0,0.0,0.0,0.0,0.0,0.0,1.0,0.0,0.0,0.0,0.0,0.0,0.0,0.0,0.0,0.0,1.0,1.0,0.0
3473,0.3333333333333333,1.0,1.0,0.0,0.44444444444444436,0.75,0.5183850773918827,0.0,1.0,0.0,1.0,0.6691348402182413,0.3389121338912131,0.9825436408977557,1.0,0.0,1.0,0.0,0.0,0.0,0.0,0.0,0.0,0.0,0.0,0.0,0.0,0.0,0.0,0.0,0.0,0.0,0.0,0.0,1.0,0.0,0.0,0.0,1.0,0.0
3474,0.38271604938271603,0.0,1.0,1.0,0.44444444444444436,0.75,0.4279079916652397,0.13157894736842105,1.0,0.0,1.0,0.6691348402182413,0.3389121338912131,0.9825436408977557,1.0,0.0,0.0,0.0,0.0,0.0,0.0,0.0,0.0,0.0,1.0,0.0,0.0,1.0,0.0,0.0,0.0,0.0,0.0,0.0,1.0,0.0,0.0,1.0,1.0,0.0
3475,0.4567901234567901,1.0,0.0,0.0,0.44444444444444436,0.75,0.3581428520730854,0.6842105263157895,1.0,0.0,1.0,0.6691348402182413,0.3389121338912131,0.9825436408977557,1.0,0.0,0.0,0.0,0.0,0.0,0.0,0.0,0.0,0.0,0.0,0.0,0.0,1.0,0.0,0.0,0.0,0.0,0.0,0.0,0.0,1.0,0.0,1.0,1.0,0.0
3476,0.2345679012345679,1.0,0.0,0.0,0.44444444444444436,0.75,0.41482394745244594,0.8421052631578947,1.0,0.0,1.0,0.6691348402182413,0.3389121338912131,0.9825436408977557,1.0,0.0,0.0,0.0,0.0,0.0,0.0,0.0,0.0,0.0,0.0,0.0,0.0,0.0,1.0,0.0,0.0,0.0,0.0,0.0,0.0,1.0,0.0,0.0,1.0,0.0
3477,0.18518518518518517,0.0,0.0,1.0,0.44444444444444436,0.75,0.492850661870268,0.07894736842105263,1.0,0.0,1.0,0.6691348402182413,0.3389121338912131,0.9825436408977557,1.0,0.0,0.0,0.0,0.0,0.0,0.0,0.0,0.0,0.0,1.0,0.0,0.0,1.0,0.0,0.0,0.0,0.0,0.0,0.0,0.0,1.0,0.0,0.0,1.0,0.0
3478,0.43209876543209874,0.0,0.0,0.0,0.44444444444444436,0.75,0.7030289325921469,0.05263157894736842,1.0,0.0,1.0,0.6691348402182413,0.3389121338912131,0.9825436408977557,1.0,0.0,1.0,0.0,0.0,0.0,0.0,0.0,0.0,0.0,0.0,0.0,0.0,1.0,0.0,0.0,0.0,1.0,0.0,0.0,0.0,0.0,0.0,1.0,1.0,0.0
3479,0.19753086419753085,0.0,0.0,0.0,0.44444444444444436,0.75,0.529335783224907,0.07894736842105263,1.0,0.0,1.0,0.6691348402182413,0.3389121338912131,0.9825436408977557,1.0,0.0,0.0,0.0,0.0,0.0,0.0,0.0,0.0,0.0,1.0,0.0,0.0,1.0,0.0,0.0,0.0,0.0,0.0,0.0,0.0,1.0,0.0,0.0,1.0,0.0
3480,0.25925925925925924,1.0,0.0,0.0,0.44444444444444436,0.75,0.49977237288625836,0.05263157894736842,1.0,0.0,1.0,0.6691348402182413,0.3389121338912131,0.9825436408977557,1.0,0.0,0.0,0.0,0.0,0.0,0.0,0.0,0.0,0.0,0.0,0.0,0.0,1.0,0.0,0.0,1.0,0.0,0.0,0.0,0.0,0.0,0.0,0.0,1.0,0.0
3481,0.19753086419753085,1.0,0.0,0.0,0.44444444444444436,0.75,0.3636152410663567,0.3421052631578947,1.0,0.0,1.0,0.6691348402182413,0.3389121338912131,0.9825436408977557,1.0,0.0,1.0,0.0,0.0,0.0,0.0,0.0,0.0,0.0,0.0,0.0,0.0,1.0,0.0,0.0,0.0,1.0,0.0,0.0,0.0,0.0,0.0,0.0,1.0,0.0
3482,0.2345679012345679,0.0,0.0,1.0,0.44444444444444436,0.75,0.64373137872162,0.15789473684210525,1.0,0.0,1.0,0.6691348402182413,0.3389121338912131,0.9825436408977557,1.0,0.0,0.0,0.0,0.0,0.0,0.0,0.0,0.0,0.0,1.0,0.0,0.0,0.0,1.0,0.0,0.0,0.0,0.0,0.0,1.0,0.0,0.0,0.0,1.0,0.0
3483,0.09876543209876543,1.0,0.0,0.0,0.44444444444444436,0.75,0.5591892927228724,0.07894736842105263,1.0,0.0,1.0,0.6691348402182413,0.3389121338912131,0.9825436408977557,1.0,0.0,0.0,0.0,0.0,0.0,0.0,0.0,0.0,0.0,0.0,0.0,0.0,0.0,1.0,0.0,0.0,1.0,0.0,0.0,0.0,0.0,0.0,0.0,1.0,0.0
3484,0.2345679012345679,0.0,0.0,0.0,0.44444444444444436,0.75,0.4578148625383481,0.05263157894736842,1.0,0.0,1.0,0.6691348402182413,0.3389121338912131,0.9825436408977557,1.0,0.0,0.0,0.0,0.0,0.0,0.0,0.0,0.0,0.0,0.0,0.0,0.0,0.0,1.0,0.0,0.0,0.0,0.0,0.0,0.0,1.0,0.0,0.0,1.0,0.0
3485,0.25925925925925924,0.0,0.0,0.0,0.44444444444444436,0.75,0.4215477860088535,0.631578947368421,1.0,0.0,1.0,0.6691348402182413,0.3389121338912131,0.9825436408977557,1.0,0.0,0.0,0.0,0.0,0.0,0.0,0.0,0.0,0.0,0.0,0.0,0.0,1.0,0.0,0.0,1.0,0.0,0.0,0.0,0.0,0.0,0.0,0.0,1.0,0.0
3486,0.20987654320987653,1.0,0.0,0.0,0.44444444444444436,0.75,0.4529126886678098,0.5263157894736842,1.0,0.0,1.0,0.6691348402182413,0.3389121338912131,0.9825436408977557,1.0,0.0,0.0,0.0,0.0,0.0,0.0,0.0,0.0,0.0,1.0,0.0,0.0,0.0,0.0,0.0,0.0,0.0,0.0,0.0,0.0,0.0,1.0,0.0,1.0,0.0
3487,0.24691358024691357,0.0,0.0,0.0,0.44444444444444436,0.75,0.4279079916652397,0.18421052631578946,1.0,0.0,1.0,0.6691348402182413,0.3389121338912131,0.9825436408977557,1.0,0.0,0.0,0.0,0.0,0.0,0.0,0.0,0.0,0.0,1.0,0.0,0.0,1.0,0.0,0.0,0.0,0.0,0.0,0.0,1.0,0.0,0.0,0.0,1.0,0.0
3488,0.5061728395061729,1.0,0.0,0.0,0.44444444444444436,0.75,0.6736785908672379,0.15789473684210525,1.0,0.0,1.0,0.6691348402182413,0.3389121338912131,0.9825436408977557,1.0,0.0,1.0,0.0,0.0,0.0,0.0,0.0,0.0,0.0,0.0,0.0,0.0,1.0,0.0,0.0,1.0,0.0,0.0,0.0,0.0,0.0,0.0,1.0,1.0,0.0
3489,0.39506172839506176,1.0,0.0,0.0,0.44444444444444436,0.75,0.3786529388331377,0.3157894736842105,1.0,0.0,1.0,0.6691348402182413,0.3389121338912131,0.9825436408977557,1.0,0.0,0.0,0.0,0.0,0.0,0.0,0.0,0.0,0.0,0.0,0.0,0.0,0.0,1.0,0.0,0.0,0.0,1.0,0.0,0.0,0.0,0.0,0.0,1.0,0.0
3490,0.3209876543209876,1.0,0.0,0.0,0.44444444444444436,0.75,0.7784391885188026,0.07894736842105263,1.0,0.0,1.0,0.6691348402182413,0.3389121338912131,0.9825436408977557,1.0,0.0,0.0,0.0,0.0,0.0,0.0,0.0,0.0,0.0,0.0,0.0,0.0,1.0,0.0,0.0,0.0,0.0,0.0,0.0,1.0,0.0,0.0,1.0,1.0,0.0
3491,0.1728395061728395,1.0,0.0,1.0,0.44444444444444436,0.75,0.44244933785391355,0.10526315789473684,1.0,0.0,1.0,0.6691348402182413,0.3389121338912131,0.9825436408977557,1.0,0.0,0.0,0.0,0.0,0.0,0.0,0.0,1.0,0.0,0.0,0.0,0.0,0.0,1.0,0.0,0.0,0.0,1.0,0.0,0.0,0.0,0.0,0.0,1.0,0.0
3492,0.34567901234567905,0.0,1.0,0.0,0.44444444444444436,0.75,0.5331930189342876,0.07894736842105263,1.0,0.0,1.0,0.6691348402182413,0.3389121338912131,0.9825436408977557,1.0,0.0,1.0,0.0,0.0,0.0,0.0,0.0,0.0,0.0,0.0,0.0,0.0,1.0,0.0,0.0,1.0,0.0,0.0,0.0,0.0,0.0,0.0,0.0,1.0,0.0
3493,0.30864197530864196,0.0,0.0,0.0,0.44444444444444436,0.75,0.8283175136583626,0.10526315789473684,1.0,0.0,1.0,0.6691348402182413,0.3389121338912131,0.9825436408977557,1.0,1.0,0.0,0.0,0.0,0.0,0.0,0.0,0.0,0.0,0.0,0.0,0.0,1.0,0.0,0.0,0.0,0.0,0.0,0.0,0.0,1.0,0.0,0.0,1.0,0.0
3494,0.13580246913580246,1.0,0.0,0.0,0.44444444444444436,0.75,0.22890743126917404,0.18421052631578946,1.0,0.0,1.0,0.6691348402182413,0.3389121338912131,0.9825436408977557,1.0,0.0,1.0,0.0,0.0,0.0,0.0,0.0,0.0,0.0,0.0,0.0,0.0,1.0,0.0,0.0,0.0,0.0,0.0,0.0,0.0,0.0,0.0,1.0,1.0,0.0
3495,0.2345679012345679,1.0,1.0,0.0,0.44444444444444436,0.75,0.8765279294649679,0.07894736842105263,1.0,0.0,1.0,0.6691348402182413,0.3389121338912131,0.9825436408977557,1.0,1.0,0.0,0.0,0.0,0.0,0.0,0.0,1.0,0.0,0.0,0.0,0.0,1.0,0.0,0.0,0.0,0.0,1.0,0.0,0.0,0.0,0.0,0.0,1.0,0.0
3496,0.09876543209876543,0.0,0.0,0.0,0.44444444444444436,0.75,0.5239878100544288,0.05263157894736842,1.0,0.0,1.0,0.6691348402182413,0.3389121338912131,0.9825436408977557,1.0,0.0,0.0,0.0,0.0,0.0,0.0,0.0,0.0,1.0,0.0,0.0,0.0,0.0,1.0,0.0,0.0,0.0,1.0,0.0,0.0,0.0,0.0,0.0,1.0,0.0
3497,0.48148148148148145,1.0,0.0,0.0,0.44444444444444436,0.75,0.3961123483218417,0.5263157894736842,1.0,0.0,1.0,0.6691348402182413,0.3389121338912131,0.9825436408977557,1.0,0.0,1.0,0.0,0.0,0.0,0.0,0.0,0.0,0.0,0.0,0.0,0.0,1.0,0.0,0.0,1.0,0.0,0.0,0.0,0.0,0.0,0.0,1.0,1.0,0.0
3498,0.419753086419753,0.0,0.0,0.0,0.44444444444444436,0.75,0.5540062892371289,0.05263157894736842,1.0,0.0,1.0,0.6691348402182413,0.3389121338912131,0.9825436408977557,1.0,0.0,0.0,0.0,0.0,0.0,1.0,0.0,0.0,0.0,0.0,0.0,0.0,1.0,0.0,0.0,0.0,0.0,0.0,0.0,0.0,1.0,0.0,1.0,1.0,0.0
3499,0.2345679012345679,1.0,0.0,0.0,0.44444444444444436,0.75,0.31856189022048026,0.13157894736842105,1.0,0.0,1.0,0.6691348402182413,0.3389121338912131,0.9825436408977557,1.0,0.0,0.0,0.0,0.0,0.0,0.0,0.0,1.0,0.0,0.0,0.0,0.0,1.0,0.0,0.0,0.0,0.0,1.0,0.0,0.0,0.0,0.0,0.0,1.0,0.0
3500,0.3209876543209876,1.0,1.0,0.0,0.5555555555555556,0.0,0.5894268318375645,0.0,1.0,0.0,1.0,0.4844115354637566,0.6150627615062758,0.9829970528224894,1.0,0.0,0.0,0.0,0.0,0.0,0.0,0.0,0.0,0.0,0.0,0.0,0.0,1.0,0.0,0.0,0.0,0.0,0.0,0.0,0.0,1.0,0.0,0.0,1.0,0.0
3501,0.4074074074074074,1.0,0.0,0.0,0.5555555555555556,0.0,0.6755790384927881,0.0,1.0,0.0,1.0,0.4844115354637566,0.6150627615062758,0.9829970528224894,1.0,0.0,0.0,0.0,0.0,0.0,0.0,1.0,0.0,0.0,0.0,0.0,0.0,1.0,0.0,0.0,0.0,0.0,0.0,0.0,0.0,0.0,0.0,1.0,1.0,0.0
3502,0.29629629629629634,1.0,0.0,0.0,0.5555555555555556,0.0,0.529335783224907,0.0,1.0,0.0,1.0,0.4844115354637566,0.6150627615062758,0.9829970528224894,1.0,0.0,0.0,0.0,0.0,0.0,0.0,0.0,0.0,0.0,1.0,0.0,0.0,1.0,0.0,0.0,0.0,0.0,0.0,0.0,0.0,1.0,0.0,0.0,1.0,0.0
3503,0.5061728395061729,1.0,0.0,0.0,0.5555555555555556,0.0,0.7930609690008567,0.0,1.0,0.0,1.0,0.4844115354637566,0.6150627615062758,0.9829970528224894,1.0,1.0,1.0,0.0,0.0,0.0,0.0,0.0,0.0,0.0,0.0,0.0,0.0,1.0,0.0,0.0,0.0,1.0,0.0,0.0,0.0,0.0,0.0,0.0,1.0,0.0
3504,0.16049382716049382,0.0,0.0,0.0,0.5555555555555556,0.0,0.646660205928461,0.0,1.0,0.0,1.0,0.4844115354637566,0.6150627615062758,0.9829970528224894,1.0,0.0,0.0,0.0,0.0,0.0,0.0,0.0,0.0,0.0,0.0,0.0,0.0,1.0,0.0,0.0,0.0,0.0,0.0,0.0,0.0,1.0,0.0,0.0,1.0,0.0
3505,0.4444444444444445,1.0,0.0,0.0,0.5555555555555556,0.0,0.5854388177384106,0.0,1.0,0.0,1.0,0.4844115354637566,0.6150627615062758,0.9829970528224894,1.0,0.0,1.0,0.0,0.0,0.0,0.0,0.0,0.0,0.0,0.0,0.0,0.0,1.0,0.0,0.0,0.0,0.0,0.0,0.0,0.0,0.0,0.0,1.0,1.0,0.0
3506,0.24691358024691357,0.0,0.0,0.0,0.5555555555555556,0.0,0.5014409845439322,0.0,1.0,0.0,1.0,0.4844115354637566,0.6150627615062758,0.9829970528224894,1.0,0.0,0.0,0.0,0.0,0.0,0.0,0.0,0.0,1.0,0.0,0.0,0.0,1.0,0.0,0.0,0.0,0.0,0.0,0.0,1.0,0.0,0.0,0.0,1.0,0.0
3507,0.2716049382716049,1.0,0.0,0.0,0.5555555555555556,0.0,0.709984760531081,0.0,1.0,0.0,1.0,0.4844115354637566,0.6150627615062758,0.9829970528224894,1.0,0.0,0.0,0.0,1.0,0.0,0.0,0.0,0.0,0.0,0.0,0.0,0.0,1.0,0.0,0.0,0.0,0.0,0.0,0.0,0.0,0.0,0.0,0.0,1.0,0.0
3508,0.1728395061728395,0.0,0.0,0.0,0.5555555555555556,0.0,0.5507832068127649,0.02631578947368421,1.0,0.0,1.0,0.4844115354637566,0.6150627615062758,0.9829970528224894,1.0,0.0,0.0,0.0,0.0,0.0,0.0,0.0,0.0,0.0,1.0,0.0,0.0,1.0,0.0,0.0,0.0,0.0,0.0,0.0,1.0,0.0,0.0,1.0,1.0,0.0
3509,0.2345679012345679,0.0,0.0,0.0,0.5555555555555556,0.0,0.4796617267459457,0.0,1.0,0.0,1.0,0.4844115354637566,0.6150627615062758,0.9829970528224894,1.0,0.0,0.0,0.0,0.0,0.0,0.0,0.0,0.0,0.0,0.0,0.0,0.0,1.0,0.0,0.0,0.0,0.0,0.0,0.0,1.0,0.0,0.0,0.0,1.0,0.0
3510,0.4938271604938272,1.0,0.0,1.0,0.5555555555555556,0.0,0.5381468098084997,0.0,1.0,0.0,1.0,0.4844115354637566,0.6150627615062758,0.9829970528224894,1.0,0.0,0.0,0.0,0.0,0.0,1.0,0.0,0.0,0.0,0.0,0.0,0.0,1.0,0.0,0.0,0.0,0.0,0.0,0.0,0.0,0.0,0.0,0.0,1.0,0.0
3511,0.35802469135802467,0.0,0.0,0.0,0.5555555555555556,0.0,0.7899651285028904,0.02631578947368421,1.0,0.0,1.0,0.4844115354637566,0.6150627615062758,0.9829970528224894,1.0,0.0,0.0,0.0,0.0,0.0,0.0,0.0,0.0,0.0,1.0,0.0,0.0,0.0,1.0,0.0,0.0,0.0,0.0,0.0,1.0,0.0,0.0,1.0,1.0,0.0
3512,0.19753086419753085,0.0,0.0,0.0,0.5555555555555556,0.0,0.824977160757351,0.0,1.0,0.0,1.0,0.4844115354637566,0.6150627615062758,0.9829970528224894,1.0,1.0,0.0,0.0,0.0,0.0,0.0,0.0,0.0,1.0,0.0,0.0,0.0,0.0,0.0,0.0,0.0,0.0,0.0,0.0,1.0,0.0,0.0,0.0,1.0,0.0
3513,0.29629629629629634,1.0,1.0,0.0,0.5555555555555556,0.0,0.4796617267459457,0.02631578947368421,1.0,0.0,1.0,0.4844115354637566,0.6150627615062758,0.9829970528224894,1.0,0.0,0.0,0.0,0.0,0.0,0.0,0.0,0.0,0.0,1.0,0.0,0.0,1.0,0.0,0.0,0.0,0.0,0.0,0.0,0.0,1.0,0.0,0.0,1.0,0.0
3514,0.4938271604938272,1.0,0.0,0.0,0.5555555555555556,0.0,0.5518674094137875,0.0,1.0,0.0,1.0,0.4844115354637566,0.6150627615062758,0.9829970528224894,1.0,0.0,0.0,0.0,0.0,0.0,0.0,0.0,0.0,0.0,0.0,0.0,0.0,1.0,0.0,0.0,0.0,0.0,1.0,0.0,0.0,0.0,0.0,0.0,1.0,0.0
3515,0.4074074074074074,1.0,0.0,0.0,0.5555555555555556,0.0,0.4247708684332175,0.0,1.0,0.0,1.0,0.4844115354637566,0.6150627615062758,0.9829970528224894,1.0,0.0,1.0,0.0,0.0,0.0,0.0,0.0,0.0,0.0,0.0,0.0,0.0,1.0,0.0,0.0,0.0,1.0,0.0,0.0,0.0,0.0,0.0,1.0,1.0,0.0
3516,0.4567901234567901,0.0,1.0,0.0,0.5555555555555556,0.0,0.6636865816722366,0.05263157894736842,1.0,0.0,1.0,0.4844115354637566,0.6150627615062758,0.9829970528224894,1.0,0.0,0.0,0.0,0.0,0.0,0.0,0.0,0.0,0.0,1.0,0.0,0.0,1.0,0.0,0.0,0.0,0.0,0.0,0.0,1.0,0.0,0.0,1.0,1.0,0.0
3517,0.4074074074074074,0.0,0.0,0.0,0.5555555555555556,0.0,0.49636241965296135,0.13157894736842105,1.0,0.0,1.0,0.4844115354637566,0.6150627615062758,0.9829970528224894,1.0,0.0,0.0,0.0,0.0,0.0,0.0,0.0,0.0,0.0,0.0,0.0,0.0,1.0,0.0,0.0,0.0,0.0,1.0,0.0,0.0,0.0,0.0,0.0,1.0,0.0
3518,0.20987654320987653,0.0,1.0,0.0,0.5555555555555556,0.0,0.6402196209389266,0.05263157894736842,1.0,0.0,1.0,0.4844115354637566,0.6150627615062758,0.9829970528224894,1.0,0.0,0.0,0.0,0.0,0.0,0.0,0.0,0.0,0.0,0.0,0.0,0.0,0.0,1.0,0.0,0.0,0.0,0.0,0.0,0.0,1.0,0.0,0.0,1.0,0.0
3519,0.5061728395061729,1.0,0.0,0.0,0.5555555555555556,0.0,0.7079981124787547,0.07894736842105263,1.0,0.0,1.0,0.4844115354637566,0.6150627615062758,0.9829970528224894,1.0,0.0,0.0,0.0,0.0,0.0,1.0,0.0,0.0,0.0,0.0,0.0,0.0,1.0,0.0,0.0,0.0,0.0,0.0,0.0,1.0,0.0,0.0,1.0,1.0,0.0
3520,0.4567901234567901,1.0,0.0,1.0,0.5555555555555556,0.0,0.7624612945032339,0.02631578947368421,1.0,0.0,1.0,0.4844115354637566,0.6150627615062758,0.9829970528224894,1.0,1.0,0.0,0.0,0.0,0.0,0.0,0.0,0.0,0.0,1.0,0.0,0.0,1.0,0.0,0.0,0.0,0.0,0.0,0.0,0.0,1.0,0.0,0.0,1.0,0.0
3521,0.43209876543209874,0.0,0.0,0.0,0.5555555555555556,0.0,0.8594259370637995,0.02631578947368421,1.0,0.0,1.0,0.4844115354637566,0.6150627615062758,0.9829970528224894,1.0,1.0,0.0,0.0,0.0,1.0,0.0,0.0,0.0,0.0,0.0,0.0,0.0,1.0,0.0,0.0,0.0,0.0,0.0,0.0,0.0,1.0,0.0,0.0,1.0,0.0
3522,0.18518518518518517,1.0,0.0,0.0,0.5555555555555556,0.25,0.5761581170225034,0.02631578947368421,1.0,0.0,1.0,0.4844115354637566,0.6150627615062758,0.9825436408977557,1.0,0.0,0.0,0.0,0.0,0.0,0.0,0.0,0.0,0.0,1.0,0.0,0.0,1.0,0.0,0.0,0.0,0.0,0.0,0.0,1.0,0.0,0.0,0.0,1.0,0.0
3523,0.3703703703703703,0.0,0.0,0.0,0.5555555555555556,0.25,0.7281986781289764,0.05263157894736842,1.0,0.0,1.0,0.4844115354637566,0.6150627615062758,0.9825436408977557,1.0,1.0,0.0,1.0,0.0,0.0,0.0,0.0,0.0,0.0,0.0,0.0,0.0,1.0,0.0,0.0,0.0,0.0,0.0,0.0,0.0,1.0,0.0,0.0,1.0,0.0
3524,0.3703703703703703,1.0,0.0,0.0,0.5555555555555556,0.25,0.7604628114657891,0.02631578947368421,1.0,0.0,1.0,0.4844115354637566,0.6150627615062758,0.9825436408977557,1.0,1.0,0.0,1.0,0.0,0.0,0.0,0.0,0.0,0.0,0.0,0.0,0.0,1.0,0.0,0.0,0.0,0.0,0.0,0.0,0.0,1.0,0.0,0.0,1.0,0.0
3525,0.3209876543209876,1.0,0.0,0.0,0.5555555555555556,0.25,0.7918043204387807,0.02631578947368421,1.0,0.0,1.0,0.4844115354637566,0.6150627615062758,0.9825436408977557,1.0,1.0,0.0,0.0,0.0,0.0,0.0,0.0,0.0,0.0,0.0,0.0,0.0,0.0,1.0,0.0,0.0,0.0,0.0,0.0,0.0,1.0,0.0,0.0,1.0,0.0
3526,0.5061728395061729,1.0,0.0,0.0,0.5555555555555556,0.25,0.7431206122490668,0.0,1.0,0.0,1.0,0.4844115354637566,0.6150627615062758,0.9825436408977557,1.0,1.0,0.0,0.0,0.0,0.0,0.0,0.0,0.0,0.0,0.0,0.0,0.0,1.0,0.0,0.0,0.0,0.0,1.0,0.0,0.0,0.0,0.0,0.0,1.0,0.0
3527,0.43209876543209874,1.0,0.0,0.0,0.5555555555555556,0.25,0.8098576164429231,0.0,1.0,0.0,1.0,0.4844115354637566,0.6150627615062758,0.9825436408977557,1.0,1.0,0.0,0.0,0.0,0.0,0.0,0.0,0.0,0.0,0.0,0.0,0.0,1.0,0.0,0.0,0.0,0.0,0.0,0.0,0.0,0.0,1.0,0.0,1.0,0.0
3528,0.43209876543209874,0.0,1.0,0.0,0.5555555555555556,0.25,0.7856077729716452,0.0,1.0,0.0,1.0,0.4844115354637566,0.6150627615062758,0.9825436408977557,1.0,1.0,0.0,0.0,0.0,0.0,0.0,0.0,0.0,0.0,1.0,0.0,0.0,0.0,0.0,0.0,0.0,0.0,0.0,0.0,0.0,1.0,0.0,0.0,1.0,0.0
3529,0.3703703703703703,1.0,0.0,0.0,0.5555555555555556,0.25,0.7916638605421104,0.0,1.0,0.0,1.0,0.4844115354637566,0.6150627615062758,0.9825436408977557,1.0,1.0,0.0,0.0,0.0,0.0,0.0,0.0,1.0,0.0,0.0,0.0,0.0,1.0,0.0,0.0,0.0,0.0,1.0,0.0,0.0,0.0,0.0,0.0,1.0,0.0
3530,0.39506172839506176,0.0,0.0,0.0,0.5555555555555556,0.25,0.5992040663129156,0.0,1.0,0.0,1.0,0.4844115354637566,0.6150627615062758,0.9825436408977557,1.0,0.0,0.0,0.0,0.0,0.0,0.0,0.0,0.0,0.0,1.0,0.0,0.0,1.0,0.0,0.0,0.0,0.0,0.0,0.0,1.0,0.0,0.0,1.0,1.0,0.0
3531,0.2716049382716049,1.0,0.0,0.0,0.5555555555555556,0.25,0.8274912756735251,0.0,1.0,0.0,1.0,0.4844115354637566,0.6150627615062758,0.9825436408977557,1.0,1.0,0.0,0.0,0.0,0.0,0.0,0.0,0.0,0.0,1.0,0.0,0.0,0.0,0.0,0.0,0.0,0.0,0.0,0.0,1.0,0.0,0.0,0.0,1.0,0.0
3532,0.3333333333333333,1.0,0.0,0.0,0.5555555555555556,0.25,0.6006386590863215,0.05263157894736842,1.0,0.0,1.0,0.4844115354637566,0.6150627615062758,0.9825436408977557,1.0,0.0,0.0,0.0,0.0,0.0,0.0,0.0,0.0,0.0,1.0,0.0,0.0,0.0,1.0,0.0,0.0,0.0,0.0,0.0,1.0,0.0,0.0,0.0,1.0,0.0
3533,0.30864197530864196,1.0,0.0,0.0,0.5555555555555556,0.25,0.7077115468084515,0.0,1.0,0.0,1.0,0.4844115354637566,0.6150627615062758,0.9825436408977557,1.0,0.0,0.0,0.0,0.0,0.0,0.0,0.0,0.0,0.0,1.0,0.0,0.0,1.0,0.0,0.0,0.0,0.0,1.0,0.0,0.0,0.0,0.0,0.0,1.0,0.0
3534,0.30864197530864196,1.0,0.0,0.0,0.5555555555555556,0.25,0.7540618804673014,0.05263157894736842,1.0,0.0,1.0,0.4844115354637566,0.6150627615062758,0.9825436408977557,1.0,1.0,0.0,0.0,0.0,0.0,0.0,0.0,0.0,0.0,1.0,0.0,0.0,1.0,0.0,0.0,0.0,0.0,0.0,0.0,1.0,0.0,0.0,0.0,1.0,0.0
3535,0.20987654320987653,1.0,0.0,0.0,0.5555555555555556,0.25,0.5393533347388635,0.0,1.0,0.0,1.0,0.4844115354637566,0.6150627615062758,0.9825436408977557,1.0,0.0,0.0,0.0,0.0,0.0,0.0,0.0,0.0,0.0,0.0,0.0,0.0,1.0,0.0,0.0,0.0,0.0,0.0,0.0,0.0,1.0,0.0,1.0,1.0,0.0
3536,0.4444444444444445,1.0,0.0,1.0,0.5555555555555556,0.25,0.8327609144942382,0.07894736842105263,1.0,0.0,1.0,0.4844115354637566,0.6150627615062758,0.9825436408977557,1.0,1.0,1.0,0.0,0.0,0.0,0.0,0.0,0.0,0.0,0.0,0.0,0.0,1.0,0.0,0.0,0.0,0.0,0.0,0.0,0.0,0.0,0.0,1.0,1.0,0.0
3537,0.34567901234567905,1.0,0.0,0.0,0.5555555555555556,0.25,0.6226787043279698,0.0,1.0,0.0,1.0,0.4844115354637566,0.6150627615062758,0.9825436408977557,1.0,0.0,1.0,0.0,0.0,0.0,0.0,0.0,0.0,0.0,0.0,0.0,0.0,1.0,0.0,0.0,0.0,0.0,0.0,0.0,0.0,0.0,0.0,0.0,1.0,0.0
3538,0.38271604938271603,0.0,0.0,0.0,0.5555555555555556,0.25,0.5955391234938983,0.0,1.0,0.0,1.0,0.4844115354637566,0.6150627615062758,0.9825436408977557,1.0,0.0,1.0,0.0,0.0,0.0,0.0,0.0,0.0,0.0,0.0,0.0,0.0,1.0,0.0,0.0,0.0,1.0,0.0,0.0,0.0,0.0,0.0,1.0,1.0,0.0
3539,0.16049382716049382,1.0,0.0,0.0,0.5555555555555556,0.25,0.6701784439170553,0.0,1.0,0.0,1.0,0.4844115354637566,0.6150627615062758,0.9825436408977557,1.0,0.0,0.0,0.0,0.0,0.0,0.0,0.0,0.0,0.0,1.0,0.0,0.0,1.0,0.0,0.0,0.0,0.0,0.0,0.0,1.0,0.0,0.0,0.0,1.0,0.0
3540,0.38271604938271603,1.0,0.0,0.0,0.5555555555555556,0.25,0.6397092724183482,0.02631578947368421,1.0,0.0,1.0,0.4844115354637566,0.6150627615062758,0.9825436408977557,1.0,0.0,0.0,0.0,0.0,0.0,0.0,0.0,0.0,0.0,0.0,0.0,0.0,1.0,0.0,0.0,0.0,0.0,0.0,0.0,0.0,1.0,0.0,1.0,1.0,0.0
3541,0.4444444444444445,0.0,0.0,0.0,0.5555555555555556,0.25,0.6442246085825132,0.02631578947368421,1.0,0.0,1.0,0.4844115354637566,0.6150627615062758,0.9825436408977557,1.0,0.0,1.0,0.0,0.0,0.0,0.0,0.0,0.0,0.0,0.0,0.0,0.0,1.0,0.0,0.0,0.0,0.0,0.0,0.0,0.0,0.0,0.0,0.0,1.0,0.0
3542,0.3333333333333333,1.0,1.0,0.0,0.5555555555555556,0.25,0.6657540364605412,0.0,1.0,0.0,1.0,0.4844115354637566,0.6150627615062758,0.9825436408977557,1.0,0.0,0.0,0.0,0.0,0.0,0.0,0.0,0.0,0.0,0.0,0.0,0.0,1.0,0.0,0.0,0.0,0.0,0.0,0.0,0.0,0.0,0.0,1.0,1.0,0.0
3543,0.4444444444444445,1.0,0.0,0.0,0.5555555555555556,0.25,0.6839461142385569,0.02631578947368421,1.0,0.0,1.0,0.4844115354637566,0.6150627615062758,0.9825436408977557,1.0,0.0,1.0,0.0,0.0,0.0,0.0,0.0,0.0,0.0,0.0,0.0,0.0,1.0,0.0,0.0,0.0,1.0,0.0,0.0,0.0,0.0,0.0,0.0,1.0,0.0
3544,0.2222222222222222,1.0,0.0,0.0,0.5555555555555556,0.25,0.5886399717165399,0.02631578947368421,1.0,0.0,1.0,0.4844115354637566,0.6150627615062758,0.9825436408977557,1.0,0.0,0.0,0.0,0.0,0.0,0.0,0.0,0.0,0.0,0.0,0.0,1.0,1.0,0.0,0.0,0.0,1.0,0.0,0.0,0.0,0.0,0.0,0.0,1.0,0.0
3545,0.18518518518518517,1.0,0.0,0.0,0.5555555555555556,0.25,0.6208918069393788,0.02631578947368421,1.0,0.0,1.0,0.4844115354637566,0.6150627615062758,0.9825436408977557,1.0,0.0,0.0,0.0,0.0,0.0,0.0,0.0,0.0,0.0,0.0,0.0,0.0,0.0,1.0,0.0,0.0,0.0,1.0,0.0,0.0,0.0,0.0,0.0,1.0,0.0
3546,0.3333333333333333,1.0,0.0,0.0,0.5555555555555556,0.25,0.7741144686236345,0.02631578947368421,1.0,0.0,1.0,0.4844115354637566,0.6150627615062758,0.9825436408977557,1.0,1.0,1.0,0.0,0.0,0.0,0.0,0.0,0.0,0.0,0.0,0.0,0.0,1.0,0.0,0.0,0.0,0.0,0.0,0.0,0.0,0.0,0.0,0.0,1.0,0.0
3547,0.3333333333333333,1.0,0.0,0.0,0.5555555555555556,0.25,0.6407277649233879,0.0,1.0,0.0,1.0,0.4844115354637566,0.6150627615062758,0.9825436408977557,1.0,0.0,0.0,0.0,0.0,0.0,0.0,0.0,0.0,0.0,1.0,0.0,0.0,1.0,0.0,0.0,0.0,0.0,0.0,0.0,0.0,1.0,0.0,0.0,1.0,0.0
3548,0.1728395061728395,1.0,0.0,0.0,0.5555555555555556,0.25,0.8048144592966994,0.0,1.0,0.0,1.0,0.4844115354637566,0.6150627615062758,0.9825436408977557,1.0,1.0,0.0,0.0,0.0,0.0,0.0,0.0,0.0,0.0,1.0,0.0,0.0,0.0,1.0,0.0,0.0,0.0,0.0,0.0,1.0,0.0,0.0,0.0,1.0,0.0
3549,0.3209876543209876,1.0,0.0,0.0,0.5555555555555556,0.25,0.7383538951349292,0.05263157894736842,1.0,0.0,1.0,0.4844115354637566,0.6150627615062758,0.9825436408977557,1.0,1.0,0.0,0.0,0.0,0.0,0.0,0.0,0.0,0.0,0.0,0.0,0.0,1.0,0.0,0.0,0.0,0.0,0.0,0.0,0.0,1.0,0.0,0.0,1.0,0.0
3550,0.25925925925925924,1.0,0.0,0.0,0.5555555555555556,0.25,0.6856888890695302,0.02631578947368421,1.0,0.0,1.0,0.4844115354637566,0.6150627615062758,0.9825436408977557,1.0,0.0,0.0,0.0,0.0,0.0,0.0,0.0,0.0,0.0,0.0,0.0,0.0,0.0,0.0,0.0,0.0,0.0,0.0,0.0,0.0,1.0,0.0,0.0,1.0,0.0
3551,0.29629629629629634,0.0,0.0,0.0,0.5555555555555556,0.25,0.7813899278332761,0.02631578947368421,1.0,0.0,1.0,0.4844115354637566,0.6150627615062758,0.9825436408977557,1.0,1.0,0.0,0.0,0.0,0.0,0.0,0.0,0.0,0.0,0.0,0.0,0.0,1.0,0.0,0.0,0.0,0.0,0.0,0.0,0.0,1.0,0.0,0.0,1.0,0.0
3552,0.30864197530864196,1.0,0.0,0.0,0.5555555555555556,0.25,0.8445389661939442,0.02631578947368421,1.0,0.0,1.0,0.4844115354637566,0.6150627615062758,0.9825436408977557,1.0,1.0,0.0,0.0,0.0,0.0,0.0,0.0,0.0,0.0,0.0,0.0,0.0,1.0,0.0,0.0,0.0,0.0,0.0,0.0,0.0,1.0,0.0,0.0,1.0,0.0
3553,0.5061728395061729,0.0,0.0,0.0,0.5555555555555556,0.25,0.6661632026103997,0.0,1.0,0.0,1.0,0.4844115354637566,0.6150627615062758,0.9825436408977557,1.0,0.0,0.0,0.0,0.0,0.0,0.0,0.0,0.0,0.0,1.0,0.0,0.0,1.0,0.0,0.0,0.0,0.0,0.0,0.0,1.0,0.0,0.0,1.0,1.0,0.0
3554,0.3209876543209876,1.0,0.0,0.0,0.5555555555555556,0.25,0.8464069359842898,0.0,1.0,0.0,1.0,0.4844115354637566,0.6150627615062758,0.9825436408977557,1.0,1.0,0.0,0.0,0.0,0.0,0.0,0.0,0.0,0.0,0.0,0.0,0.0,1.0,0.0,0.0,0.0,0.0,0.0,0.0,0.0,1.0,0.0,1.0,1.0,0.0
3555,0.2839506172839506,0.0,0.0,0.0,0.5555555555555556,0.25,0.7561711246597944,0.02631578947368421,1.0,0.0,1.0,0.4844115354637566,0.6150627615062758,0.9825436408977557,1.0,1.0,0.0,0.0,0.0,0.0,0.0,0.0,0.0,0.0,0.0,0.0,0.0,1.0,0.0,0.0,0.0,0.0,0.0,0.0,0.0,1.0,0.0,0.0,1.0,0.0
3556,0.2222222222222222,1.0,0.0,0.0,0.5555555555555556,0.25,0.5870502833422594,0.05263157894736842,1.0,0.0,1.0,0.4844115354637566,0.6150627615062758,0.9825436408977557,1.0,0.0,0.0,0.0,0.0,0.0,0.0,0.0,0.0,0.0,0.0,0.0,0.0,1.0,0.0,0.0,0.0,0.0,0.0,0.0,0.0,1.0,0.0,0.0,1.0,0.0
3557,0.34567901234567905,0.0,0.0,0.0,0.5555555555555556,0.25,0.6962699633353183,0.05263157894736842,1.0,0.0,1.0,0.4844115354637566,0.6150627615062758,0.9825436408977557,1.0,0.0,1.0,0.0,0.0,0.0,0.0,0.0,0.0,0.0,0.0,0.0,0.0,1.0,0.0,0.0,0.0,0.0,0.0,0.0,0.0,0.0,1.0,1.0,1.0,0.0
3558,0.18518518518518517,1.0,0.0,0.0,0.5555555555555556,0.25,0.710546265890685,0.05263157894736842,1.0,0.0,1.0,0.4844115354637566,0.6150627615062758,0.9825436408977557,1.0,1.0,0.0,0.0,0.0,0.0,0.0,0.0,0.0,0.0,0.0,0.0,0.0,0.0,1.0,0.0,0.0,0.0,0.0,0.0,0.0,1.0,0.0,0.0,1.0,0.0
3559,0.24691358024691357,1.0,1.0,0.0,0.5555555555555556,0.25,0.6295666315558228,0.02631578947368421,1.0,0.0,1.0,0.4844115354637566,0.6150627615062758,0.9825436408977557,1.0,0.0,0.0,0.0,0.0,0.0,0.0,0.0,0.0,0.0,0.0,0.0,0.0,1.0,0.0,0.0,0.0,0.0,0.0,0.0,0.0,1.0,0.0,0.0,1.0,0.0
3560,0.35802469135802467,1.0,0.0,0.0,0.5555555555555556,0.25,0.7212477446188635,0.02631578947368421,1.0,0.0,1.0,0.4844115354637566,0.6150627615062758,0.9825436408977557,1.0,0.0,0.0,0.0,1.0,0.0,0.0,0.0,0.0,0.0,0.0,0.0,0.0,1.0,0.0,0.0,0.0,1.0,0.0,0.0,0.0,0.0,0.0,0.0,1.0,0.0
3561,0.20987654320987653,0.0,0.0,0.0,0.5555555555555556,0.25,0.8367555352682687,0.02631578947368421,1.0,0.0,1.0,0.4844115354637566,0.6150627615062758,0.9825436408977557,1.0,1.0,0.0,0.0,0.0,0.0,0.0,0.0,0.0,0.0,0.0,0.0,0.0,1.0,0.0,0.0,0.0,0.0,0.0,0.0,0.0,1.0,0.0,1.0,1.0,0.0
3562,0.2839506172839506,1.0,0.0,0.0,0.5555555555555556,0.25,0.5529417104829256,0.02631578947368421,1.0,0.0,1.0,0.4844115354637566,0.6150627615062758,0.9825436408977557,1.0,0.0,0.0,0.0,0.0,0.0,0.0,0.0,0.0,0.0,1.0,0.0,0.0,1.0,0.0,0.0,0.0,0.0,0.0,0.0,1.0,0.0,0.0,0.0,1.0,0.0
3563,0.38271604938271603,1.0,0.0,0.0,0.5555555555555556,0.25,0.8349212200216181,0.05263157894736842,1.0,0.0,1.0,0.4844115354637566,0.6150627615062758,0.9825436408977557,1.0,1.0,0.0,0.0,0.0,0.0,0.0,0.0,0.0,0.0,0.0,0.0,0.0,1.0,0.0,0.0,0.0,0.0,0.0,0.0,0.0,1.0,0.0,1.0,1.0,0.0
3564,0.3703703703703703,1.0,0.0,0.0,0.5555555555555556,0.25,0.5140006512933829,0.02631578947368421,1.0,0.0,1.0,0.4844115354637566,0.6150627615062758,0.9825436408977557,1.0,0.0,1.0,0.0,0.0,0.0,0.0,0.0,0.0,0.0,0.0,0.0,0.0,1.0,0.0,0.0,1.0,0.0,0.0,0.0,0.0,0.0,0.0,1.0,1.0,0.0
3565,0.38271604938271603,1.0,0.0,0.0,0.5555555555555556,0.25,0.8122413889835199,0.02631578947368421,1.0,0.0,1.0,0.4844115354637566,0.6150627615062758,0.9825436408977557,1.0,0.0,1.0,0.0,0.0,0.0,0.0,0.0,0.0,0.0,0.0,0.0,0.0,1.0,0.0,0.0,0.0,0.0,0.0,0.0,1.0,0.0,0.0,0.0,1.0,0.0
3566,0.4938271604938272,0.0,0.0,0.0,0.5555555555555556,0.5,0.5591892927228724,0.05263157894736842,1.0,0.0,1.0,0.4844115354637566,0.6150627615062758,0.9823169349353889,1.0,0.0,0.0,0.0,0.0,0.0,1.0,0.0,0.0,0.0,0.0,0.0,0.0,1.0,0.0,0.0,0.0,0.0,1.0,0.0,0.0,0.0,0.0,0.0,1.0,0.0
3567,0.38271604938271603,1.0,0.0,0.0,0.5555555555555556,0.5,0.5140006512933829,0.05263157894736842,1.0,0.0,1.0,0.4844115354637566,0.6150627615062758,0.9823169349353889,1.0,0.0,0.0,0.0,0.0,0.0,0.0,0.0,0.0,0.0,1.0,0.0,0.0,0.0,0.0,0.0,0.0,0.0,0.0,0.0,1.0,0.0,0.0,0.0,1.0,0.0
3568,0.34567901234567905,1.0,0.0,0.0,0.5555555555555556,0.5,0.6767047422935657,0.10526315789473684,1.0,0.0,1.0,0.4844115354637566,0.6150627615062758,0.9823169349353889,1.0,0.0,0.0,0.0,0.0,0.0,0.0,0.0,0.0,0.0,0.0,0.0,0.0,1.0,0.0,0.0,0.0,0.0,0.0,0.0,0.0,1.0,0.0,0.0,1.0,0.0
3569,0.35802469135802467,1.0,0.0,0.0,0.5555555555555556,0.5,0.8485927132781892,0.05263157894736842,1.0,0.0,1.0,0.4844115354637566,0.6150627615062758,0.9823169349353889,1.0,1.0,1.0,0.0,0.0,0.0,0.0,0.0,0.0,0.0,0.0,0.0,0.0,1.0,0.0,0.0,0.0,0.0,0.0,0.0,0.0,0.0,0.0,1.0,1.0,0.0
3570,0.20987654320987653,1.0,1.0,0.0,0.5555555555555556,0.5,0.7202203568701819,0.05263157894736842,1.0,0.0,1.0,0.4844115354637566,0.6150627615062758,0.9823169349353889,1.0,1.0,0.0,0.0,0.0,0.0,0.0,0.0,0.0,0.0,1.0,0.0,0.0,0.0,1.0,0.0,0.0,0.0,0.0,0.0,0.0,1.0,0.0,0.0,1.0,0.0
3571,0.2345679012345679,1.0,0.0,0.0,0.5555555555555556,0.5,0.6267455095549759,0.02631578947368421,1.0,0.0,1.0,0.4844115354637566,0.6150627615062758,0.9823169349353889,1.0,0.0,0.0,0.0,0.0,0.0,0.0,0.0,0.0,0.0,1.0,0.0,0.0,1.0,0.0,0.0,0.0,0.0,1.0,0.0,0.0,0.0,0.0,0.0,1.0,0.0
3572,0.4444444444444445,1.0,0.0,0.0,0.5555555555555556,0.5,0.7068476372990588,0.0,1.0,0.0,1.0,0.4844115354637566,0.6150627615062758,0.9823169349353889,1.0,1.0,0.0,0.0,0.0,0.0,0.0,0.0,1.0,0.0,0.0,0.0,0.0,1.0,0.0,0.0,0.0,0.0,1.0,0.0,0.0,0.0,0.0,0.0,1.0,0.0
3573,0.24691358024691357,0.0,0.0,0.0,0.5555555555555556,0.5,0.800592189926999,0.02631578947368421,1.0,0.0,1.0,0.4844115354637566,0.6150627615062758,0.9823169349353889,1.0,1.0,0.0,0.0,0.0,1.0,0.0,0.0,0.0,0.0,0.0,0.0,0.0,1.0,0.0,0.0,0.0,0.0,0.0,0.0,0.0,1.0,0.0,0.0,1.0,0.0
3574,0.25925925925925924,0.0,1.0,0.0,0.5555555555555556,0.5,0.5641535377316825,0.0,1.0,0.0,1.0,0.4844115354637566,0.6150627615062758,0.9823169349353889,1.0,0.0,0.0,0.0,0.0,0.0,0.0,0.0,0.0,0.0,1.0,0.0,0.0,1.0,0.0,0.0,0.0,0.0,0.0,0.0,1.0,0.0,0.0,0.0,1.0,0.0
3575,0.3333333333333333,1.0,0.0,0.0,0.5555555555555556,0.5,0.5821481094717212,0.02631578947368421,1.0,0.0,1.0,0.4844115354637566,0.6150627615062758,0.9823169349353889,1.0,0.0,1.0,0.0,0.0,0.0,0.0,0.0,0.0,0.0,0.0,0.0,0.0,1.0,0.0,0.0,0.0,0.0,0.0,0.0,0.0,0.0,1.0,0.0,1.0,0.0
3576,0.25925925925925924,0.0,0.0,0.0,0.5555555555555556,0.5,0.8000699464522179,0.0,1.0,0.0,1.0,0.4844115354637566,0.6150627615062758,0.9823169349353889,1.0,0.0,0.0,0.0,0.0,0.0,0.0,0.0,0.0,0.0,0.0,0.0,0.0,1.0,0.0,0.0,0.0,0.0,0.0,0.0,0.0,1.0,0.0,0.0,1.0,0.0
3577,0.419753086419753,0.5,0.5,0.0,0.5555555555555556,0.5,0.7597275893881983,0.0,1.0,0.0,1.0,0.4844115354637566,0.6150627615062758,0.9823169349353889,1.0,1.0,0.0,0.0,0.0,0.0,0.0,0.0,0.0,0.0,1.0,0.0,0.0,1.0,0.0,0.0,0.0,0.0,1.0,0.0,0.0,0.0,0.0,1.0,1.0,0.0
3578,0.35802469135802467,0.0,0.0,0.0,0.5555555555555556,0.5,0.6172344610818086,0.0,1.0,0.0,1.0,0.4844115354637566,0.6150627615062758,0.9823169349353889,1.0,0.0,1.0,0.0,0.0,0.0,0.0,0.0,0.0,0.0,0.0,0.0,0.0,1.0,0.0,0.0,0.0,1.0,0.0,0.0,0.0,0.0,0.0,1.0,1.0,0.0
3579,0.38271604938271603,1.0,1.0,0.0,0.5555555555555556,0.5,0.6178519698461769,0.0,1.0,0.0,1.0,0.4844115354637566,0.6150627615062758,0.9823169349353889,1.0,0.0,0.0,0.0,0.0,0.0,0.0,0.0,1.0,0.0,0.0,0.0,0.0,1.0,0.0,0.0,0.0,0.0,1.0,0.0,0.0,0.0,0.0,1.0,1.0,0.0
3580,0.39506172839506176,1.0,0.0,0.0,0.5555555555555556,0.5,0.6755790384927881,0.0,1.0,0.0,1.0,0.4844115354637566,0.6150627615062758,0.9823169349353889,1.0,0.0,0.0,0.0,1.0,0.0,0.0,0.0,0.0,0.0,0.0,0.0,0.0,1.0,0.0,0.0,0.0,0.0,0.0,0.0,0.0,0.0,0.0,1.0,1.0,0.0
3581,0.39506172839506176,1.0,0.0,0.0,0.5555555555555556,0.5,0.7315259546695282,0.0,1.0,0.0,1.0,0.4844115354637566,0.6150627615062758,0.9823169349353889,1.0,1.0,0.0,0.0,1.0,0.0,0.0,0.0,0.0,0.0,0.0,0.0,0.0,1.0,0.0,0.0,0.0,0.0,0.0,0.0,0.0,0.0,0.0,1.0,1.0,0.0
3582,0.16049382716049382,1.0,0.0,0.0,0.5555555555555556,0.5,0.6128186823313415,0.0,1.0,0.0,1.0,0.4844115354637566,0.6150627615062758,0.9823169349353889,1.0,0.0,0.0,0.0,0.0,0.0,0.0,0.0,0.0,0.0,0.0,0.0,0.0,0.0,1.0,0.0,0.0,0.0,0.0,0.0,0.0,1.0,0.0,0.0,1.0,0.0
3583,0.18518518518518517,0.0,0.0,0.0,0.5555555555555556,0.5,0.7741144686236345,0.0,1.0,0.0,1.0,0.4844115354637566,0.6150627615062758,0.9823169349353889,1.0,1.0,0.0,0.0,0.0,0.0,0.0,0.0,0.0,0.0,1.0,0.0,0.0,0.0,1.0,0.0,0.0,0.0,0.0,0.0,1.0,0.0,0.0,0.0,1.0,0.0
3584,0.18518518518518517,1.0,1.0,0.0,0.5555555555555556,0.5,0.8069318246032705,0.0,1.0,0.0,1.0,0.4844115354637566,0.6150627615062758,0.9823169349353889,1.0,1.0,0.0,0.0,0.0,0.0,0.0,0.0,0.0,0.0,1.0,0.0,0.0,0.0,1.0,0.0,0.0,0.0,0.0,0.0,1.0,0.0,0.0,0.0,1.0,0.0
3585,0.19753086419753085,1.0,1.0,0.0,0.5555555555555556,0.5,0.5452070373544604,0.0,1.0,0.0,1.0,0.4844115354637566,0.6150627615062758,0.9823169349353889,1.0,0.0,0.0,0.0,0.0,0.0,0.0,0.0,0.0,0.0,0.0,0.0,0.0,0.0,1.0,0.0,0.0,0.0,0.0,0.0,0.0,1.0,0.0,0.0,1.0,0.0
3586,0.39506172839506176,1.0,0.0,0.0,0.5555555555555556,0.5,0.7042171765284851,0.02631578947368421,1.0,0.0,1.0,0.4844115354637566,0.6150627615062758,0.9823169349353889,1.0,1.0,0.0,0.0,0.0,0.0,0.0,0.0,0.0,0.0,0.0,1.0,0.0,1.0,0.0,0.0,0.0,0.0,0.0,0.0,1.0,0.0,0.0,1.0,1.0,0.0
3587,0.18518518518518517,0.0,0.0,0.0,0.5555555555555556,0.5,0.6301228271521957,0.02631578947368421,1.0,0.0,1.0,0.4844115354637566,0.6150627615062758,0.9823169349353889,1.0,0.0,0.0,0.0,0.0,0.0,0.0,0.0,0.0,0.0,1.0,0.0,0.0,1.0,0.0,0.0,0.0,0.0,1.0,0.0,0.0,0.0,0.0,1.0,1.0,0.0
3588,0.35802469135802467,0.0,0.0,0.0,0.5555555555555556,0.5,0.5743891340707834,0.02631578947368421,1.0,0.0,1.0,0.4844115354637566,0.6150627615062758,0.9823169349353889,1.0,0.0,1.0,0.0,0.0,0.0,0.0,0.0,0.0,0.0,0.0,0.0,0.0,1.0,0.0,0.0,0.0,0.0,0.0,0.0,0.0,0.0,0.0,0.0,1.0,0.0
3589,0.14814814814814814,1.0,1.0,0.0,0.5555555555555556,0.5,0.6376454449299462,0.0,1.0,0.0,1.0,0.4844115354637566,0.6150627615062758,0.9823169349353889,1.0,0.0,0.0,0.0,0.0,0.0,0.0,0.0,0.0,0.0,1.0,0.0,0.0,0.0,1.0,0.0,0.0,0.0,0.0,0.0,0.0,1.0,0.0,0.0,1.0,0.0
3590,0.24691358024691357,1.0,1.0,0.0,0.5555555555555556,0.5,0.7809289142472077,0.0,1.0,0.0,1.0,0.4844115354637566,0.6150627615062758,0.9823169349353889,1.0,1.0,0.0,0.0,0.0,0.0,0.0,0.0,0.0,0.0,1.0,0.0,0.0,0.0,1.0,0.0,0.0,0.0,1.0,0.0,0.0,0.0,0.0,0.0,1.0,0.0
3591,0.1728395061728395,1.0,1.0,0.0,0.5555555555555556,0.5,0.7619196121209837,0.02631578947368421,1.0,0.0,1.0,0.4844115354637566,0.6150627615062758,0.9823169349353889,1.0,1.0,0.0,0.0,0.0,1.0,0.0,0.0,0.0,0.0,0.0,0.0,0.0,1.0,0.0,0.0,0.0,0.0,0.0,0.0,0.0,1.0,0.0,0.0,1.0,0.0
3592,0.30864197530864196,1.0,0.0,0.0,0.5555555555555556,0.5,0.5707693054036078,0.0,1.0,0.0,1.0,0.4844115354637566,0.6150627615062758,0.9823169349353889,1.0,0.0,0.0,0.0,0.0,0.0,0.0,0.0,0.0,0.0,0.0,0.0,0.0,1.0,0.0,0.0,0.0,0.0,0.0,0.0,0.0,1.0,0.0,0.0,1.0,0.0
3593,0.1728395061728395,1.0,0.0,0.0,0.5555555555555556,0.5,0.697528105269356,0.0,1.0,0.0,1.0,0.4844115354637566,0.6150627615062758,0.9823169349353889,1.0,0.0,0.0,0.0,0.0,0.0,0.0,0.0,0.0,0.0,0.0,0.0,0.0,0.0,1.0,0.0,0.0,0.0,0.0,0.0,0.0,1.0,0.0,0.0,1.0,0.0
3594,0.1728395061728395,1.0,0.0,0.0,0.5555555555555556,0.5,0.7418396360758742,0.0,1.0,0.0,1.0,0.4844115354637566,0.6150627615062758,0.9823169349353889,1.0,1.0,0.0,0.0,0.0,0.0,0.0,0.0,0.0,0.0,0.0,0.0,0.0,1.0,0.0,0.0,0.0,0.0,0.0,0.0,0.0,1.0,0.0,0.0,1.0,0.0
3595,0.1728395061728395,0.0,0.0,0.0,0.5555555555555556,0.5,0.6412337233355714,0.02631578947368421,1.0,0.0,1.0,0.4844115354637566,0.6150627615062758,0.9823169349353889,1.0,0.0,0.0,0.0,0.0,0.0,0.0,0.0,0.0,0.0,1.0,0.0,0.0,0.0,1.0,0.0,0.0,0.0,1.0,0.0,0.0,0.0,0.0,0.0,1.0,0.0
3596,0.35802469135802467,0.0,0.0,0.0,0.5555555555555556,0.5,0.8177727577471344,0.02631578947368421,1.0,0.0,1.0,0.4844115354637566,0.6150627615062758,0.9823169349353889,1.0,1.0,1.0,0.0,0.0,0.0,0.0,0.0,0.0,0.0,0.0,0.0,0.0,1.0,0.0,0.0,0.0,1.0,0.0,0.0,0.0,0.0,0.0,0.0,1.0,0.0
3597,0.43209876543209874,1.0,1.0,0.0,0.5555555555555556,0.5,0.5429003918915096,0.07894736842105263,1.0,0.0,1.0,0.4844115354637566,0.6150627615062758,0.9823169349353889,1.0,0.0,0.0,0.0,0.0,0.0,0.0,0.0,0.0,0.0,1.0,0.0,0.0,0.0,0.0,0.0,0.0,0.0,0.0,0.0,0.0,1.0,0.0,0.0,1.0,0.0
3598,0.419753086419753,0.0,0.0,0.0,0.5555555555555556,0.5,0.5779008918534767,0.0,1.0,0.0,1.0,0.4844115354637566,0.6150627615062758,0.9823169349353889,1.0,0.0,0.0,1.0,0.0,0.0,0.0,0.0,0.0,0.0,0.0,0.0,0.0,1.0,0.0,0.0,0.0,1.0,0.0,0.0,0.0,0.0,0.0,0.0,1.0,0.0
3599,0.38271604938271603,0.0,0.0,0.0,0.5555555555555556,0.5,0.6568154229344138,0.0,1.0,0.0,1.0,0.4844115354637566,0.6150627615062758,0.9823169349353889,1.0,0.0,0.0,0.0,0.0,0.0,0.0,0.0,0.0,0.0,0.0,0.0,0.0,1.0,0.0,0.0,0.0,0.0,0.0,0.0,1.0,0.0,0.0,0.0,1.0,0.0
3600,0.35802469135802467,0.0,0.0,0.0,0.5555555555555556,0.5,0.49105467050389934,0.02631578947368421,1.0,0.0,1.0,0.4844115354637566,0.6150627615062758,0.9823169349353889,1.0,0.0,1.0,0.0,0.0,0.0,0.0,0.0,0.0,0.0,0.0,0.0,0.0,1.0,0.0,0.0,0.0,0.0,1.0,0.0,0.0,0.0,0.0,0.0,1.0,0.0
3601,0.5185185185185184,0.0,0.0,0.0,0.5555555555555556,0.5,0.6677857821213365,0.02631578947368421,1.0,0.0,1.0,0.4844115354637566,0.6150627615062758,0.9823169349353889,1.0,0.0,0.0,0.0,1.0,0.0,0.0,0.0,0.0,0.0,0.0,0.0,0.0,1.0,0.0,0.0,0.0,0.0,0.0,0.0,0.0,0.0,0.0,1.0,1.0,0.0
3602,0.5308641975308641,1.0,0.0,0.0,0.5555555555555556,0.5,0.6013494476505862,0.0,1.0,0.0,1.0,0.4844115354637566,0.6150627615062758,0.9823169349353889,1.0,0.0,1.0,0.0,0.0,0.0,0.0,0.0,0.0,0.0,0.0,0.0,0.0,1.0,0.0,0.0,0.0,0.0,0.0,0.0,0.0,0.0,0.0,1.0,1.0,0.0
3603,0.43209876543209874,1.0,0.0,0.0,0.5555555555555556,0.5,0.56984667205054,0.0,1.0,0.0,1.0,0.4844115354637566,0.6150627615062758,0.9823169349353889,1.0,0.0,1.0,0.0,0.0,0.0,0.0,0.0,0.0,0.0,0.0,0.0,0.0,1.0,0.0,0.0,0.0,0.0,0.0,0.0,0.0,0.0,0.0,0.0,1.0,0.0
3604,0.24691358024691357,0.0,0.0,0.0,0.5555555555555556,0.5,0.8122413889835199,0.0,1.0,0.0,1.0,0.4844115354637566,0.6150627615062758,0.9823169349353889,1.0,1.0,0.0,0.0,0.0,0.0,0.0,0.0,0.0,0.0,0.0,0.0,0.0,1.0,0.0,0.0,0.0,0.0,0.0,0.0,0.0,1.0,0.0,0.0,1.0,0.0
3605,0.3333333333333333,1.0,0.0,0.0,0.5555555555555556,0.5,0.8643764700460218,0.05263157894736842,1.0,0.0,1.0,0.4844115354637566,0.6150627615062758,0.9823169349353889,1.0,1.0,0.0,0.0,0.0,0.0,0.0,0.0,0.0,0.0,1.0,0.0,0.0,0.0,0.0,0.0,0.0,0.0,0.0,0.0,1.0,0.0,0.0,0.0,1.0,0.0
3606,0.38271604938271603,1.0,1.0,0.0,0.5555555555555556,0.5,0.7776502174225604,0.0,1.0,0.0,1.0,0.4844115354637566,0.6150627615062758,0.9823169349353889,1.0,1.0,1.0,0.0,0.0,0.0,0.0,0.0,0.0,0.0,0.0,0.0,0.0,1.0,0.0,0.0,0.0,0.0,0.0,0.0,0.0,0.0,1.0,0.0,1.0,0.0
3607,0.20987654320987653,0.0,0.0,0.0,0.5555555555555556,0.5,0.6476204981957939,0.05263157894736842,1.0,0.0,1.0,0.4844115354637566,0.6150627615062758,0.9823169349353889,1.0,0.0,0.0,0.0,0.0,0.0,0.0,0.0,0.0,0.0,0.0,0.0,1.0,1.0,0.0,0.0,0.0,0.0,0.0,0.0,0.0,0.0,1.0,1.0,1.0,0.0
3608,0.24691358024691357,0.0,1.0,0.0,0.5555555555555556,0.5,0.6082306576679029,0.0,1.0,0.0,1.0,0.4844115354637566,0.6150627615062758,0.9823169349353889,1.0,0.0,0.0,0.0,0.0,0.0,0.0,0.0,0.0,0.0,1.0,0.0,0.0,0.0,1.0,0.0,0.0,0.0,0.0,0.0,1.0,0.0,0.0,0.0,1.0,0.0
3609,0.16049382716049382,1.0,0.0,0.0,0.5555555555555556,0.5,0.5047088377203057,0.0,1.0,0.0,1.0,0.4844115354637566,0.6150627615062758,0.9823169349353889,1.0,0.0,0.0,0.0,0.0,0.0,0.0,0.0,0.0,0.0,0.0,0.0,0.0,0.0,1.0,0.0,0.0,0.0,0.0,0.0,0.0,1.0,0.0,0.0,1.0,0.0
3610,0.24691358024691357,0.0,0.0,0.0,0.5555555555555556,0.5,0.7771742822508172,0.0,1.0,0.0,1.0,0.4844115354637566,0.6150627615062758,0.9823169349353889,1.0,1.0,0.0,0.0,0.0,0.0,0.0,0.0,0.0,0.0,0.0,0.0,0.0,1.0,0.0,0.0,0.0,0.0,0.0,0.0,0.0,1.0,0.0,1.0,1.0,0.0
3611,0.30864197530864196,0.0,0.0,0.0,0.5555555555555556,0.5,0.3636152410663567,0.10526315789473684,1.0,0.0,1.0,0.4844115354637566,0.6150627615062758,0.9823169349353889,1.0,0.0,0.0,0.0,0.0,0.0,0.0,0.0,0.0,0.0,0.0,0.0,0.0,1.0,0.0,0.0,0.0,0.0,0.0,0.0,0.0,1.0,0.0,0.0,1.0,0.0
3612,0.5061728395061729,1.0,0.0,0.0,0.5555555555555556,0.5,0.7068476372990588,0.05263157894736842,1.0,0.0,1.0,0.4844115354637566,0.6150627615062758,0.9823169349353889,1.0,0.0,0.0,0.0,0.0,0.0,1.0,0.0,0.0,0.0,0.0,0.0,0.0,1.0,0.0,0.0,0.0,0.0,0.0,0.0,1.0,0.0,0.0,0.0,1.0,0.0
3613,0.18518518518518517,1.0,0.0,0.0,0.5555555555555556,0.5,0.5707693054036078,0.05263157894736842,1.0,0.0,1.0,0.4844115354637566,0.6150627615062758,0.9823169349353889,1.0,0.0,0.0,0.0,0.0,0.0,0.0,0.0,0.0,0.0,1.0,0.0,0.0,0.0,1.0,0.0,0.0,0.0,0.0,0.0,0.0,1.0,0.0,0.0,1.0,0.0
3614,0.4938271604938272,0.0,0.0,0.0,0.5555555555555556,0.5,0.7144035016000657,0.05263157894736842,1.0,0.0,1.0,0.4844115354637566,0.6150627615062758,0.9823169349353889,1.0,0.0,1.0,0.0,0.0,0.0,0.0,0.0,0.0,0.0,0.0,0.0,0.0,1.0,0.0,0.0,1.0,0.0,0.0,0.0,0.0,0.0,0.0,0.0,1.0,0.0
3615,0.4567901234567901,0.0,0.0,0.0,0.5555555555555556,0.5,0.7409778362545074,0.07894736842105263,1.0,0.0,1.0,0.4844115354637566,0.6150627615062758,0.9823169349353889,1.0,0.0,0.0,0.0,0.0,0.0,1.0,0.0,0.0,0.0,0.0,0.0,0.0,1.0,0.0,0.0,0.0,0.0,1.0,0.0,0.0,0.0,0.0,0.0,1.0,0.0
3616,0.30864197530864196,1.0,0.0,0.0,0.5555555555555556,0.5,0.7682607660080375,0.02631578947368421,1.0,0.0,1.0,0.4844115354637566,0.6150627615062758,0.9823169349353889,1.0,0.0,0.0,0.0,0.0,0.0,0.0,0.0,0.0,0.0,1.0,0.0,0.0,1.0,0.0,0.0,0.0,0.0,0.0,0.0,1.0,0.0,0.0,0.0,1.0,0.0
3617,0.19753086419753085,1.0,1.0,0.0,0.5555555555555556,0.5,0.45038280300177924,0.07894736842105263,1.0,0.0,1.0,0.4844115354637566,0.6150627615062758,0.9823169349353889,1.0,0.0,0.0,0.0,0.0,0.0,0.0,0.0,0.0,0.0,1.0,0.0,0.0,1.0,0.0,0.0,0.0,0.0,1.0,0.0,0.0,0.0,0.0,0.0,1.0,0.0
3618,0.2222222222222222,0.5,0.5,0.0,0.5555555555555556,0.5,0.6386818846696665,0.05263157894736842,1.0,0.0,1.0,0.4844115354637566,0.6150627615062758,0.9823169349353889,1.0,0.0,0.0,0.0,0.0,0.0,0.0,1.0,0.0,0.0,0.0,0.0,0.0,1.0,0.0,0.0,0.0,0.0,0.0,0.0,0.0,0.0,0.0,1.0,1.0,0.0
3619,0.1728395061728395,0.0,1.0,0.0,0.5555555555555556,0.5,0.5169416832156455,0.02631578947368421,1.0,0.0,1.0,0.4844115354637566,0.6150627615062758,0.9823169349353889,1.0,0.0,0.0,0.0,0.0,0.0,0.0,0.0,1.0,0.0,0.0,0.0,0.0,1.0,0.0,0.0,0.0,0.0,0.0,0.0,1.0,0.0,0.0,1.0,1.0,0.0
3620,0.43209876543209874,1.0,1.0,0.0,0.5555555555555556,0.5,0.8389384203631958,0.07894736842105263,1.0,0.0,1.0,0.4844115354637566,0.6150627615062758,0.9823169349353889,1.0,1.0,1.0,0.0,0.0,0.0,0.0,0.0,0.0,0.0,0.0,0.0,0.0,1.0,0.0,0.0,0.0,0.0,0.0,0.0,0.0,0.0,0.0,1.0,1.0,0.0
3621,0.3209876543209876,0.0,1.0,0.0,0.5555555555555556,0.5,0.8580751640043562,0.15789473684210525,1.0,0.0,1.0,0.4844115354637566,0.6150627615062758,0.9823169349353889,1.0,1.0,0.0,0.0,0.0,0.0,0.0,0.0,0.0,0.0,0.0,0.0,0.0,0.0,1.0,0.0,0.0,0.0,0.0,0.0,0.0,1.0,0.0,0.0,1.0,0.0
3622,0.35802469135802467,1.0,1.0,0.0,0.5555555555555556,0.5,0.856870286798186,0.05263157894736842,1.0,0.0,1.0,0.4844115354637566,0.6150627615062758,0.9823169349353889,1.0,1.0,0.0,0.0,0.0,1.0,0.0,0.0,0.0,0.0,0.0,0.0,0.0,1.0,0.0,0.0,0.0,0.0,1.0,0.0,0.0,0.0,0.0,0.0,1.0,0.0
3623,0.16049382716049382,1.0,1.0,0.0,0.5555555555555556,0.75,0.8424584748732955,0.05263157894736842,1.0,0.0,1.0,0.4844115354637566,0.6150627615062758,0.9825436408977557,1.0,1.0,0.0,0.0,0.0,0.0,0.0,0.0,0.0,0.0,1.0,0.0,0.0,0.0,1.0,0.0,0.0,0.0,0.0,0.0,0.0,1.0,0.0,0.0,1.0,0.0
3624,0.19753086419753085,1.0,0.0,0.0,0.5555555555555556,0.75,0.481638834621511,0.0,1.0,0.0,1.0,0.4844115354637566,0.6150627615062758,0.9825436408977557,1.0,0.0,0.0,0.0,0.0,0.0,0.0,0.0,0.0,0.0,0.0,0.0,0.0,1.0,0.0,0.0,0.0,0.0,0.0,0.0,0.0,1.0,0.0,1.0,1.0,0.0
3625,0.2716049382716049,0.0,0.0,0.0,0.5555555555555556,0.75,0.5660820259952785,0.0,1.0,0.0,1.0,0.4844115354637566,0.6150627615062758,0.9825436408977557,1.0,0.0,0.0,0.0,0.0,0.0,0.0,0.0,0.0,0.0,1.0,0.0,0.0,0.0,1.0,0.0,0.0,0.0,0.0,0.0,1.0,0.0,0.0,0.0,1.0,0.0
3626,0.2716049382716049,1.0,0.0,0.0,0.5555555555555556,0.75,0.5319212752022946,0.0,1.0,0.0,1.0,0.4844115354637566,0.6150627615062758,0.9825436408977557,1.0,0.0,0.0,0.0,0.0,0.0,0.0,0.0,0.0,0.0,1.0,0.0,0.0,0.0,1.0,0.0,0.0,0.0,0.0,0.0,1.0,0.0,0.0,0.0,1.0,0.0
3627,0.18518518518518517,1.0,0.0,0.0,0.5555555555555556,0.75,0.6781891171876829,0.0,1.0,0.0,1.0,0.4844115354637566,0.6150627615062758,0.9825436408977557,1.0,0.0,0.0,0.0,0.0,0.0,0.0,0.0,0.0,0.0,1.0,0.0,0.0,1.0,0.0,0.0,0.0,0.0,0.0,0.0,0.0,1.0,0.0,0.0,1.0,0.0
3628,0.16049382716049382,0.0,0.0,0.0,0.5555555555555556,0.75,0.4648051454883613,0.0,1.0,0.0,1.0,0.4844115354637566,0.6150627615062758,0.9825436408977557,1.0,0.0,0.0,0.0,0.0,0.0,0.0,0.0,0.0,0.0,1.0,0.0,0.0,1.0,0.0,0.0,0.0,0.0,1.0,0.0,0.0,0.0,0.0,0.0,1.0,0.0
3629,0.25925925925925924,0.0,0.0,0.0,0.5555555555555556,0.75,0.7036245548746948,0.0,1.0,0.0,1.0,0.4844115354637566,0.6150627615062758,0.9825436408977557,1.0,1.0,0.0,0.0,0.0,0.0,0.0,0.0,0.0,0.0,0.0,0.0,0.0,1.0,0.0,0.0,0.0,0.0,0.0,0.0,0.0,1.0,0.0,0.0,1.0,0.0
3630,0.38271604938271603,0.0,0.0,0.0,0.5555555555555556,0.75,0.7644263920516169,0.02631578947368421,1.0,0.0,1.0,0.4844115354637566,0.6150627615062758,0.9825436408977557,1.0,1.0,0.0,0.0,0.0,0.0,0.0,0.0,0.0,0.0,0.0,0.0,0.0,1.0,0.0,0.0,0.0,0.0,1.0,0.0,0.0,0.0,0.0,0.0,1.0,0.0
3631,0.3333333333333333,0.0,0.0,0.0,0.5555555555555556,0.75,0.819115894882711,0.0,1.0,0.0,1.0,0.4844115354637566,0.6150627615062758,0.9825436408977557,1.0,1.0,1.0,0.0,0.0,0.0,0.0,0.0,0.0,0.0,0.0,0.0,0.0,1.0,0.0,0.0,0.0,1.0,0.0,0.0,0.0,0.0,0.0,0.0,1.0,0.0
3632,0.35802469135802467,0.0,0.0,0.0,0.5555555555555556,0.75,0.5716847586578249,0.0,1.0,0.0,1.0,0.4844115354637566,0.6150627615062758,0.9825436408977557,1.0,0.0,0.0,0.0,0.0,0.0,0.0,0.0,0.0,0.0,1.0,0.0,0.0,0.0,1.0,0.0,0.0,0.0,0.0,0.0,1.0,0.0,0.0,0.0,1.0,0.0
3633,0.2222222222222222,0.0,0.0,0.0,0.5555555555555556,0.75,0.5932840675469451,0.0,1.0,0.0,1.0,0.4844115354637566,0.6150627615062758,0.9825436408977557,1.0,0.0,0.0,0.0,0.0,0.0,0.0,0.0,0.0,0.0,1.0,0.0,0.0,1.0,0.0,0.0,0.0,0.0,0.0,0.0,1.0,0.0,0.0,0.0,1.0,0.0
3634,0.29629629629629634,1.0,0.0,0.0,0.5555555555555556,0.75,0.7458491144848195,0.05263157894736842,1.0,0.0,1.0,0.4844115354637566,0.6150627615062758,0.9825436408977557,1.0,1.0,0.0,0.0,0.0,0.0,0.0,0.0,0.0,0.0,0.0,0.0,0.0,0.0,1.0,0.0,0.0,0.0,0.0,0.0,0.0,1.0,0.0,1.0,1.0,0.0
3635,0.48148148148148145,1.0,0.0,0.0,0.5555555555555556,0.75,0.7663592012448719,0.0,1.0,0.0,1.0,0.4844115354637566,0.6150627615062758,0.9825436408977557,1.0,1.0,0.0,0.0,0.0,0.0,1.0,0.0,0.0,0.0,0.0,0.0,0.0,1.0,0.0,0.0,0.0,0.0,1.0,0.0,0.0,0.0,0.0,1.0,1.0,0.0
3636,0.18518518518518517,1.0,1.0,0.0,0.5555555555555556,0.75,0.8459648642521324,0.10526315789473684,1.0,0.0,1.0,0.4844115354637566,0.6150627615062758,0.9825436408977557,1.0,1.0,0.0,0.0,0.0,0.0,0.0,0.0,0.0,0.0,0.0,0.0,0.0,0.0,1.0,0.0,0.0,0.0,0.0,0.0,0.0,1.0,0.0,0.0,1.0,0.0
3637,0.5185185185185184,0.0,0.0,0.0,0.5555555555555556,0.75,0.5030862582093689,0.0,1.0,0.0,1.0,0.4844115354637566,0.6150627615062758,0.9825436408977557,1.0,0.0,0.0,0.0,0.0,0.0,1.0,0.0,0.0,0.0,0.0,0.0,0.0,1.0,0.0,0.0,0.0,0.0,0.0,0.0,1.0,0.0,0.0,0.0,1.0,0.0
3638,0.20987654320987653,1.0,1.0,0.0,0.5555555555555556,0.75,0.7372430733823068,0.0,1.0,0.0,1.0,0.4844115354637566,0.6150627615062758,0.9825436408977557,1.0,1.0,0.0,0.0,0.0,0.0,0.0,0.0,0.0,0.0,1.0,0.0,0.0,0.0,0.0,0.0,0.0,0.0,0.0,0.0,0.0,1.0,0.0,0.0,1.0,0.0
3639,0.19753086419753085,0.0,1.0,0.0,0.5555555555555556,0.75,0.7053935378264148,0.02631578947368421,1.0,0.0,1.0,0.4844115354637566,0.6150627615062758,0.9825436408977557,1.0,1.0,0.0,0.0,0.0,0.0,0.0,0.0,0.0,0.0,1.0,0.0,0.0,1.0,0.0,0.0,0.0,0.0,1.0,0.0,0.0,0.0,0.0,0.0,1.0,0.0
3640,0.1728395061728395,1.0,0.0,0.0,0.5555555555555556,0.75,0.49636241965296135,0.0,1.0,0.0,1.0,0.4844115354637566,0.6150627615062758,0.9825436408977557,1.0,0.0,0.0,0.0,0.0,0.0,0.0,0.0,0.0,0.0,0.0,0.0,0.0,0.0,1.0,0.0,0.0,0.0,0.0,0.0,0.0,1.0,0.0,1.0,1.0,0.0
3641,0.43209876543209874,1.0,1.0,0.0,0.5555555555555556,0.75,0.5621929065211045,0.0,1.0,0.0,1.0,0.4844115354637566,0.6150627615062758,0.9825436408977557,1.0,0.0,0.0,0.0,0.0,1.0,0.0,0.0,0.0,0.0,0.0,0.0,0.0,1.0,0.0,0.0,0.0,0.0,0.0,0.0,0.0,1.0,0.0,1.0,1.0,0.0
3642,0.4691358024691357,1.0,0.0,0.0,0.5555555555555556,0.75,0.5429003918915096,0.0,1.0,0.0,1.0,0.4844115354637566,0.6150627615062758,0.9825436408977557,1.0,0.0,1.0,0.0,0.0,0.0,0.0,0.0,0.0,0.0,0.0,0.0,0.0,1.0,0.0,0.0,0.0,0.0,0.0,0.0,0.0,0.0,0.0,0.0,1.0,0.0
3643,0.29629629629629634,1.0,0.0,0.0,0.5555555555555556,0.75,0.6397092724183482,0.0,1.0,0.0,1.0,0.4844115354637566,0.6150627615062758,0.9825436408977557,1.0,0.0,0.0,0.0,0.0,0.0,0.0,0.0,0.0,0.0,0.0,1.0,0.0,0.0,0.0,0.0,0.0,0.0,0.0,0.0,0.0,1.0,0.0,1.0,1.0,0.0
3644,0.16049382716049382,1.0,0.0,0.0,0.5555555555555556,0.75,0.5463436176888766,0.02631578947368421,1.0,0.0,1.0,0.4844115354637566,0.6150627615062758,0.9825436408977557,1.0,0.0,0.0,0.0,0.0,0.0,0.0,0.0,0.0,0.0,1.0,0.0,0.0,0.0,1.0,0.0,0.0,0.0,0.0,0.0,0.0,1.0,0.0,1.0,1.0,0.0
3645,0.2345679012345679,0.0,0.0,0.0,0.5555555555555556,0.75,0.5306356323565045,0.0,1.0,0.0,1.0,0.4844115354637566,0.6150627615062758,0.9825436408977557,1.0,0.0,0.0,0.0,0.0,0.0,0.0,0.0,0.0,0.0,0.0,0.0,0.0,1.0,0.0,0.0,0.0,0.0,0.0,0.0,0.0,1.0,0.0,1.0,1.0,0.0
3646,0.25925925925925924,0.0,0.0,0.0,0.5555555555555556,0.75,0.6407277649233879,0.0,1.0,0.0,1.0,0.4844115354637566,0.6150627615062758,0.9825436408977557,1.0,0.0,0.0,0.0,1.0,0.0,0.0,0.0,0.0,0.0,0.0,0.0,0.0,1.0,0.0,0.0,0.0,0.0,0.0,0.0,0.0,0.0,0.0,0.0,1.0,0.0
3647,0.14814814814814814,1.0,1.0,0.0,0.5555555555555556,0.75,0.5417298832341686,0.05263157894736842,1.0,0.0,1.0,0.4844115354637566,0.6150627615062758,0.9825436408977557,1.0,0.0,0.0,0.0,0.0,0.0,0.0,0.0,1.0,0.0,0.0,0.0,0.0,0.0,1.0,0.0,0.0,0.0,0.0,0.0,1.0,0.0,0.0,0.0,1.0,0.0
3648,0.14814814814814814,1.0,0.0,0.0,0.5555555555555556,0.75,0.6391967001499177,0.05263157894736842,1.0,0.0,1.0,0.4844115354637566,0.6150627615062758,0.9825436408977557,1.0,0.0,0.0,0.0,0.0,0.0,0.0,0.0,0.0,0.0,0.0,0.0,0.0,0.0,1.0,0.0,0.0,0.0,0.0,0.0,0.0,1.0,0.0,0.0,1.0,0.0
3649,0.2716049382716049,0.0,0.0,0.0,0.5555555555555556,0.75,0.8454321758725092,0.13157894736842105,1.0,0.0,1.0,0.4844115354637566,0.6150627615062758,0.9825436408977557,1.0,1.0,0.0,0.0,0.0,1.0,0.0,0.0,0.0,0.0,0.0,0.0,0.0,1.0,0.0,0.0,0.0,0.0,0.0,0.0,0.0,1.0,0.0,0.0,1.0,0.0
3650,0.34567901234567905,1.0,1.0,0.0,0.5555555555555556,0.75,0.7860508437383251,0.0,1.0,0.0,1.0,0.4844115354637566,0.6150627615062758,0.9825436408977557,1.0,1.0,0.0,0.0,0.0,0.0,0.0,1.0,0.0,0.0,0.0,0.0,0.0,1.0,0.0,0.0,0.0,0.0,0.0,0.0,0.0,0.0,0.0,0.0,1.0,0.0
3651,0.34567901234567905,0.0,1.0,0.0,0.5555555555555556,0.75,0.6267455095549759,0.07894736842105263,1.0,0.0,1.0,0.4844115354637566,0.6150627615062758,0.9825436408977557,1.0,0.0,0.0,0.0,0.0,0.0,0.0,0.0,0.0,0.0,0.0,0.0,0.0,0.0,0.0,0.0,0.0,0.0,0.0,0.0,0.0,1.0,0.0,0.0,1.0,0.0
3652,0.3333333333333333,0.0,0.0,0.0,0.5555555555555556,0.75,0.5485843549516803,0.02631578947368421,1.0,0.0,1.0,0.4844115354637566,0.6150627615062758,0.9825436408977557,1.0,0.0,0.0,0.0,0.0,0.0,0.0,0.0,0.0,0.0,0.0,1.0,0.0,1.0,0.0,0.0,0.0,0.0,0.0,0.0,1.0,0.0,0.0,1.0,1.0,0.0
3653,0.18518518518518517,0.0,0.0,0.0,0.5555555555555556,0.75,0.5970188304191458,0.02631578947368421,1.0,0.0,1.0,0.4844115354637566,0.6150627615062758,0.9825436408977557,1.0,0.0,0.0,0.0,0.0,0.0,0.0,0.0,0.0,0.0,0.0,0.0,0.0,0.0,1.0,0.0,0.0,0.0,0.0,0.0,0.0,1.0,0.0,0.0,1.0,0.0
3654,0.24691358024691357,0.0,0.0,0.0,0.5555555555555556,0.75,0.56984667205054,0.0,1.0,0.0,1.0,0.4844115354637566,0.6150627615062758,0.9825436408977557,1.0,0.0,0.0,0.0,1.0,0.0,0.0,0.0,0.0,0.0,0.0,0.0,0.0,1.0,0.0,0.0,0.0,0.0,1.0,0.0,0.0,0.0,0.0,1.0,1.0,0.0
3655,0.4567901234567901,1.0,0.0,0.0,0.5555555555555556,0.75,0.7133142794709978,0.05263157894736842,1.0,0.0,1.0,0.4844115354637566,0.6150627615062758,0.9825436408977557,1.0,1.0,0.0,0.0,0.0,0.0,0.0,1.0,0.0,0.0,0.0,0.0,0.0,1.0,0.0,0.0,0.0,1.0,0.0,0.0,0.0,0.0,0.0,1.0,1.0,0.0
3656,0.4938271604938272,0.0,0.0,0.0,0.5555555555555556,0.75,0.5485843549516803,0.0,1.0,0.0,1.0,0.4844115354637566,0.6150627615062758,0.9825436408977557,1.0,0.0,0.0,0.0,0.0,0.0,0.0,0.0,0.0,0.0,0.0,0.0,0.0,0.0,1.0,0.0,0.0,0.0,0.0,0.0,0.0,1.0,0.0,0.0,1.0,0.0
3657,0.30864197530864196,1.0,0.0,0.0,0.5555555555555556,0.75,0.5992040663129156,0.10526315789473684,1.0,0.0,1.0,0.4844115354637566,0.6150627615062758,0.9825436408977557,1.0,0.0,0.0,0.0,0.0,0.0,0.0,0.0,0.0,0.0,0.0,0.0,0.0,1.0,0.0,0.0,0.0,0.0,0.0,0.0,0.0,1.0,0.0,0.0,1.0,0.0
3658,0.18518518518518517,0.0,0.0,0.0,0.5555555555555556,0.75,0.7971554130361953,0.0,1.0,0.0,1.0,0.4844115354637566,0.6150627615062758,0.9825436408977557,1.0,1.0,0.0,0.0,0.0,0.0,0.0,0.0,0.0,0.0,0.0,0.0,0.0,1.0,0.0,0.0,0.0,0.0,1.0,0.0,0.0,0.0,0.0,0.0,1.0,0.0
3659,0.38271604938271603,1.0,0.0,0.0,0.5555555555555556,0.75,0.7077115468084515,0.02631578947368421,1.0,0.0,1.0,0.4844115354637566,0.6150627615062758,0.9825436408977557,1.0,0.0,0.0,0.0,0.0,0.0,0.0,0.0,0.0,0.0,1.0,0.0,0.0,1.0,0.0,0.0,0.0,0.0,0.0,0.0,0.0,1.0,0.0,1.0,1.0,0.0
3660,0.38271604938271603,0.5,0.5,0.0,0.5555555555555556,0.75,0.7606459012295749,0.05263157894736842,1.0,0.0,1.0,0.4844115354637566,0.6150627615062758,0.9825436408977557,1.0,0.0,1.0,0.0,0.0,0.0,0.0,0.0,0.0,0.0,0.0,0.0,0.0,1.0,0.0,0.0,0.0,0.0,0.0,0.0,0.0,0.0,1.0,1.0,1.0,0.0
3661,0.20987654320987653,1.0,0.0,0.0,0.5555555555555556,0.75,0.8902466488783052,0.02631578947368421,1.0,0.0,1.0,0.4844115354637566,0.6150627615062758,0.9825436408977557,1.0,0.0,0.0,0.0,0.0,0.0,0.0,0.0,0.0,0.0,0.0,0.0,0.0,0.0,1.0,0.0,0.0,0.0,0.0,0.0,0.0,1.0,0.0,0.0,1.0,0.0
3662,0.38271604938271603,0.0,0.0,0.0,0.5555555555555556,0.75,0.5306356323565045,0.05263157894736842,1.0,0.0,1.0,0.4844115354637566,0.6150627615062758,0.9825436408977557,1.0,0.0,1.0,0.0,0.0,0.0,0.0,0.0,0.0,0.0,0.0,0.0,0.0,1.0,0.0,0.0,0.0,0.0,0.0,0.0,0.0,0.0,0.0,1.0,1.0,0.0
3663,0.18518518518518517,1.0,0.0,1.0,0.5555555555555556,0.75,0.6554811725306058,0.15789473684210525,1.0,0.0,1.0,0.4844115354637566,0.6150627615062758,0.9825436408977557,1.0,0.0,0.0,0.0,0.0,0.0,0.0,0.0,0.0,0.0,0.0,0.0,0.0,0.0,0.0,0.0,0.0,0.0,0.0,0.0,0.0,1.0,0.0,0.0,1.0,0.0
3664,0.34567901234567905,1.0,0.0,0.0,0.5555555555555556,0.75,0.7824586516622517,0.10526315789473684,1.0,0.0,1.0,0.4844115354637566,0.6150627615062758,0.9825436408977557,1.0,1.0,1.0,0.0,0.0,0.0,0.0,0.0,0.0,0.0,0.0,0.0,0.0,1.0,0.0,0.0,0.0,1.0,0.0,0.0,0.0,0.0,0.0,0.0,1.0,0.0
3665,0.16049382716049382,0.0,0.0,0.0,0.5555555555555556,0.75,0.846759401115351,0.07894736842105263,1.0,0.0,1.0,0.4844115354637566,0.6150627615062758,0.9825436408977557,1.0,1.0,0.0,0.0,0.0,0.0,0.0,0.0,0.0,0.0,0.0,0.0,0.0,0.0,1.0,0.0,0.0,0.0,0.0,0.0,0.0,1.0,0.0,0.0,1.0,0.0
3666,0.16049382716049382,1.0,0.0,0.0,0.5555555555555556,0.75,0.7194438844174483,0.10526315789473684,1.0,0.0,1.0,0.4844115354637566,0.6150627615062758,0.9825436408977557,1.0,1.0,0.0,0.0,0.0,0.0,0.0,0.0,0.0,0.0,1.0,0.0,0.0,0.0,1.0,0.0,0.0,0.0,0.0,0.0,1.0,0.0,0.0,0.0,1.0,0.0
3667,0.16049382716049382,0.0,1.0,0.0,0.5555555555555556,0.75,0.614731491134803,0.07894736842105263,1.0,0.0,1.0,0.4844115354637566,0.6150627615062758,0.9825436408977557,1.0,0.0,0.0,0.0,0.0,0.0,0.0,0.0,0.0,0.0,0.0,0.0,0.0,0.0,1.0,0.0,0.0,0.0,0.0,0.0,0.0,1.0,0.0,0.0,1.0,0.0
3668,0.3703703703703703,1.0,0.0,0.0,0.5555555555555556,1.0,0.5917563168597532,0.10526315789473684,1.0,0.0,1.0,0.4844115354637566,0.6150627615062758,0.9820902289730222,1.0,0.0,0.0,0.0,0.0,0.0,0.0,0.0,0.0,0.0,1.0,0.0,0.0,1.0,0.0,0.0,0.0,0.0,1.0,0.0,0.0,0.0,0.0,1.0,1.0,0.0
3669,0.419753086419753,1.0,0.0,0.0,0.5555555555555556,1.0,0.6075603701023119,0.0,1.0,0.0,1.0,0.4844115354637566,0.6150627615062758,0.9820902289730222,1.0,0.0,1.0,0.0,0.0,0.0,0.0,0.0,0.0,0.0,0.0,0.0,0.0,1.0,0.0,0.0,0.0,0.0,0.0,0.0,0.0,0.0,0.0,1.0,1.0,0.0
3670,0.1728395061728395,0.0,0.0,0.0,0.5555555555555556,1.0,0.6196852820090151,0.02631578947368421,1.0,0.0,1.0,0.4844115354637566,0.6150627615062758,0.9820902289730222,1.0,1.0,0.0,0.0,0.0,0.0,0.0,0.0,0.0,0.0,1.0,0.0,0.0,0.0,1.0,0.0,0.0,0.0,0.0,0.0,1.0,0.0,0.0,0.0,1.0,0.0
3671,0.4074074074074074,1.0,0.0,0.0,0.5555555555555556,1.0,0.8440898050927491,0.07894736842105263,1.0,0.0,1.0,0.4844115354637566,0.6150627615062758,0.9820902289730222,1.0,1.0,0.0,1.0,0.0,0.0,0.0,0.0,0.0,0.0,0.0,0.0,0.0,1.0,0.0,0.0,0.0,0.0,0.0,0.0,1.0,0.0,0.0,1.0,1.0,0.0
3672,0.2222222222222222,0.0,0.0,1.0,0.5555555555555556,1.0,0.646660205928461,0.0,1.0,0.0,1.0,0.4844115354637566,0.6150627615062758,0.9820902289730222,1.0,1.0,0.0,0.0,0.0,0.0,0.0,0.0,0.0,0.0,1.0,0.0,0.0,1.0,0.0,0.0,0.0,0.0,1.0,0.0,0.0,0.0,0.0,0.0,1.0,0.0
3673,0.1728395061728395,0.0,1.0,0.0,0.5555555555555556,1.0,0.5381468098084997,0.02631578947368421,1.0,0.0,1.0,0.4844115354637566,0.6150627615062758,0.9820902289730222,1.0,0.0,0.0,0.0,0.0,0.0,0.0,0.0,0.0,0.0,0.0,0.0,0.0,1.0,0.0,0.0,0.0,0.0,0.0,0.0,0.0,1.0,0.0,0.0,1.0,0.0
3674,0.4938271604938272,1.0,0.0,0.0,0.5555555555555556,1.0,0.664102989715846,0.05263157894736842,1.0,0.0,1.0,0.4844115354637566,0.6150627615062758,0.9820902289730222,1.0,0.0,0.0,0.0,0.0,0.0,1.0,0.0,0.0,0.0,0.0,0.0,0.0,1.0,0.0,0.0,0.0,0.0,0.0,0.0,1.0,0.0,0.0,0.0,1.0,0.0
3675,0.3703703703703703,1.0,0.0,0.0,0.5555555555555556,1.0,0.5870502833422594,0.0,1.0,0.0,1.0,0.4844115354637566,0.6150627615062758,0.9820902289730222,1.0,0.0,0.0,0.0,0.0,0.0,0.0,1.0,0.0,0.0,0.0,0.0,0.0,1.0,0.0,0.0,0.0,1.0,0.0,0.0,0.0,0.0,0.0,0.0,1.0,0.0
3676,0.1728395061728395,0.0,0.0,0.0,0.5555555555555556,1.0,0.5344511608683252,0.0,1.0,0.0,1.0,0.4844115354637566,0.6150627615062758,0.9820902289730222,1.0,0.0,0.0,0.0,0.0,0.0,0.0,0.0,0.0,0.0,1.0,0.0,0.0,1.0,0.0,0.0,0.0,0.0,0.0,0.0,1.0,0.0,0.0,1.0,1.0,0.0
3677,0.34567901234567905,1.0,0.0,0.0,0.5555555555555556,1.0,0.8120051737445386,0.0,1.0,0.0,1.0,0.4844115354637566,0.6150627615062758,0.9820902289730222,1.0,1.0,1.0,0.0,0.0,0.0,0.0,0.0,0.0,0.0,0.0,0.0,0.0,1.0,0.0,0.0,0.0,0.0,0.0,0.0,0.0,0.0,0.0,1.0,1.0,0.0
3678,0.25925925925925924,1.0,0.0,0.0,0.5555555555555556,1.0,0.6082306576679029,0.0,1.0,0.0,1.0,0.4844115354637566,0.6150627615062758,0.9820902289730222,1.0,0.0,0.0,0.0,0.0,0.0,0.0,0.0,0.0,0.0,0.0,0.0,0.0,1.0,0.0,0.0,0.0,0.0,0.0,0.0,0.0,1.0,0.0,0.0,1.0,0.0
3679,0.34567901234567905,0.0,0.0,0.0,0.5555555555555556,1.0,0.7329236164515708,0.02631578947368421,1.0,0.0,1.0,0.4844115354637566,0.6150627615062758,0.9820902289730222,1.0,1.0,1.0,0.0,0.0,0.0,0.0,0.0,0.0,0.0,0.0,0.0,0.0,1.0,0.0,0.0,0.0,0.0,0.0,0.0,0.0,0.0,0.0,0.0,1.0,0.0
3680,0.2345679012345679,1.0,0.0,0.0,0.5555555555555556,1.0,0.6220860826741794,0.0,1.0,0.0,1.0,0.4844115354637566,0.6150627615062758,0.9820902289730222,1.0,0.0,0.0,0.0,0.0,0.0,0.0,0.0,0.0,0.0,1.0,0.0,0.0,1.0,0.0,0.0,0.0,0.0,0.0,0.0,1.0,0.0,0.0,0.0,1.0,0.0
3681,0.4938271604938272,0.0,0.0,0.0,0.5555555555555556,1.0,0.7841187005633716,0.0,1.0,0.0,1.0,0.4844115354637566,0.6150627615062758,0.9820902289730222,1.0,1.0,0.0,0.0,0.0,0.0,0.0,0.0,0.0,0.0,1.0,0.0,0.0,1.0,0.0,0.0,0.0,0.0,1.0,0.0,0.0,0.0,0.0,1.0,1.0,0.0
3682,0.4074074074074074,1.0,0.0,0.0,0.5555555555555556,1.0,0.5169416832156455,0.0,1.0,0.0,1.0,0.4844115354637566,0.6150627615062758,0.9820902289730222,1.0,0.0,1.0,0.0,0.0,0.0,0.0,0.0,0.0,0.0,0.0,0.0,0.0,1.0,0.0,0.0,0.0,0.0,0.0,0.0,0.0,0.0,0.0,1.0,1.0,0.0
3683,0.3333333333333333,1.0,1.0,0.0,0.5555555555555556,1.0,0.6803811399204682,0.0,1.0,0.0,1.0,0.4844115354637566,0.6150627615062758,0.9820902289730222,1.0,0.0,0.0,0.0,0.0,0.0,0.0,0.0,1.0,0.0,0.0,0.0,0.0,1.0,0.0,0.0,0.0,0.0,1.0,0.0,0.0,0.0,0.0,1.0,1.0,0.0
3684,0.14814814814814814,1.0,0.0,0.0,0.5555555555555556,1.0,0.5679794082497067,0.0,1.0,0.0,1.0,0.4844115354637566,0.6150627615062758,0.9820902289730222,1.0,0.0,0.0,0.0,0.0,0.0,0.0,0.0,0.0,0.0,0.0,0.0,0.0,0.0,1.0,0.0,0.0,0.0,0.0,0.0,0.0,1.0,0.0,1.0,1.0,0.0
3685,0.43209876543209874,0.0,0.0,0.0,0.5555555555555556,1.0,0.5529417104829256,0.0,1.0,0.0,1.0,0.4844115354637566,0.6150627615062758,0.9820902289730222,1.0,0.0,1.0,0.0,0.0,0.0,0.0,0.0,0.0,0.0,0.0,0.0,0.0,1.0,0.0,0.0,0.0,0.0,0.0,0.0,0.0,0.0,0.0,0.0,1.0,0.0
3686,0.43209876543209874,0.0,0.0,0.0,0.5555555555555556,1.0,0.7878066248327297,0.0,1.0,0.0,1.0,0.4844115354637566,0.6150627615062758,0.9820902289730222,1.0,1.0,1.0,0.0,0.0,0.0,0.0,0.0,0.0,0.0,0.0,0.0,0.0,1.0,0.0,0.0,0.0,1.0,0.0,0.0,0.0,0.0,0.0,0.0,1.0,0.0
3687,0.14814814814814814,1.0,0.0,0.0,0.5555555555555556,1.0,0.5356959888812932,0.0,1.0,0.0,1.0,0.4844115354637566,0.6150627615062758,0.9820902289730222,1.0,0.0,0.0,0.0,0.0,0.0,0.0,0.0,0.0,0.0,1.0,0.0,0.0,1.0,0.0,0.0,0.0,0.0,0.0,0.0,1.0,0.0,0.0,0.0,1.0,0.0
3688,0.35802469135802467,0.0,0.0,0.0,0.5555555555555556,1.0,0.4601914110336532,0.05263157894736842,1.0,0.0,1.0,0.4844115354637566,0.6150627615062758,0.9820902289730222,1.0,0.0,0.0,0.0,0.0,0.0,0.0,0.0,0.0,0.0,0.0,0.0,0.0,1.0,0.0,0.0,0.0,0.0,1.0,0.0,0.0,0.0,0.0,1.0,1.0,0.0
3689,0.4444444444444445,0.0,0.0,0.0,0.5555555555555556,1.0,0.7365715102863578,0.0,1.0,0.0,1.0,0.4844115354637566,0.6150627615062758,0.9820902289730222,1.0,1.0,1.0,0.0,0.0,0.0,0.0,0.0,0.0,0.0,0.0,0.0,0.0,1.0,0.0,0.0,0.0,0.0,0.0,0.0,0.0,0.0,0.0,1.0,1.0,0.0
3690,0.2345679012345679,1.0,0.0,0.0,0.5555555555555556,1.0,0.5679794082497067,0.0,1.0,0.0,1.0,0.4844115354637566,0.6150627615062758,0.9820902289730222,1.0,0.0,0.0,0.0,0.0,0.0,0.0,0.0,0.0,0.0,1.0,0.0,0.0,1.0,0.0,0.0,0.0,0.0,0.0,0.0,0.0,1.0,0.0,0.0,1.0,0.0
3691,0.19753086419753085,1.0,0.0,0.0,0.5555555555555556,1.0,0.5550613200712357,0.0,1.0,0.0,1.0,0.4844115354637566,0.6150627615062758,0.9820902289730222,1.0,0.0,0.0,0.0,0.0,0.0,0.0,0.0,0.0,0.0,0.0,0.0,0.0,1.0,0.0,0.0,0.0,0.0,0.0,0.0,0.0,1.0,0.0,0.0,1.0,0.0
3692,0.20987654320987653,1.0,0.0,0.0,0.5555555555555556,1.0,0.6244388640920251,0.0,1.0,0.0,1.0,0.4844115354637566,0.6150627615062758,0.9820902289730222,1.0,0.0,0.0,0.0,0.0,0.0,0.0,0.0,0.0,0.0,1.0,0.0,0.0,1.0,0.0,0.0,0.0,0.0,0.0,0.0,1.0,0.0,0.0,0.0,1.0,0.0
3693,0.2839506172839506,1.0,0.0,0.0,0.5555555555555556,1.0,0.710546265890685,0.0,1.0,0.0,1.0,0.4844115354637566,0.6150627615062758,0.9820902289730222,1.0,1.0,0.0,0.0,0.0,0.0,0.0,0.0,0.0,0.0,1.0,0.0,0.0,1.0,0.0,0.0,0.0,0.0,1.0,0.0,0.0,0.0,0.0,0.0,1.0,0.0
3694,0.2839506172839506,1.0,0.0,0.0,0.5555555555555556,1.0,0.5612001989464611,0.02631578947368421,1.0,0.0,1.0,0.4844115354637566,0.6150627615062758,0.9820902289730222,1.0,0.0,0.0,0.0,0.0,0.0,0.0,0.0,0.0,0.0,1.0,0.0,0.0,0.0,1.0,0.0,0.0,0.0,0.0,0.0,0.0,1.0,0.0,0.0,1.0,0.0
3695,0.4444444444444445,1.0,0.0,0.0,0.5555555555555556,1.0,0.6432360720972943,0.0,1.0,0.0,1.0,0.4844115354637566,0.6150627615062758,0.9820902289730222,1.0,0.0,0.0,0.0,0.0,0.0,0.0,0.0,1.0,0.0,0.0,0.0,0.0,1.0,0.0,0.0,0.0,0.0,1.0,0.0,0.0,0.0,0.0,0.0,1.0,0.0
3696,0.43209876543209874,1.0,0.0,0.0,0.5555555555555556,1.0,0.6933889585355939,0.02631578947368421,1.0,0.0,1.0,0.4844115354637566,0.6150627615062758,0.9820902289730222,1.0,0.0,1.0,0.0,0.0,0.0,0.0,0.0,0.0,0.0,0.0,0.0,0.0,1.0,0.0,0.0,0.0,0.0,0.0,0.0,0.0,0.0,0.0,0.0,1.0,0.0
3697,0.5308641975308641,0.0,0.0,0.0,0.5555555555555556,1.0,0.608897147549857,0.02631578947368421,1.0,0.0,1.0,0.4844115354637566,0.6150627615062758,0.9820902289730222,1.0,0.0,0.0,0.0,0.0,0.0,0.0,0.0,0.0,0.0,0.0,0.0,0.0,1.0,0.0,0.0,0.0,0.0,0.0,0.0,0.0,1.0,0.0,0.0,1.0,0.0
3698,0.3703703703703703,1.0,0.0,0.0,0.5555555555555556,1.0,0.6752013972391346,0.05263157894736842,1.0,0.0,1.0,0.4844115354637566,0.6150627615062758,0.9820902289730222,1.0,0.0,1.0,0.0,0.0,0.0,0.0,0.0,0.0,0.0,0.0,0.0,0.0,1.0,0.0,0.0,0.0,0.0,0.0,0.0,0.0,0.0,1.0,1.0,1.0,0.0
3699,0.4938271604938272,0.0,0.0,0.0,0.5555555555555556,1.0,0.5925226723355308,0.13157894736842105,1.0,0.0,1.0,0.4844115354637566,0.6150627615062758,0.9820902289730222,1.0,0.0,0.0,0.0,0.0,0.0,1.0,0.0,0.0,0.0,0.0,0.0,0.0,1.0,0.0,0.0,0.0,0.0,0.0,0.0,0.0,0.0,1.0,1.0,1.0,0.0
3700,0.24691358024691357,0.0,0.0,0.0,0.5555555555555556,1.0,0.7835177534097735,0.02631578947368421,1.0,0.0,1.0,0.4844115354637566,0.6150627615062758,0.9820902289730222,1.0,1.0,0.0,0.0,0.0,0.0,0.0,0.0,0.0,0.0,1.0,0.0,0.0,0.0,0.0,0.0,0.0,0.0,0.0,0.0,1.0,0.0,0.0,0.0,1.0,0.0
3701,0.25925925925925924,0.0,0.0,0.0,0.5555555555555556,1.0,0.5940405662922726,0.02631578947368421,1.0,0.0,1.0,0.4844115354637566,0.6150627615062758,0.9820902289730222,1.0,0.0,0.0,0.0,0.0,0.0,0.0,0.0,0.0,0.0,1.0,0.0,0.0,1.0,0.0,0.0,0.0,0.0,0.0,0.0,1.0,0.0,0.0,1.0,1.0,0.0
3702,0.16049382716049382,0.0,0.0,0.0,0.5555555555555556,1.0,0.7212477446188635,0.0,1.0,0.0,1.0,0.4844115354637566,0.6150627615062758,0.9820902289730222,1.0,1.0,0.0,0.0,0.0,0.0,0.0,0.0,0.0,0.0,0.0,0.0,0.0,0.0,1.0,0.0,0.0,0.0,0.0,0.0,0.0,1.0,0.0,0.0,1.0,0.0
3703,0.25925925925925924,1.0,0.0,0.0,0.5555555555555556,1.0,0.5266921854673875,0.0,1.0,0.0,1.0,0.4844115354637566,0.6150627615062758,0.9820902289730222,1.0,0.0,0.0,0.0,0.0,0.0,0.0,0.0,0.0,0.0,1.0,0.0,0.0,0.0,1.0,0.0,0.0,0.0,0.0,0.0,1.0,0.0,0.0,0.0,1.0,0.0
3704,0.18518518518518517,1.0,0.0,0.0,0.5555555555555556,1.0,0.5154803582186305,0.05263157894736842,1.0,0.0,1.0,0.4844115354637566,0.6150627615062758,0.9820902289730222,1.0,0.0,0.0,0.0,0.0,0.0,0.0,0.0,0.0,0.0,0.0,0.0,0.0,1.0,0.0,0.0,0.0,0.0,0.0,0.0,0.0,1.0,0.0,0.0,1.0,0.0
3705,0.29629629629629634,1.0,0.0,0.0,0.5555555555555556,1.0,0.5344511608683252,0.0,1.0,0.0,1.0,0.4844115354637566,0.6150627615062758,0.9820902289730222,1.0,0.0,0.0,0.0,0.0,0.0,0.0,0.0,0.0,0.0,1.0,0.0,0.0,0.0,0.0,0.0,0.0,0.0,0.0,0.0,0.0,1.0,0.0,0.0,1.0,0.0
3706,0.19753086419753085,0.0,0.0,0.0,0.5555555555555556,1.0,0.8127124012223458,0.0,1.0,0.0,1.0,0.4844115354637566,0.6150627615062758,0.9820902289730222,1.0,1.0,0.0,0.0,0.0,0.0,0.0,1.0,0.0,0.0,0.0,0.0,0.0,1.0,0.0,0.0,0.0,1.0,0.0,0.0,0.0,0.0,0.0,1.0,1.0,0.0
3707,0.29629629629629634,0.0,0.0,0.0,0.5555555555555556,1.0,0.7356700871054456,0.0,1.0,0.0,1.0,0.4844115354637566,0.6150627615062758,0.9820902289730222,1.0,1.0,0.0,0.0,0.0,0.0,0.0,0.0,0.0,0.0,1.0,0.0,0.0,0.0,0.0,0.0,0.0,0.0,0.0,0.0,0.0,1.0,0.0,0.0,1.0,0.0
3708,0.29629629629629634,1.0,0.0,0.0,0.5555555555555556,1.0,0.6184662540070037,0.0,1.0,0.0,1.0,0.4844115354637566,0.6150627615062758,0.9820902289730222,1.0,0.0,0.0,0.0,0.0,0.0,0.0,0.0,0.0,0.0,1.0,0.0,0.0,0.0,0.0,0.0,0.0,0.0,0.0,0.0,0.0,1.0,0.0,0.0,1.0,0.0
3709,0.20987654320987653,1.0,1.0,0.0,0.5555555555555556,1.0,0.48923083320309235,0.02631578947368421,1.0,0.0,1.0,0.4844115354637566,0.6150627615062758,0.9820902289730222,1.0,0.0,0.0,0.0,0.0,0.0,0.0,0.0,0.0,0.0,0.0,0.0,0.0,0.0,0.0,0.0,0.0,0.0,1.0,0.0,0.0,0.0,0.0,0.0,1.0,0.0
3710,0.419753086419753,1.0,1.0,0.0,0.5555555555555556,1.0,0.6261730746079361,0.0,1.0,0.0,1.0,0.4844115354637566,0.6150627615062758,0.9820902289730222,1.0,0.0,0.0,0.0,0.0,0.0,0.0,0.0,0.0,0.0,0.0,0.0,0.0,0.0,0.0,0.0,0.0,0.0,0.0,0.0,0.0,1.0,0.0,0.0,1.0,0.0
3711,0.38271604938271603,0.0,0.0,0.0,0.5555555555555556,1.0,0.5212197964741162,0.0,1.0,0.0,1.0,0.4844115354637566,0.6150627615062758,0.9820902289730222,1.0,0.0,0.0,1.0,0.0,0.0,0.0,0.0,0.0,0.0,0.0,0.0,0.0,1.0,0.0,0.0,0.0,0.0,0.0,0.0,0.0,1.0,0.0,0.0,1.0,0.0
3712,0.4074074074074074,0.0,0.0,0.0,0.5555555555555556,1.0,0.7762165959614749,0.05263157894736842,1.0,0.0,1.0,0.4844115354637566,0.6150627615062758,0.9820902289730222,1.0,1.0,1.0,0.0,0.0,0.0,0.0,0.0,0.0,0.0,0.0,0.0,0.0,1.0,0.0,0.0,1.0,0.0,0.0,0.0,0.0,0.0,0.0,0.0,1.0,0.0
3713,0.43209876543209874,0.0,0.0,0.0,0.5555555555555556,1.0,0.5280214103388018,0.05263157894736842,1.0,0.0,1.0,0.4844115354637566,0.6150627615062758,0.9820902289730222,1.0,0.0,1.0,0.0,0.0,0.0,0.0,0.0,0.0,0.0,0.0,0.0,0.0,1.0,0.0,0.0,1.0,0.0,0.0,0.0,0.0,0.0,0.0,1.0,1.0,0.0
3714,0.14814814814814814,1.0,0.0,0.0,0.5555555555555556,1.0,0.7487184067192447,0.05263157894736842,1.0,0.0,1.0,0.4844115354637566,0.6150627615062758,0.9820902289730222,1.0,1.0,0.0,0.0,0.0,0.0,0.0,0.0,0.0,0.0,1.0,0.0,0.0,0.0,1.0,0.0,0.0,0.0,1.0,0.0,0.0,0.0,0.0,0.0,1.0,0.0
3715,0.25925925925925924,1.0,0.0,0.0,0.5555555555555556,1.0,0.7933384105197575,0.0,1.0,0.0,1.0,0.4844115354637566,0.6150627615062758,0.9820902289730222,1.0,1.0,0.0,0.0,0.0,0.0,0.0,0.0,0.0,0.0,1.0,0.0,0.0,1.0,0.0,0.0,0.0,0.0,0.0,0.0,1.0,0.0,0.0,0.0,1.0,0.0
3716,0.5061728395061729,0.0,0.0,0.0,0.5555555555555556,1.0,0.8381837415952721,0.05263157894736842,1.0,0.0,1.0,0.4844115354637566,0.6150627615062758,0.9820902289730222,1.0,1.0,0.0,0.0,0.0,0.0,0.0,1.0,0.0,0.0,0.0,0.0,0.0,1.0,0.0,0.0,0.0,0.0,0.0,0.0,0.0,1.0,0.0,0.0,1.0,0.0
3717,0.16049382716049382,0.0,0.0,0.0,0.5555555555555556,1.0,0.6920855086403026,0.05263157894736842,1.0,0.0,1.0,0.4844115354637566,0.6150627615062758,0.9820902289730222,1.0,0.0,1.0,0.0,0.0,0.0,0.0,0.0,0.0,0.0,0.0,0.0,0.0,1.0,0.0,0.0,0.0,0.0,1.0,0.0,0.0,0.0,0.0,0.0,1.0,0.0
3718,0.4938271604938272,1.0,0.0,0.0,0.5555555555555556,1.0,0.6172344610818086,0.05263157894736842,1.0,0.0,1.0,0.4844115354637566,0.6150627615062758,0.9820902289730222,1.0,0.0,0.0,0.0,0.0,0.0,1.0,0.0,0.0,0.0,0.0,0.0,0.0,1.0,0.0,0.0,0.0,1.0,0.0,0.0,0.0,0.0,0.0,1.0,1.0,0.0
3719,0.4074074074074074,1.0,0.0,0.0,0.5555555555555556,1.0,0.7202203568701819,0.07894736842105263,1.0,0.0,1.0,0.4844115354637566,0.6150627615062758,0.9820902289730222,1.0,0.0,1.0,0.0,0.0,0.0,0.0,0.0,0.0,0.0,0.0,0.0,0.0,1.0,0.0,0.0,0.0,1.0,0.0,0.0,0.0,0.0,0.0,0.0,1.0,0.0
3720,0.3209876543209876,1.0,0.0,0.0,0.5555555555555556,1.0,0.6290077936901697,0.05263157894736842,1.0,0.0,1.0,0.4844115354637566,0.6150627615062758,0.9820902289730222,1.0,0.0,0.0,0.0,0.0,0.0,0.0,0.0,0.0,0.0,0.0,0.0,0.0,1.0,0.0,0.0,0.0,0.0,0.0,0.0,0.0,1.0,0.0,1.0,1.0,0.0
3721,0.2839506172839506,0.0,0.0,0.0,0.5555555555555556,1.0,0.6407277649233879,0.05263157894736842,1.0,0.0,1.0,0.4844115354637566,0.6150627615062758,0.9820902289730222,1.0,0.0,0.0,0.0,0.0,1.0,0.0,0.0,0.0,0.0,0.0,0.0,0.0,1.0,0.0,0.0,0.0,0.0,0.0,0.0,0.0,1.0,0.0,0.0,1.0,0.0
3722,0.19753086419753085,0.0,0.0,0.0,0.5555555555555556,1.0,0.8031691856312626,0.15789473684210525,1.0,0.0,1.0,0.4844115354637566,0.6150627615062758,0.9820902289730222,1.0,1.0,0.0,0.0,0.0,0.0,0.0,0.0,0.0,0.0,1.0,0.0,0.0,1.0,0.0,0.0,0.0,0.0,0.0,0.0,1.0,0.0,0.0,0.0,1.0,0.0
3723,0.30864197530864196,0.0,0.0,0.0,0.5555555555555556,1.0,0.8347264597958627,0.07894736842105263,1.0,0.0,1.0,0.4844115354637566,0.6150627615062758,0.9820902289730222,1.0,1.0,0.0,0.0,0.0,0.0,0.0,1.0,0.0,0.0,0.0,0.0,0.0,1.0,0.0,0.0,0.0,0.0,0.0,0.0,0.0,1.0,0.0,0.0,1.0,0.0
3724,0.20987654320987653,1.0,0.0,0.0,0.5555555555555556,1.0,0.6559276062712989,0.10526315789473684,1.0,0.0,1.0,0.4844115354637566,0.6150627615062758,0.9820902289730222,1.0,0.0,0.0,0.0,0.0,0.0,0.0,0.0,0.0,0.0,0.0,0.0,0.0,0.0,0.0,0.0,0.0,0.0,1.0,0.0,0.0,0.0,0.0,0.0,1.0,0.0
3725,0.24691358024691357,1.0,0.0,0.0,0.5555555555555556,1.0,0.3400093138083381,0.15789473684210525,1.0,0.0,1.0,0.4844115354637566,0.6150627615062758,0.9820902289730222,1.0,0.0,0.0,0.0,0.0,0.0,0.0,0.0,0.0,0.0,1.0,0.0,0.0,1.0,0.0,0.0,0.0,0.0,0.0,0.0,1.0,0.0,0.0,1.0,1.0,0.0
3726,0.43209876543209874,1.0,0.0,0.0,0.5555555555555556,1.0,0.6685887555427749,0.05263157894736842,1.0,0.0,1.0,0.4844115354637566,0.6150627615062758,0.9820902289730222,1.0,0.0,0.0,0.0,0.0,0.0,1.0,0.0,0.0,0.0,0.0,0.0,0.0,1.0,0.0,0.0,0.0,0.0,1.0,0.0,0.0,0.0,0.0,0.0,1.0,0.0
3727,0.2222222222222222,1.0,0.0,0.0,0.5555555555555556,0.0,0.5641535377316825,0.02631578947368421,1.0,0.0,1.0,0.4844115354637566,0.6150627615062758,0.9818635230106552,1.0,0.0,0.0,0.0,0.0,0.0,0.0,0.0,0.0,0.0,1.0,0.0,0.0,0.0,1.0,0.0,0.0,0.0,0.0,0.0,1.0,0.0,0.0,0.0,1.0,0.0
3728,0.14814814814814814,0.0,0.0,0.0,0.5555555555555556,0.0,0.7734600293864244,0.02631578947368421,1.0,0.0,1.0,0.4844115354637566,0.6150627615062758,0.9818635230106552,1.0,1.0,0.0,0.0,0.0,0.0,0.0,0.0,0.0,0.0,0.0,0.0,0.0,0.0,1.0,0.0,0.0,0.0,0.0,0.0,0.0,1.0,0.0,0.0,1.0,0.0
3729,0.1728395061728395,1.0,0.0,0.0,0.5555555555555556,0.0,0.6949982196033254,0.02631578947368421,1.0,0.0,1.0,0.4844115354637566,0.6150627615062758,0.9818635230106552,1.0,0.0,0.0,0.0,0.0,0.0,0.0,0.0,0.0,0.0,0.0,0.0,0.0,0.0,0.0,0.0,0.0,0.0,0.0,0.0,0.0,1.0,0.0,0.0,1.0,0.0
3730,0.18518518518518517,1.0,0.0,0.0,0.5555555555555556,0.0,0.5940405662922726,0.02631578947368421,1.0,0.0,1.0,0.4844115354637566,0.6150627615062758,0.9818635230106552,1.0,0.0,0.0,0.0,0.0,0.0,0.0,0.0,0.0,0.0,0.0,0.0,0.0,0.0,1.0,0.0,0.0,0.0,0.0,0.0,0.0,1.0,0.0,0.0,1.0,0.0
3731,0.24691358024691357,1.0,0.0,0.0,0.5555555555555556,0.0,0.5253477691257531,0.0,1.0,0.0,1.0,0.4844115354637566,0.6150627615062758,0.9818635230106552,1.0,0.0,0.0,0.0,0.0,0.0,0.0,0.0,0.0,0.0,0.0,0.0,0.0,1.0,0.0,0.0,0.0,0.0,0.0,0.0,0.0,1.0,0.0,1.0,1.0,0.0
3732,0.20987654320987653,1.0,0.0,0.0,0.5555555555555556,0.0,0.7651329115897525,0.0,1.0,0.0,1.0,0.4844115354637566,0.6150627615062758,0.9818635230106552,1.0,0.0,0.0,0.0,0.0,0.0,0.0,0.0,0.0,0.0,0.0,0.0,0.0,0.0,1.0,0.0,0.0,0.0,0.0,0.0,0.0,1.0,0.0,0.0,1.0,0.0
3733,0.39506172839506176,0.0,0.0,0.0,0.5555555555555556,0.0,0.6306764053478436,0.0,1.0,0.0,1.0,0.4844115354637566,0.6150627615062758,0.9818635230106552,1.0,0.0,0.0,0.0,0.0,0.0,0.0,0.0,1.0,0.0,0.0,0.0,0.0,1.0,0.0,0.0,0.0,0.0,1.0,0.0,0.0,0.0,0.0,0.0,1.0,0.0
3734,0.2222222222222222,0.0,0.0,0.0,0.5555555555555556,0.0,0.7009201794617362,0.02631578947368421,1.0,0.0,1.0,0.4844115354637566,0.6150627615062758,0.9818635230106552,1.0,1.0,0.0,0.0,0.0,0.0,0.0,0.0,0.0,0.0,0.0,1.0,0.0,0.0,1.0,0.0,0.0,0.0,0.0,0.0,0.0,1.0,0.0,0.0,1.0,0.0
3735,0.3333333333333333,0.0,1.0,0.0,0.5555555555555556,0.0,0.7540618804673014,0.0,1.0,0.0,1.0,0.4844115354637566,0.6150627615062758,0.9818635230106552,1.0,0.0,0.0,0.0,0.0,0.0,0.0,0.0,0.0,0.0,1.0,0.0,0.0,1.0,0.0,0.0,0.0,0.0,0.0,0.0,1.0,0.0,0.0,1.0,1.0,0.0
3736,0.3333333333333333,1.0,0.0,0.0,0.5555555555555556,0.0,0.7801565204710165,0.02631578947368421,1.0,0.0,1.0,0.4844115354637566,0.6150627615062758,0.9818635230106552,1.0,1.0,0.0,0.0,0.0,0.0,0.0,0.0,0.0,0.0,0.0,0.0,0.0,1.0,0.0,0.0,0.0,0.0,1.0,0.0,0.0,0.0,0.0,0.0,1.0,0.0
3737,0.34567901234567905,1.0,1.0,0.0,0.5555555555555556,0.0,0.6159896330688406,0.0,1.0,0.0,1.0,0.4844115354637566,0.6150627615062758,0.9818635230106552,1.0,0.0,1.0,0.0,0.0,0.0,0.0,0.0,0.0,0.0,0.0,0.0,0.0,1.0,0.0,0.0,0.0,0.0,0.0,0.0,0.0,0.0,0.0,1.0,1.0,0.0
3738,0.29629629629629634,1.0,0.0,0.0,0.5555555555555556,0.0,0.6800186276166762,0.0,1.0,0.0,1.0,0.4844115354637566,0.6150627615062758,0.9818635230106552,1.0,0.0,0.0,0.0,0.0,0.0,0.0,1.0,0.0,0.0,0.0,0.0,0.0,1.0,0.0,0.0,0.0,0.0,0.0,0.0,1.0,0.0,0.0,0.0,1.0,0.0
3739,0.2222222222222222,0.0,0.0,0.0,0.5555555555555556,0.0,0.6020559671887218,0.0,1.0,0.0,1.0,0.4844115354637566,0.6150627615062758,0.9818635230106552,1.0,0.0,0.0,0.0,0.0,0.0,0.0,0.0,0.0,0.0,1.0,0.0,0.0,0.0,1.0,0.0,0.0,0.0,0.0,0.0,1.0,0.0,0.0,0.0,1.0,0.0
3740,0.5185185185185184,0.0,0.0,0.0,0.5555555555555556,0.0,0.7435445231564038,0.0,1.0,0.0,1.0,0.4844115354637566,0.6150627615062758,0.9818635230106552,1.0,1.0,0.0,0.0,0.0,0.0,1.0,0.0,0.0,0.0,0.0,0.0,0.0,1.0,0.0,0.0,0.0,0.0,0.0,0.0,0.0,0.0,0.0,1.0,1.0,0.0
3741,0.25925925925925924,1.0,0.0,0.0,0.5555555555555556,0.0,0.7003106695515843,0.05263157894736842,1.0,0.0,1.0,0.4844115354637566,0.6150627615062758,0.9818635230106552,1.0,1.0,0.0,0.0,0.0,0.0,0.0,0.0,0.0,0.0,1.0,0.0,0.0,0.0,0.0,0.0,0.0,0.0,1.0,0.0,0.0,0.0,0.0,0.0,1.0,0.0
3742,0.19753086419753085,1.0,0.0,0.0,0.5555555555555556,0.0,0.6041504168690148,0.0,1.0,0.0,1.0,0.4844115354637566,0.6150627615062758,0.9818635230106552,1.0,0.0,0.0,0.0,0.0,0.0,0.0,0.0,0.0,0.0,1.0,0.0,0.0,1.0,0.0,0.0,0.0,0.0,0.0,0.0,1.0,0.0,0.0,0.0,1.0,0.0
3743,0.25925925925925924,0.0,0.0,0.0,0.5555555555555556,0.0,0.5154803582186305,0.05263157894736842,1.0,0.0,1.0,0.4844115354637566,0.6150627615062758,0.9818635230106552,1.0,0.0,0.0,0.0,0.0,0.0,0.0,0.0,0.0,0.0,1.0,0.0,0.0,0.0,0.0,0.0,0.0,0.0,1.0,0.0,0.0,0.0,0.0,0.0,1.0,0.0
3744,0.19753086419753085,0.0,0.0,0.0,0.5555555555555556,0.0,0.5779008918534767,0.0,1.0,0.0,1.0,0.4844115354637566,0.6150627615062758,0.9818635230106552,1.0,0.0,0.0,0.0,0.0,0.0,0.0,0.0,0.0,0.0,0.0,0.0,0.0,1.0,0.0,0.0,0.0,0.0,0.0,0.0,0.0,1.0,0.0,0.0,1.0,0.0
3745,0.16049382716049382,0.0,1.0,0.0,0.5555555555555556,0.0,0.7414095253609313,0.0,1.0,0.0,1.0,0.4844115354637566,0.6150627615062758,0.9818635230106552,1.0,1.0,0.0,0.0,0.0,0.0,0.0,0.0,0.0,0.0,0.0,0.0,0.0,0.0,1.0,0.0,0.0,0.0,0.0,0.0,0.0,1.0,0.0,0.0,1.0,0.0
3746,0.5061728395061729,0.5,0.5,0.0,0.5555555555555556,0.0,0.467045882751165,0.02631578947368421,1.0,0.0,1.0,0.4844115354637566,0.6150627615062758,0.9818635230106552,1.0,0.0,0.0,0.0,0.0,0.0,0.0,0.0,0.0,0.0,1.0,0.0,0.0,1.0,0.0,0.0,0.0,0.0,0.0,0.0,1.0,0.0,0.0,0.0,1.0,0.0
3747,0.18518518518518517,1.0,0.0,0.0,0.5555555555555556,0.0,0.5306356323565045,0.0,1.0,0.0,1.0,0.4844115354637566,0.6150627615062758,0.9818635230106552,1.0,0.0,0.0,0.0,0.0,0.0,0.0,0.0,0.0,0.0,1.0,0.0,0.0,0.0,1.0,0.0,0.0,0.0,0.0,0.0,0.0,1.0,0.0,0.0,1.0,0.0
3748,0.25925925925925924,1.0,0.0,0.0,0.5555555555555556,0.0,0.8206637481289273,0.0,1.0,0.0,1.0,0.4844115354637566,0.6150627615062758,0.9818635230106552,1.0,1.0,0.0,0.0,0.0,0.0,0.0,0.0,0.0,0.0,0.0,0.0,0.0,1.0,0.0,0.0,0.0,0.0,0.0,0.0,0.0,1.0,0.0,0.0,1.0,0.0
3749,0.2345679012345679,0.0,0.0,0.0,0.5555555555555556,0.0,0.7546408897551403,0.02631578947368421,1.0,0.0,1.0,0.4844115354637566,0.6150627615062758,0.9818635230106552,1.0,1.0,0.0,0.0,0.0,0.0,0.0,0.0,0.0,0.0,0.0,0.0,0.0,1.0,0.0,0.0,0.0,0.0,0.0,0.0,0.0,1.0,0.0,0.0,1.0,0.0
3750,0.4074074074074074,1.0,0.0,0.0,0.5555555555555556,0.0,0.7706373145033426,0.07894736842105263,1.0,0.0,1.0,0.4844115354637566,0.6150627615062758,0.9818635230106552,1.0,1.0,0.0,0.0,0.0,1.0,0.0,0.0,0.0,0.0,0.0,0.0,0.0,1.0,0.0,0.0,0.0,0.0,0.0,0.0,0.0,1.0,0.0,1.0,1.0,0.0
3751,0.34567901234567905,1.0,0.0,0.0,0.5555555555555556,0.0,0.7509247572352791,0.02631578947368421,1.0,0.0,1.0,0.4844115354637566,0.6150627615062758,0.9818635230106552,1.0,0.0,1.0,0.0,0.0,0.0,0.0,0.0,0.0,0.0,0.0,0.0,0.0,1.0,0.0,0.0,0.0,0.0,0.0,0.0,0.0,0.0,0.0,1.0,1.0,0.0
3752,0.2222222222222222,1.0,0.0,0.0,0.5555555555555556,0.0,0.608897147549857,0.02631578947368421,1.0,0.0,1.0,0.4844115354637566,0.6150627615062758,0.9818635230106552,1.0,0.0,0.0,0.0,0.0,0.0,0.0,0.0,0.0,0.0,1.0,0.0,0.0,1.0,0.0,0.0,0.0,0.0,0.0,0.0,0.0,1.0,0.0,1.0,1.0,0.0
3753,0.43209876543209874,1.0,0.0,0.0,0.5555555555555556,0.0,0.80253020986418,0.02631578947368421,1.0,0.0,1.0,0.4844115354637566,0.6150627615062758,0.9818635230106552,1.0,1.0,1.0,0.0,0.0,0.0,0.0,0.0,0.0,0.0,0.0,0.0,0.0,1.0,0.0,0.0,0.0,0.0,0.0,0.0,0.0,0.0,0.0,0.0,1.0,0.0
3754,0.29629629629629634,0.0,0.0,0.0,0.5555555555555556,0.0,0.6485730147319224,0.02631578947368421,1.0,0.0,1.0,0.4844115354637566,0.6150627615062758,0.9818635230106552,1.0,0.0,0.0,0.0,0.0,0.0,0.0,1.0,0.0,0.0,0.0,0.0,0.0,1.0,0.0,0.0,0.0,0.0,0.0,0.0,0.0,1.0,0.0,0.0,1.0,0.0
3755,0.2345679012345679,0.0,0.0,0.0,0.5555555555555556,0.0,0.5474693214896542,0.21052631578947367,1.0,0.0,1.0,0.4844115354637566,0.6150627615062758,0.9818635230106552,1.0,0.0,0.0,0.0,1.0,0.0,0.0,0.0,0.0,0.0,0.0,0.0,0.0,1.0,0.0,0.0,1.0,0.0,0.0,0.0,0.0,0.0,0.0,0.0,1.0,0.0
3756,0.34567901234567905,0.0,0.0,0.0,0.5555555555555556,0.0,0.7779664411331088,0.0,1.0,0.0,1.0,0.4844115354637566,0.6150627615062758,0.9818635230106552,1.0,1.0,0.0,0.0,0.0,0.0,0.0,0.0,1.0,0.0,0.0,0.0,0.0,1.0,0.0,0.0,0.0,1.0,0.0,0.0,0.0,0.0,0.0,0.0,1.0,0.0
3757,0.34567901234567905,0.0,0.0,0.0,0.5555555555555556,0.0,0.7542552003949271,0.0,1.0,0.0,1.0,0.4844115354637566,0.6150627615062758,0.9818635230106552,1.0,1.0,0.0,0.0,0.0,0.0,0.0,0.0,0.0,0.0,0.0,0.0,0.0,1.0,0.0,0.0,0.0,0.0,0.0,0.0,0.0,1.0,0.0,0.0,1.0,0.0
3758,0.38271604938271603,1.0,0.0,0.0,0.5555555555555556,0.0,0.5485843549516803,0.0,1.0,0.0,1.0,0.4844115354637566,0.6150627615062758,0.9818635230106552,1.0,0.0,0.0,1.0,0.0,0.0,0.0,0.0,0.0,0.0,0.0,0.0,0.0,1.0,0.0,0.0,0.0,0.0,0.0,0.0,0.0,1.0,0.0,0.0,1.0,0.0
3759,0.14814814814814814,1.0,0.0,0.0,0.5555555555555556,0.0,0.5641535377316825,0.02631578947368421,1.0,0.0,1.0,0.4844115354637566,0.6150627615062758,0.9818635230106552,1.0,0.0,0.0,0.0,0.0,0.0,0.0,0.0,0.0,0.0,1.0,0.0,0.0,1.0,0.0,0.0,0.0,0.0,0.0,0.0,0.0,1.0,0.0,1.0,1.0,0.0
3760,0.24691358024691357,1.0,1.0,0.0,0.5555555555555556,0.0,0.48923083320309235,0.05263157894736842,1.0,0.0,1.0,0.4844115354637566,0.6150627615062758,0.9818635230106552,1.0,0.0,0.0,0.0,0.0,0.0,0.0,0.0,0.0,0.0,1.0,0.0,0.0,0.0,0.0,0.0,0.0,0.0,0.0,0.0,1.0,0.0,0.0,0.0,1.0,0.0
3761,0.35802469135802467,0.0,0.0,0.0,0.5555555555555556,0.0,0.8282145507200736,0.02631578947368421,1.0,0.0,1.0,0.4844115354637566,0.6150627615062758,0.9818635230106552,1.0,1.0,0.0,0.0,0.0,0.0,0.0,0.0,0.0,0.0,0.0,0.0,0.0,1.0,0.0,0.0,0.0,0.0,0.0,0.0,0.0,1.0,0.0,1.0,1.0,0.0
3762,0.30864197530864196,0.0,0.0,0.0,0.5555555555555556,0.0,0.5779008918534767,0.05263157894736842,1.0,0.0,1.0,0.4844115354637566,0.6150627615062758,0.9818635230106552,1.0,0.0,0.0,0.0,0.0,0.0,0.0,0.0,0.0,0.0,1.0,0.0,0.0,0.0,1.0,0.0,0.0,0.0,1.0,0.0,0.0,0.0,0.0,1.0,1.0,0.0
3763,0.4074074074074074,1.0,0.0,0.0,0.5555555555555556,0.0,0.7763767527588283,0.02631578947368421,1.0,0.0,1.0,0.4844115354637566,0.6150627615062758,0.9818635230106552,1.0,1.0,0.0,0.0,0.0,1.0,0.0,0.0,0.0,0.0,0.0,0.0,0.0,1.0,0.0,0.0,0.0,0.0,0.0,0.0,0.0,1.0,0.0,1.0,1.0,0.0
3764,0.48148148148148145,1.0,0.0,0.0,0.5555555555555556,0.0,0.5925226723355308,0.02631578947368421,1.0,0.0,1.0,0.4844115354637566,0.6150627615062758,0.9818635230106552,1.0,0.0,0.0,0.0,0.0,0.0,1.0,0.0,0.0,0.0,0.0,0.0,0.0,1.0,0.0,0.0,0.0,0.0,0.0,0.0,0.0,0.0,0.0,0.0,1.0,0.0
3765,0.20987654320987653,0.0,0.0,0.0,0.5555555555555556,0.0,0.837804578819031,0.0,1.0,0.0,1.0,0.4844115354637566,0.6150627615062758,0.9818635230106552,1.0,1.0,0.0,0.0,0.0,0.0,0.0,0.0,0.0,0.0,0.0,0.0,0.0,1.0,0.0,0.0,0.0,0.0,0.0,0.0,0.0,1.0,0.0,0.0,1.0,0.0
3766,0.20987654320987653,1.0,0.0,0.0,0.5555555555555556,0.0,0.6996979850963346,0.05263157894736842,1.0,0.0,1.0,0.4844115354637566,0.6150627615062758,0.9818635230106552,1.0,0.0,0.0,0.0,0.0,0.0,0.0,0.0,0.0,0.0,0.0,0.0,0.0,0.0,1.0,0.0,0.0,0.0,0.0,0.0,0.0,1.0,0.0,0.0,1.0,0.0
3767,0.43209876543209874,1.0,0.0,1.0,0.5555555555555556,0.0,0.5344511608683252,0.02631578947368421,1.0,0.0,1.0,0.4844115354637566,0.6150627615062758,0.9818635230106552,1.0,0.0,0.0,0.0,0.0,0.0,0.0,0.0,0.0,0.0,1.0,0.0,0.0,1.0,0.0,0.0,0.0,0.0,0.0,0.0,1.0,0.0,0.0,0.0,1.0,0.0
3768,0.39506172839506176,0.0,0.0,0.0,0.5555555555555556,0.0,0.5109842001350153,0.10526315789473684,1.0,0.0,1.0,0.4844115354637566,0.6150627615062758,0.9818635230106552,1.0,0.0,0.0,0.0,0.0,1.0,0.0,0.0,0.0,0.0,0.0,0.0,0.0,1.0,0.0,0.0,0.0,0.0,0.0,0.0,0.0,1.0,0.0,0.0,1.0,0.0
3769,0.38271604938271603,0.0,0.0,0.0,0.5555555555555556,0.0,0.5651217337279456,0.02631578947368421,1.0,0.0,1.0,0.4844115354637566,0.6150627615062758,0.9818635230106552,1.0,0.0,0.0,0.0,0.0,0.0,0.0,0.0,0.0,0.0,0.0,0.0,0.0,1.0,0.0,0.0,0.0,0.0,1.0,0.0,0.0,0.0,0.0,0.0,1.0,0.0
3770,0.16049382716049382,0.0,0.0,0.0,0.5555555555555556,0.0,0.608897147549857,0.02631578947368421,1.0,0.0,1.0,0.4844115354637566,0.6150627615062758,0.9818635230106552,1.0,0.0,0.0,0.0,0.0,0.0,0.0,0.0,0.0,0.0,1.0,0.0,0.0,1.0,0.0,0.0,0.0,0.0,0.0,0.0,0.0,1.0,0.0,0.0,1.0,0.0
3771,0.16049382716049382,1.0,0.0,0.0,0.5555555555555556,0.0,0.7741144686236345,0.0,1.0,0.0,1.0,0.4844115354637566,0.6150627615062758,0.9818635230106552,1.0,1.0,0.0,0.0,0.0,0.0,0.0,0.0,0.0,0.0,1.0,0.0,0.0,0.0,1.0,0.0,0.0,0.0,0.0,0.0,0.0,1.0,0.0,0.0,1.0,0.0
3772,0.16049382716049382,0.0,1.0,0.0,0.5555555555555556,0.0,0.5612001989464611,0.05263157894736842,1.0,0.0,1.0,0.4844115354637566,0.6150627615062758,0.9818635230106552,1.0,0.0,0.0,0.0,0.0,0.0,0.0,0.0,0.0,0.0,1.0,0.0,0.0,1.0,0.0,0.0,0.0,0.0,0.0,0.0,0.0,1.0,0.0,0.0,1.0,0.0
3773,0.16049382716049382,1.0,0.0,0.0,0.5555555555555556,0.0,0.649517880450222,0.10526315789473684,1.0,0.0,1.0,0.4844115354637566,0.6150627615062758,0.9818635230106552,1.0,0.0,0.0,0.0,1.0,0.0,0.0,0.0,0.0,0.0,0.0,0.0,0.0,1.0,0.0,0.0,1.0,0.0,0.0,0.0,0.0,0.0,0.0,0.0,1.0,0.0
3774,0.16049382716049382,1.0,0.0,0.0,0.5555555555555556,0.0,0.5474693214896542,0.05263157894736842,1.0,0.0,1.0,0.4844115354637566,0.6150627615062758,0.9818635230106552,1.0,0.0,0.0,0.0,0.0,0.0,0.0,0.0,0.0,0.0,0.0,0.0,0.0,0.0,1.0,0.0,0.0,0.0,0.0,0.0,0.0,1.0,0.0,0.0,1.0,0.0
3775,0.20987654320987653,0.0,1.0,0.0,0.5555555555555556,0.0,0.675955471292364,0.05263157894736842,1.0,0.0,1.0,0.4844115354637566,0.6150627615062758,0.9818635230106552,1.0,0.0,0.0,0.0,0.0,0.0,0.0,0.0,0.0,0.0,0.0,0.0,0.0,0.0,1.0,0.0,0.0,0.0,0.0,0.0,0.0,1.0,0.0,0.0,1.0,0.0
3776,0.2345679012345679,0.0,0.0,0.0,0.5555555555555556,0.0,0.7644263920516169,0.05263157894736842,1.0,0.0,1.0,0.4844115354637566,0.6150627615062758,0.9818635230106552,1.0,1.0,0.0,0.0,0.0,0.0,0.0,0.0,0.0,0.0,1.0,0.0,0.0,1.0,0.0,0.0,0.0,0.0,0.0,0.0,1.0,0.0,0.0,0.0,1.0,0.0
3777,0.16049382716049382,0.0,0.0,0.0,0.5555555555555556,0.0,0.6856888890695302,0.05263157894736842,1.0,0.0,1.0,0.4844115354637566,0.6150627615062758,0.9818635230106552,1.0,0.0,0.0,0.0,0.0,0.0,0.0,0.0,0.0,0.0,1.0,0.0,0.0,0.0,1.0,0.0,0.0,0.0,1.0,0.0,0.0,0.0,0.0,1.0,1.0,0.0
3778,0.1728395061728395,1.0,0.0,0.0,0.5555555555555556,0.0,0.5496889184613623,0.10526315789473684,1.0,0.0,1.0,0.4844115354637566,0.6150627615062758,0.9818635230106552,1.0,0.0,0.0,0.0,0.0,0.0,0.0,0.0,0.0,0.0,1.0,0.0,0.0,0.0,1.0,0.0,0.0,0.0,0.0,0.0,1.0,0.0,0.0,0.0,1.0,0.0
3779,0.2345679012345679,0.0,0.0,0.0,0.5555555555555556,0.0,0.7173478797553707,0.05263157894736842,1.0,0.0,1.0,0.4844115354637566,0.6150627615062758,0.9818635230106552,1.0,1.0,0.0,0.0,0.0,0.0,0.0,0.0,0.0,0.0,1.0,0.0,0.0,0.0,1.0,0.0,0.0,0.0,0.0,0.0,1.0,0.0,0.0,0.0,1.0,0.0
3780,0.18518518518518517,0.0,0.0,0.0,0.5555555555555556,0.0,0.7102658482382652,0.10526315789473684,1.0,0.0,1.0,0.4844115354637566,0.6150627615062758,0.9818635230106552,1.0,1.0,0.0,0.0,0.0,0.0,0.0,0.0,0.0,0.0,1.0,0.0,0.0,1.0,0.0,0.0,0.0,0.0,0.0,0.0,0.0,1.0,0.0,1.0,1.0,0.0
3781,0.18518518518518517,1.0,0.0,0.0,0.5555555555555556,0.0,0.8217570194690736,0.05263157894736842,1.0,0.0,1.0,0.4844115354637566,0.6150627615062758,0.9818635230106552,1.0,1.0,0.0,0.0,0.0,0.0,0.0,0.0,0.0,0.0,0.0,0.0,0.0,0.0,0.0,0.0,0.0,0.0,0.0,0.0,0.0,1.0,0.0,0.0,1.0,0.0
3782,0.4567901234567901,0.5,0.5,0.0,0.5555555555555556,0.0,0.6789243392652736,0.13157894736842105,1.0,0.0,1.0,0.4844115354637566,0.6150627615062758,0.9818635230106552,1.0,0.0,1.0,0.0,0.0,0.0,0.0,0.0,0.0,0.0,0.0,0.0,0.0,1.0,0.0,0.0,0.0,0.0,0.0,0.0,0.0,0.0,0.0,0.0,1.0,0.0
3783,0.4567901234567901,0.0,0.0,0.0,0.5555555555555556,0.0,0.4578148625383481,0.10526315789473684,1.0,0.0,1.0,0.4844115354637566,0.6150627615062758,0.9818635230106552,1.0,0.0,0.0,0.0,0.0,0.0,0.0,1.0,0.0,0.0,0.0,0.0,0.0,1.0,0.0,0.0,0.0,1.0,0.0,0.0,0.0,0.0,0.0,0.0,1.0,0.0
3784,0.38271604938271603,1.0,1.0,0.0,0.5555555555555556,0.0,0.5970188304191458,0.0,1.0,0.0,1.0,0.4844115354637566,0.6150627615062758,0.9818635230106552,1.0,0.0,0.0,0.0,0.0,0.0,0.0,0.0,0.0,0.0,1.0,0.0,0.0,1.0,0.0,0.0,0.0,0.0,0.0,0.0,0.0,1.0,0.0,0.0,1.0,0.0
3785,0.25925925925925924,1.0,0.0,0.0,0.5555555555555556,0.0,0.7262542512230573,0.0,1.0,0.0,1.0,0.4844115354637566,0.6150627615062758,0.9818635230106552,1.0,1.0,0.0,0.0,0.0,0.0,0.0,0.0,0.0,0.0,1.0,0.0,0.0,1.0,0.0,0.0,0.0,0.0,0.0,0.0,1.0,0.0,0.0,0.0,1.0,0.0
3786,0.25925925925925924,0.0,0.0,0.0,0.5555555555555556,0.25,0.5932840675469451,0.0,1.0,0.0,1.0,0.4844115354637566,0.6150627615062758,0.9820902289730222,1.0,0.0,0.0,0.0,0.0,0.0,0.0,0.0,0.0,0.0,0.0,0.0,0.0,1.0,0.0,0.0,0.0,0.0,0.0,0.0,0.0,1.0,0.0,0.0,1.0,0.0
3787,0.3209876543209876,0.0,0.0,0.0,0.5555555555555556,0.25,0.5440593682563573,0.0,1.0,0.0,1.0,0.4844115354637566,0.6150627615062758,0.9820902289730222,1.0,0.0,0.0,0.0,0.0,0.0,0.0,0.0,0.0,0.0,0.0,0.0,0.0,1.0,0.0,0.0,0.0,0.0,0.0,0.0,0.0,1.0,0.0,1.0,1.0,0.0
3788,0.1728395061728395,1.0,0.0,0.0,0.5555555555555556,0.25,0.49105467050389934,0.13157894736842105,1.0,0.0,1.0,0.4844115354637566,0.6150627615062758,0.9820902289730222,1.0,0.0,0.0,0.0,0.0,0.0,0.0,0.0,0.0,0.0,0.0,0.0,0.0,1.0,0.0,0.0,0.0,0.0,0.0,0.0,0.0,1.0,0.0,0.0,1.0,0.0
3789,0.4444444444444445,0.0,0.0,0.0,0.5555555555555556,0.25,0.7326918229785724,0.0,1.0,0.0,1.0,0.4844115354637566,0.6150627615062758,0.9820902289730222,1.0,1.0,0.0,0.0,0.0,0.0,0.0,0.0,0.0,0.0,0.0,0.0,0.0,0.0,0.0,0.0,0.0,0.0,0.0,0.0,0.0,1.0,0.0,0.0,1.0,0.0
3790,0.419753086419753,0.0,0.0,0.0,0.5555555555555556,0.25,0.5169416832156455,0.10526315789473684,1.0,0.0,1.0,0.4844115354637566,0.6150627615062758,0.9820902289730222,1.0,0.0,0.0,0.0,1.0,0.0,0.0,0.0,0.0,0.0,0.0,0.0,0.0,1.0,0.0,0.0,0.0,0.0,0.0,0.0,0.0,0.0,0.0,1.0,1.0,0.0
3791,0.1728395061728395,1.0,1.0,0.0,0.5555555555555556,0.25,0.7816962695415204,0.0,1.0,0.0,1.0,0.4844115354637566,0.6150627615062758,0.9820902289730222,1.0,1.0,0.0,0.0,0.0,0.0,0.0,0.0,0.0,0.0,1.0,0.0,0.0,0.0,1.0,0.0,0.0,0.0,1.0,0.0,0.0,0.0,0.0,0.0,1.0,0.0
3792,0.43209876543209874,1.0,0.0,0.0,0.5555555555555556,0.25,0.8274912756735251,0.0,1.0,0.0,1.0,0.4844115354637566,0.6150627615062758,0.9820902289730222,1.0,1.0,0.0,0.0,1.0,0.0,0.0,0.0,0.0,0.0,0.0,0.0,0.0,1.0,0.0,0.0,1.0,0.0,0.0,0.0,0.0,0.0,0.0,0.0,1.0,0.0
3793,0.19753086419753085,0.0,0.0,0.0,0.5555555555555556,0.25,0.5641535377316825,0.0,1.0,0.0,1.0,0.4844115354637566,0.6150627615062758,0.9820902289730222,1.0,0.0,0.0,0.0,0.0,0.0,0.0,0.0,0.0,0.0,0.0,0.0,0.0,1.0,0.0,0.0,0.0,0.0,0.0,0.0,0.0,1.0,0.0,0.0,1.0,0.0
3794,0.4444444444444445,1.0,0.0,0.0,0.5555555555555556,0.25,0.8419096318116601,0.10526315789473684,1.0,0.0,1.0,0.4844115354637566,0.6150627615062758,0.9820902289730222,1.0,1.0,0.0,1.0,0.0,0.0,0.0,0.0,0.0,0.0,0.0,0.0,0.0,1.0,0.0,0.0,0.0,1.0,0.0,0.0,0.0,0.0,0.0,1.0,1.0,0.0
3795,0.19753086419753085,1.0,0.0,0.0,0.5555555555555556,0.25,0.6121741045570199,0.0,1.0,0.0,1.0,0.4844115354637566,0.6150627615062758,0.9820902289730222,1.0,0.0,0.0,0.0,0.0,0.0,0.0,0.0,0.0,0.0,1.0,0.0,0.0,0.0,1.0,0.0,0.0,0.0,0.0,0.0,0.0,1.0,0.0,0.0,1.0,0.0
3796,0.20987654320987653,1.0,0.0,0.0,0.5555555555555556,0.25,0.5540062892371289,0.02631578947368421,1.0,0.0,1.0,0.4844115354637566,0.6150627615062758,0.9820902289730222,1.0,0.0,0.0,0.0,0.0,0.0,0.0,0.0,0.0,0.0,1.0,0.0,0.0,0.0,1.0,0.0,0.0,0.0,0.0,0.0,1.0,0.0,0.0,0.0,1.0,0.0
3797,0.18518518518518517,1.0,0.0,0.0,0.5555555555555556,0.25,0.7886747848579034,0.02631578947368421,1.0,0.0,1.0,0.4844115354637566,0.6150627615062758,0.9820902289730222,1.0,1.0,0.0,0.0,0.0,0.0,0.0,0.0,0.0,0.0,1.0,0.0,0.0,1.0,0.0,0.0,0.0,0.0,0.0,0.0,0.0,1.0,0.0,0.0,1.0,0.0
3798,0.43209876543209874,0.0,0.0,0.0,0.5555555555555556,0.25,0.506309340633733,0.0,1.0,0.0,1.0,0.4844115354637566,0.6150627615062758,0.9820902289730222,1.0,0.0,0.0,0.0,0.0,0.0,0.0,0.0,0.0,0.0,0.0,0.0,0.0,1.0,0.0,0.0,0.0,0.0,0.0,0.0,0.0,1.0,0.0,0.0,1.0,0.0
3799,0.16049382716049382,1.0,1.0,0.0,0.5555555555555556,0.25,0.40010036242099567,0.02631578947368421,1.0,0.0,1.0,0.4844115354637566,0.6150627615062758,0.9820902289730222,1.0,0.0,0.0,0.0,0.0,0.0,0.0,0.0,0.0,0.0,0.0,0.0,0.0,0.0,1.0,0.0,0.0,0.0,0.0,0.0,0.0,1.0,0.0,0.0,1.0,0.0
3800,0.24691358024691357,1.0,0.0,0.0,0.5555555555555556,0.25,0.8092540484205877,0.0,1.0,0.0,1.0,0.4844115354637566,0.6150627615062758,0.9820902289730222,1.0,1.0,0.0,0.0,0.0,0.0,0.0,0.0,0.0,0.0,1.0,0.0,0.0,0.0,1.0,0.0,0.0,0.0,0.0,0.0,1.0,0.0,0.0,1.0,1.0,0.0
3801,0.19753086419753085,1.0,0.0,0.0,0.5555555555555556,0.25,0.703921238889424,0.02631578947368421,1.0,0.0,1.0,0.4844115354637566,0.6150627615062758,0.9820902289730222,1.0,1.0,0.0,0.0,0.0,0.0,0.0,0.0,0.0,0.0,1.0,0.0,0.0,0.0,1.0,0.0,0.0,0.0,0.0,0.0,1.0,0.0,0.0,0.0,1.0,0.0
3802,0.1728395061728395,1.0,0.0,0.0,0.5555555555555556,0.25,0.6075603701023119,0.02631578947368421,1.0,0.0,1.0,0.4844115354637566,0.6150627615062758,0.9820902289730222,1.0,0.0,0.0,0.0,0.0,0.0,0.0,0.0,0.0,0.0,0.0,1.0,0.0,0.0,1.0,0.0,0.0,0.0,0.0,0.0,0.0,1.0,0.0,0.0,1.0,0.0
3803,0.1728395061728395,0.0,0.0,0.0,0.5555555555555556,0.25,0.7329236164515708,0.0,1.0,0.0,1.0,0.4844115354637566,0.6150627615062758,0.9820902289730222,1.0,1.0,0.0,0.0,0.0,0.0,0.0,0.0,0.0,0.0,0.0,0.0,0.0,0.0,1.0,0.0,0.0,0.0,0.0,0.0,0.0,1.0,0.0,0.0,1.0,0.0
3804,0.34567901234567905,0.5,0.5,0.0,0.5555555555555556,0.25,0.5474693214896542,0.0,1.0,0.0,1.0,0.4844115354637566,0.6150627615062758,0.9820902289730222,1.0,0.0,0.0,0.0,0.0,0.0,0.0,1.0,0.0,0.0,0.0,0.0,0.0,1.0,0.0,0.0,0.0,0.0,0.0,0.0,0.0,0.0,0.0,1.0,1.0,0.0
3805,0.419753086419753,0.0,1.0,0.0,0.5555555555555556,0.25,0.6278820898893921,0.0,1.0,0.0,1.0,0.4844115354637566,0.6150627615062758,0.9820902289730222,1.0,0.0,0.0,0.0,0.0,0.0,0.0,0.0,0.0,0.0,0.0,0.0,0.0,0.0,0.0,0.0,0.0,0.0,0.0,0.0,1.0,0.0,0.0,0.0,1.0,0.0
3806,0.2222222222222222,0.0,0.0,0.0,0.5555555555555556,0.25,0.5902084636135368,0.0,1.0,0.0,1.0,0.4844115354637566,0.6150627615062758,0.9820902289730222,1.0,0.0,0.0,0.0,0.0,0.0,0.0,0.0,0.0,0.0,1.0,0.0,0.0,1.0,0.0,0.0,0.0,0.0,1.0,0.0,0.0,0.0,0.0,0.0,1.0,0.0
3807,0.18518518518518517,1.0,0.0,0.0,0.5555555555555556,0.25,0.5529417104829256,0.0,1.0,0.0,1.0,0.4844115354637566,0.6150627615062758,0.9820902289730222,1.0,0.0,0.0,0.0,0.0,0.0,0.0,0.0,0.0,0.0,1.0,0.0,0.0,1.0,0.0,0.0,0.0,0.0,1.0,0.0,0.0,0.0,0.0,0.0,1.0,0.0
3808,0.2222222222222222,1.0,0.0,0.0,0.5555555555555556,0.25,0.7160186548839563,0.05263157894736842,1.0,0.0,1.0,0.4844115354637566,0.6150627615062758,0.9820902289730222,1.0,1.0,0.0,0.0,0.0,0.0,0.0,0.0,0.0,0.0,1.0,0.0,0.0,0.0,1.0,0.0,0.0,0.0,0.0,0.0,0.0,1.0,0.0,0.0,1.0,0.0
3809,0.19753086419753085,0.0,0.0,0.0,0.5555555555555556,0.25,0.5725931427044147,0.02631578947368421,1.0,0.0,1.0,0.4844115354637566,0.6150627615062758,0.9820902289730222,1.0,0.0,0.0,0.0,0.0,0.0,0.0,0.0,0.0,0.0,1.0,0.0,0.0,1.0,0.0,0.0,0.0,0.0,0.0,0.0,1.0,0.0,0.0,0.0,1.0,0.0
3810,0.29629629629629634,0.0,0.0,0.0,0.5555555555555556,0.25,0.5743891340707834,0.0,1.0,0.0,1.0,0.4844115354637566,0.6150627615062758,0.9820902289730222,1.0,0.0,0.0,0.0,0.0,0.0,0.0,0.0,0.0,0.0,1.0,0.0,0.0,1.0,0.0,0.0,0.0,0.0,0.0,0.0,1.0,0.0,0.0,0.0,1.0,0.0
3811,0.3333333333333333,1.0,0.0,0.0,0.5555555555555556,0.25,0.5955391234938983,0.05263157894736842,1.0,0.0,1.0,0.4844115354637566,0.6150627615062758,0.9820902289730222,1.0,0.0,0.0,0.0,0.0,0.0,0.0,0.0,1.0,0.0,0.0,0.0,0.0,1.0,0.0,0.0,0.0,0.0,1.0,0.0,0.0,0.0,0.0,1.0,1.0,0.0
3812,0.2345679012345679,0.0,0.0,0.0,0.5555555555555556,0.25,0.6407277649233879,0.02631578947368421,1.0,0.0,1.0,0.4844115354637566,0.6150627615062758,0.9820902289730222,1.0,0.0,0.0,0.0,0.0,1.0,0.0,0.0,0.0,0.0,0.0,0.0,0.0,1.0,0.0,0.0,0.0,0.0,0.0,0.0,0.0,1.0,0.0,0.0,1.0,0.0
3813,0.38271604938271603,1.0,0.0,0.0,0.5555555555555556,0.25,0.8322643533960584,0.02631578947368421,1.0,0.0,1.0,0.4844115354637566,0.6150627615062758,0.9820902289730222,1.0,1.0,0.0,0.0,0.0,0.0,0.0,0.0,0.0,0.0,0.0,0.0,0.0,1.0,0.0,0.0,0.0,1.0,0.0,0.0,0.0,0.0,0.0,0.0,1.0,0.0
3814,0.4444444444444445,1.0,0.0,0.0,0.5555555555555556,0.25,0.8273875866853349,0.05263157894736842,1.0,0.0,1.0,0.4844115354637566,0.6150627615062758,0.9820902289730222,1.0,1.0,0.0,0.0,0.0,1.0,0.0,0.0,0.0,0.0,0.0,0.0,0.0,1.0,0.0,0.0,0.0,0.0,0.0,0.0,0.0,1.0,0.0,0.0,1.0,0.0
3815,0.19753086419753085,0.0,1.0,0.0,0.5555555555555556,0.25,0.5047088377203057,0.02631578947368421,1.0,0.0,1.0,0.4844115354637566,0.6150627615062758,0.9820902289730222,1.0,0.0,0.0,0.0,0.0,0.0,0.0,0.0,0.0,0.0,0.0,0.0,0.0,1.0,0.0,0.0,0.0,0.0,0.0,0.0,0.0,1.0,0.0,0.0,1.0,0.0
3816,0.3209876543209876,0.0,0.0,0.0,0.5555555555555556,0.25,0.8036778789622832,0.02631578947368421,1.0,0.0,1.0,0.4844115354637566,0.6150627615062758,0.9820902289730222,1.0,1.0,0.0,0.0,0.0,0.0,0.0,0.0,0.0,0.0,1.0,0.0,0.0,1.0,0.0,0.0,0.0,0.0,0.0,0.0,1.0,0.0,0.0,1.0,1.0,0.0
3817,0.19753086419753085,0.0,1.0,0.0,0.5555555555555556,0.25,0.7501272277432902,0.0,1.0,0.0,1.0,0.4844115354637566,0.6150627615062758,0.9820902289730222,1.0,1.0,0.0,0.0,0.0,0.0,0.0,0.0,0.0,0.0,1.0,0.0,0.0,1.0,0.0,0.0,0.0,0.0,0.0,0.0,1.0,0.0,0.0,0.0,1.0,0.0
3818,0.2222222222222222,0.5,0.5,0.0,0.5555555555555556,0.25,0.7701320804432977,0.0,1.0,0.0,1.0,0.4844115354637566,0.6150627615062758,0.9820902289730222,1.0,1.0,0.0,0.0,0.0,1.0,0.0,0.0,0.0,0.0,0.0,0.0,0.0,1.0,0.0,0.0,0.0,0.0,0.0,0.0,0.0,1.0,0.0,0.0,1.0,0.0
3819,0.14814814814814814,1.0,1.0,0.0,0.5555555555555556,0.25,0.5601990426951532,0.02631578947368421,1.0,0.0,1.0,0.4844115354637566,0.6150627615062758,0.9820902289730222,1.0,0.0,0.0,0.0,0.0,1.0,0.0,0.0,0.0,0.0,0.0,0.0,0.0,1.0,0.0,0.0,0.0,0.0,0.0,0.0,0.0,1.0,0.0,0.0,1.0,0.0
3820,0.18518518518518517,1.0,0.0,0.0,0.5555555555555556,0.25,0.7611934669171702,0.07894736842105263,1.0,0.0,1.0,0.4844115354637566,0.6150627615062758,0.9820902289730222,1.0,1.0,0.0,0.0,0.0,0.0,0.0,0.0,0.0,0.0,1.0,0.0,0.0,0.0,1.0,0.0,0.0,0.0,0.0,0.0,0.0,1.0,0.0,0.0,1.0,0.0
3821,0.18518518518518517,1.0,0.0,0.0,0.5555555555555556,0.25,0.7247745442978097,0.05263157894736842,1.0,0.0,1.0,0.4844115354637566,0.6150627615062758,0.9820902289730222,1.0,1.0,0.0,0.0,0.0,0.0,0.0,0.0,0.0,0.0,1.0,0.0,0.0,0.0,1.0,0.0,0.0,0.0,0.0,0.0,1.0,0.0,0.0,0.0,1.0,0.0
3822,0.1728395061728395,1.0,1.0,0.0,0.5555555555555556,0.25,0.7443877894878045,0.02631578947368421,1.0,0.0,1.0,0.4844115354637566,0.6150627615062758,0.9820902289730222,1.0,1.0,0.0,0.0,0.0,0.0,0.0,0.0,0.0,0.0,1.0,0.0,0.0,0.0,1.0,0.0,0.0,0.0,1.0,0.0,0.0,0.0,0.0,0.0,1.0,0.0
3823,0.18518518518518517,0.0,0.0,0.0,0.5555555555555556,0.25,0.6563723521677338,0.2894736842105263,1.0,0.0,1.0,0.4844115354637566,0.6150627615062758,0.9820902289730222,1.0,0.0,0.0,0.0,0.0,0.0,0.0,0.0,0.0,0.0,1.0,0.0,0.0,0.0,1.0,0.0,0.0,0.0,0.0,0.0,0.0,1.0,0.0,0.0,1.0,0.0
3824,0.18518518518518517,0.0,1.0,0.0,0.5555555555555556,0.25,0.8230556727630015,0.07894736842105263,1.0,0.0,1.0,0.4844115354637566,0.6150627615062758,0.9820902289730222,1.0,1.0,0.0,0.0,0.0,0.0,0.0,0.0,0.0,0.0,1.0,0.0,0.0,0.0,1.0,0.0,0.0,0.0,0.0,0.0,0.0,1.0,0.0,0.0,1.0,0.0
3825,0.2345679012345679,1.0,0.0,0.0,0.5555555555555556,0.25,0.8474611788833986,0.15789473684210525,1.0,0.0,1.0,0.4844115354637566,0.6150627615062758,0.9820902289730222,1.0,1.0,0.0,0.0,0.0,0.0,0.0,0.0,0.0,0.0,0.0,0.0,0.0,0.0,1.0,0.0,0.0,0.0,0.0,0.0,0.0,1.0,0.0,0.0,1.0,0.0
3826,0.1728395061728395,1.0,0.0,0.0,0.5555555555555556,0.25,0.8441797746187297,0.05263157894736842,1.0,0.0,1.0,0.4844115354637566,0.6150627615062758,0.9820902289730222,1.0,1.0,0.0,0.0,0.0,0.0,0.0,0.0,1.0,0.0,0.0,0.0,0.0,0.0,1.0,0.0,0.0,0.0,0.0,0.0,0.0,1.0,0.0,1.0,1.0,0.0
3827,0.29629629629629634,1.0,0.0,0.0,0.5555555555555556,0.25,0.8474611788833986,0.0,1.0,0.0,1.0,0.4844115354637566,0.6150627615062758,0.9820902289730222,1.0,1.0,0.0,0.0,0.0,0.0,0.0,0.0,0.0,0.0,1.0,0.0,0.0,1.0,0.0,0.0,0.0,0.0,0.0,0.0,1.0,0.0,0.0,0.0,1.0,0.0
3828,0.35802469135802467,1.0,0.0,0.0,0.5555555555555556,0.25,0.8100981792046431,0.0,1.0,0.0,1.0,0.4844115354637566,0.6150627615062758,0.9820902289730222,1.0,1.0,1.0,0.0,0.0,0.0,0.0,0.0,0.0,0.0,0.0,0.0,0.0,1.0,0.0,0.0,0.0,0.0,0.0,0.0,0.0,0.0,0.0,1.0,1.0,0.0
3829,0.35802469135802467,1.0,0.0,0.0,0.5555555555555556,0.25,0.44244933785391355,0.07894736842105263,1.0,0.0,1.0,0.4844115354637566,0.6150627615062758,0.9820902289730222,1.0,0.0,1.0,0.0,0.0,0.0,0.0,0.0,0.0,0.0,0.0,0.0,0.0,1.0,0.0,0.0,0.0,0.0,0.0,0.0,0.0,0.0,0.0,1.0,1.0,0.0
3830,0.18518518518518517,0.0,0.0,0.0,0.5555555555555556,0.25,0.7141321401199037,0.05263157894736842,1.0,0.0,1.0,0.4844115354637566,0.6150627615062758,0.9820902289730222,1.0,1.0,0.0,0.0,0.0,0.0,0.0,0.0,0.0,0.0,1.0,0.0,0.0,0.0,1.0,0.0,0.0,0.0,0.0,0.0,0.0,1.0,0.0,0.0,1.0,0.0
3831,0.2839506172839506,0.0,1.0,0.0,0.5555555555555556,0.25,0.7199621017730734,0.05263157894736842,1.0,0.0,1.0,0.4844115354637566,0.6150627615062758,0.9820902289730222,1.0,0.0,0.0,0.0,0.0,1.0,0.0,0.0,0.0,0.0,0.0,0.0,0.0,1.0,0.0,0.0,0.0,0.0,0.0,0.0,0.0,1.0,0.0,0.0,1.0,0.0
3832,0.18518518518518517,0.0,0.0,0.0,0.5555555555555556,0.25,0.8689086024712565,0.0,1.0,0.0,1.0,0.4844115354637566,0.6150627615062758,0.9820902289730222,1.0,1.0,0.0,0.0,0.0,0.0,0.0,0.0,0.0,0.0,0.0,0.0,0.0,0.0,1.0,0.0,0.0,0.0,0.0,0.0,0.0,1.0,0.0,0.0,1.0,0.0
3833,0.20987654320987653,0.0,0.0,0.0,0.5555555555555556,0.25,0.5787626916748434,0.02631578947368421,1.0,0.0,1.0,0.4844115354637566,0.6150627615062758,0.9820902289730222,1.0,0.0,0.0,0.0,0.0,0.0,0.0,0.0,0.0,0.0,1.0,0.0,0.0,0.0,1.0,0.0,0.0,0.0,0.0,0.0,0.0,1.0,0.0,0.0,1.0,0.0
3834,0.35802469135802467,1.0,0.0,0.0,0.5555555555555556,0.25,0.6509210996671051,0.05263157894736842,1.0,0.0,1.0,0.4844115354637566,0.6150627615062758,0.9820902289730222,1.0,0.0,0.0,0.0,0.0,0.0,0.0,0.0,0.0,0.0,0.0,0.0,0.0,1.0,0.0,0.0,0.0,0.0,1.0,0.0,0.0,0.0,0.0,0.0,1.0,0.0
3835,0.18518518518518517,1.0,0.0,0.0,0.5555555555555556,0.25,0.6360734596286551,0.02631578947368421,1.0,0.0,1.0,0.4844115354637566,0.6150627615062758,0.9820902289730222,1.0,0.0,0.0,0.0,0.0,0.0,0.0,0.0,0.0,0.0,1.0,0.0,0.0,0.0,1.0,0.0,0.0,0.0,1.0,0.0,0.0,0.0,0.0,0.0,1.0,0.0
3836,0.19753086419753085,1.0,0.0,0.0,0.5555555555555556,0.25,0.7646034201504672,0.05263157894736842,1.0,0.0,1.0,0.4844115354637566,0.6150627615062758,0.9820902289730222,1.0,1.0,0.0,0.0,0.0,0.0,0.0,0.0,0.0,0.0,1.0,0.0,0.0,1.0,0.0,0.0,0.0,0.0,0.0,0.0,0.0,1.0,0.0,0.0,1.0,0.0
3837,0.34567901234567905,1.0,0.0,0.0,0.5555555555555556,0.25,0.8774804460010965,0.07894736842105263,1.0,0.0,1.0,0.4844115354637566,0.6150627615062758,0.9820902289730222,1.0,1.0,0.0,0.0,0.0,1.0,0.0,0.0,0.0,0.0,0.0,0.0,0.0,1.0,0.0,0.0,0.0,0.0,0.0,0.0,0.0,1.0,0.0,0.0,1.0,0.0
3838,0.48148148148148145,1.0,0.0,0.0,0.5555555555555556,0.25,0.6102189047082401,0.18421052631578946,1.0,0.0,1.0,0.4844115354637566,0.6150627615062758,0.9820902289730222,1.0,0.0,1.0,0.0,0.0,0.0,0.0,0.0,0.0,0.0,0.0,0.0,0.0,1.0,0.0,0.0,0.0,0.0,0.0,0.0,0.0,0.0,1.0,0.0,1.0,0.0
3839,0.19753086419753085,1.0,0.0,0.0,0.5555555555555556,0.25,0.8054411797427915,0.23684210526315788,1.0,0.0,1.0,0.4844115354637566,0.6150627615062758,0.9820902289730222,1.0,1.0,0.0,0.0,0.0,0.0,0.0,0.0,0.0,0.0,1.0,0.0,0.0,1.0,0.0,0.0,0.0,0.0,0.0,0.0,1.0,0.0,0.0,0.0,1.0,0.0
3840,0.18518518518518517,1.0,0.0,0.0,0.5555555555555556,0.25,0.7859033388293614,0.07894736842105263,1.0,0.0,1.0,0.4844115354637566,0.6150627615062758,0.9820902289730222,1.0,1.0,0.0,0.0,0.0,0.0,0.0,0.0,0.0,0.0,1.0,0.0,0.0,1.0,0.0,0.0,0.0,0.0,0.0,0.0,1.0,0.0,0.0,1.0,1.0,0.0
3841,0.3703703703703703,0.0,0.0,0.0,0.5555555555555556,0.25,0.6261730746079361,0.13157894736842105,1.0,0.0,1.0,0.4844115354637566,0.6150627615062758,0.9820902289730222,1.0,0.0,0.0,0.0,0.0,0.0,0.0,0.0,0.0,0.0,0.0,0.0,0.0,0.0,0.0,0.0,0.0,0.0,1.0,0.0,0.0,0.0,0.0,0.0,1.0,0.0
3842,0.35802469135802467,0.0,0.0,0.0,0.5555555555555556,0.25,0.5212197964741162,0.02631578947368421,1.0,0.0,1.0,0.4844115354637566,0.6150627615062758,0.9820902289730222,1.0,0.0,1.0,0.0,0.0,0.0,0.0,0.0,0.0,0.0,0.0,0.0,0.0,1.0,0.0,0.0,0.0,0.0,0.0,0.0,0.0,0.0,0.0,1.0,1.0,0.0
3843,0.2222222222222222,1.0,1.0,0.0,0.5555555555555556,0.5,0.6447157790225418,0.0,1.0,0.0,1.0,0.4844115354637566,0.6150627615062758,0.9818635230106552,1.0,0.0,0.0,0.0,0.0,1.0,0.0,0.0,0.0,0.0,0.0,0.0,0.0,1.0,0.0,0.0,0.0,0.0,0.0,0.0,0.0,1.0,0.0,0.0,1.0,0.0
3844,0.4938271604938272,0.0,0.0,0.0,0.5555555555555556,0.5,0.5813108450867737,0.0,1.0,0.0,1.0,0.4844115354637566,0.6150627615062758,0.9818635230106552,1.0,0.0,0.0,0.0,0.0,0.0,0.0,1.0,0.0,0.0,0.0,0.0,0.0,1.0,0.0,0.0,0.0,1.0,0.0,0.0,0.0,0.0,0.0,0.0,1.0,0.0
3845,0.20987654320987653,1.0,0.0,0.0,0.5555555555555556,0.5,0.6273151724090865,0.0,1.0,0.0,1.0,0.4844115354637566,0.6150627615062758,0.9818635230106552,1.0,0.0,0.0,0.0,0.0,0.0,0.0,0.0,0.0,0.0,0.0,0.0,0.0,1.0,0.0,0.0,0.0,0.0,0.0,0.0,0.0,1.0,0.0,1.0,1.0,0.0
3846,0.19753086419753085,0.0,0.0,0.0,0.5555555555555556,0.5,0.6778197757555917,0.0,1.0,0.0,1.0,0.4844115354637566,0.6150627615062758,0.9818635230106552,1.0,0.0,0.0,0.0,0.0,0.0,0.0,0.0,0.0,0.0,1.0,0.0,0.0,0.0,1.0,0.0,0.0,0.0,0.0,0.0,0.0,1.0,0.0,0.0,1.0,0.0
3847,0.2222222222222222,1.0,1.0,0.0,0.5555555555555556,0.5,0.5752769507338984,0.0,1.0,0.0,1.0,0.4844115354637566,0.6150627615062758,0.9818635230106552,1.0,0.0,0.0,0.0,0.0,0.0,0.0,0.0,0.0,0.0,0.0,0.0,0.0,0.0,1.0,0.0,0.0,0.0,0.0,0.0,0.0,1.0,0.0,0.0,1.0,0.0
3848,0.18518518518518517,1.0,0.0,0.0,0.5555555555555556,0.5,0.884516329273224,0.0,1.0,0.0,1.0,0.4844115354637566,0.6150627615062758,0.9818635230106552,1.0,1.0,0.0,0.0,0.0,0.0,0.0,0.0,0.0,0.0,0.0,0.0,0.0,1.0,0.0,0.0,0.0,0.0,0.0,0.0,0.0,1.0,0.0,0.0,1.0,0.0
3849,0.1728395061728395,0.0,0.0,0.0,0.5555555555555556,0.5,0.6725234082667859,0.0,1.0,0.0,1.0,0.4844115354637566,0.6150627615062758,0.9818635230106552,1.0,0.0,0.0,0.0,0.0,0.0,0.0,0.0,0.0,0.0,1.0,0.0,0.0,0.0,1.0,0.0,0.0,0.0,1.0,0.0,0.0,0.0,0.0,0.0,1.0,0.0
3850,0.34567901234567905,1.0,0.0,0.0,0.5555555555555556,0.5,0.809011751425584,0.0,1.0,0.0,1.0,0.4844115354637566,0.6150627615062758,0.9818635230106552,1.0,1.0,1.0,0.0,0.0,0.0,0.0,0.0,0.0,0.0,0.0,0.0,0.0,1.0,0.0,0.0,0.0,0.0,1.0,0.0,0.0,0.0,0.0,1.0,1.0,0.0
3851,0.18518518518518517,0.0,0.0,0.0,0.5555555555555556,0.5,0.7898224539560067,0.0,1.0,0.0,1.0,0.4844115354637566,0.6150627615062758,0.9818635230106552,1.0,1.0,0.0,0.0,0.0,0.0,0.0,0.0,0.0,0.0,0.0,0.0,0.0,0.0,1.0,0.0,0.0,0.0,0.0,0.0,0.0,1.0,0.0,0.0,1.0,0.0
3852,0.19753086419753085,0.0,0.0,0.0,0.5555555555555556,0.5,0.7713076020689337,0.0,1.0,0.0,1.0,0.4844115354637566,0.6150627615062758,0.9818635230106552,1.0,1.0,0.0,0.0,0.0,0.0,0.0,0.0,0.0,0.0,1.0,0.0,0.0,1.0,0.0,0.0,0.0,0.0,1.0,0.0,0.0,0.0,0.0,0.0,1.0,0.0
3853,0.3209876543209876,0.0,0.0,1.0,0.5555555555555556,0.5,0.7561711246597944,0.18421052631578946,1.0,0.0,1.0,0.4844115354637566,0.6150627615062758,0.9818635230106552,1.0,1.0,0.0,0.0,0.0,0.0,0.0,0.0,0.0,0.0,0.0,0.0,0.0,1.0,0.0,0.0,0.0,0.0,0.0,0.0,0.0,1.0,0.0,0.0,1.0,0.0
3854,0.3703703703703703,1.0,0.0,0.0,0.5555555555555556,0.5,0.695953314020339,0.07894736842105263,1.0,0.0,1.0,0.4844115354637566,0.6150627615062758,0.9818635230106552,1.0,0.0,0.0,0.0,0.0,0.0,0.0,0.0,1.0,0.0,0.0,0.0,0.0,1.0,0.0,0.0,0.0,0.0,1.0,0.0,0.0,0.0,0.0,1.0,1.0,0.0
3855,0.1728395061728395,1.0,0.0,0.0,0.5555555555555556,0.5,0.4735228478707203,0.05263157894736842,1.0,0.0,1.0,0.4844115354637566,0.6150627615062758,0.9818635230106552,1.0,0.0,0.0,0.0,0.0,0.0,0.0,0.0,1.0,0.0,0.0,0.0,0.0,0.0,1.0,0.0,0.0,0.0,0.0,0.0,0.0,1.0,0.0,1.0,1.0,0.0
3856,0.2222222222222222,1.0,0.0,0.0,0.5555555555555556,0.5,0.7202203568701819,0.0,1.0,0.0,1.0,0.4844115354637566,0.6150627615062758,0.9818635230106552,1.0,1.0,0.0,0.0,0.0,0.0,0.0,0.0,0.0,0.0,1.0,0.0,0.0,1.0,0.0,0.0,0.0,0.0,0.0,0.0,0.0,1.0,0.0,0.0,1.0,0.0
3857,0.43209876543209874,0.0,0.0,0.0,0.5555555555555556,0.5,0.5813108450867737,0.0,1.0,0.0,1.0,0.4844115354637566,0.6150627615062758,0.9818635230106552,1.0,0.0,0.0,0.0,0.0,0.0,0.0,0.0,0.0,0.0,0.0,0.0,0.0,1.0,0.0,0.0,0.0,0.0,1.0,0.0,0.0,0.0,0.0,0.0,1.0,0.0
3858,0.25925925925925924,0.0,1.0,0.0,0.5555555555555556,0.5,0.5507832068127649,0.0,1.0,0.0,1.0,0.4844115354637566,0.6150627615062758,0.9818635230106552,1.0,0.0,0.0,0.0,0.0,1.0,0.0,0.0,0.0,0.0,0.0,0.0,0.0,1.0,0.0,0.0,0.0,0.0,0.0,0.0,0.0,1.0,0.0,1.0,1.0,0.0
3859,0.4938271604938272,0.0,0.0,0.0,0.5555555555555556,0.5,0.7930609690008567,0.07894736842105263,1.0,0.0,1.0,0.4844115354637566,0.6150627615062758,0.9818635230106552,1.0,1.0,0.0,0.0,0.0,0.0,0.0,0.0,0.0,0.0,0.0,0.0,0.0,1.0,0.0,0.0,0.0,0.0,0.0,0.0,0.0,1.0,0.0,1.0,1.0,0.0
3860,0.38271604938271603,1.0,0.0,0.0,0.5555555555555556,0.5,0.4776508205223571,0.0,1.0,0.0,1.0,0.4844115354637566,0.6150627615062758,0.9818635230106552,1.0,0.0,0.0,0.0,0.0,0.0,0.0,0.0,0.0,0.0,0.0,1.0,0.0,1.0,0.0,0.0,0.0,0.0,0.0,0.0,0.0,0.0,0.0,1.0,1.0,0.0
3861,0.2839506172839506,1.0,0.0,0.0,0.5555555555555556,0.5,0.6190773470668909,0.0,1.0,0.0,1.0,0.4844115354637566,0.6150627615062758,0.9818635230106552,1.0,0.0,0.0,0.0,0.0,0.0,0.0,0.0,0.0,0.0,1.0,0.0,0.0,1.0,0.0,0.0,0.0,0.0,0.0,0.0,1.0,0.0,0.0,1.0,1.0,0.0
3862,0.18518518518518517,1.0,0.0,0.0,0.5555555555555556,0.5,0.5970188304191458,0.0,1.0,0.0,1.0,0.4844115354637566,0.6150627615062758,0.9818635230106552,1.0,0.0,0.0,0.0,0.0,0.0,0.0,0.0,0.0,0.0,1.0,0.0,0.0,1.0,0.0,0.0,0.0,0.0,0.0,0.0,1.0,0.0,0.0,0.0,1.0,0.0
3863,0.4938271604938272,1.0,0.0,0.0,0.5555555555555556,0.5,0.5253477691257531,0.02631578947368421,1.0,0.0,1.0,0.4844115354637566,0.6150627615062758,0.9818635230106552,1.0,0.0,0.0,0.0,0.0,0.0,0.0,0.0,0.0,0.0,0.0,0.0,0.0,0.0,1.0,0.0,0.0,0.0,0.0,0.0,0.0,1.0,0.0,1.0,1.0,0.0
3864,0.20987654320987653,1.0,0.0,0.0,0.5555555555555556,0.5,0.5429003918915096,0.0,1.0,0.0,1.0,0.4844115354637566,0.6150627615062758,0.9818635230106552,1.0,0.0,0.0,0.0,0.0,0.0,0.0,0.0,0.0,0.0,0.0,0.0,0.0,0.0,1.0,0.0,0.0,0.0,0.0,0.0,0.0,1.0,0.0,0.0,1.0,0.0
3865,0.4074074074074074,1.0,0.0,0.0,0.5555555555555556,0.5,0.829035741834917,0.10526315789473684,1.0,0.0,1.0,0.4844115354637566,0.6150627615062758,0.9818635230106552,1.0,1.0,0.0,0.0,0.0,0.0,0.0,0.0,0.0,0.0,0.0,0.0,0.0,1.0,0.0,0.0,0.0,0.0,0.0,0.0,0.0,1.0,0.0,0.0,1.0,0.0
3866,0.19753086419753085,1.0,0.0,1.0,0.5555555555555556,0.5,0.7903921168101173,0.0,1.0,0.0,1.0,0.4844115354637566,0.6150627615062758,0.9818635230106552,1.0,1.0,0.0,0.0,0.0,0.0,0.0,0.0,0.0,0.0,1.0,0.0,0.0,0.0,1.0,0.0,0.0,0.0,0.0,0.0,0.0,1.0,0.0,0.0,1.0,0.0
3867,0.3333333333333333,1.0,0.0,0.0,0.5555555555555556,0.5,0.7604628114657891,0.02631578947368421,1.0,0.0,1.0,0.4844115354637566,0.6150627615062758,0.9818635230106552,1.0,1.0,0.0,0.0,0.0,0.0,0.0,0.0,0.0,0.0,0.0,0.0,0.0,1.0,0.0,0.0,0.0,0.0,0.0,0.0,0.0,1.0,0.0,1.0,1.0,0.0
3868,0.20987654320987653,0.0,0.0,0.0,0.5555555555555556,0.5,0.48737827287699675,0.0,1.0,0.0,1.0,0.4844115354637566,0.6150627615062758,0.9818635230106552,1.0,0.0,0.0,0.0,0.0,0.0,0.0,0.0,0.0,0.0,1.0,0.0,0.0,0.0,1.0,0.0,0.0,0.0,0.0,0.0,0.0,1.0,0.0,0.0,1.0,0.0
3869,0.4938271604938272,1.0,0.0,0.0,0.5555555555555556,0.5,0.7062681526322143,0.07894736842105263,1.0,0.0,1.0,0.4844115354637566,0.6150627615062758,0.9818635230106552,1.0,1.0,0.0,0.0,0.0,0.0,0.0,0.0,0.0,0.0,0.0,0.0,0.0,0.0,1.0,0.0,0.0,0.0,0.0,0.0,0.0,1.0,0.0,1.0,1.0,0.0
3870,0.2716049382716049,1.0,1.0,0.0,0.5555555555555556,0.5,0.7633585921374992,0.13157894736842105,1.0,0.0,1.0,0.4844115354637566,0.6150627615062758,0.9818635230106552,1.0,1.0,0.0,0.0,0.0,0.0,0.0,0.0,0.0,0.0,1.0,0.0,0.0,1.0,0.0,0.0,0.0,0.0,0.0,0.0,1.0,0.0,0.0,0.0,1.0,0.0
3871,0.5308641975308641,0.0,0.0,0.0,0.5555555555555556,0.5,0.7719740919508878,0.05263157894736842,1.0,0.0,1.0,0.4844115354637566,0.6150627615062758,0.9818635230106552,1.0,1.0,0.0,0.0,0.0,0.0,1.0,0.0,0.0,0.0,0.0,0.0,0.0,1.0,0.0,0.0,0.0,1.0,0.0,0.0,0.0,0.0,0.0,1.0,1.0,0.0
3872,0.4074074074074074,1.0,0.0,0.0,0.5555555555555556,0.5,0.7768559189997053,0.02631578947368421,1.0,0.0,1.0,0.4844115354637566,0.6150627615062758,0.9818635230106552,1.0,1.0,0.0,0.0,0.0,0.0,0.0,0.0,1.0,0.0,0.0,0.0,0.0,1.0,0.0,0.0,0.0,0.0,1.0,0.0,0.0,0.0,0.0,0.0,1.0,0.0
3873,0.2222222222222222,1.0,0.0,0.0,0.5555555555555556,0.5,0.5947922311468027,0.02631578947368421,1.0,0.0,1.0,0.4844115354637566,0.6150627615062758,0.9818635230106552,1.0,0.0,0.0,0.0,0.0,0.0,0.0,0.0,0.0,0.0,1.0,0.0,0.0,0.0,1.0,0.0,0.0,0.0,0.0,0.0,1.0,0.0,0.0,0.0,1.0,0.0
3874,0.1728395061728395,1.0,0.0,0.0,0.5555555555555556,0.5,0.6978405494091722,0.02631578947368421,1.0,0.0,1.0,0.4844115354637566,0.6150627615062758,0.9818635230106552,1.0,0.0,0.0,0.0,0.0,0.0,0.0,0.0,0.0,0.0,1.0,0.0,0.0,1.0,0.0,0.0,0.0,0.0,0.0,0.0,0.0,1.0,0.0,0.0,1.0,0.0
3875,0.3333333333333333,1.0,0.0,0.0,0.5555555555555556,0.5,0.6545831899296645,0.0,1.0,0.0,1.0,0.4844115354637566,0.6150627615062758,0.9818635230106552,1.0,0.0,0.0,0.0,0.0,1.0,0.0,0.0,0.0,0.0,0.0,0.0,0.0,1.0,0.0,0.0,0.0,1.0,0.0,0.0,0.0,0.0,0.0,0.0,1.0,0.0
3876,0.35802469135802467,0.0,1.0,0.0,0.5555555555555556,0.5,0.7964828260153337,0.02631578947368421,1.0,0.0,1.0,0.4844115354637566,0.6150627615062758,0.9818635230106552,1.0,1.0,0.0,0.0,0.0,0.0,0.0,0.0,0.0,0.0,0.0,0.0,0.0,1.0,0.0,0.0,0.0,0.0,1.0,0.0,0.0,0.0,0.0,0.0,1.0,0.0
3877,0.20987654320987653,0.0,0.0,0.0,0.5555555555555556,0.5,0.6013494476505862,0.0,1.0,0.0,1.0,0.4844115354637566,0.6150627615062758,0.9818635230106552,1.0,0.0,0.0,1.0,0.0,0.0,0.0,0.0,0.0,0.0,0.0,0.0,0.0,1.0,0.0,0.0,0.0,0.0,0.0,0.0,0.0,0.0,1.0,0.0,1.0,0.0
3878,0.2839506172839506,0.0,0.0,0.0,0.5555555555555556,0.5,0.7919446128221177,0.02631578947368421,1.0,0.0,1.0,0.4844115354637566,0.6150627615062758,0.9818635230106552,1.0,1.0,0.0,0.0,0.0,1.0,0.0,0.0,0.0,0.0,0.0,0.0,0.0,1.0,0.0,0.0,0.0,0.0,1.0,0.0,0.0,0.0,0.0,0.0,1.0,0.0
3879,0.19753086419753085,0.0,0.0,1.0,0.5555555555555556,0.5,0.5154803582186305,0.07894736842105263,1.0,0.0,1.0,0.4844115354637566,0.6150627615062758,0.9818635230106552,1.0,0.0,0.0,0.0,0.0,0.0,0.0,1.0,0.0,0.0,0.0,0.0,0.0,0.0,1.0,0.0,0.0,0.0,0.0,0.0,0.0,1.0,0.0,0.0,1.0,0.0
3880,0.20987654320987653,1.0,0.0,0.0,0.5555555555555556,0.5,0.8170953941702636,0.0,1.0,0.0,1.0,0.4844115354637566,0.6150627615062758,0.9818635230106552,1.0,1.0,0.0,0.0,0.0,0.0,0.0,0.0,0.0,0.0,0.0,0.0,0.0,0.0,1.0,0.0,0.0,0.0,0.0,0.0,0.0,1.0,0.0,0.0,1.0,0.0
3881,0.43209876543209874,0.0,0.0,0.0,0.5555555555555556,0.5,0.7443877894878045,0.02631578947368421,1.0,0.0,1.0,0.4844115354637566,0.6150627615062758,0.9818635230106552,1.0,0.0,0.0,0.0,0.0,0.0,0.0,0.0,0.0,0.0,0.0,0.0,0.0,0.0,0.0,0.0,0.0,0.0,0.0,0.0,0.0,1.0,0.0,0.0,1.0,0.0
3882,0.1728395061728395,0.0,0.0,0.0,0.5555555555555556,0.5,0.5474693214896542,0.10526315789473684,1.0,0.0,1.0,0.4844115354637566,0.6150627615062758,0.9818635230106552,1.0,0.0,0.0,0.0,0.0,0.0,0.0,0.0,0.0,0.0,1.0,0.0,0.0,0.0,1.0,0.0,0.0,0.0,1.0,0.0,0.0,0.0,0.0,1.0,1.0,0.0
3883,0.3333333333333333,0.0,0.0,0.0,0.5555555555555556,0.5,0.6208918069393788,0.0,1.0,0.0,1.0,0.4844115354637566,0.6150627615062758,0.9818635230106552,1.0,0.0,1.0,0.0,0.0,0.0,0.0,0.0,0.0,0.0,0.0,0.0,0.0,1.0,0.0,0.0,1.0,0.0,0.0,0.0,0.0,0.0,0.0,0.0,1.0,0.0
3884,0.19753086419753085,1.0,0.0,0.0,0.5555555555555556,0.5,0.5550613200712357,0.0,1.0,0.0,1.0,0.4844115354637566,0.6150627615062758,0.9818635230106552,1.0,0.0,0.0,0.0,0.0,0.0,0.0,0.0,0.0,0.0,1.0,0.0,0.0,1.0,0.0,0.0,0.0,0.0,0.0,0.0,0.0,1.0,0.0,0.0,1.0,0.0
3885,0.20987654320987653,0.0,0.0,0.0,0.5555555555555556,0.5,0.6814620217929135,0.0,1.0,0.0,1.0,0.4844115354637566,0.6150627615062758,0.9818635230106552,1.0,0.0,0.0,1.0,0.0,0.0,0.0,0.0,0.0,0.0,0.0,0.0,0.0,1.0,0.0,0.0,0.0,0.0,0.0,0.0,1.0,0.0,0.0,0.0,1.0,0.0
3886,0.4567901234567901,0.0,1.0,0.0,0.5555555555555556,0.5,0.8115313155026385,0.0,1.0,0.0,1.0,0.4844115354637566,0.6150627615062758,0.9818635230106552,1.0,1.0,0.0,0.0,0.0,1.0,0.0,0.0,0.0,0.0,0.0,0.0,0.0,1.0,0.0,0.0,0.0,0.0,0.0,0.0,0.0,1.0,0.0,0.0,1.0,0.0
3887,0.38271604938271603,1.0,1.0,0.0,0.5555555555555556,0.5,0.7365715102863578,0.0,1.0,0.0,1.0,0.4844115354637566,0.6150627615062758,0.9818635230106552,1.0,0.0,0.0,0.0,0.0,0.0,0.0,0.0,0.0,0.0,0.0,0.0,0.0,1.0,0.0,0.0,0.0,0.0,0.0,0.0,0.0,1.0,0.0,1.0,1.0,0.0
3888,0.24691358024691357,1.0,0.0,0.0,0.5555555555555556,0.5,0.5854388177384106,0.0,1.0,0.0,1.0,0.4844115354637566,0.6150627615062758,0.9818635230106552,1.0,0.0,0.0,0.0,0.0,0.0,0.0,0.0,0.0,0.0,1.0,0.0,0.0,0.0,1.0,0.0,0.0,0.0,0.0,0.0,1.0,0.0,0.0,0.0,1.0,0.0
3889,0.2345679012345679,1.0,0.0,0.0,0.5555555555555556,0.5,0.7379108243682493,0.0,1.0,0.0,1.0,0.4844115354637566,0.6150627615062758,0.9818635230106552,1.0,1.0,0.0,0.0,0.0,0.0,0.0,0.0,0.0,0.0,0.0,0.0,0.0,0.0,0.0,1.0,0.0,0.0,0.0,0.0,0.0,1.0,0.0,0.0,1.0,0.0
3890,0.39506172839506176,1.0,0.0,0.0,0.5555555555555556,0.5,0.686722293807522,0.0,1.0,0.0,1.0,0.4844115354637566,0.6150627615062758,0.9818635230106552,1.0,0.0,1.0,0.0,0.0,0.0,0.0,0.0,0.0,0.0,0.0,0.0,0.0,1.0,0.0,0.0,0.0,0.0,0.0,0.0,0.0,0.0,0.0,0.0,1.0,0.0
3891,0.2716049382716049,1.0,0.0,1.0,0.5555555555555556,0.5,0.6736785908672379,0.0,1.0,0.0,1.0,0.4844115354637566,0.6150627615062758,0.9818635230106552,1.0,1.0,0.0,0.0,0.0,1.0,0.0,0.0,0.0,0.0,0.0,0.0,0.0,1.0,0.0,0.0,0.0,0.0,0.0,0.0,0.0,1.0,0.0,0.0,1.0,0.0
3892,0.16049382716049382,1.0,1.0,0.0,0.5555555555555556,0.5,0.5094464638657551,0.07894736842105263,1.0,0.0,1.0,0.4844115354637566,0.6150627615062758,0.9818635230106552,1.0,0.0,0.0,0.0,0.0,0.0,0.0,0.0,0.0,0.0,0.0,0.0,0.0,0.0,1.0,0.0,0.0,0.0,0.0,0.0,0.0,1.0,0.0,0.0,1.0,0.0
3893,0.20987654320987653,0.0,0.0,0.0,0.5555555555555556,0.5,0.8289334059002461,0.02631578947368421,1.0,0.0,1.0,0.4844115354637566,0.6150627615062758,0.9818635230106552,1.0,1.0,0.0,0.0,0.0,0.0,0.0,0.0,0.0,0.0,1.0,0.0,0.0,1.0,0.0,0.0,0.0,0.0,0.0,0.0,1.0,0.0,0.0,0.0,1.0,0.0
3894,0.14814814814814814,1.0,0.0,0.0,0.5555555555555556,0.5,0.6306764053478436,0.05263157894736842,1.0,0.0,1.0,0.4844115354637566,0.6150627615062758,0.9818635230106552,1.0,0.0,0.0,0.0,0.0,0.0,0.0,0.0,0.0,0.0,1.0,0.0,0.0,0.0,1.0,0.0,0.0,0.0,1.0,0.0,0.0,0.0,0.0,0.0,1.0,0.0
3895,0.16049382716049382,0.0,0.0,0.0,0.5555555555555556,0.5,0.599923549592398,0.02631578947368421,1.0,0.0,1.0,0.4844115354637566,0.6150627615062758,0.9818635230106552,1.0,0.0,0.0,0.0,0.0,0.0,0.0,0.0,0.0,0.0,0.0,0.0,0.0,1.0,0.0,0.0,0.0,0.0,0.0,0.0,0.0,1.0,0.0,0.0,1.0,0.0
3896,0.5185185185185184,1.0,0.0,0.0,0.5555555555555556,0.5,0.5212197964741162,0.05263157894736842,1.0,0.0,1.0,0.4844115354637566,0.6150627615062758,0.9818635230106552,1.0,0.0,0.0,0.0,0.0,0.0,1.0,0.0,0.0,0.0,0.0,0.0,0.0,1.0,0.0,0.0,0.0,0.0,0.0,0.0,0.0,1.0,0.0,1.0,1.0,0.0
3897,0.2222222222222222,1.0,0.0,0.0,0.5555555555555556,0.5,0.7394543255121515,0.05263157894736842,1.0,0.0,1.0,0.4844115354637566,0.6150627615062758,0.9818635230106552,1.0,0.0,0.0,0.0,0.0,0.0,0.0,0.0,0.0,0.0,1.0,0.0,0.0,0.0,1.0,0.0,0.0,0.0,0.0,0.0,1.0,0.0,0.0,0.0,1.0,0.0
3898,0.18518518518518517,1.0,0.0,0.0,0.5555555555555556,0.5,0.5962813035550764,0.10526315789473684,1.0,0.0,1.0,0.4844115354637566,0.6150627615062758,0.9818635230106552,1.0,0.0,0.0,0.0,0.0,0.0,0.0,0.0,0.0,0.0,1.0,0.0,0.0,0.0,1.0,0.0,0.0,0.0,0.0,0.0,0.0,1.0,0.0,0.0,1.0,0.0
3899,0.38271604938271603,0.0,0.0,0.0,0.5555555555555556,0.75,0.5183850773918827,0.0,1.0,0.0,1.0,0.4844115354637566,0.6150627615062758,0.9816368170482885,1.0,0.0,0.0,1.0,0.0,0.0,0.0,0.0,0.0,0.0,0.0,0.0,0.0,1.0,0.0,0.0,0.0,0.0,0.0,0.0,0.0,0.0,0.0,1.0,1.0,0.0
3900,0.18518518518518517,0.0,0.0,0.0,0.5555555555555556,0.75,0.6041504168690148,0.0,1.0,0.0,1.0,0.4844115354637566,0.6150627615062758,0.9816368170482885,1.0,0.0,0.0,0.0,0.0,0.0,0.0,0.0,0.0,0.0,1.0,0.0,0.0,0.0,1.0,0.0,0.0,0.0,0.0,0.0,1.0,0.0,0.0,0.0,1.0,0.0
3901,0.30864197530864196,0.0,1.0,0.0,0.5555555555555556,0.75,0.4247708684332175,0.0,1.0,0.0,1.0,0.4844115354637566,0.6150627615062758,0.9816368170482885,1.0,0.0,0.0,0.0,0.0,0.0,0.0,0.0,0.0,0.0,0.0,0.0,0.0,1.0,0.0,0.0,0.0,0.0,0.0,0.0,1.0,0.0,0.0,1.0,1.0,0.0
3902,0.1728395061728395,1.0,0.0,0.0,0.5555555555555556,0.75,0.7719740919508878,0.0,1.0,0.0,1.0,0.4844115354637566,0.6150627615062758,0.9816368170482885,1.0,1.0,0.0,0.0,0.0,0.0,0.0,0.0,0.0,0.0,1.0,0.0,0.0,1.0,0.0,0.0,0.0,0.0,0.0,0.0,1.0,0.0,0.0,0.0,1.0,0.0
3903,0.07407407407407407,1.0,0.0,0.0,0.5555555555555556,0.75,0.5266921854673875,0.0,1.0,0.0,1.0,0.4844115354637566,0.6150627615062758,0.9816368170482885,1.0,0.0,0.0,1.0,0.0,0.0,0.0,0.0,0.0,0.0,0.0,0.0,0.0,1.0,0.0,0.0,0.0,0.0,0.0,0.0,0.0,1.0,0.0,0.0,1.0,0.0
3904,0.4567901234567901,1.0,0.0,0.0,0.5555555555555556,0.75,0.6499874824690127,0.0,1.0,0.0,1.0,0.4844115354637566,0.6150627615062758,0.9816368170482885,1.0,0.0,0.0,0.0,0.0,0.0,0.0,0.0,1.0,0.0,0.0,0.0,0.0,1.0,0.0,0.0,0.0,0.0,1.0,0.0,0.0,0.0,0.0,0.0,1.0,0.0
3905,0.18518518518518517,0.0,0.0,0.0,0.5555555555555556,0.75,0.5529417104829256,0.0,1.0,0.0,1.0,0.4844115354637566,0.6150627615062758,0.9816368170482885,1.0,0.0,0.0,0.0,0.0,0.0,0.0,0.0,0.0,0.0,0.0,0.0,0.0,0.0,1.0,0.0,0.0,0.0,0.0,0.0,0.0,1.0,0.0,0.0,1.0,0.0
3906,0.1728395061728395,0.0,1.0,0.0,0.5555555555555556,0.75,0.5463436176888766,0.0,1.0,0.0,1.0,0.4844115354637566,0.6150627615062758,0.9816368170482885,1.0,0.0,0.0,0.0,0.0,0.0,0.0,0.0,0.0,0.0,0.0,0.0,0.0,0.0,1.0,0.0,0.0,0.0,0.0,0.0,0.0,1.0,0.0,1.0,1.0,0.0
3907,0.20987654320987653,1.0,0.0,0.0,0.5555555555555556,0.75,0.540547610473664,0.0,1.0,0.0,1.0,0.4844115354637566,0.6150627615062758,0.9816368170482885,1.0,0.0,0.0,0.0,0.0,0.0,0.0,0.0,0.0,0.0,0.0,0.0,0.0,0.0,1.0,0.0,0.0,0.0,0.0,0.0,0.0,1.0,0.0,0.0,1.0,0.0
3908,0.3703703703703703,1.0,0.0,0.0,0.5555555555555556,0.75,0.5507832068127649,0.0,1.0,0.0,1.0,0.4844115354637566,0.6150627615062758,0.9816368170482885,1.0,0.0,0.0,0.0,1.0,0.0,0.0,0.0,0.0,0.0,0.0,0.0,0.0,1.0,0.0,0.0,0.0,0.0,1.0,0.0,0.0,0.0,0.0,1.0,1.0,0.0
3909,0.20987654320987653,0.0,0.0,0.0,0.5555555555555556,0.75,0.6545831899296645,0.13157894736842105,1.0,0.0,1.0,0.4844115354637566,0.6150627615062758,0.9816368170482885,1.0,0.0,0.0,0.0,0.0,0.0,0.0,0.0,0.0,0.0,0.0,0.0,0.0,0.0,1.0,0.0,0.0,0.0,0.0,0.0,0.0,1.0,0.0,0.0,1.0,0.0
3910,0.3703703703703703,0.0,0.0,0.0,0.5555555555555556,0.75,0.6238550656258994,0.02631578947368421,1.0,0.0,1.0,0.4844115354637566,0.6150627615062758,0.9816368170482885,1.0,0.0,0.0,0.0,0.0,0.0,0.0,0.0,0.0,0.0,0.0,0.0,0.0,0.0,0.0,0.0,0.0,0.0,0.0,0.0,0.0,1.0,0.0,1.0,1.0,0.0
3911,0.16049382716049382,1.0,1.0,0.0,0.5555555555555556,0.75,0.5862473099208212,0.0,1.0,0.0,1.0,0.4844115354637566,0.6150627615062758,0.9816368170482885,1.0,0.0,0.0,0.0,0.0,0.0,0.0,1.0,0.0,0.0,0.0,0.0,0.0,1.0,0.0,0.0,0.0,0.0,0.0,0.0,0.0,1.0,0.0,0.0,1.0,0.0
3912,0.2345679012345679,1.0,1.0,0.0,0.5555555555555556,0.75,0.7513215034780908,0.02631578947368421,1.0,0.0,1.0,0.4844115354637566,0.6150627615062758,0.9816368170482885,1.0,1.0,0.0,0.0,0.0,0.0,0.0,1.0,0.0,0.0,0.0,0.0,0.0,1.0,0.0,0.0,0.0,1.0,0.0,0.0,0.0,0.0,0.0,1.0,1.0,0.0
3913,0.2839506172839506,1.0,0.0,0.0,0.5555555555555556,0.75,0.5829794567444476,0.0,1.0,0.0,1.0,0.4844115354637566,0.6150627615062758,0.9816368170482885,1.0,0.0,0.0,0.0,0.0,0.0,0.0,1.0,0.0,0.0,0.0,0.0,0.0,1.0,0.0,0.0,0.0,0.0,0.0,0.0,0.0,1.0,0.0,0.0,1.0,0.0
3914,0.2345679012345679,1.0,0.0,0.0,0.5555555555555556,0.75,0.8357936725954426,0.02631578947368421,1.0,0.0,1.0,0.4844115354637566,0.6150627615062758,0.9816368170482885,1.0,0.0,0.0,0.0,0.0,0.0,0.0,0.0,0.0,0.0,0.0,0.0,0.0,0.0,1.0,0.0,0.0,0.0,0.0,0.0,0.0,1.0,0.0,0.0,1.0,0.0
3915,0.20987654320987653,1.0,0.0,0.0,0.5555555555555556,0.75,0.7882415057327662,0.0,1.0,0.0,1.0,0.4844115354637566,0.6150627615062758,0.9816368170482885,1.0,1.0,0.0,0.0,0.0,0.0,0.0,0.0,0.0,0.0,1.0,0.0,0.0,0.0,1.0,0.0,0.0,0.0,0.0,0.0,0.0,1.0,0.0,0.0,1.0,0.0
3916,0.4938271604938272,1.0,0.0,0.0,0.5555555555555556,0.75,0.5331930189342876,0.0,1.0,0.0,1.0,0.4844115354637566,0.6150627615062758,0.9816368170482885,1.0,0.0,0.0,0.0,0.0,0.0,1.0,0.0,0.0,0.0,0.0,0.0,0.0,1.0,0.0,0.0,0.0,0.0,0.0,0.0,0.0,0.0,0.0,0.0,1.0,0.0
3917,0.1728395061728395,1.0,0.0,0.0,0.5555555555555556,0.75,0.5369277818064884,0.0,1.0,0.0,1.0,0.4844115354637566,0.6150627615062758,0.9816368170482885,1.0,0.0,0.0,0.0,0.0,0.0,0.0,0.0,0.0,0.0,1.0,0.0,0.0,1.0,0.0,0.0,0.0,0.0,0.0,0.0,0.0,1.0,0.0,0.0,1.0,0.0
3918,0.20987654320987653,1.0,0.0,0.0,0.5555555555555556,0.75,0.6689881961625146,0.13157894736842105,1.0,0.0,1.0,0.4844115354637566,0.6150627615062758,0.9816368170482885,1.0,0.0,0.0,0.0,0.0,1.0,0.0,0.0,0.0,0.0,0.0,0.0,0.0,1.0,0.0,0.0,0.0,0.0,0.0,0.0,0.0,1.0,0.0,0.0,1.0,0.0
3919,0.2222222222222222,1.0,0.0,0.0,0.5555555555555556,0.75,0.4648051454883613,0.05263157894736842,1.0,0.0,1.0,0.4844115354637566,0.6150627615062758,0.9816368170482885,1.0,0.0,0.0,1.0,0.0,0.0,0.0,0.0,0.0,0.0,0.0,0.0,0.0,1.0,0.0,0.0,0.0,0.0,0.0,0.0,0.0,1.0,0.0,0.0,1.0,0.0
3920,0.20987654320987653,1.0,0.0,0.0,0.5555555555555556,0.75,0.7354436478642356,0.0,1.0,0.0,1.0,0.4844115354637566,0.6150627615062758,0.9816368170482885,1.0,1.0,0.0,0.0,0.0,0.0,0.0,0.0,0.0,0.0,0.0,0.0,0.0,0.0,1.0,0.0,0.0,0.0,0.0,0.0,0.0,1.0,0.0,0.0,1.0,0.0
3921,0.16049382716049382,0.0,0.0,0.0,0.5555555555555556,0.75,0.6598710531604159,0.0,1.0,0.0,1.0,0.4844115354637566,0.6150627615062758,0.9816368170482885,1.0,0.0,0.0,0.0,0.0,0.0,0.0,0.0,0.0,0.0,0.0,0.0,0.0,0.0,1.0,0.0,0.0,0.0,0.0,0.0,0.0,1.0,0.0,1.0,1.0,0.0
3922,0.34567901234567905,0.0,0.0,0.0,0.5555555555555556,0.75,0.7324595718676206,0.0,1.0,0.0,1.0,0.4844115354637566,0.6150627615062758,0.9816368170482885,1.0,1.0,0.0,0.0,0.0,0.0,0.0,0.0,0.0,0.0,0.0,0.0,0.0,0.0,1.0,0.0,0.0,0.0,0.0,0.0,0.0,1.0,0.0,0.0,1.0,0.0
3923,0.1728395061728395,1.0,0.0,0.0,0.5555555555555556,0.75,0.6220860826741794,0.02631578947368421,1.0,0.0,1.0,0.4844115354637566,0.6150627615062758,0.9816368170482885,1.0,0.0,0.0,0.0,0.0,0.0,0.0,0.0,0.0,0.0,1.0,0.0,0.0,1.0,0.0,0.0,0.0,0.0,0.0,0.0,0.0,1.0,0.0,0.0,1.0,0.0
3924,0.2716049382716049,0.0,0.0,0.0,0.5555555555555556,0.75,0.5140006512933829,0.0,1.0,0.0,1.0,0.4844115354637566,0.6150627615062758,0.9816368170482885,1.0,0.0,0.0,0.0,0.0,0.0,0.0,0.0,0.0,0.0,0.0,0.0,0.0,0.0,0.0,0.0,0.0,0.0,0.0,0.0,0.0,1.0,0.0,0.0,1.0,0.0
3925,0.4567901234567901,1.0,0.0,0.0,0.5555555555555556,0.75,0.7913824366052906,0.21052631578947367,1.0,0.0,1.0,0.4844115354637566,0.6150627615062758,0.9816368170482885,1.0,1.0,0.0,0.0,0.0,0.0,0.0,0.0,1.0,0.0,0.0,0.0,0.0,1.0,0.0,0.0,0.0,0.0,1.0,0.0,0.0,0.0,0.0,0.0,1.0,0.0
3926,0.2345679012345679,0.0,0.0,0.0,0.5555555555555556,0.75,0.8325625415138631,0.02631578947368421,1.0,0.0,1.0,0.4844115354637566,0.6150627615062758,0.9816368170482885,1.0,1.0,0.0,0.0,0.0,0.0,0.0,1.0,0.0,0.0,0.0,0.0,0.0,1.0,0.0,0.0,0.0,1.0,0.0,0.0,0.0,0.0,0.0,1.0,1.0,0.0
3927,0.1728395061728395,1.0,1.0,1.0,0.5555555555555556,0.75,0.7704691441394828,0.0,1.0,0.0,1.0,0.4844115354637566,0.6150627615062758,0.9816368170482885,1.0,1.0,0.0,0.0,1.0,0.0,0.0,0.0,0.0,0.0,0.0,0.0,0.0,1.0,0.0,0.0,1.0,0.0,0.0,0.0,0.0,0.0,0.0,0.0,1.0,0.0
3928,0.39506172839506176,1.0,1.0,0.0,0.5555555555555556,0.75,0.2923123652049422,0.3421052631578947,1.0,0.0,1.0,0.4844115354637566,0.6150627615062758,0.9816368170482885,1.0,0.0,0.0,0.0,0.0,0.0,0.0,0.0,0.0,0.0,1.0,0.0,0.0,1.0,0.0,0.0,0.0,0.0,0.0,0.0,1.0,0.0,0.0,0.0,1.0,0.0
3929,0.16049382716049382,1.0,1.0,0.0,0.5555555555555556,0.75,0.8292401470114306,0.0,1.0,0.0,1.0,0.4844115354637566,0.6150627615062758,0.9816368170482885,1.0,1.0,0.0,0.0,0.0,0.0,0.0,0.0,0.0,0.0,0.0,0.0,0.0,1.0,0.0,0.0,0.0,0.0,1.0,0.0,0.0,0.0,0.0,1.0,1.0,0.0
3930,0.3703703703703703,0.5,0.5,0.0,0.5555555555555556,0.75,0.8371380889370769,0.02631578947368421,1.0,0.0,1.0,0.4844115354637566,0.6150627615062758,0.9816368170482885,1.0,1.0,0.0,0.0,0.0,0.0,0.0,0.0,0.0,0.0,0.0,0.0,0.0,1.0,0.0,0.0,0.0,0.0,0.0,0.0,0.0,1.0,0.0,0.0,1.0,0.0
3931,0.2222222222222222,1.0,0.0,0.0,0.5555555555555556,0.75,0.7982236169664259,0.02631578947368421,1.0,0.0,1.0,0.4844115354637566,0.6150627615062758,0.9816368170482885,1.0,1.0,0.0,0.0,0.0,0.0,0.0,1.0,0.0,0.0,0.0,0.0,0.0,1.0,0.0,0.0,0.0,0.0,0.0,0.0,0.0,1.0,0.0,0.0,1.0,0.0
3932,0.19753086419753085,0.0,0.0,0.0,0.5555555555555556,0.75,0.6620060509558884,0.02631578947368421,1.0,0.0,1.0,0.4844115354637566,0.6150627615062758,0.9816368170482885,1.0,0.0,0.0,0.0,0.0,0.0,0.0,0.0,0.0,0.0,0.0,0.0,0.0,0.0,1.0,0.0,0.0,0.0,0.0,0.0,0.0,1.0,0.0,0.0,1.0,0.0
3933,0.29629629629629634,0.0,0.0,0.0,0.5555555555555556,0.75,0.5641535377316825,0.02631578947368421,1.0,0.0,1.0,0.4844115354637566,0.6150627615062758,0.9816368170482885,1.0,0.0,0.0,0.0,0.0,0.0,0.0,0.0,0.0,0.0,0.0,0.0,0.0,0.0,0.0,0.0,0.0,0.0,0.0,0.0,0.0,1.0,0.0,1.0,1.0,0.0
3934,0.16049382716049382,1.0,0.0,0.0,0.5555555555555556,0.75,0.580467578755373,0.07894736842105263,1.0,0.0,1.0,0.4844115354637566,0.6150627615062758,0.9816368170482885,1.0,0.0,0.0,0.0,0.0,0.0,0.0,0.0,0.0,0.0,1.0,0.0,0.0,0.0,1.0,0.0,0.0,0.0,0.0,0.0,1.0,0.0,0.0,0.0,1.0,0.0
3935,0.3703703703703703,0.0,0.0,1.0,0.5555555555555556,0.75,0.7793790216096876,0.3157894736842105,1.0,0.0,1.0,0.4844115354637566,0.6150627615062758,0.9816368170482885,1.0,1.0,1.0,0.0,0.0,0.0,0.0,0.0,0.0,0.0,0.0,0.0,0.0,1.0,0.0,0.0,0.0,0.0,0.0,0.0,0.0,0.0,1.0,1.0,1.0,0.0
3936,0.4567901234567901,1.0,1.0,0.0,0.5555555555555556,0.75,0.8008524447886526,0.05263157894736842,1.0,0.0,1.0,0.4844115354637566,0.6150627615062758,0.9816368170482885,1.0,1.0,0.0,0.0,0.0,0.0,0.0,1.0,0.0,0.0,0.0,0.0,0.0,1.0,0.0,0.0,0.0,0.0,1.0,0.0,0.0,0.0,0.0,0.0,1.0,0.0
3937,0.3703703703703703,1.0,0.0,0.0,0.5555555555555556,0.75,0.6386818846696665,0.05263157894736842,1.0,0.0,1.0,0.4844115354637566,0.6150627615062758,0.9816368170482885,1.0,0.0,1.0,0.0,0.0,0.0,0.0,0.0,0.0,0.0,0.0,0.0,0.0,1.0,0.0,0.0,0.0,0.0,0.0,0.0,0.0,0.0,1.0,1.0,1.0,0.0
3938,0.419753086419753,1.0,0.0,0.0,0.5555555555555556,0.75,0.7009201794617362,0.0,1.0,0.0,1.0,0.4844115354637566,0.6150627615062758,0.9816368170482885,1.0,0.0,0.0,0.0,0.0,1.0,0.0,0.0,0.0,0.0,0.0,0.0,0.0,1.0,0.0,0.0,0.0,0.0,0.0,0.0,0.0,1.0,0.0,0.0,1.0,0.0
3939,0.25925925925925924,1.0,0.0,0.0,0.5555555555555556,0.75,0.5529417104829256,0.02631578947368421,1.0,0.0,1.0,0.4844115354637566,0.6150627615062758,0.9816368170482885,1.0,0.0,0.0,0.0,0.0,0.0,0.0,0.0,0.0,0.0,0.0,0.0,0.0,1.0,0.0,0.0,0.0,0.0,0.0,0.0,0.0,1.0,0.0,1.0,1.0,0.0
3940,0.18518518518518517,0.0,0.0,0.0,0.5555555555555556,0.75,0.6301228271521957,0.07894736842105263,1.0,0.0,1.0,0.4844115354637566,0.6150627615062758,0.9816368170482885,1.0,0.0,0.0,0.0,0.0,0.0,0.0,0.0,0.0,0.0,0.0,0.0,0.0,0.0,1.0,0.0,0.0,0.0,0.0,0.0,0.0,1.0,0.0,0.0,1.0,0.0
3941,0.2222222222222222,0.5,0.5,0.0,0.5555555555555556,0.75,0.8664040651109827,0.02631578947368421,1.0,0.0,1.0,0.4844115354637566,0.6150627615062758,0.9816368170482885,1.0,1.0,0.0,0.0,0.0,0.0,0.0,0.0,0.0,0.0,1.0,0.0,0.0,1.0,0.0,0.0,0.0,0.0,0.0,0.0,0.0,1.0,0.0,0.0,1.0,0.0
3942,0.16049382716049382,1.0,0.0,0.0,0.5555555555555556,0.0,0.7561711246597944,0.05263157894736842,1.0,0.0,1.0,0.4844115354637566,0.6150627615062758,0.9814101110859217,1.0,1.0,0.0,0.0,0.0,0.0,0.0,0.0,0.0,0.0,0.0,0.0,0.0,1.0,0.0,0.0,0.0,0.0,0.0,0.0,0.0,1.0,0.0,0.0,1.0,0.0
3943,0.2222222222222222,1.0,0.0,0.0,0.5555555555555556,0.0,0.7824586516622517,0.02631578947368421,1.0,0.0,1.0,0.4844115354637566,0.6150627615062758,0.9814101110859217,1.0,1.0,0.0,0.0,0.0,0.0,0.0,0.0,0.0,0.0,0.0,0.0,0.0,0.0,1.0,0.0,0.0,0.0,0.0,0.0,0.0,1.0,0.0,0.0,1.0,0.0
3944,0.4074074074074074,0.5,0.5,0.0,0.5555555555555556,0.0,0.7807748406829615,0.02631578947368421,1.0,0.0,1.0,0.4844115354637566,0.6150627615062758,0.9814101110859217,1.0,1.0,0.0,0.0,0.0,0.0,0.0,0.0,0.0,0.0,1.0,0.0,0.0,1.0,0.0,0.0,0.0,0.0,0.0,0.0,0.0,1.0,0.0,0.0,1.0,0.0
3945,0.2222222222222222,1.0,0.0,0.0,0.5555555555555556,0.0,0.5813108450867737,0.05263157894736842,1.0,0.0,1.0,0.4844115354637566,0.6150627615062758,0.9814101110859217,1.0,0.0,0.0,0.0,0.0,0.0,0.0,0.0,0.0,0.0,0.0,0.0,0.0,0.0,0.0,0.0,0.0,0.0,0.0,0.0,0.0,1.0,0.0,0.0,1.0,0.0
3946,0.34567901234567905,1.0,0.0,0.0,0.5555555555555556,0.0,0.7658352130756624,0.02631578947368421,1.0,0.0,1.0,0.4844115354637566,0.6150627615062758,0.9814101110859217,1.0,1.0,0.0,0.0,0.0,0.0,0.0,0.0,1.0,0.0,0.0,0.0,0.0,1.0,0.0,0.0,1.0,0.0,0.0,0.0,0.0,0.0,0.0,0.0,1.0,0.0
3947,0.19753086419753085,1.0,0.0,0.0,0.5555555555555556,0.0,0.47140323828241015,0.05263157894736842,1.0,0.0,1.0,0.4844115354637566,0.6150627615062758,0.9814101110859217,1.0,0.0,0.0,0.0,0.0,0.0,0.0,0.0,0.0,0.0,1.0,0.0,0.0,0.0,1.0,0.0,0.0,0.0,0.0,0.0,1.0,0.0,0.0,0.0,1.0,0.0
3948,0.16049382716049382,0.0,0.0,0.0,0.5555555555555556,0.0,0.7599118261517549,0.07894736842105263,1.0,0.0,1.0,0.4844115354637566,0.6150627615062758,0.9814101110859217,1.0,1.0,0.0,0.0,0.0,0.0,0.0,0.0,0.0,0.0,1.0,0.0,0.0,0.0,1.0,0.0,0.0,0.0,1.0,0.0,0.0,0.0,0.0,0.0,1.0,0.0
3949,0.2222222222222222,0.0,0.0,0.0,0.5555555555555556,0.0,0.7515193759376735,0.02631578947368421,1.0,0.0,1.0,0.4844115354637566,0.6150627615062758,0.9814101110859217,1.0,1.0,0.0,0.0,0.0,0.0,0.0,0.0,0.0,0.0,1.0,0.0,0.0,1.0,0.0,0.0,0.0,0.0,0.0,0.0,1.0,0.0,0.0,0.0,1.0,0.0
3950,0.2222222222222222,1.0,1.0,0.0,0.5555555555555556,0.0,0.7979574739807627,0.07894736842105263,1.0,0.0,1.0,0.4844115354637566,0.6150627615062758,0.9814101110859217,1.0,1.0,0.0,0.0,0.0,0.0,0.0,0.0,0.0,0.0,1.0,0.0,0.0,1.0,0.0,0.0,0.0,0.0,0.0,0.0,1.0,0.0,0.0,0.0,1.0,0.0
3951,0.38271604938271603,0.0,0.0,0.0,0.5555555555555556,0.0,0.7376886616025277,0.05263157894736842,1.0,0.0,1.0,0.4844115354637566,0.6150627615062758,0.9814101110859217,1.0,1.0,1.0,0.0,0.0,0.0,0.0,0.0,0.0,0.0,0.0,0.0,0.0,1.0,0.0,0.0,0.0,0.0,0.0,0.0,0.0,0.0,1.0,0.0,1.0,0.0
3952,0.16049382716049382,0.0,0.0,0.0,0.5555555555555556,0.0,0.5870502833422594,0.05263157894736842,1.0,0.0,1.0,0.4844115354637566,0.6150627615062758,0.9814101110859217,1.0,0.0,0.0,0.0,0.0,0.0,0.0,0.0,0.0,0.0,0.0,0.0,0.0,1.0,0.0,0.0,0.0,0.0,0.0,0.0,0.0,1.0,0.0,0.0,1.0,0.0
3953,0.1728395061728395,0.0,0.0,0.0,0.5555555555555556,0.0,0.4182339006857429,0.26315789473684215,1.0,0.0,1.0,0.4844115354637566,0.6150627615062758,0.9814101110859217,1.0,0.0,0.0,0.0,0.0,1.0,0.0,0.0,0.0,0.0,0.0,0.0,0.0,1.0,0.0,0.0,0.0,0.0,0.0,0.0,0.0,1.0,0.0,0.0,1.0,0.0
3954,0.4567901234567901,1.0,0.0,0.0,0.5555555555555556,0.0,0.5169416832156455,0.02631578947368421,1.0,0.0,1.0,0.4844115354637566,0.6150627615062758,0.9814101110859217,1.0,0.0,0.0,0.0,0.0,0.0,0.0,0.0,0.0,0.0,0.0,0.0,0.0,0.0,0.0,0.0,0.0,0.0,0.0,0.0,0.0,1.0,0.0,0.0,1.0,0.0
3955,0.19753086419753085,0.0,0.0,0.0,0.5555555555555556,0.0,0.608897147549857,0.02631578947368421,1.0,0.0,1.0,0.4844115354637566,0.6150627615062758,0.9814101110859217,1.0,0.0,0.0,0.0,0.0,0.0,0.0,0.0,0.0,0.0,1.0,0.0,0.0,0.0,1.0,0.0,0.0,0.0,0.0,0.0,1.0,0.0,0.0,0.0,1.0,0.0
3956,0.2345679012345679,0.0,0.0,0.0,0.5555555555555556,0.0,0.5253477691257531,0.07894736842105263,1.0,0.0,1.0,0.4844115354637566,0.6150627615062758,0.9814101110859217,1.0,0.0,0.0,0.0,0.0,0.0,0.0,0.0,0.0,0.0,0.0,0.0,0.0,1.0,0.0,0.0,0.0,0.0,0.0,0.0,0.0,1.0,0.0,1.0,1.0,0.0
3957,0.2222222222222222,1.0,1.0,0.0,0.5555555555555556,0.0,0.5429003918915096,0.05263157894736842,1.0,0.0,1.0,0.4844115354637566,0.6150627615062758,0.9814101110859217,1.0,0.0,0.0,0.0,0.0,0.0,0.0,0.0,0.0,0.0,0.0,0.0,0.0,0.0,1.0,0.0,0.0,0.0,0.0,0.0,0.0,1.0,0.0,0.0,1.0,0.0
3958,0.20987654320987653,0.0,1.0,0.0,0.5555555555555556,0.0,0.39198437567020483,0.2894736842105263,1.0,0.0,1.0,0.4844115354637566,0.6150627615062758,0.9814101110859217,1.0,0.0,0.0,0.0,0.0,0.0,0.0,0.0,0.0,0.0,0.0,0.0,0.0,0.0,1.0,0.0,0.0,0.0,0.0,0.0,0.0,1.0,0.0,1.0,1.0,0.0
3959,0.39506172839506176,0.0,0.0,0.0,0.5555555555555556,0.0,0.6748225397474605,0.02631578947368421,1.0,0.0,1.0,0.4844115354637566,0.6150627615062758,0.9814101110859217,1.0,1.0,0.0,0.0,0.0,0.0,0.0,0.0,1.0,0.0,0.0,0.0,0.0,1.0,0.0,0.0,0.0,0.0,0.0,0.0,0.0,0.0,0.0,1.0,1.0,0.0
3960,0.4074074074074074,1.0,0.0,0.0,0.5555555555555556,0.0,0.5571434124691511,0.02631578947368421,1.0,0.0,1.0,0.4844115354637566,0.6150627615062758,0.9814101110859217,1.0,0.0,0.0,0.0,0.0,0.0,0.0,0.0,1.0,0.0,0.0,0.0,0.0,1.0,0.0,0.0,0.0,1.0,0.0,0.0,0.0,0.0,0.0,1.0,1.0,0.0
3961,0.2222222222222222,1.0,0.0,0.0,0.5555555555555556,0.0,0.6278820898893921,0.05263157894736842,1.0,0.0,1.0,0.4844115354637566,0.6150627615062758,0.9814101110859217,1.0,0.0,0.0,0.0,0.0,0.0,0.0,0.0,0.0,0.0,1.0,0.0,0.0,1.0,0.0,0.0,0.0,0.0,0.0,0.0,1.0,0.0,0.0,0.0,1.0,0.0
3962,0.29629629629629634,1.0,0.0,0.0,0.5555555555555556,0.0,0.6427386711469765,0.02631578947368421,1.0,0.0,1.0,0.4844115354637566,0.6150627615062758,0.9814101110859217,1.0,0.0,0.0,0.0,0.0,0.0,0.0,0.0,0.0,0.0,0.0,0.0,0.0,1.0,0.0,0.0,0.0,0.0,0.0,0.0,0.0,1.0,0.0,1.0,1.0,0.0
3963,0.29629629629629634,0.0,0.0,0.0,0.5555555555555556,0.0,0.7703007330162511,0.02631578947368421,1.0,0.0,1.0,0.4844115354637566,0.6150627615062758,0.9814101110859217,1.0,1.0,0.0,0.0,0.0,0.0,0.0,0.0,0.0,0.0,1.0,0.0,0.0,1.0,0.0,0.0,0.0,0.0,1.0,0.0,0.0,0.0,0.0,0.0,1.0,0.0
3964,0.2345679012345679,1.0,0.0,0.0,0.5555555555555556,0.0,0.6632686943784747,0.0,1.0,0.0,1.0,0.4844115354637566,0.6150627615062758,0.9814101110859217,1.0,0.0,0.0,0.0,0.0,0.0,0.0,0.0,0.0,0.0,0.0,0.0,0.0,0.0,0.0,0.0,0.0,0.0,0.0,0.0,0.0,1.0,0.0,1.0,1.0,0.0
3965,0.2222222222222222,0.0,0.0,0.0,0.5555555555555556,0.0,0.5169416832156455,0.0,1.0,0.0,1.0,0.4844115354637566,0.6150627615062758,0.9814101110859217,1.0,0.0,0.0,0.0,0.0,0.0,0.0,0.0,0.0,0.0,1.0,0.0,0.0,1.0,0.0,0.0,0.0,0.0,0.0,0.0,1.0,0.0,0.0,0.0,1.0,0.0
3966,0.30864197530864196,0.0,0.0,1.0,0.5555555555555556,0.0,0.5154803582186305,0.0,1.0,0.0,1.0,0.4844115354637566,0.6150627615062758,0.9814101110859217,1.0,0.0,0.0,0.0,0.0,0.0,0.0,0.0,0.0,0.0,1.0,0.0,0.0,1.0,0.0,0.0,0.0,0.0,0.0,0.0,1.0,0.0,0.0,0.0,1.0,0.0
3967,0.2345679012345679,1.0,0.0,0.0,0.5555555555555556,0.0,0.4796617267459457,0.02631578947368421,1.0,0.0,1.0,0.4844115354637566,0.6150627615062758,0.9814101110859217,1.0,0.0,0.0,0.0,0.0,0.0,0.0,0.0,0.0,0.0,0.0,0.0,0.0,0.0,0.0,0.0,0.0,0.0,0.0,0.0,0.0,1.0,0.0,1.0,1.0,0.0
3968,0.3333333333333333,1.0,0.0,0.0,0.5555555555555556,0.0,0.5154803582186305,0.0,1.0,0.0,1.0,0.4844115354637566,0.6150627615062758,0.9814101110859217,1.0,0.0,1.0,0.0,0.0,0.0,0.0,0.0,0.0,0.0,0.0,0.0,0.0,1.0,0.0,0.0,0.0,0.0,0.0,0.0,0.0,0.0,0.0,0.0,1.0,0.0
3969,0.25925925925925924,0.0,0.0,0.0,0.5555555555555556,0.0,0.5452070373544604,0.10526315789473684,1.0,0.0,1.0,0.4844115354637566,0.6150627615062758,0.9814101110859217,1.0,0.0,0.0,0.0,0.0,0.0,0.0,0.0,0.0,0.0,1.0,0.0,0.0,0.0,0.0,0.0,0.0,0.0,0.0,0.0,0.0,1.0,0.0,1.0,1.0,0.0
3970,0.2345679012345679,1.0,0.0,0.0,0.5555555555555556,0.0,0.5440593682563573,0.0,1.0,0.0,1.0,0.4844115354637566,0.6150627615062758,0.9814101110859217,1.0,0.0,0.0,0.0,0.0,0.0,0.0,1.0,0.0,0.0,0.0,0.0,0.0,1.0,0.0,0.0,0.0,0.0,1.0,0.0,0.0,0.0,0.0,1.0,1.0,0.0
3971,0.29629629629629634,1.0,1.0,0.0,0.5555555555555556,0.0,0.5169416832156455,0.05263157894736842,1.0,0.0,1.0,0.4844115354637566,0.6150627615062758,0.9814101110859217,1.0,0.0,0.0,0.0,0.0,0.0,0.0,0.0,0.0,0.0,1.0,0.0,0.0,1.0,0.0,0.0,0.0,0.0,0.0,0.0,1.0,0.0,0.0,0.0,1.0,0.0
3972,0.1728395061728395,0.0,0.0,0.0,0.5555555555555556,0.0,0.467045882751165,0.02631578947368421,1.0,0.0,1.0,0.4844115354637566,0.6150627615062758,0.9814101110859217,1.0,0.0,0.0,0.0,0.0,0.0,0.0,0.0,0.0,0.0,0.0,0.0,0.0,0.0,1.0,0.0,0.0,0.0,1.0,0.0,0.0,0.0,0.0,0.0,1.0,0.0
3973,0.16049382716049382,1.0,1.0,0.0,0.5555555555555556,0.0,0.5078883596370491,0.02631578947368421,1.0,0.0,1.0,0.4844115354637566,0.6150627615062758,0.9814101110859217,1.0,0.0,0.0,0.0,0.0,0.0,0.0,0.0,0.0,0.0,1.0,0.0,0.0,0.0,1.0,0.0,0.0,0.0,0.0,0.0,1.0,0.0,0.0,1.0,1.0,0.0
3974,0.2839506172839506,0.0,0.0,0.0,0.5555555555555556,0.0,0.5169416832156455,0.15789473684210525,1.0,0.0,1.0,0.4844115354637566,0.6150627615062758,0.9814101110859217,1.0,0.0,0.0,0.0,0.0,0.0,0.0,0.0,0.0,0.0,1.0,0.0,0.0,1.0,0.0,0.0,0.0,0.0,0.0,0.0,1.0,0.0,0.0,0.0,1.0,0.0
3975,0.4567901234567901,1.0,0.0,0.0,0.5555555555555556,0.0,0.8074245379915943,0.0,1.0,0.0,1.0,0.4844115354637566,0.6150627615062758,0.9814101110859217,1.0,1.0,1.0,0.0,0.0,0.0,0.0,0.0,0.0,0.0,0.0,0.0,0.0,1.0,0.0,0.0,0.0,1.0,0.0,0.0,0.0,0.0,0.0,0.0,1.0,0.0
3976,0.3703703703703703,1.0,0.0,0.0,0.5555555555555556,0.0,0.5094464638657551,0.0,1.0,0.0,1.0,0.4844115354637566,0.6150627615062758,0.9814101110859217,1.0,0.0,0.0,0.0,0.0,0.0,0.0,0.0,0.0,0.0,0.0,0.0,0.0,1.0,0.0,0.0,0.0,0.0,0.0,0.0,0.0,1.0,0.0,0.0,1.0,0.0
3977,0.2222222222222222,1.0,0.0,0.0,0.5555555555555556,0.0,0.7418396360758742,0.13157894736842105,1.0,0.0,1.0,0.4844115354637566,0.6150627615062758,0.9814101110859217,1.0,0.0,0.0,0.0,0.0,0.0,0.0,0.0,0.0,0.0,0.0,0.0,0.0,0.0,1.0,0.0,0.0,0.0,0.0,0.0,0.0,1.0,0.0,0.0,1.0,0.0
3978,0.3703703703703703,0.0,0.0,0.0,0.5555555555555556,0.0,0.7003106695515843,0.13157894736842105,1.0,0.0,1.0,0.4844115354637566,0.6150627615062758,0.9814101110859217,1.0,1.0,0.0,0.0,0.0,0.0,0.0,0.0,0.0,0.0,0.0,0.0,0.0,1.0,0.0,0.0,0.0,0.0,0.0,0.0,0.0,1.0,0.0,0.0,1.0,0.0
3979,0.14814814814814814,1.0,0.0,0.0,0.5555555555555556,0.0,0.5940405662922726,0.02631578947368421,1.0,0.0,1.0,0.4844115354637566,0.6150627615062758,0.9814101110859217,1.0,0.0,0.0,0.0,1.0,0.0,0.0,0.0,0.0,0.0,0.0,0.0,0.0,1.0,0.0,0.0,0.0,0.0,0.0,0.0,0.0,1.0,0.0,0.0,1.0,0.0
3980,0.43209876543209874,0.0,0.0,0.0,0.5555555555555556,0.0,0.5894268318375645,0.05263157894736842,1.0,0.0,1.0,0.4844115354637566,0.6150627615062758,0.9814101110859217,1.0,0.0,0.0,0.0,1.0,0.0,0.0,0.0,0.0,0.0,0.0,0.0,0.0,1.0,0.0,0.0,0.0,0.0,0.0,0.0,0.0,0.0,0.0,1.0,1.0,0.0
3981,0.4691358024691357,1.0,1.0,0.0,0.5555555555555556,0.0,0.6312273906618776,0.05263157894736842,1.0,0.0,1.0,0.4844115354637566,0.6150627615062758,0.9814101110859217,1.0,0.0,1.0,0.0,0.0,0.0,0.0,0.0,0.0,0.0,0.0,0.0,0.0,1.0,0.0,0.0,0.0,0.0,0.0,0.0,0.0,0.0,0.0,1.0,1.0,0.0
3982,0.39506172839506176,1.0,0.0,0.0,0.5555555555555556,0.0,0.6202900913078108,0.02631578947368421,1.0,0.0,1.0,0.4844115354637566,0.6150627615062758,0.9814101110859217,1.0,1.0,0.0,0.0,0.0,0.0,0.0,0.0,0.0,0.0,0.0,0.0,0.0,1.0,0.0,0.0,0.0,0.0,1.0,0.0,0.0,0.0,0.0,0.0,1.0,0.0
3983,0.2839506172839506,0.0,0.0,0.0,0.5555555555555556,0.0,0.6729097309439991,0.05263157894736842,1.0,0.0,1.0,0.4844115354637566,0.6150627615062758,0.9814101110859217,1.0,0.0,0.0,0.0,0.0,0.0,0.0,0.0,0.0,0.0,1.0,0.0,0.0,1.0,0.0,0.0,0.0,0.0,1.0,0.0,0.0,0.0,0.0,0.0,1.0,0.0
3984,0.1728395061728395,1.0,1.0,0.0,0.5555555555555556,0.0,0.49636241965296135,0.02631578947368421,1.0,0.0,1.0,0.4844115354637566,0.6150627615062758,0.9814101110859217,1.0,0.0,0.0,0.0,0.0,0.0,0.0,0.0,0.0,0.0,1.0,0.0,0.0,1.0,0.0,0.0,0.0,0.0,0.0,0.0,1.0,0.0,0.0,1.0,1.0,0.0
3985,0.4444444444444445,1.0,1.0,0.0,0.5555555555555556,0.0,0.7065582517915311,0.26315789473684215,1.0,0.0,1.0,0.4844115354637566,0.6150627615062758,0.9814101110859217,1.0,0.0,0.0,0.0,0.0,0.0,0.0,0.0,0.0,0.0,1.0,0.0,0.0,1.0,0.0,0.0,0.0,0.0,0.0,0.0,0.0,1.0,0.0,1.0,1.0,0.0
3986,0.3333333333333333,1.0,0.0,0.0,0.5555555555555556,0.0,0.7833670357088416,0.15789473684210525,1.0,0.0,1.0,0.4844115354637566,0.6150627615062758,0.9814101110859217,1.0,0.0,0.0,0.0,0.0,0.0,0.0,0.0,1.0,0.0,0.0,0.0,0.0,1.0,0.0,0.0,0.0,0.0,0.0,0.0,0.0,0.0,0.0,1.0,1.0,0.0
3987,0.20987654320987653,1.0,0.0,0.0,0.5555555555555556,0.0,0.5631773068220264,0.05263157894736842,1.0,0.0,1.0,0.4844115354637566,0.6150627615062758,0.9814101110859217,1.0,0.0,0.0,0.0,0.0,0.0,0.0,0.0,0.0,0.0,1.0,0.0,0.0,0.0,1.0,0.0,0.0,0.0,1.0,0.0,0.0,0.0,0.0,0.0,1.0,0.0
3988,0.2222222222222222,0.0,0.0,0.0,0.5555555555555556,0.0,0.7747652871549795,0.2894736842105263,1.0,0.0,1.0,0.4844115354637566,0.6150627615062758,0.9814101110859217,1.0,1.0,0.0,0.0,0.0,0.0,0.0,0.0,0.0,0.0,0.0,0.0,0.0,0.0,1.0,0.0,0.0,0.0,0.0,0.0,0.0,1.0,0.0,0.0,1.0,0.0
3989,0.1728395061728395,0.0,0.0,0.0,0.5555555555555556,0.0,0.7030289325921469,0.05263157894736842,1.0,0.0,1.0,0.4844115354637566,0.6150627615062758,0.9814101110859217,1.0,0.0,0.0,0.0,0.0,0.0,0.0,0.0,0.0,0.0,1.0,0.0,0.0,1.0,0.0,0.0,0.0,0.0,0.0,0.0,0.0,0.0,1.0,0.0,1.0,0.0
3990,0.29629629629629634,0.0,0.0,0.0,0.5555555555555556,0.25,0.5909849360662706,0.10526315789473684,1.0,0.0,1.0,0.4844115354637566,0.6150627615062758,0.9814101110859217,1.0,0.0,0.0,0.0,0.0,0.0,0.0,0.0,0.0,0.0,0.0,0.0,0.0,1.0,0.0,0.0,0.0,0.0,0.0,0.0,0.0,1.0,0.0,0.0,1.0,0.0
3991,0.2839506172839506,0.0,0.0,0.0,0.5555555555555556,0.25,0.6255978404568726,0.0,1.0,0.0,1.0,0.4844115354637566,0.6150627615062758,0.9814101110859217,1.0,0.0,0.0,0.0,0.0,0.0,0.0,0.0,0.0,0.0,1.0,0.0,0.0,0.0,1.0,0.0,0.0,0.0,0.0,0.0,0.0,1.0,0.0,0.0,1.0,0.0
3992,0.2839506172839506,1.0,0.0,0.0,0.5555555555555556,0.25,0.6657540364605412,0.0,1.0,0.0,1.0,0.4844115354637566,0.6150627615062758,0.9814101110859217,1.0,0.0,0.0,0.0,0.0,0.0,0.0,0.0,0.0,0.0,1.0,0.0,0.0,0.0,1.0,0.0,0.0,0.0,0.0,0.0,0.0,1.0,0.0,0.0,1.0,0.0
3993,0.5061728395061729,1.0,0.0,0.0,0.5555555555555556,0.25,0.7611934669171702,0.23684210526315788,1.0,0.0,1.0,0.4844115354637566,0.6150627615062758,0.9814101110859217,1.0,1.0,0.0,0.0,0.0,0.0,0.0,0.0,0.0,0.0,0.0,0.0,1.0,1.0,0.0,0.0,0.0,0.0,0.0,0.0,0.0,0.0,0.0,0.0,1.0,0.0
3994,0.1728395061728395,1.0,0.0,0.0,0.5555555555555556,0.25,0.5212197964741162,0.0,1.0,0.0,1.0,0.4844115354637566,0.6150627615062758,0.9814101110859217,1.0,0.0,0.0,0.0,0.0,0.0,0.0,0.0,0.0,0.0,0.0,0.0,0.0,0.0,1.0,0.0,0.0,0.0,0.0,0.0,0.0,1.0,0.0,0.0,1.0,0.0
3995,0.39506172839506176,1.0,0.0,0.0,0.5555555555555556,0.25,0.47140323828241015,0.0,1.0,0.0,1.0,0.4844115354637566,0.6150627615062758,0.9814101110859217,1.0,0.0,0.0,0.0,0.0,0.0,0.0,0.0,0.0,0.0,0.0,0.0,1.0,1.0,0.0,0.0,0.0,0.0,1.0,0.0,0.0,0.0,0.0,1.0,1.0,0.0
3996,0.3333333333333333,0.0,0.0,0.0,0.5555555555555556,0.25,0.7845674047926624,0.0,1.0,0.0,1.0,0.4844115354637566,0.6150627615062758,0.9814101110859217,1.0,0.0,1.0,0.0,0.0,0.0,0.0,0.0,0.0,0.0,0.0,0.0,0.0,1.0,0.0,0.0,0.0,1.0,0.0,0.0,0.0,0.0,0.0,1.0,1.0,0.0
3997,0.1728395061728395,1.0,0.0,0.0,0.5555555555555556,0.25,0.6585712040288184,0.0,1.0,0.0,1.0,0.4844115354637566,0.6150627615062758,0.9814101110859217,1.0,0.0,0.0,0.0,0.0,0.0,0.0,0.0,0.0,0.0,0.0,0.0,0.0,0.0,0.0,0.0,0.0,0.0,0.0,0.0,0.0,1.0,0.0,0.0,1.0,0.0
3998,0.1728395061728395,0.0,0.0,0.0,0.5555555555555556,0.25,0.6705725318885943,0.0,1.0,0.0,1.0,0.4844115354637566,0.6150627615062758,0.9814101110859217,1.0,0.0,0.0,0.0,0.0,0.0,0.0,0.0,0.0,0.0,1.0,0.0,0.0,1.0,0.0,0.0,0.0,0.0,0.0,0.0,1.0,0.0,0.0,0.0,1.0,0.0
3999,0.5061728395061729,0.0,1.0,0.0,0.5555555555555556,0.25,0.5331930189342876,0.02631578947368421,1.0,0.0,1.0,0.4844115354637566,0.6150627615062758,0.9814101110859217,1.0,0.0,0.0,0.0,0.0,0.0,1.0,0.0,0.0,0.0,0.0,0.0,0.0,1.0,0.0,0.0,0.0,0.0,0.0,0.0,0.0,0.0,1.0,1.0,1.0,0.0
4000,0.14814814814814814,0.0,0.0,0.0,0.5555555555555556,0.25,0.6172344610818086,0.0,1.0,0.0,1.0,0.4844115354637566,0.6150627615062758,0.9814101110859217,1.0,0.0,0.0,0.0,0.0,1.0,0.0,0.0,0.0,0.0,0.0,0.0,0.0,0.0,1.0,0.0,0.0,0.0,0.0,0.0,0.0,1.0,0.0,0.0,1.0,0.0
4001,0.34567901234567905,1.0,0.0,0.0,0.5555555555555556,0.25,0.8429138960750552,0.07894736842105263,1.0,0.0,1.0,0.4844115354637566,0.6150627615062758,0.9814101110859217,1.0,1.0,0.0,0.0,0.0,0.0,0.0,0.0,0.0,0.0,0.0,0.0,0.0,1.0,0.0,0.0,0.0,0.0,1.0,0.0,0.0,0.0,0.0,0.0,1.0,0.0
4002,0.25925925925925924,1.0,0.0,0.0,0.5555555555555556,0.25,0.5078883596370491,0.0,1.0,0.0,1.0,0.4844115354637566,0.6150627615062758,0.9814101110859217,1.0,0.0,0.0,0.0,0.0,0.0,0.0,0.0,0.0,0.0,0.0,0.0,0.0,1.0,0.0,0.0,0.0,0.0,0.0,0.0,0.0,1.0,0.0,0.0,1.0,0.0
4003,0.19753086419753085,0.0,0.0,0.0,0.5555555555555556,0.25,0.6196852820090151,0.0,1.0,0.0,1.0,0.4844115354637566,0.6150627615062758,0.9814101110859217,1.0,0.0,0.0,0.0,0.0,0.0,0.0,0.0,0.0,0.0,1.0,0.0,0.0,0.0,1.0,0.0,0.0,0.0,0.0,0.0,1.0,0.0,0.0,0.0,1.0,0.0
4004,0.18518518518518517,0.0,0.0,0.0,0.5555555555555556,0.25,0.5716847586578249,0.13157894736842105,1.0,0.0,1.0,0.4844115354637566,0.6150627615062758,0.9814101110859217,1.0,0.0,0.0,0.0,0.0,0.0,0.0,0.0,0.0,0.0,0.0,0.0,0.0,0.0,0.0,0.0,0.0,0.0,0.0,0.0,0.0,1.0,0.0,0.0,1.0,0.0
4005,0.16049382716049382,0.0,0.0,0.0,0.5555555555555556,0.25,0.5550613200712357,0.02631578947368421,1.0,0.0,1.0,0.4844115354637566,0.6150627615062758,0.9814101110859217,1.0,0.0,0.0,0.0,0.0,0.0,0.0,0.0,0.0,0.0,0.0,0.0,0.0,1.0,0.0,0.0,0.0,0.0,0.0,0.0,0.0,1.0,0.0,0.0,1.0,0.0
4006,0.39506172839506176,1.0,0.0,0.0,0.5555555555555556,0.25,0.6208918069393788,0.07894736842105263,1.0,0.0,1.0,0.4844115354637566,0.6150627615062758,0.9814101110859217,1.0,0.0,1.0,0.0,0.0,0.0,0.0,0.0,0.0,0.0,0.0,0.0,0.0,1.0,0.0,0.0,1.0,0.0,0.0,0.0,0.0,0.0,0.0,0.0,1.0,0.0
4007,0.4691358024691357,1.0,0.0,0.0,0.5555555555555556,0.25,0.5977517620704379,0.02631578947368421,1.0,0.0,1.0,0.4844115354637566,0.6150627615062758,0.9814101110859217,1.0,0.0,0.0,0.0,0.0,0.0,0.0,0.0,0.0,0.0,1.0,0.0,0.0,1.0,0.0,0.0,0.0,0.0,0.0,0.0,1.0,0.0,0.0,1.0,1.0,0.0
4008,0.2345679012345679,0.0,0.0,0.0,0.5555555555555556,0.25,0.5393533347388635,0.05263157894736842,1.0,0.0,1.0,0.4844115354637566,0.6150627615062758,0.9814101110859217,1.0,0.0,0.0,0.0,0.0,0.0,0.0,0.0,0.0,0.0,0.0,0.0,0.0,1.0,0.0,0.0,0.0,0.0,0.0,0.0,0.0,1.0,0.0,1.0,1.0,0.0
4009,0.38271604938271603,1.0,0.0,0.0,0.5555555555555556,0.25,0.5707693054036078,0.05263157894736842,1.0,0.0,1.0,0.4844115354637566,0.6150627615062758,0.9814101110859217,1.0,0.0,0.0,0.0,0.0,1.0,0.0,0.0,0.0,0.0,0.0,0.0,0.0,1.0,0.0,0.0,0.0,0.0,0.0,0.0,0.0,1.0,0.0,0.0,1.0,0.0
4010,0.14814814814814814,0.0,0.0,0.0,0.5555555555555556,0.25,0.7024302791398942,0.05263157894736842,1.0,0.0,1.0,0.4844115354637566,0.6150627615062758,0.9814101110859217,1.0,0.0,0.0,0.0,0.0,0.0,0.0,0.0,0.0,0.0,1.0,0.0,0.0,1.0,0.0,0.0,0.0,0.0,0.0,0.0,0.0,1.0,0.0,0.0,1.0,0.0
4011,0.48148148148148145,1.0,0.0,0.0,0.5555555555555556,0.25,0.573494565885327,0.0,1.0,0.0,1.0,0.4844115354637566,0.6150627615062758,0.9814101110859217,1.0,0.0,0.0,0.0,0.0,0.0,0.0,0.0,0.0,0.0,0.0,0.0,0.0,1.0,0.0,0.0,0.0,1.0,0.0,0.0,0.0,0.0,0.0,0.0,1.0,0.0
4012,0.19753086419753085,1.0,0.0,0.0,0.5555555555555556,0.25,0.6027582686746316,0.0,1.0,0.0,1.0,0.4844115354637566,0.6150627615062758,0.9814101110859217,1.0,0.0,0.0,0.0,0.0,0.0,0.0,0.0,0.0,0.0,0.0,0.0,0.0,0.0,1.0,0.0,0.0,0.0,1.0,0.0,0.0,0.0,0.0,0.0,1.0,0.0
4013,0.5185185185185184,1.0,0.0,0.0,0.5555555555555556,0.25,0.6736785908672379,0.0,1.0,0.0,1.0,0.4844115354637566,0.6150627615062758,0.9814101110859217,1.0,0.0,0.0,0.0,0.0,0.0,0.0,0.0,0.0,0.0,0.0,0.0,0.0,1.0,0.0,0.0,0.0,0.0,0.0,0.0,0.0,0.0,0.0,1.0,1.0,0.0
4014,0.2345679012345679,1.0,0.0,0.0,0.5555555555555556,0.25,0.5947922311468027,0.02631578947368421,1.0,0.0,1.0,0.4844115354637566,0.6150627615062758,0.9814101110859217,1.0,0.0,0.0,0.0,0.0,0.0,0.0,0.0,0.0,0.0,1.0,0.0,0.0,1.0,0.0,0.0,0.0,0.0,0.0,0.0,0.0,1.0,0.0,0.0,1.0,0.0
4015,0.16049382716049382,0.0,1.0,0.0,0.5555555555555556,0.25,0.5571434124691511,0.05263157894736842,1.0,0.0,1.0,0.4844115354637566,0.6150627615062758,0.9814101110859217,1.0,0.0,0.0,0.0,0.0,0.0,0.0,0.0,0.0,0.0,0.0,0.0,0.0,1.0,0.0,0.0,0.0,0.0,0.0,0.0,0.0,1.0,0.0,0.0,1.0,0.0
4016,0.16049382716049382,1.0,0.0,0.0,0.5555555555555556,0.25,0.6134597474028101,0.3157894736842105,1.0,0.0,1.0,0.4844115354637566,0.6150627615062758,0.9814101110859217,1.0,0.0,0.0,0.0,0.0,0.0,0.0,0.0,0.0,0.0,1.0,0.0,0.0,0.0,1.0,0.0,0.0,0.0,1.0,0.0,0.0,0.0,0.0,0.0,1.0,0.0
4017,0.2345679012345679,0.0,0.0,0.0,0.5555555555555556,0.25,0.3961123483218417,0.3157894736842105,1.0,0.0,1.0,0.4844115354637566,0.6150627615062758,0.9814101110859217,1.0,0.0,0.0,0.0,0.0,0.0,0.0,0.0,0.0,0.0,0.0,0.0,0.0,1.0,0.0,0.0,0.0,0.0,0.0,0.0,0.0,1.0,0.0,1.0,1.0,0.0
4018,0.2222222222222222,0.5,0.5,0.0,0.5555555555555556,0.25,0.8066846918453905,0.05263157894736842,1.0,0.0,1.0,0.4844115354637566,0.6150627615062758,0.9814101110859217,1.0,1.0,0.0,1.0,0.0,0.0,0.0,0.0,0.0,0.0,0.0,0.0,0.0,0.0,0.0,0.0,0.0,0.0,0.0,0.0,1.0,0.0,0.0,1.0,1.0,0.0
4019,0.4567901234567901,1.0,0.0,0.0,0.5555555555555556,0.25,0.7686032266559751,0.02631578947368421,1.0,0.0,1.0,0.4844115354637566,0.6150627615062758,0.9814101110859217,1.0,1.0,0.0,0.0,0.0,0.0,0.0,0.0,0.0,0.0,1.0,0.0,0.0,1.0,0.0,0.0,0.0,0.0,0.0,0.0,1.0,0.0,0.0,1.0,1.0,0.0
4020,0.2345679012345679,1.0,0.0,0.0,0.5555555555555556,0.25,0.5078883596370491,0.0,1.0,0.0,1.0,0.4844115354637566,0.6150627615062758,0.9814101110859217,1.0,0.0,0.0,0.0,0.0,0.0,0.0,0.0,0.0,0.0,0.0,0.0,0.0,0.0,1.0,0.0,0.0,0.0,0.0,0.0,0.0,1.0,0.0,0.0,1.0,0.0
4021,0.38271604938271603,1.0,1.0,0.0,0.5555555555555556,0.25,0.56984667205054,0.0,1.0,0.0,1.0,0.4844115354637566,0.6150627615062758,0.9814101110859217,1.0,0.0,0.0,0.0,0.0,0.0,0.0,0.0,0.0,0.0,1.0,0.0,0.0,1.0,0.0,0.0,0.0,0.0,1.0,0.0,0.0,0.0,0.0,1.0,1.0,0.0
4022,0.14814814814814814,0.0,1.0,0.0,0.5555555555555556,0.25,0.6927390389294485,0.0,1.0,0.0,1.0,0.4844115354637566,0.6150627615062758,0.9814101110859217,1.0,0.0,0.0,0.0,0.0,0.0,0.0,0.0,0.0,0.0,0.0,0.0,0.0,0.0,1.0,0.0,0.0,0.0,0.0,0.0,0.0,1.0,0.0,0.0,1.0,0.0
4023,0.43209876543209874,1.0,0.0,0.0,0.5555555555555556,0.25,0.3017282010873305,0.23684210526315788,1.0,0.0,1.0,0.4844115354637566,0.6150627615062758,0.9814101110859217,1.0,0.0,0.0,0.0,0.0,0.0,0.0,0.0,0.0,0.0,1.0,0.0,0.0,0.0,0.0,0.0,0.0,0.0,0.0,0.0,1.0,0.0,0.0,0.0,1.0,0.0
4024,0.5185185185185184,1.0,0.0,0.0,0.5555555555555556,0.25,0.6536782997023916,0.0,1.0,0.0,1.0,0.4844115354637566,0.6150627615062758,0.9814101110859217,1.0,0.0,1.0,0.0,0.0,0.0,0.0,0.0,0.0,0.0,0.0,0.0,0.0,1.0,0.0,0.0,0.0,0.0,0.0,0.0,0.0,0.0,0.0,0.0,1.0,0.0
4025,0.1728395061728395,1.0,0.0,0.0,0.5555555555555556,0.25,0.5463436176888766,0.0,1.0,0.0,1.0,0.4844115354637566,0.6150627615062758,0.9814101110859217,1.0,0.0,0.0,0.0,0.0,0.0,0.0,0.0,0.0,0.0,0.0,1.0,0.0,1.0,0.0,0.0,0.0,0.0,0.0,0.0,0.0,1.0,0.0,0.0,1.0,0.0
4026,0.19753086419753085,0.0,0.0,0.0,0.5555555555555556,0.25,0.5641535377316825,0.05263157894736842,1.0,0.0,1.0,0.4844115354637566,0.6150627615062758,0.9814101110859217,1.0,0.0,0.0,0.0,0.0,0.0,0.0,0.0,0.0,0.0,1.0,0.0,0.0,1.0,0.0,0.0,0.0,0.0,0.0,0.0,1.0,0.0,0.0,0.0,1.0,0.0
4027,0.4074074074074074,1.0,0.0,0.0,0.5555555555555556,0.25,0.540547610473664,0.02631578947368421,1.0,0.0,1.0,0.4844115354637566,0.6150627615062758,0.9814101110859217,1.0,0.0,1.0,0.0,0.0,0.0,0.0,0.0,0.0,0.0,0.0,0.0,0.0,1.0,0.0,0.0,0.0,0.0,0.0,0.0,0.0,0.0,0.0,0.0,1.0,0.0
4028,0.1728395061728395,0.0,1.0,0.0,0.5555555555555556,0.25,0.6920855086403026,0.0,1.0,0.0,1.0,0.4844115354637566,0.6150627615062758,0.9814101110859217,1.0,0.0,0.0,0.0,0.0,0.0,0.0,0.0,0.0,0.0,0.0,0.0,0.0,0.0,1.0,0.0,0.0,0.0,0.0,0.0,0.0,1.0,0.0,0.0,1.0,0.0
4029,0.4074074074074074,0.0,0.0,0.0,0.5555555555555556,0.25,0.6632686943784747,0.02631578947368421,1.0,0.0,1.0,0.4844115354637566,0.6150627615062758,0.9814101110859217,1.0,0.0,0.0,0.0,0.0,0.0,0.0,0.0,0.0,0.0,1.0,0.0,0.0,1.0,0.0,0.0,0.0,0.0,1.0,0.0,0.0,0.0,0.0,1.0,1.0,0.0
4030,0.39506172839506176,0.0,0.0,0.0,0.5555555555555556,0.25,0.3261538888020616,0.3157894736842105,1.0,0.0,1.0,0.4844115354637566,0.6150627615062758,0.9814101110859217,1.0,0.0,0.0,0.0,0.0,0.0,0.0,0.0,0.0,0.0,0.0,0.0,0.0,1.0,0.0,0.0,0.0,0.0,1.0,0.0,0.0,0.0,0.0,0.0,1.0,0.0
4031,0.34567901234567905,0.0,0.0,0.0,0.5555555555555556,0.25,0.6202900913078108,0.02631578947368421,1.0,0.0,1.0,0.4844115354637566,0.6150627615062758,0.9814101110859217,1.0,0.0,1.0,0.0,0.0,0.0,0.0,0.0,0.0,0.0,0.0,0.0,0.0,1.0,0.0,0.0,0.0,0.0,0.0,0.0,0.0,0.0,1.0,0.0,1.0,0.0
4032,0.2345679012345679,1.0,0.0,0.0,0.5555555555555556,0.25,0.7279573751736251,0.02631578947368421,1.0,0.0,1.0,0.4844115354637566,0.6150627615062758,0.9814101110859217,1.0,0.0,0.0,0.0,0.0,0.0,0.0,0.0,0.0,0.0,1.0,0.0,0.0,0.0,1.0,0.0,0.0,0.0,0.0,0.0,0.0,1.0,0.0,0.0,1.0,0.0
4033,0.4567901234567901,1.0,1.0,0.0,0.5555555555555556,0.25,0.4692447346122495,0.02631578947368421,1.0,0.0,1.0,0.4844115354637566,0.6150627615062758,0.9814101110859217,1.0,0.0,1.0,0.0,0.0,0.0,0.0,0.0,0.0,0.0,0.0,0.0,0.0,1.0,0.0,0.0,0.0,0.0,0.0,0.0,0.0,0.0,0.0,0.0,1.0,0.0
4034,0.48148148148148145,0.0,0.0,0.0,0.5555555555555556,0.25,0.804562833212553,0.02631578947368421,1.0,0.0,1.0,0.4844115354637566,0.6150627615062758,0.9814101110859217,1.0,1.0,0.0,0.0,0.0,0.0,1.0,0.0,0.0,0.0,0.0,0.0,0.0,1.0,0.0,0.0,0.0,0.0,0.0,0.0,0.0,0.0,0.0,0.0,1.0,0.0
4035,0.1728395061728395,1.0,0.0,0.0,0.5555555555555556,0.25,0.8164141076164471,0.02631578947368421,1.0,0.0,1.0,0.4844115354637566,0.6150627615062758,0.9814101110859217,1.0,1.0,0.0,0.0,0.0,0.0,0.0,0.0,0.0,0.0,0.0,0.0,0.0,0.0,1.0,0.0,0.0,0.0,0.0,0.0,0.0,1.0,0.0,0.0,1.0,0.0
4036,0.16049382716049382,1.0,1.0,0.0,0.5555555555555556,0.25,0.5829794567444476,0.05263157894736842,1.0,0.0,1.0,0.4844115354637566,0.6150627615062758,0.9814101110859217,1.0,0.0,0.0,0.0,0.0,0.0,0.0,0.0,0.0,0.0,0.0,0.0,0.0,1.0,0.0,0.0,0.0,0.0,0.0,0.0,0.0,1.0,0.0,0.0,1.0,0.0
4037,0.34567901234567905,1.0,1.0,0.0,0.5555555555555556,0.25,0.725022458297862,0.0,1.0,0.0,1.0,0.4844115354637566,0.6150627615062758,0.9814101110859217,1.0,0.0,0.0,0.0,0.0,0.0,0.0,0.0,0.0,0.0,1.0,0.0,0.0,1.0,0.0,0.0,0.0,0.0,1.0,0.0,0.0,0.0,0.0,0.0,1.0,0.0
4038,0.16049382716049382,0.0,0.0,0.0,0.5555555555555556,0.25,0.7065582517915311,0.05263157894736842,1.0,0.0,1.0,0.4844115354637566,0.6150627615062758,0.9814101110859217,1.0,0.0,0.0,0.0,0.0,0.0,0.0,0.0,0.0,0.0,1.0,0.0,0.0,0.0,1.0,0.0,0.0,0.0,0.0,0.0,1.0,0.0,0.0,0.0,1.0,0.0
4039,0.1728395061728395,1.0,0.0,0.0,0.5555555555555556,0.25,0.6075603701023119,0.0,1.0,0.0,1.0,0.4844115354637566,0.6150627615062758,0.9814101110859217,1.0,0.0,0.0,0.0,0.0,0.0,0.0,0.0,1.0,0.0,0.0,0.0,0.0,1.0,0.0,0.0,0.0,0.0,0.0,0.0,0.0,1.0,0.0,0.0,1.0,0.0
4040,0.19753086419753085,0.0,0.0,0.0,0.5555555555555556,0.25,0.6594393640539922,0.05263157894736842,1.0,0.0,1.0,0.4844115354637566,0.6150627615062758,0.9814101110859217,1.0,0.0,0.0,0.0,0.0,0.0,0.0,0.0,0.0,0.0,0.0,0.0,0.0,0.0,0.0,0.0,0.0,0.0,1.0,0.0,0.0,0.0,0.0,0.0,1.0,0.0
4041,0.24691358024691357,0.0,0.0,0.0,0.5555555555555556,0.25,0.481638834621511,0.02631578947368421,1.0,0.0,1.0,0.4844115354637566,0.6150627615062758,0.9814101110859217,1.0,0.0,0.0,0.0,0.0,0.0,0.0,0.0,0.0,0.0,1.0,0.0,0.0,0.0,1.0,0.0,0.0,0.0,0.0,0.0,0.0,1.0,0.0,0.0,1.0,0.0
4042,0.18518518518518517,1.0,0.0,0.0,0.5555555555555556,0.25,0.5977517620704379,0.05263157894736842,1.0,0.0,1.0,0.4844115354637566,0.6150627615062758,0.9814101110859217,1.0,0.0,0.0,0.0,0.0,0.0,0.0,0.0,0.0,0.0,1.0,0.0,0.0,1.0,0.0,0.0,0.0,0.0,1.0,0.0,0.0,0.0,0.0,0.0,1.0,0.0
4043,0.18518518518518517,1.0,0.0,0.0,0.5555555555555556,0.25,0.7525037762385953,0.05263157894736842,1.0,0.0,1.0,0.4844115354637566,0.6150627615062758,0.9814101110859217,1.0,0.0,0.0,0.0,0.0,0.0,0.0,0.0,0.0,0.0,1.0,0.0,0.0,1.0,0.0,0.0,0.0,0.0,1.0,0.0,0.0,0.0,0.0,0.0,1.0,0.0
4044,0.1728395061728395,1.0,0.0,0.0,0.5555555555555556,0.25,0.6673822306124111,0.21052631578947367,1.0,0.0,1.0,0.4844115354637566,0.6150627615062758,0.9814101110859217,1.0,1.0,0.0,0.0,0.0,0.0,0.0,0.0,0.0,0.0,1.0,0.0,0.0,0.0,1.0,0.0,0.0,0.0,0.0,0.0,0.0,1.0,0.0,0.0,1.0,0.0
4045,0.3703703703703703,1.0,0.0,0.0,0.5555555555555556,0.25,0.6744424581583719,0.02631578947368421,1.0,0.0,1.0,0.4844115354637566,0.6150627615062758,0.9814101110859217,1.0,0.0,1.0,0.0,0.0,0.0,0.0,0.0,0.0,0.0,0.0,0.0,0.0,1.0,0.0,0.0,1.0,0.0,0.0,0.0,0.0,0.0,0.0,0.0,1.0,0.0
4046,0.1728395061728395,0.0,0.0,0.0,0.5555555555555556,0.25,0.7544482031445144,0.07894736842105263,1.0,0.0,1.0,0.4844115354637566,0.6150627615062758,0.9814101110859217,1.0,0.0,0.0,0.0,0.0,0.0,0.0,0.0,0.0,0.0,0.0,0.0,0.0,1.0,0.0,0.0,0.0,0.0,0.0,0.0,0.0,1.0,0.0,1.0,1.0,0.0
4047,0.3209876543209876,0.0,0.0,0.0,0.5555555555555556,0.25,0.5670345425314071,0.05263157894736842,1.0,0.0,1.0,0.4844115354637566,0.6150627615062758,0.9814101110859217,1.0,0.0,0.0,0.0,0.0,1.0,0.0,0.0,0.0,0.0,0.0,0.0,0.0,1.0,0.0,0.0,0.0,0.0,0.0,0.0,0.0,1.0,0.0,0.0,1.0,0.0
4048,0.29629629629629634,1.0,0.0,0.0,0.5555555555555556,0.25,0.4776508205223571,0.10526315789473684,1.0,0.0,1.0,0.4844115354637566,0.6150627615062758,0.9814101110859217,1.0,0.0,0.0,0.0,0.0,0.0,0.0,0.0,0.0,0.0,1.0,0.0,0.0,0.0,1.0,0.0,0.0,0.0,0.0,0.0,1.0,0.0,0.0,1.0,1.0,0.0
4049,0.2222222222222222,0.0,0.0,0.0,0.5555555555555556,0.25,0.634480182683441,0.02631578947368421,1.0,0.0,1.0,0.4844115354637566,0.6150627615062758,0.9814101110859217,1.0,0.0,0.0,0.0,0.0,0.0,0.0,0.0,0.0,0.0,1.0,0.0,0.0,1.0,0.0,0.0,0.0,0.0,0.0,0.0,1.0,0.0,0.0,0.0,1.0,0.0
4050,0.16049382716049382,1.0,0.0,0.0,0.5555555555555556,0.25,0.7009201794617362,0.05263157894736842,1.0,0.0,1.0,0.4844115354637566,0.6150627615062758,0.9814101110859217,1.0,0.0,0.0,0.0,0.0,0.0,0.0,0.0,0.0,0.0,0.0,0.0,0.0,0.0,1.0,0.0,0.0,0.0,0.0,0.0,0.0,1.0,0.0,0.0,1.0,0.0
4051,0.3703703703703703,0.0,0.0,0.0,0.5555555555555556,0.25,0.6527663947522088,0.02631578947368421,1.0,0.0,1.0,0.4844115354637566,0.6150627615062758,0.9814101110859217,1.0,0.0,1.0,0.0,0.0,0.0,0.0,0.0,0.0,0.0,0.0,0.0,0.0,1.0,0.0,0.0,1.0,0.0,0.0,0.0,0.0,0.0,0.0,0.0,1.0,0.0
4052,0.14814814814814814,0.0,0.0,0.0,0.5555555555555556,0.25,0.7916638605421104,0.05263157894736842,1.0,0.0,1.0,0.4844115354637566,0.6150627615062758,0.9814101110859217,1.0,1.0,0.0,0.0,0.0,0.0,0.0,0.0,1.0,0.0,0.0,0.0,0.0,1.0,0.0,0.0,0.0,0.0,0.0,0.0,1.0,0.0,0.0,0.0,1.0,0.0
4053,0.1728395061728395,1.0,1.0,0.0,0.5555555555555556,0.25,0.6461771040195569,0.05263157894736842,1.0,0.0,1.0,0.4844115354637566,0.6150627615062758,0.9814101110859217,1.0,0.0,0.0,0.0,0.0,0.0,0.0,0.0,1.0,0.0,0.0,0.0,0.0,0.0,0.0,0.0,0.0,0.0,1.0,0.0,0.0,0.0,0.0,0.0,1.0,0.0
4054,0.25925925925925924,1.0,1.0,0.0,0.5555555555555556,0.25,0.6427386711469765,0.10526315789473684,1.0,0.0,1.0,0.4844115354637566,0.6150627615062758,0.9814101110859217,1.0,0.0,0.0,0.0,0.0,0.0,0.0,0.0,0.0,0.0,1.0,0.0,0.0,1.0,0.0,0.0,0.0,0.0,0.0,0.0,0.0,1.0,0.0,0.0,1.0,0.0
4055,0.43209876543209874,1.0,0.0,1.0,0.5555555555555556,0.25,0.5752769507338984,0.07894736842105263,1.0,0.0,1.0,0.4844115354637566,0.6150627615062758,0.9814101110859217,1.0,0.0,1.0,0.0,0.0,0.0,0.0,0.0,0.0,0.0,0.0,0.0,0.0,1.0,0.0,0.0,0.0,1.0,0.0,0.0,0.0,0.0,0.0,1.0,1.0,0.0
4056,0.18518518518518517,1.0,0.0,0.0,0.5555555555555556,0.25,0.7699631857272993,0.05263157894736842,1.0,0.0,1.0,0.4844115354637566,0.6150627615062758,0.9814101110859217,1.0,0.0,0.0,0.0,0.0,0.0,0.0,0.0,0.0,0.0,1.0,0.0,0.0,1.0,0.0,0.0,0.0,0.0,0.0,0.0,0.0,1.0,0.0,1.0,1.0,0.0
4057,0.419753086419753,0.5,0.5,1.0,0.5555555555555556,0.25,0.726499069520548,0.0,1.0,0.0,1.0,0.4844115354637566,0.6150627615062758,0.9814101110859217,1.0,1.0,1.0,0.0,0.0,0.0,0.0,0.0,0.0,0.0,0.0,0.0,0.0,1.0,0.0,0.0,0.0,0.0,0.0,0.0,0.0,0.0,0.0,0.0,1.0,0.0
4058,0.38271604938271603,1.0,0.0,0.0,0.5555555555555556,0.5,0.5621929065211045,0.05263157894736842,1.0,0.0,1.0,0.4844115354637566,0.6150627615062758,0.9816368170482885,1.0,0.0,1.0,0.0,0.0,0.0,0.0,0.0,0.0,0.0,0.0,0.0,0.0,1.0,0.0,0.0,0.0,1.0,0.0,0.0,0.0,0.0,0.0,0.0,1.0,0.0
4059,0.30864197530864196,0.0,0.0,0.0,0.5555555555555556,0.5,0.5571434124691511,0.05263157894736842,1.0,0.0,1.0,0.4844115354637566,0.6150627615062758,0.9816368170482885,1.0,0.0,0.0,0.0,0.0,0.0,0.0,0.0,0.0,0.0,1.0,0.0,0.0,0.0,0.0,0.0,0.0,0.0,1.0,0.0,0.0,0.0,0.0,0.0,1.0,0.0
4060,0.25925925925925924,0.0,0.0,0.0,0.5555555555555556,0.5,0.6178519698461769,0.21052631578947367,1.0,0.0,1.0,0.4844115354637566,0.6150627615062758,0.9816368170482885,1.0,0.0,0.0,0.0,0.0,0.0,0.0,0.0,0.0,0.0,1.0,0.0,0.0,0.0,0.0,0.0,0.0,0.0,1.0,0.0,0.0,0.0,0.0,1.0,1.0,0.0
4061,0.5185185185185184,1.0,0.0,0.0,0.5555555555555556,0.5,0.6563723521677338,0.05263157894736842,1.0,0.0,1.0,0.4844115354637566,0.6150627615062758,0.9816368170482885,1.0,0.0,0.0,0.0,0.0,0.0,0.0,0.0,0.0,0.0,0.0,0.0,0.0,1.0,0.0,0.0,0.0,0.0,0.0,0.0,0.0,1.0,0.0,0.0,1.0,0.0
4062,0.14814814814814814,1.0,0.0,0.0,0.5555555555555556,0.5,0.6328650293995502,0.0,1.0,0.0,1.0,0.4844115354637566,0.6150627615062758,0.9816368170482885,1.0,0.0,0.0,0.0,0.0,0.0,0.0,0.0,0.0,0.0,0.0,0.0,0.0,1.0,0.0,0.0,0.0,0.0,0.0,0.0,0.0,1.0,0.0,0.0,1.0,0.0
4063,0.2716049382716049,0.0,0.0,0.0,0.5555555555555556,0.5,0.7619196121209837,0.0,1.0,0.0,1.0,0.4844115354637566,0.6150627615062758,0.9816368170482885,1.0,1.0,0.0,0.0,0.0,1.0,0.0,0.0,0.0,0.0,0.0,0.0,0.0,0.0,0.0,0.0,0.0,0.0,0.0,0.0,0.0,1.0,0.0,0.0,1.0,0.0
4064,0.2839506172839506,1.0,1.0,0.0,0.5555555555555556,0.5,0.3463695194647243,0.07894736842105263,1.0,0.0,1.0,0.4844115354637566,0.6150627615062758,0.9816368170482885,1.0,0.0,0.0,0.0,0.0,0.0,0.0,0.0,0.0,0.0,0.0,0.0,0.0,1.0,0.0,0.0,0.0,0.0,1.0,0.0,0.0,0.0,0.0,0.0,1.0,0.0
4065,0.34567901234567905,1.0,0.0,0.0,0.5555555555555556,0.5,0.5716847586578249,0.0,1.0,0.0,1.0,0.4844115354637566,0.6150627615062758,0.9816368170482885,1.0,0.0,1.0,0.0,0.0,0.0,0.0,0.0,0.0,0.0,0.0,0.0,0.0,1.0,0.0,0.0,1.0,0.0,0.0,0.0,0.0,0.0,0.0,0.0,1.0,0.0
4066,0.14814814814814814,1.0,0.0,0.0,0.5555555555555556,0.5,0.646660205928461,0.0,1.0,0.0,1.0,0.4844115354637566,0.6150627615062758,0.9816368170482885,1.0,0.0,0.0,0.0,0.0,0.0,0.0,0.0,0.0,0.0,0.0,0.0,0.0,0.0,1.0,0.0,0.0,0.0,0.0,0.0,0.0,1.0,0.0,0.0,1.0,0.0
4067,0.34567901234567905,0.0,0.0,0.0,0.5555555555555556,0.5,0.8030416678415558,0.0,1.0,0.0,1.0,0.4844115354637566,0.6150627615062758,0.9816368170482885,1.0,1.0,1.0,0.0,0.0,0.0,0.0,0.0,0.0,0.0,0.0,0.0,0.0,1.0,0.0,0.0,1.0,0.0,0.0,0.0,0.0,0.0,0.0,0.0,1.0,0.0
4068,0.2839506172839506,1.0,0.0,0.0,0.5555555555555556,0.5,0.5838049699531718,0.0,1.0,0.0,1.0,0.4844115354637566,0.6150627615062758,0.9816368170482885,1.0,0.0,0.0,0.0,0.0,0.0,0.0,0.0,0.0,0.0,1.0,0.0,0.0,0.0,1.0,0.0,0.0,0.0,0.0,0.0,1.0,0.0,0.0,0.0,1.0,0.0
4069,0.14814814814814814,1.0,1.0,0.0,0.5555555555555556,0.5,0.7232759870961841,0.0,1.0,0.0,1.0,0.4844115354637566,0.6150627615062758,0.9816368170482885,1.0,1.0,0.0,0.0,0.0,0.0,0.0,0.0,0.0,0.0,0.0,0.0,0.0,0.0,1.0,0.0,0.0,0.0,0.0,0.0,0.0,1.0,0.0,0.0,1.0,0.0
4070,0.30864197530864196,1.0,0.0,0.0,0.5555555555555556,0.5,0.7409778362545074,0.0,1.0,0.0,1.0,0.4844115354637566,0.6150627615062758,0.9816368170482885,1.0,1.0,0.0,0.0,0.0,0.0,0.0,0.0,0.0,0.0,1.0,0.0,0.0,1.0,0.0,0.0,0.0,0.0,0.0,0.0,1.0,0.0,0.0,0.0,1.0,0.0
4071,0.1728395061728395,1.0,1.0,0.0,0.5555555555555556,0.5,0.5962813035550764,0.02631578947368421,1.0,0.0,1.0,0.4844115354637566,0.6150627615062758,0.9816368170482885,1.0,0.0,0.0,0.0,0.0,0.0,0.0,0.0,0.0,0.0,1.0,0.0,0.0,1.0,0.0,0.0,0.0,0.0,0.0,0.0,0.0,1.0,0.0,0.0,1.0,0.0
4072,0.4567901234567901,1.0,0.0,0.0,0.5555555555555556,0.5,0.5474693214896542,0.0,1.0,0.0,1.0,0.4844115354637566,0.6150627615062758,0.9816368170482885,1.0,0.0,0.0,0.0,0.0,0.0,0.0,1.0,0.0,0.0,0.0,0.0,0.0,1.0,0.0,0.0,0.0,0.0,0.0,0.0,1.0,0.0,0.0,1.0,1.0,0.0
4073,0.18518518518518517,1.0,0.0,0.0,0.5555555555555556,0.5,0.7130403907570831,0.07894736842105263,1.0,0.0,1.0,0.4844115354637566,0.6150627615062758,0.9816368170482885,1.0,0.0,0.0,0.0,0.0,0.0,0.0,0.0,0.0,0.0,0.0,0.0,0.0,1.0,0.0,0.0,0.0,0.0,0.0,0.0,0.0,1.0,0.0,0.0,1.0,0.0
4074,0.5185185185185184,1.0,1.0,0.0,0.5555555555555556,0.5,0.6856888890695302,0.0,1.0,0.0,1.0,0.4844115354637566,0.6150627615062758,0.9816368170482885,1.0,0.0,0.0,0.0,0.0,0.0,1.0,0.0,0.0,0.0,0.0,0.0,0.0,1.0,0.0,0.0,0.0,1.0,0.0,0.0,0.0,0.0,0.0,0.0,1.0,0.0
4075,0.48148148148148145,0.0,0.0,0.0,0.5555555555555556,0.5,0.7429080825625569,0.05263157894736842,1.0,0.0,1.0,0.4844115354637566,0.6150627615062758,0.9816368170482885,1.0,1.0,0.0,0.0,0.0,0.0,0.0,0.0,0.0,0.0,0.0,0.0,0.0,1.0,0.0,0.0,0.0,0.0,0.0,0.0,0.0,1.0,0.0,0.0,1.0,0.0
4076,0.1728395061728395,0.0,0.0,0.0,0.5555555555555556,0.5,0.48358326152743014,0.0,1.0,0.0,1.0,0.4844115354637566,0.6150627615062758,0.9816368170482885,1.0,0.0,0.0,0.0,0.0,0.0,0.0,0.0,0.0,0.0,1.0,0.0,0.0,1.0,0.0,0.0,0.0,0.0,0.0,0.0,0.0,1.0,0.0,0.0,1.0,0.0
4077,0.4938271604938272,0.0,0.0,0.0,0.5555555555555556,0.5,0.8177727577471344,0.0,1.0,0.0,1.0,0.4844115354637566,0.6150627615062758,0.9816368170482885,1.0,1.0,0.0,0.0,1.0,0.0,0.0,0.0,0.0,0.0,0.0,0.0,0.0,1.0,0.0,0.0,0.0,0.0,0.0,0.0,0.0,0.0,0.0,0.0,1.0,0.0
4078,0.14814814814814814,1.0,0.0,0.0,0.5555555555555556,0.5,0.797021202925248,0.02631578947368421,1.0,0.0,1.0,0.4844115354637566,0.6150627615062758,0.9816368170482885,1.0,1.0,0.0,0.0,0.0,0.0,0.0,0.0,0.0,0.0,0.0,0.0,0.0,0.0,1.0,0.0,0.0,0.0,0.0,0.0,0.0,1.0,0.0,0.0,1.0,0.0
4079,0.16049382716049382,0.0,0.0,0.0,0.5555555555555556,0.5,0.6559276062712989,0.0,1.0,0.0,1.0,0.4844115354637566,0.6150627615062758,0.9816368170482885,1.0,0.0,0.0,0.0,0.0,0.0,0.0,0.0,0.0,0.0,0.0,0.0,0.0,0.0,1.0,0.0,0.0,0.0,0.0,0.0,0.0,1.0,0.0,0.0,1.0,0.0
4080,0.38271604938271603,1.0,0.0,0.0,0.5555555555555556,0.5,0.6927390389294485,0.02631578947368421,1.0,0.0,1.0,0.4844115354637566,0.6150627615062758,0.9816368170482885,1.0,0.0,1.0,0.0,0.0,0.0,0.0,0.0,0.0,0.0,0.0,0.0,0.0,1.0,0.0,0.0,0.0,1.0,0.0,0.0,0.0,0.0,0.0,0.0,1.0,0.0
4081,0.1728395061728395,0.0,0.0,0.0,0.5555555555555556,0.5,0.6214904603916316,0.0,1.0,0.0,1.0,0.4844115354637566,0.6150627615062758,0.9816368170482885,1.0,0.0,0.0,0.0,0.0,0.0,0.0,0.0,0.0,0.0,0.0,0.0,0.0,1.0,0.0,0.0,0.0,0.0,0.0,0.0,0.0,1.0,0.0,0.0,1.0,0.0
4082,0.1728395061728395,1.0,0.0,0.0,0.5555555555555556,0.5,0.580467578755373,0.02631578947368421,1.0,0.0,1.0,0.4844115354637566,0.6150627615062758,0.9816368170482885,1.0,0.0,0.0,0.0,0.0,0.0,0.0,0.0,0.0,0.0,0.0,0.0,0.0,0.0,1.0,0.0,0.0,0.0,0.0,0.0,0.0,1.0,0.0,0.0,1.0,0.0
4083,0.16049382716049382,0.0,0.0,1.0,0.5555555555555556,0.5,0.7503271175951005,0.05263157894736842,1.0,0.0,1.0,0.4844115354637566,0.6150627615062758,0.9816368170482885,1.0,1.0,0.0,0.0,0.0,0.0,0.0,0.0,0.0,0.0,0.0,0.0,0.0,1.0,0.0,0.0,0.0,0.0,0.0,0.0,0.0,1.0,0.0,0.0,1.0,0.0
4084,0.38271604938271603,0.0,0.0,0.0,0.5555555555555556,0.5,0.6140973378497864,0.02631578947368421,1.0,0.0,1.0,0.4844115354637566,0.6150627615062758,0.9816368170482885,1.0,0.0,0.0,0.0,0.0,0.0,0.0,0.0,0.0,0.0,0.0,0.0,0.0,1.0,0.0,0.0,0.0,0.0,1.0,0.0,0.0,0.0,0.0,0.0,1.0,0.0
4085,0.3703703703703703,1.0,0.0,0.0,0.5555555555555556,0.5,0.4601914110336532,0.0,1.0,0.0,1.0,0.4844115354637566,0.6150627615062758,0.9816368170482885,1.0,0.0,0.0,0.0,0.0,0.0,0.0,0.0,0.0,0.0,1.0,0.0,0.0,1.0,0.0,0.0,0.0,0.0,0.0,0.0,1.0,0.0,0.0,0.0,1.0,0.0
4086,0.2222222222222222,0.5,0.5,0.0,0.5555555555555556,0.5,0.6417375148956687,0.0,1.0,0.0,1.0,0.4844115354637566,0.6150627615062758,0.9816368170482885,1.0,0.0,0.0,0.0,0.0,1.0,0.0,0.0,0.0,0.0,0.0,0.0,0.0,1.0,0.0,0.0,0.0,0.0,0.0,0.0,0.0,1.0,0.0,0.0,1.0,0.0
4087,0.19753086419753085,1.0,0.0,0.0,0.5555555555555556,0.5,0.5571434124691511,0.05263157894736842,1.0,0.0,1.0,0.4844115354637566,0.6150627615062758,0.9816368170482885,1.0,0.0,0.0,0.0,0.0,1.0,0.0,0.0,0.0,0.0,0.0,0.0,0.0,1.0,0.0,0.0,0.0,0.0,0.0,0.0,0.0,1.0,0.0,0.0,1.0,0.0
4088,0.1728395061728395,1.0,0.0,0.0,0.5555555555555556,0.5,0.5266921854673875,0.0,1.0,0.0,1.0,0.4844115354637566,0.6150627615062758,0.9816368170482885,1.0,0.0,0.0,0.0,0.0,0.0,0.0,0.0,0.0,0.0,0.0,0.0,0.0,0.0,1.0,0.0,0.0,0.0,0.0,0.0,0.0,1.0,0.0,1.0,1.0,0.0
4089,0.1728395061728395,1.0,0.0,0.0,0.5555555555555556,0.5,0.7809289142472077,0.21052631578947367,1.0,0.0,1.0,0.4844115354637566,0.6150627615062758,0.9816368170482885,1.0,1.0,0.0,0.0,0.0,0.0,0.0,0.0,0.0,0.0,0.0,1.0,0.0,1.0,0.0,0.0,0.0,0.0,0.0,0.0,0.0,1.0,0.0,0.0,1.0,0.0
4090,0.14814814814814814,0.0,0.0,0.0,0.5555555555555556,0.5,0.5369277818064884,0.0,1.0,0.0,1.0,0.4844115354637566,0.6150627615062758,0.9816368170482885,1.0,0.0,0.0,0.0,0.0,0.0,0.0,0.0,0.0,0.0,1.0,0.0,0.0,0.0,1.0,0.0,0.0,0.0,0.0,0.0,0.0,1.0,0.0,0.0,1.0,0.0
4091,0.2716049382716049,1.0,0.0,0.0,0.5555555555555556,0.5,0.708853644609602,0.0,1.0,0.0,1.0,0.4844115354637566,0.6150627615062758,0.9816368170482885,1.0,0.0,0.0,0.0,0.0,0.0,0.0,0.0,0.0,0.0,0.0,0.0,0.0,0.0,1.0,0.0,0.0,0.0,0.0,0.0,0.0,1.0,0.0,1.0,1.0,0.0
4092,0.14814814814814814,1.0,0.0,0.0,0.5555555555555556,0.5,0.7245261067197548,0.0,1.0,0.0,1.0,0.4844115354637566,0.6150627615062758,0.9816368170482885,1.0,0.0,0.0,0.0,0.0,0.0,0.0,0.0,0.0,0.0,1.0,0.0,0.0,0.0,1.0,0.0,0.0,0.0,0.0,0.0,1.0,0.0,0.0,0.0,1.0,0.0
4093,0.29629629629629634,1.0,0.0,0.0,0.5555555555555556,0.5,0.7394543255121515,0.10526315789473684,1.0,0.0,1.0,0.4844115354637566,0.6150627615062758,0.9816368170482885,1.0,1.0,0.0,0.0,0.0,0.0,0.0,0.0,0.0,0.0,0.0,0.0,0.0,0.0,0.0,0.0,0.0,0.0,0.0,0.0,0.0,1.0,0.0,0.0,1.0,0.0
4094,0.4444444444444445,0.0,0.0,0.0,0.5555555555555556,0.5,0.6140973378497864,0.05263157894736842,1.0,0.0,1.0,0.4844115354637566,0.6150627615062758,0.9816368170482885,1.0,0.0,0.0,0.0,0.0,0.0,0.0,0.0,0.0,0.0,0.0,0.0,0.0,1.0,0.0,0.0,0.0,0.0,0.0,0.0,0.0,1.0,0.0,0.0,1.0,0.0
4095,0.19753086419753085,0.0,0.0,0.0,0.5555555555555556,0.5,0.6541316149049302,0.02631578947368421,1.0,0.0,1.0,0.4844115354637566,0.6150627615062758,0.9816368170482885,1.0,0.0,0.0,0.0,0.0,0.0,0.0,0.0,0.0,0.0,0.0,0.0,0.0,0.0,0.0,0.0,0.0,0.0,0.0,0.0,0.0,1.0,0.0,0.0,1.0,0.0
4096,0.34567901234567905,1.0,0.0,0.0,0.5555555555555556,0.5,0.5571434124691511,0.02631578947368421,1.0,0.0,1.0,0.4844115354637566,0.6150627615062758,0.9816368170482885,1.0,0.0,0.0,0.0,0.0,1.0,0.0,0.0,0.0,0.0,0.0,0.0,0.0,1.0,0.0,0.0,0.0,0.0,0.0,0.0,0.0,1.0,0.0,0.0,1.0,0.0
4097,0.1728395061728395,1.0,0.0,0.0,0.5555555555555556,0.5,0.5955391234938983,0.02631578947368421,1.0,0.0,1.0,0.4844115354637566,0.6150627615062758,0.9816368170482885,1.0,0.0,0.0,0.0,0.0,0.0,0.0,0.0,0.0,0.0,1.0,0.0,0.0,1.0,0.0,0.0,0.0,0.0,0.0,0.0,0.0,1.0,0.0,0.0,1.0,0.0
4098,0.20987654320987653,1.0,0.0,0.0,0.5555555555555556,0.5,0.6075603701023119,0.0,1.0,0.0,1.0,0.4844115354637566,0.6150627615062758,0.9816368170482885,1.0,0.0,0.0,0.0,0.0,0.0,0.0,0.0,0.0,0.0,1.0,0.0,0.0,0.0,1.0,0.0,0.0,0.0,0.0,0.0,0.0,1.0,0.0,0.0,1.0,0.0
4099,0.2345679012345679,1.0,0.0,0.0,0.5555555555555556,0.5,0.8529295923059607,0.05263157894736842,1.0,0.0,1.0,0.4844115354637566,0.6150627615062758,0.9816368170482885,1.0,1.0,0.0,0.0,0.0,0.0,0.0,0.0,0.0,0.0,0.0,0.0,0.0,0.0,1.0,0.0,0.0,0.0,0.0,0.0,0.0,1.0,0.0,0.0,1.0,0.0
4100,0.14814814814814814,1.0,0.0,0.0,0.5555555555555556,0.5,0.7737877041093975,0.0,1.0,0.0,1.0,0.4844115354637566,0.6150627615062758,0.9816368170482885,1.0,1.0,0.0,0.0,0.0,0.0,0.0,0.0,0.0,0.0,0.0,0.0,0.0,1.0,0.0,0.0,0.0,0.0,0.0,0.0,0.0,1.0,0.0,0.0,1.0,0.0
4101,0.2222222222222222,0.0,1.0,0.0,0.5555555555555556,0.5,0.6075603701023119,0.0,1.0,0.0,1.0,0.4844115354637566,0.6150627615062758,0.9816368170482885,1.0,0.0,0.0,0.0,0.0,0.0,0.0,0.0,0.0,0.0,1.0,0.0,0.0,0.0,1.0,0.0,0.0,0.0,0.0,0.0,0.0,1.0,0.0,0.0,1.0,0.0
4102,0.14814814814814814,0.0,0.0,0.0,0.5555555555555556,0.5,0.8030416678415558,0.05263157894736842,1.0,0.0,1.0,0.4844115354637566,0.6150627615062758,0.9816368170482885,1.0,1.0,0.0,0.0,0.0,0.0,0.0,0.0,0.0,0.0,1.0,0.0,0.0,0.0,1.0,0.0,0.0,0.0,1.0,0.0,0.0,0.0,0.0,1.0,1.0,0.0
4103,0.2839506172839506,1.0,0.0,0.0,0.5555555555555556,0.5,0.5550613200712357,0.0,1.0,0.0,1.0,0.4844115354637566,0.6150627615062758,0.9816368170482885,1.0,0.0,0.0,0.0,0.0,0.0,0.0,0.0,0.0,0.0,0.0,0.0,0.0,0.0,0.0,0.0,0.0,0.0,0.0,0.0,0.0,1.0,0.0,1.0,1.0,0.0
4104,0.3209876543209876,0.0,1.0,0.0,0.5555555555555556,0.5,0.6990820928544513,0.05263157894736842,1.0,0.0,1.0,0.4844115354637566,0.6150627615062758,0.9816368170482885,1.0,0.0,0.0,0.0,0.0,0.0,0.0,0.0,0.0,0.0,0.0,0.0,0.0,0.0,0.0,0.0,0.0,0.0,0.0,0.0,0.0,1.0,0.0,0.0,1.0,0.0
4105,0.38271604938271603,0.0,0.0,0.0,0.5555555555555556,0.5,0.7578691755478335,0.02631578947368421,1.0,0.0,1.0,0.4844115354637566,0.6150627615062758,0.9816368170482885,1.0,1.0,1.0,0.0,0.0,0.0,0.0,0.0,0.0,0.0,0.0,0.0,0.0,1.0,0.0,0.0,0.0,1.0,0.0,0.0,0.0,0.0,0.0,1.0,1.0,0.0
4106,0.3703703703703703,1.0,0.0,0.0,0.5555555555555556,0.5,0.6082306576679029,0.02631578947368421,1.0,0.0,1.0,0.4844115354637566,0.6150627615062758,0.9816368170482885,1.0,0.0,0.0,0.0,1.0,0.0,0.0,0.0,0.0,0.0,0.0,0.0,0.0,0.0,0.0,0.0,0.0,1.0,0.0,0.0,0.0,0.0,0.0,0.0,1.0,0.0
4107,0.3209876543209876,0.0,1.0,0.0,0.5555555555555556,0.5,0.6677857821213365,0.0,1.0,0.0,1.0,0.4844115354637566,0.6150627615062758,0.9816368170482885,1.0,0.0,0.0,0.0,0.0,0.0,0.0,0.0,0.0,0.0,0.0,0.0,0.0,1.0,0.0,0.0,0.0,0.0,0.0,0.0,0.0,1.0,0.0,0.0,1.0,0.0
4108,0.48148148148148145,0.0,0.0,0.0,0.5555555555555556,0.5,0.7978241763466862,0.07894736842105263,1.0,0.0,1.0,0.4844115354637566,0.6150627615062758,0.9816368170482885,1.0,0.0,0.0,0.0,0.0,0.0,1.0,0.0,0.0,0.0,0.0,0.0,0.0,1.0,0.0,0.0,0.0,0.0,0.0,0.0,0.0,0.0,0.0,1.0,1.0,0.0
4109,0.34567901234567905,1.0,0.0,0.0,0.5555555555555556,0.5,0.4980797516051752,0.07894736842105263,1.0,0.0,1.0,0.4844115354637566,0.6150627615062758,0.9816368170482885,1.0,0.0,0.0,0.0,0.0,0.0,0.0,0.0,0.0,0.0,0.0,1.0,0.0,1.0,0.0,0.0,0.0,1.0,0.0,0.0,0.0,0.0,0.0,0.0,1.0,0.0
4110,0.2345679012345679,1.0,0.0,0.0,0.5555555555555556,0.5,0.4692447346122495,0.05263157894736842,1.0,0.0,1.0,0.4844115354637566,0.6150627615062758,0.9816368170482885,1.0,0.0,0.0,0.0,0.0,0.0,0.0,0.0,0.0,0.0,1.0,0.0,0.0,1.0,0.0,0.0,0.0,0.0,1.0,0.0,0.0,0.0,0.0,0.0,1.0,0.0
4111,0.5185185185185184,1.0,0.0,0.0,0.5555555555555556,0.5,0.7574939434928795,0.10526315789473684,1.0,0.0,1.0,0.4844115354637566,0.6150627615062758,0.9816368170482885,1.0,1.0,0.0,0.0,0.0,0.0,1.0,0.0,0.0,0.0,0.0,0.0,0.0,1.0,0.0,0.0,0.0,0.0,1.0,0.0,0.0,0.0,0.0,0.0,1.0,0.0
4112,0.38271604938271603,1.0,0.0,0.0,0.5555555555555556,0.5,0.7713076020689337,0.02631578947368421,1.0,0.0,1.0,0.4844115354637566,0.6150627615062758,0.9816368170482885,1.0,1.0,0.0,0.0,0.0,0.0,0.0,0.0,1.0,0.0,0.0,0.0,0.0,1.0,0.0,0.0,0.0,0.0,1.0,0.0,0.0,0.0,0.0,0.0,1.0,0.0
4113,0.4444444444444445,0.0,1.0,0.0,0.5555555555555556,0.5,0.6295666315558228,0.05263157894736842,1.0,0.0,1.0,0.4844115354637566,0.6150627615062758,0.9816368170482885,1.0,0.0,0.0,0.0,0.0,0.0,0.0,0.0,0.0,0.0,0.0,0.0,0.0,1.0,0.0,0.0,0.0,0.0,1.0,0.0,0.0,0.0,0.0,0.0,1.0,0.0
4114,0.39506172839506176,0.0,0.0,0.0,0.5555555555555556,0.5,0.5689167450775122,0.05263157894736842,1.0,0.0,1.0,0.4844115354637566,0.6150627615062758,0.9816368170482885,1.0,0.0,0.0,0.0,0.0,0.0,0.0,0.0,0.0,0.0,1.0,0.0,0.0,1.0,0.0,0.0,0.0,0.0,0.0,0.0,1.0,0.0,0.0,0.0,1.0,0.0
4115,0.34567901234567905,0.0,0.0,0.0,0.5555555555555556,0.5,0.6166136936809081,0.10526315789473684,1.0,0.0,1.0,0.4844115354637566,0.6150627615062758,0.9816368170482885,1.0,0.0,0.0,0.0,1.0,0.0,0.0,0.0,0.0,0.0,0.0,0.0,0.0,1.0,0.0,0.0,0.0,0.0,0.0,0.0,0.0,0.0,0.0,0.0,1.0,0.0
4116,0.14814814814814814,1.0,0.0,0.0,0.5555555555555556,0.5,0.5977517620704379,0.05263157894736842,1.0,0.0,1.0,0.4844115354637566,0.6150627615062758,0.9816368170482885,1.0,0.0,0.0,0.0,0.0,0.0,0.0,0.0,0.0,0.0,0.0,0.0,0.0,0.0,1.0,0.0,0.0,0.0,0.0,0.0,0.0,1.0,0.0,0.0,1.0,0.0
4117,0.20987654320987653,1.0,0.0,0.0,0.5555555555555556,0.5,0.5417298832341686,0.05263157894736842,1.0,0.0,1.0,0.4844115354637566,0.6150627615062758,0.9816368170482885,1.0,0.0,0.0,0.0,0.0,0.0,0.0,0.0,0.0,0.0,1.0,0.0,0.0,1.0,0.0,0.0,0.0,0.0,1.0,0.0,0.0,0.0,0.0,0.0,1.0,0.0
4118,0.3703703703703703,0.0,0.0,0.0,0.5555555555555556,0.5,0.6993904420466923,0.05263157894736842,1.0,0.0,1.0,0.4844115354637566,0.6150627615062758,0.9816368170482885,1.0,0.0,0.0,0.0,0.0,0.0,0.0,0.0,0.0,0.0,0.0,0.0,0.0,0.0,0.0,0.0,0.0,0.0,0.0,0.0,0.0,1.0,0.0,0.0,1.0,0.0
4119,0.14814814814814814,1.0,1.0,0.0,0.5555555555555556,0.5,0.5992040663129156,0.05263157894736842,1.0,0.0,1.0,0.4844115354637566,0.6150627615062758,0.9816368170482885,1.0,0.0,0.0,0.0,0.0,0.0,0.0,0.0,0.0,0.0,1.0,0.0,0.0,0.0,1.0,0.0,0.0,0.0,0.0,0.0,1.0,0.0,0.0,0.0,1.0,0.0
4120,0.4567901234567901,1.0,0.0,0.0,0.5555555555555556,0.5,0.5417298832341686,0.05263157894736842,1.0,0.0,1.0,0.4844115354637566,0.6150627615062758,0.9816368170482885,1.0,0.0,1.0,0.0,0.0,0.0,0.0,0.0,0.0,0.0,0.0,0.0,0.0,1.0,0.0,0.0,0.0,0.0,0.0,0.0,0.0,0.0,1.0,0.0,1.0,0.0
4121,0.35802469135802467,0.0,1.0,0.0,0.5555555555555556,0.75,0.7141321401199037,0.05263157894736842,1.0,0.0,1.0,0.4844115354637566,0.6150627615062758,0.9814101110859217,1.0,0.0,0.0,0.0,0.0,0.0,0.0,1.0,0.0,0.0,0.0,0.0,0.0,1.0,0.0,0.0,0.0,0.0,0.0,0.0,0.0,1.0,0.0,0.0,1.0,0.0
4122,0.20987654320987653,1.0,0.0,0.0,0.5555555555555556,0.75,0.6657540364605412,0.21052631578947367,1.0,0.0,1.0,0.4844115354637566,0.6150627615062758,0.9814101110859217,1.0,0.0,0.0,0.0,0.0,0.0,0.0,0.0,0.0,0.0,1.0,0.0,0.0,1.0,0.0,0.0,0.0,0.0,0.0,0.0,1.0,0.0,0.0,0.0,1.0,0.0
4123,0.29629629629629634,0.0,0.0,0.0,0.5555555555555556,0.75,0.6128186823313415,0.07894736842105263,1.0,0.0,1.0,0.4844115354637566,0.6150627615062758,0.9814101110859217,1.0,0.0,0.0,0.0,0.0,0.0,0.0,1.0,0.0,0.0,0.0,0.0,0.0,0.0,0.0,0.0,0.0,0.0,0.0,0.0,0.0,1.0,0.0,0.0,1.0,0.0
4124,0.38271604938271603,1.0,0.0,0.0,0.5555555555555556,0.75,0.6752013972391346,0.0,1.0,0.0,1.0,0.4844115354637566,0.6150627615062758,0.9814101110859217,1.0,0.0,0.0,0.0,0.0,0.0,0.0,0.0,1.0,0.0,0.0,0.0,0.0,1.0,0.0,0.0,0.0,0.0,1.0,0.0,0.0,0.0,0.0,0.0,1.0,0.0
4125,0.39506172839506176,0.0,1.0,0.0,0.5555555555555556,0.75,0.5878478128342483,0.0,1.0,0.0,1.0,0.4844115354637566,0.6150627615062758,0.9814101110859217,1.0,0.0,1.0,0.0,0.0,0.0,0.0,0.0,0.0,0.0,0.0,0.0,0.0,1.0,0.0,0.0,0.0,0.0,1.0,0.0,0.0,0.0,0.0,1.0,1.0,0.0
4126,0.30864197530864196,1.0,0.0,0.0,0.5555555555555556,0.75,0.5821481094717212,0.15789473684210525,1.0,0.0,1.0,0.4844115354637566,0.6150627615062758,0.9814101110859217,1.0,0.0,0.0,0.0,0.0,0.0,0.0,0.0,0.0,0.0,1.0,0.0,0.0,0.0,0.0,0.0,0.0,0.0,1.0,0.0,0.0,0.0,0.0,1.0,1.0,0.0
4127,0.4444444444444445,0.0,0.0,0.0,0.5555555555555556,0.75,0.5452070373544604,0.0,1.0,0.0,1.0,0.4844115354637566,0.6150627615062758,0.9814101110859217,1.0,0.0,0.0,0.0,0.0,0.0,0.0,0.0,0.0,0.0,0.0,0.0,0.0,1.0,0.0,0.0,0.0,0.0,0.0,0.0,0.0,1.0,0.0,0.0,1.0,0.0
4128,0.4444444444444445,1.0,0.0,0.0,0.5555555555555556,0.75,0.6442246085825132,0.0,1.0,0.0,1.0,0.4844115354637566,0.6150627615062758,0.9814101110859217,1.0,0.0,0.0,0.0,0.0,0.0,0.0,0.0,0.0,0.0,0.0,0.0,0.0,1.0,0.0,0.0,0.0,0.0,0.0,0.0,0.0,1.0,0.0,0.0,1.0,0.0
4129,0.3209876543209876,0.0,1.0,0.0,0.5555555555555556,0.75,0.6499874824690127,0.02631578947368421,1.0,0.0,1.0,0.4844115354637566,0.6150627615062758,0.9814101110859217,1.0,0.0,0.0,0.0,0.0,0.0,0.0,0.0,0.0,0.0,0.0,0.0,0.0,1.0,0.0,0.0,0.0,0.0,0.0,0.0,0.0,1.0,0.0,0.0,1.0,0.0
4130,0.20987654320987653,1.0,0.0,0.0,0.5555555555555556,0.75,0.5198109754500708,0.07894736842105263,1.0,0.0,1.0,0.4844115354637566,0.6150627615062758,0.9814101110859217,1.0,0.0,0.0,0.0,0.0,0.0,0.0,0.0,0.0,0.0,1.0,0.0,0.0,1.0,0.0,0.0,0.0,0.0,0.0,0.0,1.0,0.0,0.0,0.0,1.0,0.0
4131,0.30864197530864196,1.0,0.0,0.0,0.5555555555555556,0.75,0.5651217337279456,0.0,1.0,0.0,1.0,0.4844115354637566,0.6150627615062758,0.9814101110859217,1.0,0.0,0.0,0.0,0.0,0.0,0.0,0.0,0.0,0.0,0.0,0.0,0.0,1.0,0.0,0.0,0.0,0.0,0.0,0.0,0.0,1.0,0.0,0.0,1.0,0.0
4132,0.20987654320987653,1.0,0.0,0.0,0.5555555555555556,0.75,0.8606050496703869,0.0,1.0,0.0,1.0,0.4844115354637566,0.6150627615062758,0.9814101110859217,1.0,1.0,0.0,0.0,0.0,0.0,0.0,0.0,0.0,0.0,0.0,0.0,0.0,1.0,0.0,0.0,0.0,0.0,1.0,0.0,0.0,0.0,0.0,0.0,1.0,0.0
4133,0.14814814814814814,0.0,0.0,0.0,0.5555555555555556,0.75,0.5770327318283031,0.0,1.0,0.0,1.0,0.4844115354637566,0.6150627615062758,0.9814101110859217,1.0,0.0,0.0,0.0,0.0,0.0,0.0,0.0,0.0,0.0,0.0,0.0,0.0,0.0,1.0,0.0,0.0,0.0,0.0,0.0,0.0,1.0,0.0,0.0,1.0,0.0
4134,0.38271604938271603,1.0,1.0,0.0,0.5555555555555556,0.75,0.5440593682563573,0.0,1.0,0.0,1.0,0.4844115354637566,0.6150627615062758,0.9814101110859217,1.0,0.0,0.0,0.0,0.0,0.0,0.0,0.0,1.0,0.0,0.0,0.0,0.0,1.0,0.0,0.0,0.0,0.0,1.0,0.0,0.0,0.0,0.0,1.0,1.0,0.0
4135,0.419753086419753,0.0,0.0,0.0,0.5555555555555556,0.75,0.7610112280743938,0.02631578947368421,1.0,0.0,1.0,0.4844115354637566,0.6150627615062758,0.9814101110859217,1.0,1.0,0.0,0.0,0.0,1.0,0.0,0.0,0.0,0.0,0.0,0.0,0.0,1.0,0.0,0.0,0.0,0.0,0.0,0.0,0.0,1.0,0.0,0.0,1.0,0.0
4136,0.30864197530864196,1.0,1.0,0.0,0.5555555555555556,0.75,0.5550613200712357,0.0,1.0,0.0,1.0,0.4844115354637566,0.6150627615062758,0.9814101110859217,1.0,0.0,0.0,0.0,0.0,0.0,0.0,0.0,0.0,0.0,1.0,0.0,0.0,1.0,0.0,0.0,0.0,0.0,0.0,0.0,0.0,1.0,0.0,0.0,1.0,0.0
4137,0.16049382716049382,1.0,0.0,0.0,0.5555555555555556,0.75,0.5787626916748434,0.0,1.0,0.0,1.0,0.4844115354637566,0.6150627615062758,0.9814101110859217,1.0,0.0,0.0,0.0,0.0,0.0,0.0,0.0,0.0,0.0,0.0,0.0,0.0,1.0,0.0,0.0,0.0,0.0,0.0,0.0,0.0,1.0,0.0,0.0,1.0,0.0
4138,0.18518518518518517,1.0,0.0,0.0,0.5555555555555556,0.75,0.56984667205054,0.02631578947368421,1.0,0.0,1.0,0.4844115354637566,0.6150627615062758,0.9814101110859217,1.0,0.0,0.0,0.0,0.0,0.0,0.0,0.0,0.0,0.0,0.0,0.0,0.0,0.0,1.0,0.0,0.0,0.0,0.0,0.0,0.0,1.0,0.0,0.0,1.0,0.0
4139,0.43209876543209874,0.0,0.0,1.0,0.5555555555555556,0.75,0.9814112075077693,0.05263157894736842,1.0,0.0,1.0,0.4844115354637566,0.6150627615062758,0.9814101110859217,1.0,1.0,1.0,0.0,0.0,0.0,0.0,0.0,0.0,0.0,0.0,0.0,0.0,1.0,0.0,0.0,0.0,0.0,0.0,0.0,0.0,0.0,0.0,0.0,1.0,0.0
4140,0.16049382716049382,0.0,0.0,0.0,0.5555555555555556,0.75,0.802016518438772,0.02631578947368421,1.0,0.0,1.0,0.4844115354637566,0.6150627615062758,0.9814101110859217,1.0,1.0,0.0,0.0,0.0,0.0,0.0,0.0,0.0,0.0,1.0,0.0,0.0,1.0,0.0,0.0,0.0,0.0,1.0,0.0,0.0,0.0,0.0,0.0,1.0,0.0
4141,0.38271604938271603,0.0,0.0,0.0,0.5555555555555556,0.75,0.8250829953569192,0.05263157894736842,1.0,0.0,1.0,0.4844115354637566,0.6150627615062758,0.9814101110859217,1.0,0.0,1.0,0.0,0.0,0.0,0.0,0.0,0.0,0.0,0.0,0.0,0.0,1.0,0.0,0.0,0.0,1.0,0.0,0.0,0.0,0.0,0.0,1.0,1.0,0.0
4142,0.419753086419753,1.0,0.0,0.0,0.5555555555555556,0.75,0.5631773068220264,0.0,1.0,0.0,1.0,0.4844115354637566,0.6150627615062758,0.9814101110859217,1.0,0.0,0.0,0.0,0.0,0.0,0.0,0.0,0.0,0.0,0.0,0.0,0.0,1.0,0.0,0.0,0.0,0.0,0.0,0.0,0.0,1.0,0.0,0.0,1.0,0.0
4143,0.3703703703703703,0.0,0.0,0.0,0.5555555555555556,0.75,0.7892500190089669,0.13157894736842105,1.0,0.0,1.0,0.4844115354637566,0.6150627615062758,0.9814101110859217,1.0,1.0,0.0,0.0,0.0,0.0,0.0,0.0,1.0,0.0,0.0,0.0,0.0,0.0,0.0,0.0,0.0,0.0,1.0,0.0,0.0,0.0,0.0,1.0,1.0,0.0
4144,0.24691358024691357,0.0,1.0,0.0,0.5555555555555556,0.75,0.8607613754734396,0.05263157894736842,1.0,0.0,1.0,0.4844115354637566,0.6150627615062758,0.9814101110859217,1.0,1.0,0.0,0.0,0.0,0.0,0.0,0.0,0.0,0.0,0.0,0.0,0.0,1.0,0.0,0.0,0.0,0.0,0.0,0.0,0.0,1.0,0.0,0.0,1.0,0.0
4145,0.419753086419753,0.0,1.0,0.0,0.5555555555555556,0.75,0.4796617267459457,0.0,1.0,0.0,1.0,0.4844115354637566,0.6150627615062758,0.9814101110859217,1.0,0.0,0.0,0.0,0.0,0.0,0.0,0.0,0.0,0.0,1.0,0.0,0.0,1.0,0.0,0.0,0.0,0.0,0.0,0.0,1.0,0.0,0.0,1.0,1.0,0.0
4146,0.14814814814814814,1.0,0.0,0.0,0.5555555555555556,0.75,0.784716593334517,0.05263157894736842,1.0,0.0,1.0,0.4844115354637566,0.6150627615062758,0.9814101110859217,1.0,1.0,0.0,0.0,0.0,0.0,0.0,0.0,0.0,0.0,0.0,0.0,0.0,0.0,1.0,0.0,0.0,0.0,1.0,0.0,0.0,0.0,0.0,0.0,1.0,0.0
4147,0.4691358024691357,0.0,1.0,0.0,0.5555555555555556,0.75,0.6306764053478436,0.02631578947368421,1.0,0.0,1.0,0.4844115354637566,0.6150627615062758,0.9814101110859217,1.0,0.0,0.0,0.0,0.0,0.0,0.0,0.0,0.0,0.0,0.0,0.0,0.0,1.0,0.0,0.0,0.0,0.0,0.0,0.0,0.0,1.0,0.0,1.0,1.0,0.0
4148,0.25925925925925924,0.0,1.0,0.0,0.5555555555555556,0.75,0.6781891171876829,0.05263157894736842,1.0,0.0,1.0,0.4844115354637566,0.6150627615062758,0.9814101110859217,1.0,0.0,0.0,0.0,0.0,0.0,0.0,0.0,0.0,0.0,1.0,0.0,0.0,1.0,0.0,0.0,0.0,0.0,0.0,0.0,1.0,0.0,0.0,1.0,1.0,0.0
4149,0.19753086419753085,1.0,0.0,0.0,0.5555555555555556,0.75,0.645692009932198,0.02631578947368421,1.0,0.0,1.0,0.4844115354637566,0.6150627615062758,0.9814101110859217,1.0,0.0,0.0,0.0,0.0,0.0,0.0,0.0,0.0,0.0,1.0,0.0,0.0,0.0,1.0,0.0,0.0,0.0,0.0,0.0,1.0,0.0,0.0,0.0,1.0,0.0
4150,0.3703703703703703,1.0,0.0,0.0,0.5555555555555556,0.75,0.44515371326687203,0.02631578947368421,1.0,0.0,1.0,0.4844115354637566,0.6150627615062758,0.9814101110859217,1.0,0.0,1.0,0.0,0.0,0.0,0.0,0.0,0.0,0.0,0.0,0.0,0.0,1.0,0.0,0.0,1.0,0.0,0.0,0.0,0.0,0.0,0.0,0.0,1.0,0.0
4151,0.1728395061728395,0.0,0.0,0.0,0.5555555555555556,0.75,0.710546265890685,0.05263157894736842,1.0,0.0,1.0,0.4844115354637566,0.6150627615062758,0.9814101110859217,1.0,0.0,0.0,0.0,0.0,0.0,0.0,0.0,0.0,0.0,0.0,0.0,0.0,0.0,1.0,0.0,0.0,0.0,0.0,0.0,0.0,1.0,0.0,0.0,1.0,0.0
4152,0.19753086419753085,0.5,0.5,0.0,0.5555555555555556,0.75,0.8061888632947317,0.02631578947368421,1.0,0.0,1.0,0.4844115354637566,0.6150627615062758,0.9814101110859217,1.0,1.0,0.0,0.0,0.0,0.0,0.0,0.0,0.0,0.0,1.0,0.0,0.0,1.0,0.0,0.0,0.0,0.0,0.0,0.0,1.0,0.0,0.0,0.0,1.0,0.0
4153,0.16049382716049382,0.5,0.5,0.0,0.5555555555555556,0.75,0.4735228478707203,0.10526315789473684,1.0,0.0,1.0,0.4844115354637566,0.6150627615062758,0.9814101110859217,1.0,0.0,0.0,0.0,0.0,0.0,0.0,0.0,0.0,0.0,0.0,0.0,0.0,1.0,0.0,0.0,0.0,0.0,0.0,0.0,0.0,1.0,0.0,0.0,1.0,0.0
4154,0.39506172839506176,0.0,0.0,0.0,0.5555555555555556,0.75,0.8628516897933912,0.0,1.0,0.0,1.0,0.4844115354637566,0.6150627615062758,0.9814101110859217,1.0,1.0,0.0,0.0,0.0,0.0,0.0,0.0,0.0,0.0,0.0,0.0,0.0,0.0,0.0,1.0,0.0,0.0,0.0,0.0,0.0,1.0,0.0,0.0,1.0,0.0
4155,0.34567901234567905,0.0,0.0,0.0,0.5555555555555556,0.75,0.8157288523807134,0.02631578947368421,1.0,0.0,1.0,0.4844115354637566,0.6150627615062758,0.9814101110859217,1.0,0.0,0.0,0.0,0.0,0.0,0.0,0.0,1.0,0.0,0.0,0.0,0.0,1.0,0.0,0.0,0.0,0.0,1.0,0.0,0.0,0.0,0.0,0.0,1.0,0.0
4156,0.4074074074074074,1.0,1.0,0.0,0.5555555555555556,0.75,0.7331549540865699,0.07894736842105263,1.0,0.0,1.0,0.4844115354637566,0.6150627615062758,0.9814101110859217,1.0,0.0,0.0,0.0,0.0,0.0,0.0,0.0,0.0,0.0,0.0,0.0,0.0,1.0,0.0,0.0,0.0,0.0,0.0,0.0,0.0,1.0,0.0,0.0,1.0,0.0
4157,0.48148148148148145,1.0,0.0,0.0,0.5555555555555556,0.75,0.7854597110899395,0.10526315789473684,1.0,0.0,1.0,0.4844115354637566,0.6150627615062758,0.9814101110859217,1.0,1.0,0.0,0.0,0.0,0.0,0.0,1.0,0.0,0.0,0.0,0.0,0.0,1.0,0.0,0.0,0.0,1.0,0.0,0.0,0.0,0.0,0.0,0.0,1.0,0.0
4158,0.38271604938271603,0.0,0.0,0.0,0.5555555555555556,0.75,0.6933889585355939,0.0,1.0,0.0,1.0,0.4844115354637566,0.6150627615062758,0.9814101110859217,1.0,0.0,1.0,0.0,0.0,0.0,0.0,0.0,0.0,0.0,0.0,0.0,0.0,1.0,0.0,0.0,1.0,0.0,0.0,0.0,0.0,0.0,0.0,0.0,1.0,0.0
4159,0.16049382716049382,0.0,0.0,0.0,0.5555555555555556,0.75,0.6178519698461769,0.0,1.0,0.0,1.0,0.4844115354637566,0.6150627615062758,0.9814101110859217,1.0,0.0,0.0,0.0,0.0,0.0,0.0,0.0,0.0,0.0,0.0,0.0,0.0,1.0,0.0,0.0,0.0,0.0,0.0,0.0,0.0,1.0,0.0,0.0,1.0,0.0
4160,0.3703703703703703,1.0,0.0,0.0,0.5555555555555556,0.75,0.703921238889424,0.05263157894736842,1.0,0.0,1.0,0.4844115354637566,0.6150627615062758,0.9814101110859217,1.0,0.0,0.0,0.0,0.0,0.0,0.0,0.0,0.0,0.0,1.0,0.0,0.0,0.0,1.0,0.0,0.0,0.0,0.0,0.0,1.0,0.0,0.0,0.0,1.0,0.0
4161,0.24691358024691357,1.0,0.0,0.0,0.5555555555555556,0.75,0.6371237804409605,0.15789473684210525,1.0,0.0,1.0,0.4844115354637566,0.6150627615062758,0.9814101110859217,1.0,0.0,0.0,0.0,0.0,0.0,0.0,0.0,0.0,0.0,1.0,0.0,0.0,1.0,0.0,0.0,0.0,0.0,0.0,0.0,1.0,0.0,0.0,0.0,1.0,0.0
4162,0.19753086419753085,1.0,0.0,0.0,0.5555555555555556,0.75,0.7684321209538291,0.07894736842105263,1.0,0.0,1.0,0.4844115354637566,0.6150627615062758,0.9814101110859217,1.0,1.0,0.0,0.0,0.0,0.0,0.0,0.0,0.0,0.0,0.0,0.0,0.0,0.0,1.0,0.0,0.0,0.0,0.0,0.0,0.0,1.0,0.0,0.0,1.0,0.0
4163,0.39506172839506176,1.0,0.0,0.0,0.5555555555555556,0.75,0.8867293642967908,0.05263157894736842,1.0,0.0,1.0,0.4844115354637566,0.6150627615062758,0.9814101110859217,1.0,1.0,1.0,0.0,0.0,0.0,0.0,0.0,0.0,0.0,0.0,0.0,0.0,1.0,0.0,0.0,0.0,1.0,0.0,0.0,0.0,0.0,0.0,1.0,1.0,0.0
4164,0.1728395061728395,1.0,0.0,0.0,0.5555555555555556,0.75,0.5838049699531718,0.02631578947368421,1.0,0.0,1.0,0.4844115354637566,0.6150627615062758,0.9814101110859217,1.0,0.0,0.0,0.0,0.0,0.0,0.0,0.0,0.0,0.0,1.0,0.0,0.0,0.0,0.0,0.0,0.0,0.0,0.0,0.0,0.0,1.0,0.0,0.0,1.0,0.0
4165,0.16049382716049382,1.0,0.0,0.0,0.5555555555555556,0.75,0.6041504168690148,0.07894736842105263,1.0,0.0,1.0,0.4844115354637566,0.6150627615062758,0.9814101110859217,1.0,0.0,0.0,0.0,0.0,0.0,0.0,0.0,0.0,0.0,1.0,0.0,0.0,1.0,0.0,0.0,0.0,0.0,0.0,0.0,1.0,0.0,0.0,0.0,1.0,0.0
4166,0.4567901234567901,1.0,0.0,0.0,0.5555555555555556,0.75,0.8257160111417594,0.0,1.0,0.0,1.0,0.4844115354637566,0.6150627615062758,0.9814101110859217,1.0,1.0,0.0,0.0,0.0,0.0,0.0,0.0,0.0,0.0,1.0,0.0,0.0,0.0,0.0,0.0,0.0,0.0,0.0,0.0,1.0,0.0,0.0,1.0,1.0,0.0
4167,0.4691358024691357,0.0,0.0,0.0,0.5555555555555556,0.75,0.5660820259952785,0.10526315789473684,1.0,0.0,1.0,0.4844115354637566,0.6150627615062758,0.9814101110859217,1.0,0.0,0.0,0.0,0.0,1.0,0.0,0.0,0.0,0.0,0.0,0.0,0.0,1.0,0.0,0.0,0.0,0.0,0.0,0.0,0.0,1.0,0.0,0.0,1.0,0.0
4168,0.4444444444444445,1.0,0.0,0.0,0.5555555555555556,0.75,0.6208918069393788,0.0,1.0,0.0,1.0,0.4844115354637566,0.6150627615062758,0.9814101110859217,1.0,0.0,1.0,0.0,0.0,0.0,0.0,0.0,0.0,0.0,0.0,0.0,0.0,1.0,0.0,0.0,0.0,0.0,0.0,0.0,0.0,0.0,0.0,0.0,1.0,0.0
4169,0.29629629629629634,1.0,0.0,0.0,0.5555555555555556,0.75,0.599923549592398,0.0,1.0,0.0,1.0,0.4844115354637566,0.6150627615062758,0.9814101110859217,1.0,0.0,0.0,0.0,1.0,0.0,0.0,0.0,0.0,0.0,0.0,0.0,0.0,1.0,0.0,0.0,0.0,0.0,0.0,0.0,0.0,1.0,0.0,0.0,1.0,0.0
4170,0.1728395061728395,0.0,0.0,1.0,0.5555555555555556,0.75,0.6828879198511015,0.3421052631578947,1.0,0.0,1.0,0.4844115354637566,0.6150627615062758,0.9814101110859217,1.0,0.0,0.0,0.0,0.0,0.0,0.0,0.0,0.0,0.0,1.0,0.0,0.0,0.0,1.0,0.0,0.0,0.0,0.0,0.0,1.0,0.0,0.0,1.0,1.0,0.0
4171,0.4938271604938272,0.0,0.0,0.0,0.5555555555555556,0.75,0.5970188304191458,0.0,1.0,0.0,1.0,0.4844115354637566,0.6150627615062758,0.9814101110859217,1.0,0.0,0.0,0.0,0.0,0.0,0.0,0.0,0.0,0.0,1.0,0.0,0.0,1.0,0.0,0.0,0.0,0.0,0.0,0.0,0.0,1.0,0.0,0.0,1.0,0.0
4172,0.4074074074074074,1.0,0.0,0.0,0.5555555555555556,1.0,0.5621929065211045,0.10526315789473684,1.0,0.0,1.0,0.4844115354637566,0.6150627615062758,0.9816368170482885,1.0,0.0,1.0,0.0,0.0,0.0,0.0,0.0,0.0,0.0,0.0,0.0,0.0,1.0,0.0,0.0,1.0,0.0,0.0,0.0,0.0,0.0,0.0,1.0,1.0,0.0
4173,0.4938271604938272,0.0,0.0,0.0,0.5555555555555556,1.0,0.5787626916748434,0.13157894736842105,1.0,0.0,1.0,0.4844115354637566,0.6150627615062758,0.9816368170482885,1.0,0.0,0.0,0.0,0.0,0.0,1.0,0.0,0.0,0.0,0.0,0.0,0.0,1.0,0.0,0.0,0.0,0.0,1.0,0.0,0.0,0.0,0.0,0.0,1.0,0.0
4174,0.2222222222222222,1.0,0.0,0.0,0.5555555555555556,1.0,0.8096165607243796,0.07894736842105263,1.0,0.0,1.0,0.4844115354637566,0.6150627615062758,0.9816368170482885,1.0,1.0,0.0,0.0,0.0,0.0,0.0,0.0,0.0,0.0,1.0,0.0,0.0,0.0,1.0,0.0,0.0,0.0,0.0,0.0,0.0,1.0,0.0,0.0,1.0,0.0
4175,0.1728395061728395,1.0,0.0,0.0,0.5555555555555556,1.0,0.5109842001350153,0.07894736842105263,1.0,0.0,1.0,0.4844115354637566,0.6150627615062758,0.9816368170482885,1.0,0.0,0.0,0.0,0.0,0.0,0.0,0.0,0.0,0.0,0.0,0.0,0.0,0.0,1.0,0.0,0.0,0.0,0.0,0.0,0.0,1.0,0.0,0.0,1.0,0.0
4176,0.16049382716049382,1.0,1.0,0.0,0.5555555555555556,1.0,0.5838049699531718,0.0,1.0,0.0,1.0,0.4844115354637566,0.6150627615062758,0.9816368170482885,1.0,0.0,0.0,0.0,0.0,0.0,0.0,0.0,0.0,0.0,1.0,0.0,0.0,0.0,1.0,0.0,0.0,0.0,0.0,0.0,0.0,1.0,0.0,0.0,1.0,0.0
4177,0.1728395061728395,1.0,0.0,0.0,0.5555555555555556,1.0,0.8263456387795056,0.02631578947368421,1.0,0.0,1.0,0.4844115354637566,0.6150627615062758,0.9816368170482885,1.0,1.0,0.0,0.0,0.0,0.0,0.0,0.0,0.0,0.0,1.0,0.0,0.0,0.0,1.0,0.0,0.0,0.0,0.0,0.0,0.0,1.0,0.0,1.0,1.0,0.0
4178,0.3703703703703703,1.0,0.0,0.0,0.5555555555555556,1.0,0.6027582686746316,0.0,1.0,0.0,1.0,0.4844115354637566,0.6150627615062758,0.9816368170482885,1.0,0.0,1.0,0.0,0.0,0.0,0.0,0.0,0.0,0.0,0.0,0.0,0.0,1.0,0.0,0.0,1.0,0.0,0.0,0.0,0.0,0.0,0.0,0.0,1.0,0.0
4179,0.35802469135802467,1.0,0.0,0.0,0.5555555555555556,1.0,0.6736785908672379,0.0,1.0,0.0,1.0,0.4844115354637566,0.6150627615062758,0.9816368170482885,1.0,0.0,0.0,0.0,0.0,0.0,0.0,0.0,0.0,0.0,1.0,0.0,0.0,1.0,0.0,0.0,0.0,0.0,1.0,0.0,0.0,0.0,0.0,0.0,1.0,0.0
4180,0.19753086419753085,1.0,0.0,0.0,0.5555555555555556,1.0,0.7479057254249325,0.0,1.0,0.0,1.0,0.4844115354637566,0.6150627615062758,0.9816368170482885,1.0,1.0,0.0,0.0,0.0,0.0,0.0,0.0,0.0,0.0,0.0,0.0,0.0,1.0,0.0,0.0,0.0,0.0,0.0,0.0,0.0,1.0,0.0,0.0,1.0,0.0
4181,0.19753086419753085,1.0,0.0,0.0,0.5555555555555556,1.0,0.7485157621394414,0.0,1.0,0.0,1.0,0.4844115354637566,0.6150627615062758,0.9816368170482885,1.0,1.0,0.0,0.0,0.0,0.0,0.0,0.0,0.0,0.0,0.0,0.0,0.0,1.0,0.0,0.0,0.0,0.0,0.0,0.0,0.0,1.0,0.0,0.0,1.0,0.0
4182,0.38271604938271603,1.0,0.0,0.0,0.5555555555555556,1.0,0.6846463255291116,0.18421052631578946,1.0,0.0,1.0,0.4844115354637566,0.6150627615062758,0.9816368170482885,1.0,1.0,0.0,0.0,0.0,0.0,0.0,0.0,0.0,0.0,1.0,0.0,0.0,1.0,0.0,0.0,0.0,0.0,0.0,0.0,1.0,0.0,0.0,0.0,1.0,0.0
4183,0.35802469135802467,0.0,0.0,0.0,0.5555555555555556,1.0,0.7771742822508172,0.0,1.0,0.0,1.0,0.4844115354637566,0.6150627615062758,0.9816368170482885,1.0,1.0,0.0,0.0,0.0,0.0,0.0,0.0,1.0,0.0,0.0,0.0,0.0,1.0,0.0,0.0,0.0,0.0,0.0,0.0,0.0,0.0,1.0,0.0,1.0,0.0
4184,0.19753086419753085,0.5,0.5,0.0,0.5555555555555556,1.0,0.6386818846696665,0.0,1.0,0.0,1.0,0.4844115354637566,0.6150627615062758,0.9816368170482885,1.0,0.0,0.0,0.0,0.0,0.0,0.0,0.0,0.0,0.0,0.0,0.0,0.0,1.0,0.0,0.0,0.0,0.0,0.0,0.0,0.0,1.0,0.0,0.0,1.0,0.0
4185,0.14814814814814814,1.0,0.0,0.0,0.5555555555555556,1.0,0.7358960913046179,0.0,1.0,0.0,1.0,0.4844115354637566,0.6150627615062758,0.9816368170482885,1.0,1.0,0.0,0.0,0.0,0.0,0.0,0.0,0.0,0.0,0.0,0.0,0.0,0.0,1.0,0.0,0.0,0.0,0.0,0.0,0.0,1.0,0.0,0.0,1.0,0.0
4186,0.20987654320987653,1.0,0.0,0.0,0.5555555555555556,1.0,0.5198109754500708,0.05263157894736842,1.0,0.0,1.0,0.4844115354637566,0.6150627615062758,0.9816368170482885,1.0,0.0,0.0,0.0,0.0,0.0,0.0,0.0,0.0,0.0,0.0,0.0,0.0,0.0,1.0,0.0,0.0,0.0,0.0,0.0,0.0,1.0,0.0,0.0,1.0,0.0
4187,0.2222222222222222,0.0,0.0,0.0,0.5555555555555556,1.0,0.8396882883971253,0.0,1.0,0.0,1.0,0.4844115354637566,0.6150627615062758,0.9816368170482885,1.0,1.0,0.0,0.0,0.0,0.0,0.0,0.0,0.0,0.0,1.0,0.0,0.0,0.0,1.0,0.0,0.0,0.0,1.0,0.0,0.0,0.0,0.0,1.0,1.0,0.0
4188,0.19753086419753085,0.0,0.0,0.0,0.5555555555555556,1.0,0.5591892927228724,0.0,1.0,0.0,1.0,0.4844115354637566,0.6150627615062758,0.9816368170482885,1.0,0.0,0.0,0.0,0.0,0.0,0.0,0.0,0.0,0.0,0.0,1.0,0.0,1.0,0.0,0.0,0.0,0.0,0.0,0.0,0.0,1.0,0.0,0.0,1.0,0.0
4189,0.3703703703703703,1.0,0.0,0.0,0.5555555555555556,1.0,0.7376886616025277,0.0,1.0,0.0,1.0,0.4844115354637566,0.6150627615062758,0.9816368170482885,1.0,1.0,0.0,0.0,0.0,0.0,0.0,0.0,1.0,0.0,0.0,0.0,0.0,1.0,0.0,0.0,0.0,0.0,1.0,0.0,0.0,0.0,0.0,1.0,1.0,0.0
4190,0.35802469135802467,1.0,0.0,0.0,0.5555555555555556,1.0,0.6767047422935657,0.0,1.0,0.0,1.0,0.4844115354637566,0.6150627615062758,0.9816368170482885,1.0,0.0,1.0,0.0,0.0,0.0,0.0,0.0,0.0,0.0,0.0,0.0,0.0,1.0,0.0,0.0,1.0,0.0,0.0,0.0,0.0,0.0,0.0,0.0,1.0,0.0
4191,0.25925925925925924,0.0,0.0,0.0,0.5555555555555556,1.0,0.8461418923509827,0.0,1.0,0.0,1.0,0.4844115354637566,0.6150627615062758,0.9816368170482885,1.0,1.0,0.0,0.0,0.0,0.0,0.0,1.0,0.0,0.0,0.0,0.0,0.0,1.0,0.0,0.0,0.0,1.0,0.0,0.0,0.0,0.0,0.0,1.0,1.0,0.0
4192,0.2222222222222222,1.0,0.0,0.0,0.5555555555555556,1.0,0.492850661870268,0.3157894736842105,1.0,0.0,1.0,0.4844115354637566,0.6150627615062758,0.9816368170482885,1.0,0.0,0.0,0.0,0.0,0.0,0.0,0.0,0.0,0.0,1.0,0.0,0.0,0.0,1.0,0.0,0.0,0.0,0.0,0.0,0.0,1.0,0.0,0.0,1.0,0.0
4193,0.20987654320987653,1.0,1.0,0.0,0.5555555555555556,1.0,0.5047088377203057,0.0,1.0,0.0,1.0,0.4844115354637566,0.6150627615062758,0.9816368170482885,1.0,0.0,0.0,0.0,0.0,0.0,0.0,0.0,0.0,0.0,0.0,0.0,0.0,0.0,1.0,0.0,0.0,0.0,0.0,0.0,0.0,1.0,0.0,0.0,1.0,0.0
4194,0.4444444444444445,1.0,0.0,0.0,0.5555555555555556,1.0,0.7456414619163615,0.0,1.0,0.0,1.0,0.4844115354637566,0.6150627615062758,0.9816368170482885,1.0,1.0,1.0,0.0,0.0,0.0,0.0,0.0,0.0,0.0,0.0,0.0,0.0,1.0,0.0,0.0,0.0,1.0,0.0,0.0,0.0,0.0,0.0,0.0,1.0,0.0
4195,0.25925925925925924,1.0,1.0,0.0,0.5555555555555556,1.0,0.7470873906500883,0.0,1.0,0.0,1.0,0.4844115354637566,0.6150627615062758,0.9816368170482885,1.0,0.0,0.0,0.0,0.0,0.0,0.0,0.0,0.0,0.0,1.0,0.0,0.0,0.0,1.0,0.0,0.0,0.0,0.0,0.0,0.0,1.0,0.0,0.0,1.0,0.0
4196,0.14814814814814814,0.0,0.0,0.0,0.5555555555555556,1.0,0.7534800071482515,0.05263157894736842,1.0,0.0,1.0,0.4844115354637566,0.6150627615062758,0.9816368170482885,1.0,1.0,0.0,0.0,0.0,0.0,0.0,0.0,0.0,0.0,0.0,0.0,0.0,1.0,0.0,0.0,0.0,0.0,0.0,0.0,0.0,1.0,0.0,0.0,1.0,0.0
4197,0.14814814814814814,1.0,0.0,0.0,0.5555555555555556,1.0,0.5796182238056906,0.02631578947368421,1.0,0.0,1.0,0.4844115354637566,0.6150627615062758,0.9816368170482885,1.0,0.0,0.0,0.0,0.0,0.0,0.0,0.0,0.0,0.0,0.0,0.0,0.0,1.0,0.0,0.0,0.0,0.0,0.0,0.0,0.0,1.0,0.0,0.0,1.0,0.0
4198,0.16049382716049382,0.0,0.0,0.0,0.5555555555555556,1.0,0.492850661870268,0.02631578947368421,1.0,0.0,1.0,0.4844115354637566,0.6150627615062758,0.9816368170482885,1.0,0.0,0.0,0.0,0.0,0.0,0.0,0.0,0.0,0.0,1.0,0.0,0.0,1.0,0.0,0.0,0.0,0.0,0.0,0.0,0.0,1.0,0.0,0.0,1.0,0.0
4199,0.24691358024691357,0.0,0.0,0.0,0.5555555555555556,1.0,0.6115259753720838,0.02631578947368421,1.0,0.0,1.0,0.4844115354637566,0.6150627615062758,0.9816368170482885,1.0,0.0,0.0,0.0,0.0,0.0,0.0,0.0,0.0,0.0,1.0,0.0,0.0,0.0,1.0,0.0,0.0,0.0,0.0,0.0,0.0,1.0,0.0,0.0,1.0,0.0
4200,0.24691358024691357,0.0,0.0,0.0,0.5555555555555556,1.0,0.646660205928461,0.23684210526315788,1.0,0.0,1.0,0.4844115354637566,0.6150627615062758,0.9816368170482885,1.0,0.0,0.0,0.0,0.0,0.0,0.0,0.0,0.0,0.0,1.0,0.0,0.0,1.0,0.0,0.0,0.0,0.0,0.0,0.0,1.0,0.0,0.0,0.0,1.0,0.0
4201,0.3703703703703703,0.0,0.0,0.0,0.5555555555555556,1.0,0.39198437567020483,0.26315789473684215,1.0,0.0,1.0,0.4844115354637566,0.6150627615062758,0.9816368170482885,1.0,0.0,1.0,0.0,0.0,0.0,0.0,0.0,0.0,0.0,0.0,0.0,0.0,1.0,0.0,0.0,0.0,1.0,0.0,0.0,0.0,0.0,0.0,0.0,1.0,0.0
4202,0.18518518518518517,0.5,0.5,0.0,0.5555555555555556,1.0,0.506309340633733,0.07894736842105263,1.0,0.0,1.0,0.4844115354637566,0.6150627615062758,0.9816368170482885,1.0,0.0,0.0,0.0,0.0,0.0,0.0,0.0,0.0,0.0,1.0,0.0,0.0,0.0,1.0,0.0,0.0,0.0,0.0,0.0,1.0,0.0,0.0,1.0,1.0,0.0
4203,0.4938271604938272,1.0,0.0,0.0,0.5555555555555556,1.0,0.6208918069393788,0.05263157894736842,1.0,0.0,1.0,0.4844115354637566,0.6150627615062758,0.9816368170482885,1.0,0.0,0.0,0.0,0.0,0.0,0.0,0.0,0.0,0.0,1.0,0.0,0.0,1.0,0.0,0.0,0.0,0.0,0.0,0.0,1.0,0.0,0.0,1.0,1.0,0.0
4204,0.43209876543209874,0.0,0.0,0.0,0.5555555555555556,1.0,0.6422391580843787,0.02631578947368421,1.0,0.0,1.0,0.4844115354637566,0.6150627615062758,0.9816368170482885,1.0,0.0,0.0,0.0,0.0,0.0,0.0,0.0,0.0,0.0,0.0,0.0,0.0,1.0,0.0,0.0,0.0,0.0,0.0,0.0,0.0,0.0,1.0,1.0,1.0,0.0
4205,0.4444444444444445,1.0,1.0,0.0,0.5555555555555556,1.0,0.8380890654135134,0.15789473684210525,1.0,0.0,1.0,0.4844115354637566,0.6150627615062758,0.9816368170482885,1.0,1.0,0.0,0.0,0.0,0.0,0.0,1.0,0.0,0.0,0.0,0.0,0.0,1.0,0.0,0.0,0.0,1.0,0.0,0.0,0.0,0.0,0.0,0.0,1.0,0.0
4206,0.2839506172839506,0.0,1.0,0.0,0.5555555555555556,1.0,0.5198109754500708,0.02631578947368421,1.0,0.0,1.0,0.4844115354637566,0.6150627615062758,0.9816368170482885,1.0,0.0,0.0,0.0,0.0,0.0,0.0,0.0,0.0,0.0,1.0,0.0,0.0,1.0,0.0,0.0,0.0,0.0,0.0,0.0,1.0,0.0,0.0,0.0,1.0,0.0
4207,0.2839506172839506,1.0,1.0,0.0,0.5555555555555556,1.0,0.5485843549516803,0.0,1.0,0.0,1.0,0.4844115354637566,0.6150627615062758,0.9816368170482885,1.0,0.0,0.0,0.0,0.0,0.0,0.0,0.0,0.0,0.0,1.0,0.0,0.0,1.0,0.0,0.0,0.0,0.0,1.0,0.0,0.0,0.0,0.0,0.0,1.0,0.0
4208,0.16049382716049382,0.0,0.0,0.0,0.5555555555555556,1.0,0.5660820259952785,0.0,1.0,0.0,1.0,0.4844115354637566,0.6150627615062758,0.9816368170482885,1.0,0.0,0.0,0.0,0.0,1.0,0.0,0.0,0.0,0.0,0.0,0.0,0.0,1.0,0.0,0.0,0.0,0.0,0.0,0.0,0.0,1.0,0.0,0.0,1.0,0.0
4209,0.2716049382716049,0.0,1.0,0.0,0.5555555555555556,1.0,0.6800186276166762,0.05263157894736842,1.0,0.0,1.0,0.4844115354637566,0.6150627615062758,0.9816368170482885,1.0,0.0,0.0,0.0,0.0,0.0,0.0,0.0,0.0,0.0,0.0,0.0,0.0,1.0,0.0,0.0,0.0,0.0,0.0,0.0,1.0,0.0,0.0,0.0,1.0,0.0
4210,0.2716049382716049,1.0,1.0,0.0,0.5555555555555556,1.0,0.5561069727294308,0.05263157894736842,1.0,0.0,1.0,0.4844115354637566,0.6150627615062758,0.9816368170482885,1.0,0.0,0.0,0.0,0.0,0.0,0.0,0.0,0.0,0.0,0.0,0.0,0.0,1.0,0.0,0.0,0.0,0.0,0.0,0.0,1.0,0.0,0.0,0.0,1.0,0.0
4211,0.3703703703703703,1.0,1.0,0.0,0.5555555555555556,1.0,0.5140006512933829,0.05263157894736842,1.0,0.0,1.0,0.4844115354637566,0.6150627615062758,0.9816368170482885,1.0,0.0,0.0,0.0,0.0,0.0,0.0,0.0,0.0,0.0,1.0,0.0,0.0,1.0,0.0,0.0,0.0,0.0,0.0,0.0,1.0,0.0,0.0,0.0,1.0,0.0
4212,0.3333333333333333,1.0,1.0,0.0,0.5555555555555556,1.0,0.5154803582186305,0.07894736842105263,1.0,0.0,1.0,0.4844115354637566,0.6150627615062758,0.9816368170482885,1.0,0.0,0.0,0.0,0.0,0.0,0.0,0.0,0.0,0.0,1.0,0.0,0.0,0.0,1.0,0.0,0.0,0.0,0.0,0.0,1.0,0.0,0.0,0.0,1.0,0.0
4213,0.14814814814814814,1.0,0.0,0.0,0.5555555555555556,1.0,0.7530904864298108,0.15789473684210525,1.0,0.0,1.0,0.4844115354637566,0.6150627615062758,0.9816368170482885,1.0,0.0,0.0,0.0,0.0,0.0,0.0,0.0,0.0,0.0,0.0,0.0,0.0,0.0,1.0,0.0,0.0,0.0,0.0,0.0,0.0,1.0,0.0,0.0,1.0,0.0
4214,0.34567901234567905,0.0,0.0,1.0,0.5555555555555556,1.0,0.5485843549516803,0.10526315789473684,1.0,0.0,1.0,0.4844115354637566,0.6150627615062758,0.9816368170482885,1.0,0.0,0.0,0.0,0.0,0.0,0.0,0.0,0.0,0.0,0.0,0.0,0.0,1.0,0.0,0.0,0.0,0.0,0.0,0.0,0.0,0.0,1.0,0.0,1.0,0.0
4215,0.1728395061728395,1.0,1.0,0.0,0.5555555555555556,1.0,0.5846247304098844,0.07894736842105263,1.0,0.0,1.0,0.4844115354637566,0.6150627615062758,0.9816368170482885,1.0,0.0,0.0,0.0,0.0,0.0,0.0,0.0,0.0,0.0,1.0,0.0,0.0,1.0,0.0,0.0,0.0,0.0,0.0,0.0,1.0,0.0,0.0,0.0,1.0,0.0
4216,0.20987654320987653,1.0,1.0,0.0,0.5555555555555556,1.0,0.6669772899389259,0.10526315789473684,1.0,0.0,1.0,0.4844115354637566,0.6150627615062758,0.9816368170482885,1.0,0.0,0.0,0.0,0.0,0.0,0.0,0.0,0.0,0.0,1.0,0.0,0.0,1.0,0.0,0.0,0.0,0.0,0.0,0.0,0.0,1.0,0.0,0.0,1.0,0.0
4217,0.39506172839506176,0.0,0.0,1.0,0.5555555555555556,1.0,0.5862473099208212,0.13157894736842105,1.0,0.0,1.0,0.4844115354637566,0.6150627615062758,0.9816368170482885,1.0,0.0,0.0,0.0,0.0,1.0,0.0,0.0,0.0,0.0,0.0,0.0,0.0,1.0,0.0,0.0,0.0,0.0,0.0,0.0,0.0,1.0,0.0,1.0,1.0,0.0
4218,0.38271604938271603,1.0,1.0,0.0,0.5555555555555556,1.0,0.6480977205520548,0.15789473684210525,1.0,0.0,1.0,0.4844115354637566,0.6150627615062758,0.9816368170482885,1.0,0.0,0.0,0.0,0.0,0.0,0.0,0.0,0.0,0.0,0.0,0.0,0.0,1.0,0.0,0.0,0.0,0.0,0.0,0.0,0.0,0.0,1.0,0.0,1.0,0.0
4219,0.16049382716049382,0.0,0.0,0.0,0.5555555555555556,1.0,0.5752769507338984,0.0,1.0,0.0,1.0,0.4844115354637566,0.6150627615062758,0.9816368170482885,1.0,0.0,0.0,0.0,0.0,0.0,0.0,1.0,0.0,0.0,0.0,0.0,0.0,1.0,0.0,0.0,0.0,0.0,0.0,0.0,1.0,0.0,0.0,0.0,1.0,0.0
4220,0.19753086419753085,0.0,0.0,0.0,0.5555555555555556,1.0,0.5641535377316825,0.21052631578947367,1.0,0.0,1.0,0.4844115354637566,0.6150627615062758,0.9816368170482885,1.0,0.0,0.0,0.0,0.0,0.0,0.0,0.0,0.0,0.0,0.0,0.0,0.0,0.0,1.0,0.0,0.0,0.0,0.0,0.0,0.0,1.0,0.0,1.0,1.0,0.0
4221,0.19753086419753085,0.0,0.0,0.0,0.5555555555555556,1.0,0.7045123715378098,0.10526315789473684,1.0,0.0,1.0,0.4844115354637566,0.6150627615062758,0.9816368170482885,1.0,0.0,0.0,0.0,0.0,0.0,0.0,0.0,0.0,0.0,0.0,0.0,0.0,0.0,1.0,0.0,0.0,0.0,0.0,0.0,0.0,1.0,0.0,0.0,1.0,0.0
4222,0.1728395061728395,0.0,1.0,0.0,0.5555555555555556,1.0,0.5838049699531718,0.0,1.0,0.0,1.0,0.4844115354637566,0.6150627615062758,0.9816368170482885,1.0,0.0,0.0,0.0,0.0,0.0,0.0,0.0,0.0,0.0,1.0,0.0,0.0,0.0,1.0,0.0,0.0,0.0,0.0,0.0,1.0,0.0,0.0,0.0,1.0,0.0
4223,0.18518518518518517,0.5,0.5,1.0,0.5555555555555556,1.0,0.2708649416170843,0.02631578947368421,1.0,0.0,1.0,0.4844115354637566,0.6150627615062758,0.9816368170482885,1.0,0.0,0.0,0.0,0.0,0.0,0.0,0.0,0.0,0.0,1.0,0.0,0.0,1.0,0.0,0.0,0.0,0.0,0.0,0.0,1.0,0.0,0.0,0.0,1.0,0.0
4224,0.2222222222222222,0.0,1.0,0.0,0.5555555555555556,1.0,0.7967523224665035,0.10526315789473684,1.0,0.0,1.0,0.4844115354637566,0.6150627615062758,0.9816368170482885,1.0,1.0,0.0,0.0,0.0,1.0,0.0,0.0,0.0,0.0,0.0,0.0,0.0,1.0,0.0,0.0,0.0,0.0,0.0,0.0,0.0,1.0,0.0,0.0,1.0,0.0
4225,0.419753086419753,0.0,1.0,0.0,0.5555555555555556,1.0,0.5779008918534767,0.05263157894736842,1.0,0.0,1.0,0.4844115354637566,0.6150627615062758,0.9816368170482885,1.0,0.0,0.0,0.0,0.0,0.0,0.0,0.0,1.0,0.0,0.0,0.0,0.0,1.0,0.0,0.0,0.0,0.0,0.0,0.0,0.0,0.0,1.0,0.0,1.0,0.0
4226,0.34567901234567905,0.0,0.0,0.0,0.5555555555555556,1.0,0.6238550656258994,0.0,1.0,0.0,1.0,0.4844115354637566,0.6150627615062758,0.9816368170482885,1.0,0.0,1.0,0.0,0.0,0.0,0.0,0.0,0.0,0.0,0.0,0.0,0.0,1.0,0.0,0.0,1.0,0.0,0.0,0.0,0.0,0.0,0.0,0.0,1.0,0.0
4227,0.35802469135802467,1.0,0.0,0.0,0.5555555555555556,0.0,0.757681709134477,0.02631578947368421,1.0,0.0,1.0,0.4844115354637566,0.6150627615062758,0.9818635230106552,1.0,1.0,1.0,0.0,0.0,0.0,0.0,0.0,0.0,0.0,0.0,0.0,0.0,1.0,0.0,0.0,0.0,0.0,0.0,0.0,0.0,0.0,0.0,0.0,1.0,0.0
4228,0.2222222222222222,0.0,1.0,0.0,0.5555555555555556,0.0,0.5601990426951532,0.15789473684210525,1.0,0.0,1.0,0.4844115354637566,0.6150627615062758,0.9818635230106552,1.0,0.0,0.0,0.0,0.0,1.0,0.0,0.0,0.0,0.0,0.0,0.0,0.0,0.0,0.0,0.0,0.0,0.0,0.0,0.0,0.0,1.0,0.0,0.0,1.0,0.0
4229,0.14814814814814814,0.0,0.0,0.0,0.5555555555555556,0.0,0.5992040663129156,0.02631578947368421,1.0,0.0,1.0,0.4844115354637566,0.6150627615062758,0.9818635230106552,1.0,0.0,0.0,0.0,0.0,0.0,0.0,0.0,0.0,0.0,0.0,0.0,0.0,0.0,1.0,0.0,0.0,0.0,0.0,0.0,0.0,1.0,0.0,0.0,1.0,0.0
4230,0.1728395061728395,0.0,0.0,0.0,0.5555555555555556,0.0,0.5660820259952785,0.02631578947368421,1.0,0.0,1.0,0.4844115354637566,0.6150627615062758,0.9818635230106552,1.0,0.0,0.0,0.0,0.0,0.0,0.0,0.0,0.0,0.0,1.0,0.0,0.0,0.0,1.0,0.0,0.0,0.0,0.0,0.0,1.0,0.0,0.0,0.0,1.0,0.0
4231,0.2222222222222222,1.0,0.0,0.0,0.5555555555555556,0.0,0.5752769507338984,0.07894736842105263,1.0,0.0,1.0,0.4844115354637566,0.6150627615062758,0.9818635230106552,1.0,0.0,0.0,0.0,0.0,0.0,0.0,0.0,0.0,0.0,1.0,0.0,0.0,1.0,0.0,0.0,0.0,0.0,0.0,0.0,1.0,0.0,0.0,0.0,1.0,0.0
4232,0.19753086419753085,1.0,1.0,0.0,0.5555555555555556,0.0,0.5239878100544288,0.05263157894736842,1.0,0.0,1.0,0.4844115354637566,0.6150627615062758,0.9818635230106552,1.0,0.0,0.0,0.0,0.0,0.0,0.0,0.0,0.0,0.0,1.0,0.0,0.0,1.0,0.0,0.0,0.0,0.0,1.0,0.0,0.0,0.0,0.0,0.0,1.0,0.0
4233,0.3333333333333333,0.0,0.0,0.0,0.5555555555555556,0.0,0.6937125767575353,0.10526315789473684,1.0,0.0,1.0,0.4844115354637566,0.6150627615062758,0.9818635230106552,1.0,1.0,1.0,0.0,0.0,0.0,0.0,0.0,0.0,0.0,0.0,0.0,0.0,1.0,0.0,0.0,0.0,0.0,0.0,0.0,0.0,0.0,0.0,1.0,1.0,0.0
4234,0.14814814814814814,1.0,0.0,0.0,0.5555555555555556,0.0,0.5725931427044147,0.05263157894736842,1.0,0.0,1.0,0.4844115354637566,0.6150627615062758,0.9818635230106552,1.0,0.0,0.0,0.0,0.0,0.0,0.0,0.0,0.0,0.0,0.0,0.0,0.0,0.0,1.0,0.0,0.0,0.0,0.0,0.0,0.0,1.0,0.0,1.0,1.0,0.0
4235,0.35802469135802467,0.0,0.0,0.0,0.5555555555555556,0.0,0.5846247304098844,0.02631578947368421,1.0,0.0,1.0,0.4844115354637566,0.6150627615062758,0.9818635230106552,1.0,0.0,0.0,0.0,0.0,0.0,0.0,0.0,0.0,0.0,0.0,0.0,0.0,1.0,0.0,0.0,0.0,0.0,0.0,0.0,0.0,1.0,0.0,1.0,1.0,0.0
4236,0.5185185185185184,1.0,0.0,0.0,0.5555555555555556,0.0,0.6849948743751764,0.07894736842105263,1.0,0.0,1.0,0.4844115354637566,0.6150627615062758,0.9818635230106552,1.0,0.0,0.0,0.0,0.0,0.0,1.0,0.0,0.0,0.0,0.0,0.0,0.0,1.0,0.0,0.0,0.0,1.0,0.0,0.0,0.0,0.0,0.0,0.0,1.0,0.0
4237,0.2222222222222222,1.0,0.0,0.0,0.5555555555555556,0.0,0.8080375417210635,0.02631578947368421,1.0,0.0,1.0,0.4844115354637566,0.6150627615062758,0.9818635230106552,1.0,1.0,0.0,0.0,0.0,1.0,0.0,0.0,0.0,0.0,0.0,0.0,0.0,0.0,0.0,0.0,0.0,0.0,0.0,0.0,0.0,1.0,0.0,0.0,1.0,0.0
4238,0.2222222222222222,0.0,0.0,0.0,0.5555555555555556,0.0,0.5212197964741162,0.15789473684210525,1.0,0.0,1.0,0.4844115354637566,0.6150627615062758,0.9818635230106552,1.0,0.0,0.0,0.0,0.0,1.0,0.0,0.0,0.0,0.0,0.0,0.0,0.0,0.0,0.0,0.0,0.0,0.0,0.0,0.0,0.0,1.0,0.0,0.0,1.0,0.0
4239,0.4074074074074074,0.0,0.0,0.0,0.5555555555555556,0.0,0.6870647544554597,0.0,1.0,0.0,1.0,0.4844115354637566,0.6150627615062758,0.9818635230106552,1.0,0.0,0.0,0.0,1.0,0.0,0.0,0.0,0.0,0.0,0.0,0.0,0.0,1.0,0.0,0.0,0.0,0.0,0.0,0.0,0.0,0.0,0.0,0.0,1.0,0.0
4240,0.5308641975308641,1.0,0.0,0.0,0.5555555555555556,0.0,0.752699671620228,0.02631578947368421,1.0,0.0,1.0,0.4844115354637566,0.6150627615062758,0.9818635230106552,1.0,1.0,0.0,0.0,0.0,0.0,1.0,0.0,0.0,0.0,0.0,0.0,0.0,1.0,0.0,0.0,0.0,0.0,0.0,0.0,0.0,0.0,1.0,0.0,1.0,0.0
4241,0.4938271604938272,1.0,0.0,0.0,0.5555555555555556,0.0,0.804436818043046,0.02631578947368421,1.0,0.0,1.0,0.4844115354637566,0.6150627615062758,0.9818635230106552,1.0,1.0,0.0,0.0,0.0,0.0,0.0,1.0,0.0,0.0,0.0,0.0,0.0,1.0,0.0,0.0,0.0,0.0,0.0,0.0,0.0,1.0,0.0,1.0,1.0,0.0
4242,0.3703703703703703,0.0,0.0,0.0,0.5555555555555556,0.0,0.5381468098084997,0.02631578947368421,1.0,0.0,1.0,0.4844115354637566,0.6150627615062758,0.9818635230106552,1.0,0.0,1.0,0.0,0.0,0.0,0.0,0.0,0.0,0.0,0.0,0.0,0.0,1.0,0.0,0.0,0.0,1.0,0.0,0.0,0.0,0.0,0.0,0.0,1.0,0.0
4243,0.5061728395061729,1.0,0.0,0.0,0.5555555555555556,0.0,0.3877062624117341,0.02631578947368421,1.0,0.0,1.0,0.4844115354637566,0.6150627615062758,0.9818635230106552,1.0,0.0,0.0,0.0,0.0,0.0,0.0,0.0,0.0,0.0,0.0,0.0,0.0,0.0,0.0,0.0,0.0,0.0,0.0,0.0,0.0,1.0,0.0,1.0,1.0,0.0
4244,0.2222222222222222,0.0,0.0,0.0,0.5555555555555556,0.0,0.7245261067197548,0.05263157894736842,1.0,0.0,1.0,0.4844115354637566,0.6150627615062758,0.9818635230106552,1.0,1.0,0.0,0.0,0.0,1.0,0.0,0.0,0.0,0.0,0.0,0.0,0.0,0.0,0.0,0.0,0.0,0.0,0.0,0.0,0.0,1.0,0.0,0.0,1.0,0.0
4245,0.5185185185185184,1.0,0.0,0.0,0.5555555555555556,0.0,0.6598710531604159,0.02631578947368421,1.0,0.0,1.0,0.4844115354637566,0.6150627615062758,0.9818635230106552,1.0,0.0,0.0,0.0,0.0,0.0,0.0,0.0,0.0,0.0,0.0,0.0,0.0,0.0,0.0,0.0,0.0,0.0,0.0,0.0,0.0,1.0,0.0,1.0,1.0,0.0
4246,0.5061728395061729,1.0,0.0,0.0,0.5555555555555556,0.0,0.4776508205223571,0.02631578947368421,1.0,0.0,1.0,0.4844115354637566,0.6150627615062758,0.9818635230106552,1.0,0.0,0.0,0.0,0.0,0.0,0.0,0.0,0.0,0.0,0.0,0.0,0.0,0.0,0.0,0.0,0.0,0.0,0.0,0.0,0.0,1.0,0.0,1.0,1.0,0.0
4247,0.3703703703703703,1.0,0.0,0.0,0.5555555555555556,0.0,0.8293422165618562,0.05263157894736842,1.0,0.0,1.0,0.4844115354637566,0.6150627615062758,0.9818635230106552,1.0,1.0,0.0,0.0,0.0,0.0,0.0,0.0,0.0,0.0,0.0,0.0,0.0,1.0,0.0,0.0,0.0,0.0,1.0,0.0,0.0,0.0,0.0,0.0,1.0,0.0
4248,0.3333333333333333,0.0,0.0,0.0,0.5555555555555556,0.0,0.712214877548359,0.02631578947368421,1.0,0.0,1.0,0.4844115354637566,0.6150627615062758,0.9818635230106552,1.0,0.0,1.0,0.0,0.0,0.0,0.0,0.0,0.0,0.0,0.0,0.0,0.0,1.0,0.0,0.0,0.0,0.0,0.0,0.0,0.0,0.0,0.0,1.0,1.0,0.0
4249,0.4074074074074074,0.0,0.0,0.0,0.5555555555555556,0.0,0.5047088377203057,0.02631578947368421,1.0,0.0,1.0,0.4844115354637566,0.6150627615062758,0.9818635230106552,1.0,0.0,0.0,0.0,1.0,0.0,0.0,0.0,0.0,0.0,0.0,0.0,0.0,1.0,0.0,0.0,0.0,0.0,0.0,0.0,0.0,0.0,0.0,0.0,1.0,0.0
4250,0.18518518518518517,1.0,0.0,0.0,0.5555555555555556,0.0,0.7538682423174289,0.05263157894736842,1.0,0.0,1.0,0.4844115354637566,0.6150627615062758,0.9818635230106552,1.0,1.0,0.0,0.0,0.0,0.0,0.0,0.0,0.0,0.0,1.0,0.0,0.0,0.0,1.0,0.0,0.0,0.0,1.0,0.0,0.0,0.0,0.0,0.0,1.0,0.0
4251,0.38271604938271603,1.0,0.0,0.0,0.5555555555555556,0.0,0.5752769507338984,0.0,1.0,0.0,1.0,0.4844115354637566,0.6150627615062758,0.9818635230106552,1.0,0.0,0.0,0.0,1.0,0.0,0.0,0.0,0.0,0.0,0.0,0.0,0.0,1.0,0.0,0.0,0.0,0.0,0.0,0.0,0.0,0.0,0.0,0.0,1.0,0.0
4252,0.2839506172839506,0.0,0.0,0.0,0.5555555555555556,0.0,0.5356959888812932,0.05263157894736842,1.0,0.0,1.0,0.4844115354637566,0.6150627615062758,0.9818635230106552,1.0,0.0,0.0,0.0,0.0,0.0,0.0,0.0,0.0,0.0,1.0,0.0,0.0,1.0,0.0,0.0,0.0,0.0,0.0,0.0,1.0,0.0,0.0,0.0,1.0,0.0
4253,0.1728395061728395,0.0,0.0,0.0,0.5555555555555556,0.0,0.492850661870268,0.07894736842105263,1.0,0.0,1.0,0.4844115354637566,0.6150627615062758,0.9818635230106552,1.0,0.0,0.0,0.0,0.0,0.0,0.0,0.0,0.0,0.0,0.0,0.0,0.0,0.0,1.0,0.0,0.0,0.0,0.0,0.0,0.0,1.0,0.0,0.0,1.0,0.0
4254,0.2839506172839506,1.0,0.0,0.0,0.5555555555555556,0.0,0.6946781237609596,0.05263157894736842,1.0,0.0,1.0,0.4844115354637566,0.6150627615062758,0.9818635230106552,1.0,1.0,0.0,0.0,0.0,0.0,0.0,0.0,0.0,0.0,0.0,0.0,0.0,1.0,0.0,0.0,0.0,0.0,0.0,0.0,0.0,1.0,0.0,0.0,1.0,0.0
4255,0.19753086419753085,1.0,0.0,0.0,0.5555555555555556,0.0,0.5561069727294308,0.05263157894736842,1.0,0.0,1.0,0.4844115354637566,0.6150627615062758,0.9818635230106552,1.0,0.0,0.0,0.0,0.0,0.0,0.0,1.0,0.0,0.0,0.0,0.0,0.0,1.0,0.0,0.0,0.0,0.0,0.0,0.0,0.0,1.0,0.0,0.0,1.0,0.0
4256,0.3703703703703703,1.0,1.0,0.0,0.5555555555555556,0.0,0.4776508205223571,0.02631578947368421,1.0,0.0,1.0,0.4844115354637566,0.6150627615062758,0.9818635230106552,1.0,0.0,0.0,0.0,0.0,1.0,0.0,0.0,0.0,0.0,0.0,0.0,0.0,1.0,0.0,0.0,0.0,0.0,0.0,0.0,0.0,1.0,0.0,0.0,1.0,0.0
4257,0.2222222222222222,0.5,0.5,0.0,0.5555555555555556,0.0,0.494619644821988,0.02631578947368421,1.0,0.0,1.0,0.4844115354637566,0.6150627615062758,0.9818635230106552,1.0,0.0,0.0,0.0,0.0,1.0,0.0,0.0,0.0,0.0,0.0,0.0,0.0,0.0,0.0,0.0,0.0,0.0,0.0,0.0,0.0,1.0,0.0,0.0,1.0,0.0
4258,0.1728395061728395,1.0,0.0,0.0,0.5555555555555556,0.0,0.5550613200712357,0.05263157894736842,1.0,0.0,1.0,0.4844115354637566,0.6150627615062758,0.9818635230106552,1.0,0.0,0.0,0.0,0.0,0.0,0.0,0.0,0.0,0.0,1.0,0.0,0.0,1.0,0.0,0.0,0.0,0.0,0.0,0.0,0.0,1.0,0.0,0.0,1.0,0.0
4259,0.16049382716049382,1.0,0.0,0.0,0.5555555555555556,0.0,0.31856189022048026,0.3157894736842105,1.0,0.0,1.0,0.4844115354637566,0.6150627615062758,0.9818635230106552,1.0,0.0,0.0,0.0,0.0,0.0,0.0,0.0,0.0,0.0,1.0,0.0,0.0,0.0,1.0,0.0,0.0,0.0,0.0,0.0,0.0,1.0,0.0,0.0,1.0,0.0
4260,0.14814814814814814,0.0,0.0,0.0,0.5555555555555556,0.0,0.6427386711469765,0.02631578947368421,1.0,0.0,1.0,0.4844115354637566,0.6150627615062758,0.9818635230106552,1.0,0.0,0.0,0.0,0.0,0.0,0.0,0.0,0.0,0.0,0.0,0.0,0.0,1.0,0.0,0.0,0.0,0.0,0.0,0.0,0.0,1.0,0.0,0.0,1.0,0.0
4261,0.2839506172839506,1.0,0.0,0.0,0.5555555555555556,0.0,0.6527663947522088,0.13157894736842105,1.0,0.0,1.0,0.4844115354637566,0.6150627615062758,0.9818635230106552,1.0,0.0,0.0,0.0,0.0,0.0,0.0,0.0,0.0,0.0,1.0,0.0,0.0,1.0,0.0,0.0,0.0,0.0,0.0,0.0,1.0,0.0,0.0,0.0,1.0,0.0
4262,0.29629629629629634,0.0,1.0,0.0,0.5555555555555556,0.0,0.5581708002178327,0.05263157894736842,1.0,0.0,1.0,0.4844115354637566,0.6150627615062758,0.9818635230106552,1.0,0.0,0.0,0.0,0.0,0.0,0.0,0.0,0.0,0.0,0.0,0.0,0.0,1.0,0.0,0.0,0.0,0.0,0.0,0.0,0.0,1.0,0.0,0.0,1.0,0.0
4263,0.16049382716049382,0.0,0.0,0.0,0.5555555555555556,0.0,0.7758956267323722,0.05263157894736842,1.0,0.0,1.0,0.4844115354637566,0.6150627615062758,0.9818635230106552,1.0,1.0,0.0,0.0,0.0,0.0,0.0,0.0,0.0,0.0,1.0,0.0,0.0,0.0,0.0,0.0,0.0,0.0,0.0,0.0,0.0,1.0,0.0,0.0,1.0,0.0
4264,0.35802469135802467,0.0,1.0,0.0,0.5555555555555556,0.0,0.6140973378497864,0.07894736842105263,1.0,0.0,1.0,0.4844115354637566,0.6150627615062758,0.9818635230106552,1.0,0.0,0.0,0.0,0.0,0.0,0.0,0.0,0.0,0.0,0.0,0.0,0.0,1.0,0.0,0.0,0.0,0.0,0.0,0.0,0.0,1.0,0.0,1.0,1.0,0.0
4265,0.34567901234567905,0.0,0.0,0.0,0.5555555555555556,0.0,0.6930644475725992,0.10526315789473684,1.0,0.0,1.0,0.4844115354637566,0.6150627615062758,0.9818635230106552,1.0,0.0,0.0,0.0,0.0,1.0,0.0,0.0,0.0,0.0,0.0,0.0,0.0,1.0,0.0,0.0,0.0,0.0,0.0,0.0,0.0,1.0,0.0,0.0,1.0,0.0
4266,0.5185185185185184,1.0,1.0,0.0,0.5555555555555556,0.0,0.6800186276166762,0.02631578947368421,1.0,0.0,1.0,0.4844115354637566,0.6150627615062758,0.9818635230106552,1.0,0.0,0.0,0.0,0.0,0.0,0.0,0.0,0.0,0.0,0.0,0.0,0.0,0.0,0.0,0.0,0.0,0.0,0.0,0.0,0.0,1.0,0.0,1.0,1.0,0.0
4267,0.2222222222222222,1.0,0.0,0.0,0.5555555555555556,0.0,0.5266921854673875,0.02631578947368421,1.0,0.0,1.0,0.4844115354637566,0.6150627615062758,0.9818635230106552,1.0,0.0,0.0,0.0,0.0,0.0,0.0,0.0,0.0,0.0,1.0,0.0,0.0,0.0,1.0,0.0,0.0,0.0,1.0,0.0,0.0,0.0,0.0,0.0,1.0,0.0
4268,0.43209876543209874,1.0,1.0,0.0,0.5555555555555556,0.0,0.7199621017730734,0.05263157894736842,1.0,0.0,1.0,0.4844115354637566,0.6150627615062758,0.9818635230106552,1.0,0.0,0.0,0.0,0.0,0.0,0.0,0.0,1.0,0.0,0.0,0.0,0.0,1.0,0.0,0.0,0.0,0.0,1.0,0.0,0.0,0.0,0.0,1.0,1.0,0.0
4269,0.3703703703703703,0.0,0.0,0.0,0.5555555555555556,0.0,0.5770327318283031,0.10526315789473684,1.0,0.0,1.0,0.4844115354637566,0.6150627615062758,0.9818635230106552,1.0,0.0,1.0,0.0,0.0,0.0,0.0,0.0,0.0,0.0,0.0,0.0,0.0,1.0,0.0,0.0,0.0,0.0,0.0,0.0,0.0,0.0,0.0,0.0,1.0,0.0
4270,0.4938271604938272,0.0,1.0,0.0,0.5555555555555556,0.0,0.5743891340707834,0.02631578947368421,1.0,0.0,1.0,0.4844115354637566,0.6150627615062758,0.9818635230106552,1.0,0.0,0.0,0.0,0.0,0.0,0.0,1.0,0.0,0.0,0.0,0.0,0.0,1.0,0.0,0.0,0.0,0.0,0.0,0.0,0.0,1.0,0.0,1.0,1.0,0.0
4271,0.34567901234567905,0.0,0.0,0.0,0.5555555555555556,0.0,0.5485843549516803,0.02631578947368421,1.0,0.0,1.0,0.4844115354637566,0.6150627615062758,0.9818635230106552,1.0,0.0,0.0,0.0,0.0,1.0,0.0,0.0,0.0,0.0,0.0,0.0,0.0,1.0,0.0,0.0,0.0,0.0,0.0,0.0,0.0,1.0,0.0,0.0,1.0,0.0
4272,0.419753086419753,1.0,0.0,0.0,0.5555555555555556,0.0,0.6220860826741794,0.05263157894736842,1.0,0.0,1.0,0.4844115354637566,0.6150627615062758,0.9818635230106552,1.0,0.0,1.0,0.0,0.0,0.0,0.0,0.0,0.0,0.0,0.0,0.0,0.0,1.0,0.0,0.0,0.0,0.0,0.0,0.0,0.0,0.0,0.0,0.0,1.0,0.0
4273,0.2345679012345679,1.0,0.0,0.0,0.5555555555555556,0.0,0.7584297889177843,0.13157894736842105,1.0,0.0,1.0,0.4844115354637566,0.6150627615062758,0.9818635230106552,1.0,1.0,0.0,0.0,0.0,0.0,0.0,0.0,0.0,0.0,1.0,0.0,0.0,1.0,0.0,0.0,0.0,0.0,1.0,0.0,0.0,0.0,0.0,0.0,1.0,0.0
4274,0.2345679012345679,0.0,0.0,0.0,0.5555555555555556,0.0,0.506309340633733,0.02631578947368421,1.0,0.0,1.0,0.4844115354637566,0.6150627615062758,0.9818635230106552,1.0,0.0,0.0,0.0,1.0,0.0,0.0,0.0,0.0,0.0,0.0,0.0,0.0,1.0,0.0,0.0,0.0,0.0,0.0,0.0,0.0,0.0,0.0,0.0,1.0,0.0
4275,0.3209876543209876,1.0,0.0,0.0,0.5555555555555556,0.0,0.761738495611787,0.15789473684210525,1.0,0.0,1.0,0.4844115354637566,0.6150627615062758,0.9818635230106552,1.0,0.0,0.0,0.0,0.0,0.0,0.0,0.0,0.0,0.0,1.0,0.0,0.0,1.0,0.0,0.0,0.0,0.0,0.0,0.0,1.0,0.0,0.0,1.0,1.0,0.0
4276,0.5185185185185184,1.0,0.0,0.0,0.5555555555555556,0.0,0.4980797516051752,0.02631578947368421,1.0,0.0,1.0,0.4844115354637566,0.6150627615062758,0.9818635230106552,1.0,0.0,0.0,0.0,0.0,0.0,1.0,0.0,0.0,0.0,0.0,0.0,0.0,1.0,0.0,0.0,0.0,0.0,0.0,0.0,0.0,0.0,0.0,0.0,1.0,0.0
4277,0.2716049382716049,1.0,0.0,0.0,0.5555555555555556,0.0,0.7731314393697406,0.10526315789473684,1.0,0.0,1.0,0.4844115354637566,0.6150627615062758,0.9818635230106552,1.0,1.0,0.0,0.0,0.0,0.0,0.0,0.0,0.0,0.0,1.0,0.0,0.0,0.0,0.0,0.0,0.0,0.0,0.0,0.0,1.0,0.0,0.0,1.0,1.0,0.0
4278,0.4567901234567901,1.0,0.0,0.0,0.5555555555555556,0.0,0.44515371326687203,0.05263157894736842,1.0,0.0,1.0,0.4844115354637566,0.6150627615062758,0.9818635230106552,1.0,0.0,1.0,0.0,0.0,0.0,0.0,0.0,0.0,0.0,0.0,0.0,0.0,1.0,0.0,0.0,0.0,0.0,0.0,0.0,0.0,0.0,0.0,0.0,1.0,0.0
4279,0.5185185185185184,0.0,0.0,0.0,0.5555555555555556,0.0,0.7138601512137958,0.10526315789473684,1.0,0.0,1.0,0.4844115354637566,0.6150627615062758,0.9818635230106552,1.0,0.0,0.0,0.0,0.0,0.0,1.0,0.0,0.0,0.0,0.0,0.0,0.0,1.0,0.0,0.0,0.0,0.0,0.0,0.0,0.0,0.0,0.0,1.0,1.0,0.0
4280,0.14814814814814814,1.0,1.0,0.0,0.5555555555555556,0.0,0.48923083320309235,0.07894736842105263,1.0,0.0,1.0,0.4844115354637566,0.6150627615062758,0.9818635230106552,1.0,0.0,0.0,0.0,0.0,0.0,0.0,0.0,0.0,0.0,0.0,0.0,0.0,0.0,1.0,0.0,0.0,0.0,1.0,0.0,0.0,0.0,0.0,0.0,1.0,0.0
4281,0.24691358024691357,0.0,0.0,0.0,0.5555555555555556,0.0,0.599923549592398,0.10526315789473684,1.0,0.0,1.0,0.4844115354637566,0.6150627615062758,0.9818635230106552,1.0,0.0,0.0,0.0,0.0,0.0,0.0,0.0,0.0,0.0,1.0,0.0,0.0,1.0,0.0,0.0,0.0,0.0,0.0,0.0,1.0,0.0,0.0,0.0,1.0,0.0
4282,0.4074074074074074,0.0,0.0,0.0,0.5555555555555556,0.0,0.540547610473664,0.05263157894736842,1.0,0.0,1.0,0.4844115354637566,0.6150627615062758,0.9818635230106552,1.0,0.0,0.0,0.0,0.0,0.0,0.0,0.0,0.0,0.0,0.0,0.0,0.0,1.0,0.0,0.0,0.0,0.0,0.0,0.0,0.0,1.0,0.0,0.0,1.0,0.0
4283,0.25925925925925924,1.0,0.0,0.0,0.5555555555555556,0.0,0.8500561771155478,0.13157894736842105,1.0,0.0,1.0,0.4844115354637566,0.6150627615062758,0.9818635230106552,1.0,1.0,0.0,0.0,0.0,0.0,0.0,0.0,0.0,0.0,1.0,0.0,0.0,1.0,0.0,0.0,0.0,0.0,0.0,0.0,0.0,1.0,0.0,0.0,1.0,0.0
4284,0.4691358024691357,0.0,0.0,0.0,0.5555555555555556,0.0,0.6965857625840003,0.05263157894736842,1.0,0.0,1.0,0.4844115354637566,0.6150627615062758,0.9818635230106552,1.0,1.0,0.0,0.0,0.0,1.0,0.0,0.0,0.0,0.0,0.0,0.0,0.0,1.0,0.0,0.0,0.0,0.0,0.0,0.0,0.0,1.0,0.0,0.0,1.0,0.0
4285,0.38271604938271603,1.0,0.0,0.0,0.5555555555555556,0.25,0.5796182238056906,0.05263157894736842,1.0,0.0,1.0,0.4844115354637566,0.6150627615062758,0.9818635230106552,1.0,0.0,0.0,0.0,1.0,0.0,0.0,0.0,0.0,0.0,0.0,0.0,0.0,1.0,0.0,0.0,0.0,1.0,0.0,0.0,0.0,0.0,0.0,0.0,1.0,0.0
4286,0.3703703703703703,0.0,0.0,0.0,0.5555555555555556,0.25,0.5529417104829256,0.02631578947368421,1.0,0.0,1.0,0.4844115354637566,0.6150627615062758,0.9818635230106552,1.0,0.0,0.0,0.0,0.0,0.0,0.0,1.0,0.0,0.0,0.0,0.0,0.0,1.0,0.0,0.0,0.0,0.0,0.0,0.0,0.0,1.0,0.0,0.0,1.0,0.0
4287,0.39506172839506176,0.0,0.0,0.0,0.5555555555555556,0.25,0.8076701229440174,0.10526315789473684,1.0,0.0,1.0,0.4844115354637566,0.6150627615062758,0.9818635230106552,1.0,1.0,0.0,0.0,0.0,0.0,0.0,0.0,0.0,0.0,0.0,0.0,0.0,1.0,0.0,0.0,0.0,0.0,0.0,0.0,0.0,1.0,0.0,0.0,1.0,0.0
4288,0.4567901234567901,1.0,0.0,0.0,0.5555555555555556,0.25,0.5540062892371289,0.05263157894736842,1.0,0.0,1.0,0.4844115354637566,0.6150627615062758,0.9818635230106552,1.0,0.0,1.0,0.0,0.0,0.0,0.0,0.0,0.0,0.0,0.0,0.0,0.0,1.0,0.0,0.0,0.0,1.0,0.0,0.0,0.0,0.0,0.0,0.0,1.0,0.0
4289,0.19753086419753085,1.0,0.0,0.0,0.5555555555555556,0.25,0.7758956267323722,0.15789473684210525,1.0,0.0,1.0,0.4844115354637566,0.6150627615062758,0.9818635230106552,1.0,1.0,0.0,0.0,0.0,0.0,0.0,0.0,0.0,0.0,1.0,0.0,0.0,1.0,0.0,0.0,0.0,0.0,0.0,0.0,1.0,0.0,0.0,1.0,1.0,0.0
4290,0.4074074074074074,0.0,0.0,0.0,0.5555555555555556,0.25,0.7646034201504672,0.21052631578947367,1.0,0.0,1.0,0.4844115354637566,0.6150627615062758,0.9818635230106552,1.0,1.0,0.0,0.0,0.0,0.0,0.0,0.0,0.0,0.0,0.0,0.0,0.0,0.0,0.0,0.0,0.0,0.0,1.0,0.0,0.0,0.0,0.0,0.0,1.0,0.0
4291,0.39506172839506176,1.0,0.0,0.0,0.5555555555555556,0.25,0.4601914110336532,0.21052631578947367,1.0,0.0,1.0,0.4844115354637566,0.6150627615062758,0.9818635230106552,1.0,0.0,0.0,0.0,0.0,0.0,0.0,0.0,1.0,0.0,0.0,0.0,0.0,1.0,0.0,0.0,0.0,0.0,1.0,0.0,0.0,0.0,0.0,0.0,1.0,0.0
4292,0.4938271604938272,0.0,0.0,0.0,0.5555555555555556,0.25,0.7015265475542785,0.07894736842105263,1.0,0.0,1.0,0.4844115354637566,0.6150627615062758,0.9818635230106552,1.0,1.0,0.0,0.0,0.0,0.0,1.0,0.0,0.0,0.0,0.0,0.0,0.0,1.0,0.0,0.0,0.0,1.0,0.0,0.0,0.0,0.0,0.0,0.0,1.0,0.0
4293,0.3703703703703703,0.0,0.0,0.0,0.5555555555555556,0.25,0.44244933785391355,0.07894736842105263,1.0,0.0,1.0,0.4844115354637566,0.6150627615062758,0.9818635230106552,1.0,0.0,0.0,0.0,0.0,0.0,0.0,1.0,0.0,0.0,0.0,0.0,0.0,1.0,0.0,0.0,0.0,0.0,0.0,0.0,0.0,1.0,0.0,0.0,1.0,0.0
4294,0.3703703703703703,1.0,0.0,0.0,0.5555555555555556,0.25,0.5870502833422594,0.15789473684210525,1.0,0.0,1.0,0.4844115354637566,0.6150627615062758,0.9818635230106552,1.0,0.0,0.0,0.0,0.0,0.0,0.0,1.0,0.0,0.0,0.0,0.0,0.0,1.0,0.0,0.0,0.0,0.0,0.0,0.0,0.0,1.0,0.0,0.0,1.0,0.0
4295,0.4074074074074074,1.0,1.0,0.0,0.5555555555555556,0.25,0.31856189022048026,0.18421052631578946,1.0,0.0,1.0,0.4844115354637566,0.6150627615062758,0.9818635230106552,1.0,0.0,1.0,0.0,0.0,0.0,0.0,0.0,0.0,0.0,0.0,0.0,0.0,1.0,0.0,0.0,0.0,0.0,0.0,0.0,1.0,0.0,0.0,0.0,1.0,0.0
4296,0.4444444444444445,0.0,0.0,0.0,0.5555555555555556,0.25,0.3463695194647243,0.26315789473684215,1.0,0.0,1.0,0.4844115354637566,0.6150627615062758,0.9818635230106552,1.0,0.0,0.0,0.0,0.0,0.0,0.0,0.0,0.0,0.0,0.0,0.0,0.0,1.0,0.0,0.0,0.0,0.0,0.0,0.0,0.0,1.0,0.0,1.0,1.0,0.0
4297,0.2222222222222222,1.0,1.0,0.0,0.5555555555555556,0.25,0.6541316149049302,0.0,1.0,0.0,1.0,0.4844115354637566,0.6150627615062758,0.9818635230106552,1.0,0.0,0.0,0.0,0.0,0.0,0.0,0.0,0.0,0.0,1.0,0.0,0.0,0.0,1.0,0.0,0.0,0.0,0.0,0.0,1.0,0.0,0.0,0.0,1.0,0.0
4298,0.29629629629629634,1.0,0.0,0.0,0.5555555555555556,0.25,0.6447157790225418,0.0,1.0,0.0,1.0,0.4844115354637566,0.6150627615062758,0.9818635230106552,1.0,0.0,0.0,0.0,0.0,0.0,0.0,0.0,0.0,0.0,1.0,0.0,0.0,0.0,1.0,0.0,0.0,0.0,0.0,0.0,1.0,0.0,0.0,0.0,1.0,0.0
4299,0.29629629629629634,0.0,0.0,0.0,0.5555555555555556,0.25,0.6920855086403026,0.0,1.0,0.0,1.0,0.4844115354637566,0.6150627615062758,0.9818635230106552,1.0,0.0,0.0,0.0,0.0,0.0,0.0,0.0,0.0,0.0,1.0,0.0,0.0,0.0,1.0,0.0,0.0,0.0,0.0,0.0,1.0,0.0,0.0,0.0,1.0,0.0
4300,0.24691358024691357,0.0,0.0,0.0,0.5555555555555556,0.25,0.675955471292364,0.0,1.0,0.0,1.0,0.4844115354637566,0.6150627615062758,0.9818635230106552,1.0,0.0,0.0,0.0,0.0,0.0,0.0,0.0,0.0,0.0,1.0,0.0,0.0,0.0,0.0,0.0,0.0,0.0,0.0,0.0,1.0,0.0,0.0,0.0,1.0,0.0
4301,0.38271604938271603,1.0,0.0,0.0,0.5555555555555556,0.25,0.6172344610818086,0.02631578947368421,1.0,0.0,1.0,0.4844115354637566,0.6150627615062758,0.9818635230106552,1.0,0.0,0.0,0.0,0.0,0.0,0.0,0.0,0.0,0.0,1.0,0.0,0.0,1.0,0.0,0.0,0.0,0.0,0.0,0.0,0.0,1.0,0.0,0.0,1.0,0.0
4302,0.14814814814814814,1.0,0.0,0.0,0.5555555555555556,0.25,0.573494565885327,0.13157894736842105,1.0,0.0,1.0,0.4844115354637566,0.6150627615062758,0.9818635230106552,1.0,0.0,0.0,0.0,0.0,0.0,0.0,0.0,0.0,0.0,1.0,0.0,0.0,0.0,1.0,0.0,0.0,0.0,1.0,0.0,0.0,0.0,0.0,0.0,1.0,0.0
4303,0.5061728395061729,0.0,0.0,0.0,0.5555555555555556,0.25,0.5212197964741162,0.02631578947368421,1.0,0.0,1.0,0.4844115354637566,0.6150627615062758,0.9818635230106552,1.0,0.0,0.0,0.0,0.0,0.0,0.0,1.0,0.0,0.0,0.0,0.0,0.0,1.0,0.0,0.0,0.0,1.0,0.0,0.0,0.0,0.0,0.0,0.0,1.0,0.0
4304,0.4074074074074074,1.0,0.0,0.0,0.5555555555555556,0.25,0.6006386590863215,0.0,1.0,0.0,1.0,0.4844115354637566,0.6150627615062758,0.9818635230106552,1.0,0.0,1.0,0.0,0.0,0.0,0.0,0.0,0.0,0.0,0.0,0.0,0.0,1.0,0.0,0.0,0.0,0.0,0.0,0.0,0.0,0.0,0.0,1.0,1.0,0.0
4305,0.19753086419753085,1.0,0.0,0.0,0.5555555555555556,0.25,0.649517880450222,0.0,1.0,0.0,1.0,0.4844115354637566,0.6150627615062758,0.9818635230106552,1.0,0.0,0.0,0.0,0.0,0.0,0.0,0.0,0.0,0.0,0.0,0.0,0.0,0.0,0.0,0.0,0.0,0.0,0.0,0.0,0.0,1.0,0.0,0.0,1.0,0.0
4306,0.19753086419753085,0.0,0.0,0.0,0.5555555555555556,0.25,0.7003106695515843,0.0,1.0,0.0,1.0,0.4844115354637566,0.6150627615062758,0.9818635230106552,1.0,0.0,0.0,0.0,0.0,0.0,0.0,0.0,0.0,0.0,0.0,0.0,0.0,0.0,0.0,0.0,0.0,0.0,0.0,0.0,0.0,1.0,0.0,0.0,1.0,0.0
4307,0.38271604938271603,1.0,0.0,0.0,0.5555555555555556,0.25,0.7152138502659882,0.0,1.0,0.0,1.0,0.4844115354637566,0.6150627615062758,0.9818635230106552,1.0,0.0,0.0,0.0,0.0,0.0,0.0,0.0,1.0,0.0,0.0,0.0,0.0,1.0,0.0,0.0,0.0,0.0,0.0,0.0,0.0,0.0,0.0,1.0,1.0,0.0
4308,0.18518518518518517,0.0,1.0,0.0,0.5555555555555556,0.25,0.6717469358140523,0.05263157894736842,1.0,0.0,1.0,0.4844115354637566,0.6150627615062758,0.9818635230106552,1.0,0.0,0.0,0.0,0.0,0.0,0.0,0.0,0.0,0.0,0.0,0.0,0.0,1.0,0.0,0.0,0.0,0.0,0.0,0.0,0.0,1.0,0.0,0.0,1.0,0.0
4309,0.4938271604938272,1.0,1.0,0.0,0.5555555555555556,0.25,0.8363717334612994,0.07894736842105263,1.0,0.0,1.0,0.4844115354637566,0.6150627615062758,0.9818635230106552,1.0,1.0,0.0,0.0,0.0,0.0,1.0,0.0,0.0,0.0,0.0,0.0,0.0,1.0,0.0,0.0,0.0,1.0,0.0,0.0,0.0,0.0,0.0,0.0,1.0,0.0
4310,0.38271604938271603,1.0,0.0,0.0,0.5555555555555556,0.25,0.8127124012223458,0.05263157894736842,1.0,0.0,1.0,0.4844115354637566,0.6150627615062758,0.9818635230106552,1.0,1.0,0.0,0.0,0.0,0.0,0.0,0.0,1.0,0.0,0.0,0.0,0.0,1.0,0.0,0.0,0.0,0.0,0.0,0.0,0.0,0.0,0.0,1.0,1.0,0.0
4311,0.35802469135802467,1.0,0.0,0.0,0.5555555555555556,0.25,0.494619644821988,0.02631578947368421,1.0,0.0,1.0,0.4844115354637566,0.6150627615062758,0.9818635230106552,1.0,0.0,0.0,0.0,0.0,0.0,0.0,0.0,0.0,0.0,0.0,0.0,0.0,1.0,0.0,0.0,0.0,0.0,0.0,0.0,0.0,1.0,0.0,1.0,1.0,0.0
4312,0.43209876543209874,1.0,0.0,0.0,0.5555555555555556,0.25,0.6422391580843787,0.02631578947368421,1.0,0.0,1.0,0.4844115354637566,0.6150627615062758,0.9818635230106552,1.0,0.0,1.0,0.0,0.0,0.0,0.0,0.0,0.0,0.0,0.0,0.0,0.0,1.0,0.0,0.0,0.0,0.0,0.0,0.0,0.0,0.0,0.0,0.0,1.0,0.0
4313,0.18518518518518517,0.5,0.5,0.0,0.5555555555555556,0.25,0.6717469358140523,0.23684210526315788,1.0,0.0,1.0,0.4844115354637566,0.6150627615062758,0.9818635230106552,1.0,0.0,0.0,0.0,0.0,0.0,0.0,0.0,0.0,0.0,1.0,0.0,0.0,0.0,0.0,0.0,0.0,0.0,1.0,0.0,0.0,0.0,0.0,0.0,1.0,0.0
4314,0.14814814814814814,0.0,0.0,0.0,0.5555555555555556,0.25,0.5140006512933829,0.02631578947368421,1.0,0.0,1.0,0.4844115354637566,0.6150627615062758,0.9818635230106552,1.0,0.0,0.0,0.0,0.0,0.0,0.0,0.0,0.0,0.0,0.0,0.0,0.0,0.0,1.0,0.0,0.0,0.0,1.0,0.0,0.0,0.0,0.0,0.0,1.0,0.0
4315,0.18518518518518517,0.0,0.0,0.0,0.5555555555555556,0.25,0.5992040663129156,0.23684210526315788,1.0,0.0,1.0,0.4844115354637566,0.6150627615062758,0.9818635230106552,1.0,0.0,0.0,0.0,0.0,0.0,0.0,0.0,0.0,0.0,1.0,0.0,0.0,0.0,1.0,0.0,0.0,0.0,1.0,0.0,0.0,0.0,0.0,0.0,1.0,0.0
4316,0.29629629629629634,0.5,0.5,0.0,0.5555555555555556,0.25,0.6594393640539922,0.05263157894736842,1.0,0.0,1.0,0.4844115354637566,0.6150627615062758,0.9818635230106552,1.0,0.0,0.0,0.0,0.0,0.0,0.0,0.0,0.0,0.0,0.0,1.0,0.0,0.0,0.0,0.0,0.0,0.0,0.0,0.0,1.0,0.0,0.0,0.0,1.0,0.0
4317,0.19753086419753085,1.0,0.0,0.0,0.5555555555555556,0.25,0.4039575981303762,0.3421052631578947,1.0,0.0,1.0,0.4844115354637566,0.6150627615062758,0.9818635230106552,1.0,0.0,0.0,0.0,0.0,0.0,0.0,0.0,0.0,0.0,1.0,0.0,0.0,1.0,0.0,0.0,0.0,0.0,0.0,0.0,1.0,0.0,0.0,1.0,1.0,0.0
4318,0.3703703703703703,0.0,1.0,0.0,0.5555555555555556,0.25,0.6563723521677338,0.4736842105263158,1.0,0.0,1.0,0.4844115354637566,0.6150627615062758,0.9818635230106552,1.0,0.0,0.0,0.0,0.0,0.0,0.0,0.0,0.0,0.0,0.0,0.0,0.0,0.0,0.0,0.0,0.0,0.0,0.0,0.0,0.0,1.0,0.0,0.0,1.0,0.0
4319,0.43209876543209874,1.0,1.0,0.0,0.5555555555555556,0.25,0.6559276062712989,0.02631578947368421,1.0,0.0,1.0,0.4844115354637566,0.6150627615062758,0.9818635230106552,1.0,0.0,0.0,0.0,0.0,0.0,0.0,0.0,0.0,0.0,1.0,0.0,0.0,1.0,0.0,0.0,0.0,0.0,1.0,0.0,0.0,0.0,0.0,0.0,1.0,0.0
4320,0.4444444444444445,0.0,0.0,0.0,0.5555555555555556,0.25,0.5507832068127649,0.02631578947368421,1.0,0.0,1.0,0.4844115354637566,0.6150627615062758,0.9818635230106552,1.0,0.0,0.0,0.0,0.0,0.0,0.0,0.0,0.0,0.0,0.0,0.0,1.0,1.0,0.0,0.0,0.0,0.0,0.0,0.0,0.0,0.0,0.0,1.0,1.0,0.0
4321,0.43209876543209874,1.0,0.0,0.0,0.5555555555555556,0.25,0.7199621017730734,0.02631578947368421,1.0,0.0,1.0,0.4844115354637566,0.6150627615062758,0.9818635230106552,1.0,0.0,1.0,0.0,0.0,0.0,0.0,0.0,0.0,0.0,0.0,0.0,0.0,1.0,0.0,0.0,0.0,0.0,1.0,0.0,0.0,0.0,0.0,0.0,1.0,0.0
4322,0.1728395061728395,1.0,0.0,0.0,0.5555555555555556,0.25,0.4776508205223571,0.13157894736842105,1.0,0.0,1.0,0.4844115354637566,0.6150627615062758,0.9818635230106552,1.0,0.0,0.0,0.0,0.0,1.0,0.0,0.0,0.0,0.0,0.0,0.0,0.0,1.0,0.0,0.0,0.0,0.0,0.0,0.0,0.0,1.0,0.0,0.0,1.0,0.0
4323,0.14814814814814814,1.0,0.0,0.0,0.5555555555555556,0.25,0.8993112299476499,0.13157894736842105,1.0,0.0,1.0,0.4844115354637566,0.6150627615062758,0.9818635230106552,1.0,1.0,0.0,0.0,0.0,0.0,0.0,0.0,1.0,0.0,0.0,0.0,0.0,1.0,0.0,0.0,0.0,0.0,0.0,0.0,1.0,0.0,0.0,1.0,1.0,0.0
4324,0.5061728395061729,0.0,0.0,0.0,0.5555555555555556,0.25,0.7437559071296996,0.13157894736842105,1.0,0.0,1.0,0.4844115354637566,0.6150627615062758,0.9818635230106552,1.0,1.0,0.0,0.0,0.0,0.0,1.0,0.0,0.0,0.0,0.0,0.0,0.0,1.0,0.0,0.0,0.0,0.0,0.0,0.0,0.0,0.0,0.0,0.0,1.0,0.0
4325,0.2839506172839506,1.0,0.0,0.0,0.5555555555555556,0.5,0.7544482031445144,0.18421052631578946,1.0,0.0,1.0,0.4844115354637566,0.6150627615062758,0.9816368170482885,1.0,1.0,0.0,0.0,0.0,0.0,0.0,0.0,0.0,0.0,1.0,0.0,0.0,1.0,0.0,0.0,0.0,0.0,0.0,0.0,1.0,0.0,0.0,0.0,1.0,0.0
4326,0.38271604938271603,1.0,0.0,0.0,0.5555555555555556,0.5,0.5716847586578249,0.13157894736842105,1.0,0.0,1.0,0.4844115354637566,0.6150627615062758,0.9816368170482885,1.0,0.0,1.0,0.0,0.0,0.0,0.0,0.0,0.0,0.0,0.0,0.0,0.0,1.0,0.0,0.0,0.0,0.0,1.0,0.0,0.0,0.0,0.0,0.0,1.0,0.0
4327,0.2716049382716049,1.0,0.0,0.0,0.5555555555555556,0.5,0.7489207028129266,0.07894736842105263,1.0,0.0,1.0,0.4844115354637566,0.6150627615062758,0.9816368170482885,1.0,1.0,0.0,0.0,0.0,0.0,0.0,0.0,0.0,0.0,0.0,0.0,0.0,1.0,0.0,0.0,0.0,0.0,0.0,0.0,0.0,1.0,0.0,0.0,1.0,0.0
4328,0.3333333333333333,1.0,0.0,0.0,0.5555555555555556,0.5,0.3463695194647243,0.26315789473684215,1.0,0.0,1.0,0.4844115354637566,0.6150627615062758,0.9816368170482885,1.0,0.0,0.0,0.0,0.0,0.0,0.0,0.0,0.0,0.0,0.0,0.0,0.0,0.0,0.0,0.0,0.0,0.0,0.0,0.0,0.0,1.0,0.0,0.0,1.0,0.0
4329,0.1728395061728395,0.0,0.0,0.0,0.5555555555555556,0.5,0.8165279297341664,0.05263157894736842,1.0,0.0,1.0,0.4844115354637566,0.6150627615062758,0.9816368170482885,1.0,1.0,0.0,0.0,0.0,0.0,0.0,0.0,0.0,0.0,1.0,0.0,0.0,0.0,1.0,0.0,0.0,0.0,1.0,0.0,0.0,0.0,0.0,0.0,1.0,0.0
4330,0.24691358024691357,1.0,0.0,0.0,0.5555555555555556,0.5,0.731993689478543,0.18421052631578946,1.0,0.0,1.0,0.4844115354637566,0.6150627615062758,0.9816368170482885,1.0,0.0,1.0,0.0,0.0,0.0,0.0,0.0,0.0,0.0,0.0,0.0,0.0,0.0,1.0,0.0,0.0,0.0,0.0,0.0,1.0,0.0,0.0,0.0,1.0,0.0
4331,0.5185185185185184,0.0,0.0,0.0,0.5555555555555556,0.5,0.5393533347388635,0.15789473684210525,1.0,0.0,1.0,0.4844115354637566,0.6150627615062758,0.9816368170482885,1.0,0.0,0.0,0.0,0.0,0.0,1.0,0.0,0.0,0.0,0.0,0.0,0.0,1.0,0.0,0.0,0.0,0.0,0.0,0.0,0.0,1.0,0.0,0.0,1.0,0.0
4332,0.35802469135802467,0.0,0.0,1.0,0.5555555555555556,0.5,0.43394188601811506,0.10526315789473684,1.0,0.0,1.0,0.4844115354637566,0.6150627615062758,0.9816368170482885,1.0,0.0,0.0,0.0,0.0,0.0,0.0,0.0,0.0,0.0,0.0,0.0,0.0,1.0,0.0,0.0,0.0,0.0,0.0,0.0,0.0,1.0,0.0,1.0,1.0,0.0
4333,0.419753086419753,1.0,0.0,0.0,0.5555555555555556,0.5,0.6927390389294485,0.07894736842105263,1.0,0.0,1.0,0.4844115354637566,0.6150627615062758,0.9816368170482885,1.0,0.0,0.0,0.0,0.0,0.0,0.0,0.0,0.0,0.0,1.0,0.0,0.0,1.0,0.0,0.0,0.0,0.0,1.0,0.0,0.0,0.0,0.0,0.0,1.0,0.0
4334,0.4074074074074074,1.0,0.0,0.0,0.5555555555555556,0.5,0.4980797516051752,0.02631578947368421,1.0,0.0,1.0,0.4844115354637566,0.6150627615062758,0.9816368170482885,1.0,0.0,1.0,0.0,0.0,0.0,0.0,0.0,0.0,0.0,0.0,0.0,0.0,1.0,0.0,0.0,0.0,1.0,0.0,0.0,0.0,0.0,0.0,0.0,1.0,0.0
4335,0.419753086419753,1.0,0.0,0.0,0.5555555555555556,0.5,0.7356700871054456,0.21052631578947367,1.0,0.0,1.0,0.4844115354637566,0.6150627615062758,0.9816368170482885,1.0,1.0,0.0,0.0,0.0,0.0,0.0,0.0,0.0,0.0,0.0,0.0,0.0,1.0,0.0,0.0,0.0,0.0,0.0,0.0,0.0,1.0,0.0,0.0,1.0,0.0
4336,0.419753086419753,1.0,0.0,0.0,0.5555555555555556,0.5,0.7340757818764584,0.10526315789473684,1.0,0.0,1.0,0.4844115354637566,0.6150627615062758,0.9816368170482885,1.0,1.0,0.0,0.0,0.0,0.0,0.0,0.0,0.0,0.0,1.0,0.0,0.0,1.0,0.0,0.0,0.0,0.0,0.0,0.0,0.0,1.0,0.0,0.0,1.0,0.0
4337,0.24691358024691357,1.0,0.0,0.0,0.5555555555555556,0.5,0.573494565885327,0.13157894736842105,1.0,0.0,1.0,0.4844115354637566,0.6150627615062758,0.9816368170482885,1.0,0.0,0.0,0.0,1.0,0.0,0.0,0.0,0.0,0.0,0.0,0.0,0.0,1.0,0.0,0.0,0.0,0.0,0.0,0.0,0.0,0.0,0.0,0.0,1.0,0.0
4338,0.3333333333333333,1.0,0.0,0.0,0.5555555555555556,0.5,0.7809289142472077,0.05263157894736842,1.0,0.0,1.0,0.4844115354637566,0.6150627615062758,0.9816368170482885,1.0,1.0,0.0,0.0,0.0,0.0,0.0,0.0,0.0,0.0,1.0,0.0,0.0,0.0,1.0,0.0,0.0,0.0,0.0,0.0,0.0,1.0,0.0,0.0,1.0,0.0
4339,0.4691358024691357,0.0,0.0,0.0,0.5555555555555556,0.5,0.8098576164429231,0.15789473684210525,1.0,0.0,1.0,0.4844115354637566,0.6150627615062758,0.9816368170482885,1.0,1.0,0.0,0.0,0.0,0.0,0.0,0.0,0.0,0.0,1.0,0.0,0.0,1.0,0.0,0.0,0.0,0.0,0.0,0.0,1.0,0.0,0.0,0.0,1.0,0.0
4340,0.3333333333333333,1.0,0.0,0.0,0.5555555555555556,0.5,0.5154803582186305,0.13157894736842105,1.0,0.0,1.0,0.4844115354637566,0.6150627615062758,0.9816368170482885,1.0,0.0,0.0,0.0,0.0,0.0,0.0,0.0,0.0,0.0,1.0,0.0,0.0,0.0,1.0,0.0,0.0,0.0,0.0,0.0,0.0,1.0,0.0,0.0,1.0,0.0
4341,0.3703703703703703,1.0,0.0,0.0,0.5555555555555556,0.5,0.4309636218912418,0.05263157894736842,1.0,0.0,1.0,0.4844115354637566,0.6150627615062758,0.9816368170482885,1.0,0.0,0.0,0.0,0.0,0.0,0.0,0.0,0.0,0.0,0.0,0.0,0.0,1.0,0.0,0.0,0.0,0.0,0.0,0.0,0.0,1.0,0.0,0.0,1.0,0.0
4342,0.419753086419753,0.5,0.5,0.0,0.5555555555555556,0.5,0.529335783224907,0.39473684210526316,1.0,0.0,1.0,0.4844115354637566,0.6150627615062758,0.9816368170482885,1.0,0.0,0.0,0.0,0.0,0.0,0.0,0.0,0.0,0.0,1.0,0.0,0.0,1.0,0.0,0.0,0.0,0.0,0.0,0.0,1.0,0.0,0.0,0.0,1.0,0.0
4343,0.3703703703703703,1.0,0.0,0.0,0.5555555555555556,0.5,0.826971914346515,0.23684210526315788,1.0,0.0,1.0,0.4844115354637566,0.6150627615062758,0.9816368170482885,1.0,1.0,0.0,0.0,0.0,0.0,0.0,0.0,0.0,0.0,0.0,0.0,0.0,1.0,0.0,0.0,0.0,0.0,0.0,0.0,0.0,1.0,0.0,0.0,1.0,0.0
4344,0.16049382716049382,0.0,0.0,1.0,0.5555555555555556,0.5,0.7611934669171702,0.15789473684210525,1.0,0.0,1.0,0.4844115354637566,0.6150627615062758,0.9816368170482885,1.0,1.0,0.0,0.0,0.0,0.0,0.0,0.0,0.0,0.0,1.0,0.0,0.0,1.0,0.0,0.0,0.0,0.0,0.0,0.0,1.0,0.0,0.0,0.0,1.0,0.0
4345,0.3703703703703703,1.0,0.0,0.0,0.5555555555555556,0.5,0.608897147549857,0.10526315789473684,1.0,0.0,1.0,0.4844115354637566,0.6150627615062758,0.9816368170482885,1.0,0.0,0.0,0.0,0.0,0.0,0.0,0.0,0.0,0.0,0.0,0.0,0.0,1.0,0.0,0.0,0.0,0.0,0.0,0.0,0.0,1.0,0.0,0.0,1.0,0.0
4346,0.4938271604938272,1.0,0.0,1.0,0.5555555555555556,0.5,0.5381468098084997,0.07894736842105263,1.0,0.0,1.0,0.4844115354637566,0.6150627615062758,0.9816368170482885,1.0,0.0,0.0,0.0,0.0,0.0,1.0,0.0,0.0,0.0,0.0,0.0,0.0,1.0,0.0,0.0,0.0,0.0,0.0,0.0,1.0,0.0,0.0,0.0,1.0,0.0
4347,0.3703703703703703,1.0,0.0,0.0,0.5555555555555556,0.5,0.5689167450775122,0.05263157894736842,1.0,0.0,1.0,0.4844115354637566,0.6150627615062758,0.9816368170482885,1.0,0.0,0.0,0.0,0.0,0.0,0.0,0.0,0.0,0.0,1.0,0.0,0.0,0.0,0.0,0.0,0.0,0.0,1.0,0.0,0.0,0.0,0.0,0.0,1.0,0.0
4348,0.4567901234567901,1.0,1.0,0.0,0.5555555555555556,0.5,0.35240341381759965,0.3157894736842105,1.0,0.0,1.0,0.4844115354637566,0.6150627615062758,0.9816368170482885,1.0,0.0,0.0,0.0,0.0,0.0,0.0,0.0,0.0,0.0,0.0,0.0,0.0,1.0,0.0,0.0,0.0,0.0,1.0,0.0,0.0,0.0,0.0,0.0,1.0,0.0
4349,0.25925925925925924,0.0,0.0,0.0,0.5555555555555556,0.5,0.5078883596370491,0.02631578947368421,1.0,0.0,1.0,0.4844115354637566,0.6150627615062758,0.9816368170482885,1.0,0.0,0.0,0.0,0.0,0.0,0.0,0.0,0.0,0.0,1.0,0.0,0.0,0.0,1.0,0.0,0.0,0.0,1.0,0.0,0.0,0.0,0.0,0.0,1.0,0.0
4350,0.4567901234567901,1.0,0.0,0.0,0.5555555555555556,0.5,0.7365715102863578,0.05263157894736842,1.0,0.0,1.0,0.4844115354637566,0.6150627615062758,0.9816368170482885,1.0,1.0,0.0,0.0,1.0,0.0,0.0,0.0,0.0,0.0,0.0,0.0,0.0,1.0,0.0,0.0,0.0,0.0,0.0,0.0,0.0,0.0,0.0,1.0,1.0,0.0
4351,0.3703703703703703,1.0,0.0,0.0,0.5555555555555556,0.5,0.6140973378497864,0.05263157894736842,1.0,0.0,1.0,0.4844115354637566,0.6150627615062758,0.9816368170482885,1.0,0.0,0.0,0.0,0.0,0.0,0.0,0.0,0.0,0.0,1.0,0.0,0.0,1.0,0.0,0.0,0.0,0.0,0.0,0.0,0.0,1.0,0.0,0.0,1.0,0.0
4352,0.14814814814814814,1.0,0.0,0.0,0.5555555555555556,0.5,0.5280214103388018,0.02631578947368421,1.0,0.0,1.0,0.4844115354637566,0.6150627615062758,0.9816368170482885,1.0,0.0,0.0,0.0,0.0,0.0,0.0,0.0,0.0,0.0,0.0,0.0,0.0,0.0,1.0,0.0,0.0,0.0,0.0,0.0,0.0,1.0,0.0,0.0,1.0,0.0
4353,0.16049382716049382,0.0,0.0,0.0,0.5555555555555556,0.5,0.5955391234938983,0.18421052631578946,1.0,0.0,1.0,0.4844115354637566,0.6150627615062758,0.9816368170482885,1.0,0.0,0.0,0.0,0.0,0.0,0.0,0.0,0.0,0.0,1.0,0.0,0.0,0.0,1.0,0.0,0.0,0.0,0.0,0.0,0.0,1.0,0.0,0.0,1.0,0.0
4354,0.5061728395061729,0.0,0.0,0.0,0.5555555555555556,0.5,0.74646988188572,0.3157894736842105,1.0,0.0,1.0,0.4844115354637566,0.6150627615062758,0.9816368170482885,1.0,0.0,0.0,0.0,0.0,0.0,0.0,0.0,0.0,0.0,0.0,0.0,0.0,1.0,0.0,0.0,0.0,0.0,1.0,0.0,0.0,0.0,0.0,0.0,1.0,0.0
4355,0.3703703703703703,0.0,0.0,0.0,0.5555555555555556,0.5,0.8710034808815411,0.02631578947368421,1.0,0.0,1.0,0.4844115354637566,0.6150627615062758,0.9816368170482885,1.0,1.0,0.0,0.0,0.0,0.0,0.0,0.0,0.0,0.0,1.0,0.0,0.0,1.0,0.0,0.0,0.0,0.0,0.0,0.0,0.0,1.0,0.0,0.0,1.0,0.0
4356,0.3333333333333333,0.0,0.0,0.0,0.5555555555555556,0.5,0.6250197795910157,0.05263157894736842,1.0,0.0,1.0,0.4844115354637566,0.6150627615062758,0.9816368170482885,1.0,0.0,0.0,0.0,0.0,0.0,0.0,0.0,0.0,0.0,1.0,0.0,0.0,1.0,0.0,0.0,0.0,0.0,0.0,0.0,1.0,0.0,0.0,0.0,1.0,0.0
4357,0.48148148148148145,1.0,0.0,0.0,0.5555555555555556,0.5,0.43394188601811506,0.07894736842105263,1.0,0.0,1.0,0.4844115354637566,0.6150627615062758,0.9816368170482885,1.0,0.0,0.0,0.0,0.0,0.0,1.0,0.0,0.0,0.0,0.0,0.0,0.0,1.0,0.0,0.0,1.0,0.0,0.0,0.0,0.0,0.0,0.0,1.0,1.0,0.0
4358,0.1728395061728395,1.0,0.0,0.0,0.5555555555555556,0.5,0.3738508374054576,0.42105263157894735,1.0,0.0,1.0,0.4844115354637566,0.6150627615062758,0.9816368170482885,1.0,0.0,0.0,0.0,0.0,0.0,0.0,0.0,0.0,0.0,0.0,0.0,0.0,0.0,1.0,0.0,0.0,0.0,0.0,0.0,0.0,1.0,0.0,0.0,1.0,0.0
4359,0.16049382716049382,0.0,0.0,0.0,0.5555555555555556,0.5,0.6250197795910157,0.10526315789473684,1.0,0.0,1.0,0.4844115354637566,0.6150627615062758,0.9816368170482885,1.0,0.0,0.0,0.0,0.0,0.0,0.0,0.0,0.0,0.0,1.0,0.0,0.0,0.0,1.0,0.0,0.0,0.0,0.0,0.0,0.0,1.0,0.0,0.0,1.0,0.0
4360,0.2839506172839506,0.0,0.0,0.0,0.5555555555555556,0.5,0.6134597474028101,0.05263157894736842,1.0,0.0,1.0,0.4844115354637566,0.6150627615062758,0.9816368170482885,1.0,0.0,0.0,0.0,0.0,0.0,0.0,0.0,0.0,0.0,0.0,0.0,0.0,0.0,1.0,0.0,0.0,0.0,0.0,0.0,0.0,1.0,0.0,0.0,1.0,0.0
4361,0.29629629629629634,1.0,0.0,0.0,0.5555555555555556,0.5,0.5561069727294308,0.18421052631578946,1.0,0.0,1.0,0.4844115354637566,0.6150627615062758,0.9816368170482885,1.0,0.0,0.0,0.0,0.0,0.0,0.0,0.0,0.0,0.0,1.0,0.0,0.0,1.0,0.0,0.0,0.0,0.0,0.0,0.0,1.0,0.0,0.0,0.0,1.0,0.0
4362,0.29629629629629634,1.0,0.0,0.0,0.5555555555555556,0.75,0.749324254321852,0.26315789473684215,1.0,0.0,1.0,0.4844115354637566,0.6150627615062758,0.9811834051235548,1.0,1.0,0.0,0.0,0.0,0.0,0.0,0.0,0.0,0.0,0.0,0.0,0.0,1.0,0.0,0.0,0.0,0.0,0.0,0.0,0.0,1.0,0.0,1.0,1.0,0.0
4363,0.19753086419753085,1.0,0.0,0.0,0.5555555555555556,0.75,0.5743891340707834,0.26315789473684215,1.0,0.0,1.0,0.4844115354637566,0.6150627615062758,0.9811834051235548,1.0,0.0,0.0,0.0,0.0,0.0,0.0,0.0,0.0,0.0,1.0,0.0,0.0,0.0,1.0,0.0,0.0,0.0,0.0,0.0,0.0,1.0,0.0,0.0,1.0,0.0
4364,0.4938271604938272,1.0,0.0,0.0,0.5555555555555556,0.75,0.3400093138083381,0.26315789473684215,1.0,0.0,1.0,0.4844115354637566,0.6150627615062758,0.9811834051235548,1.0,0.0,0.0,0.0,0.0,1.0,0.0,0.0,0.0,0.0,0.0,0.0,0.0,1.0,0.0,0.0,0.0,0.0,0.0,0.0,0.0,1.0,0.0,0.0,1.0,0.0
4365,0.1728395061728395,0.0,0.0,0.0,0.5555555555555556,0.75,0.5601990426951532,0.05263157894736842,1.0,0.0,1.0,0.4844115354637566,0.6150627615062758,0.9811834051235548,1.0,0.0,0.0,0.0,0.0,0.0,0.0,0.0,0.0,0.0,0.0,0.0,0.0,0.0,1.0,0.0,0.0,0.0,0.0,0.0,0.0,1.0,0.0,0.0,1.0,0.0
4366,0.16049382716049382,1.0,0.0,0.0,0.5555555555555556,0.75,0.8102182763559477,0.05263157894736842,1.0,0.0,1.0,0.4844115354637566,0.6150627615062758,0.9811834051235548,1.0,1.0,0.0,0.0,0.0,0.0,0.0,0.0,0.0,0.0,1.0,0.0,0.0,0.0,1.0,0.0,0.0,0.0,0.0,0.0,0.0,1.0,0.0,0.0,1.0,0.0
4367,0.18518518518518517,0.0,0.0,0.0,0.5555555555555556,0.75,0.5140006512933829,0.15789473684210525,1.0,0.0,1.0,0.4844115354637566,0.6150627615062758,0.9811834051235548,1.0,0.0,0.0,0.0,0.0,0.0,0.0,0.0,0.0,0.0,1.0,0.0,0.0,1.0,0.0,0.0,0.0,0.0,0.0,0.0,1.0,0.0,0.0,1.0,1.0,0.0
4368,0.14814814814814814,1.0,0.0,0.0,0.5555555555555556,0.75,0.8085256550748646,0.02631578947368421,1.0,0.0,1.0,0.4844115354637566,0.6150627615062758,0.9811834051235548,1.0,1.0,0.0,0.0,0.0,0.0,0.0,0.0,0.0,0.0,1.0,0.0,0.0,1.0,0.0,0.0,0.0,0.0,0.0,0.0,1.0,0.0,0.0,0.0,1.0,0.0
4369,0.29629629629629634,0.0,0.0,0.0,0.5555555555555556,0.75,0.5226119446684994,0.10526315789473684,1.0,0.0,1.0,0.4844115354637566,0.6150627615062758,0.9811834051235548,1.0,0.0,0.0,0.0,0.0,0.0,0.0,0.0,0.0,0.0,0.0,0.0,0.0,1.0,0.0,0.0,0.0,0.0,0.0,0.0,0.0,1.0,0.0,0.0,1.0,0.0
4370,0.35802469135802467,1.0,0.0,0.0,0.5555555555555556,0.75,0.5319212752022946,0.26315789473684215,1.0,0.0,1.0,0.4844115354637566,0.6150627615062758,0.9811834051235548,1.0,0.0,0.0,0.0,0.0,0.0,0.0,0.0,0.0,0.0,0.0,0.0,0.0,1.0,0.0,0.0,0.0,0.0,1.0,0.0,0.0,0.0,0.0,0.0,1.0,0.0
4371,0.1728395061728395,1.0,0.0,0.0,0.5555555555555556,0.75,0.5381468098084997,0.10526315789473684,1.0,0.0,1.0,0.4844115354637566,0.6150627615062758,0.9811834051235548,1.0,0.0,0.0,0.0,0.0,0.0,0.0,0.0,0.0,0.0,0.0,0.0,0.0,1.0,0.0,0.0,0.0,0.0,0.0,0.0,0.0,1.0,0.0,0.0,1.0,0.0
4372,0.19753086419753085,1.0,0.0,0.0,0.5555555555555556,0.75,0.6226787043279698,0.05263157894736842,1.0,0.0,1.0,0.4844115354637566,0.6150627615062758,0.9811834051235548,1.0,0.0,0.0,0.0,0.0,0.0,0.0,0.0,1.0,0.0,0.0,0.0,0.0,1.0,0.0,0.0,0.0,0.0,0.0,0.0,0.0,1.0,0.0,1.0,1.0,0.0
4373,0.1728395061728395,1.0,0.0,0.0,0.5555555555555556,0.75,0.5169416832156455,0.0,1.0,0.0,1.0,0.4844115354637566,0.6150627615062758,0.9811834051235548,1.0,0.0,0.0,0.0,0.0,0.0,0.0,0.0,0.0,0.0,0.0,0.0,0.0,1.0,0.0,0.0,0.0,0.0,0.0,0.0,0.0,1.0,0.0,0.0,1.0,0.0
4374,0.3209876543209876,1.0,0.0,0.0,0.5555555555555556,0.75,0.5356959888812932,0.13157894736842105,1.0,0.0,1.0,0.4844115354637566,0.6150627615062758,0.9811834051235548,1.0,0.0,0.0,0.0,0.0,0.0,0.0,0.0,0.0,0.0,0.0,0.0,0.0,1.0,0.0,0.0,0.0,0.0,0.0,0.0,0.0,1.0,0.0,1.0,1.0,0.0
4375,0.35802469135802467,0.0,0.0,0.0,0.5555555555555556,0.75,0.33328547525193053,0.4473684210526315,1.0,0.0,1.0,0.4844115354637566,0.6150627615062758,0.9811834051235548,1.0,0.0,0.0,0.0,0.0,0.0,0.0,0.0,0.0,0.0,1.0,0.0,0.0,0.0,0.0,0.0,0.0,0.0,0.0,0.0,0.0,1.0,0.0,1.0,1.0,0.0
4376,0.38271604938271603,1.0,0.0,0.0,0.5555555555555556,0.75,0.4477973110243916,0.0,1.0,0.0,1.0,0.4844115354637566,0.6150627615062758,0.9811834051235548,1.0,0.0,0.0,0.0,0.0,0.0,0.0,0.0,0.0,0.0,0.0,0.0,0.0,0.0,1.0,0.0,0.0,0.0,0.0,0.0,0.0,1.0,0.0,0.0,1.0,0.0
4377,0.5061728395061729,0.0,0.0,0.0,0.5555555555555556,0.75,0.47140323828241015,0.0,1.0,0.0,1.0,0.4844115354637566,0.6150627615062758,0.9811834051235548,1.0,0.0,0.0,0.0,1.0,0.0,0.0,0.0,0.0,0.0,0.0,0.0,0.0,1.0,0.0,0.0,0.0,1.0,0.0,0.0,0.0,0.0,0.0,0.0,1.0,0.0
4378,0.24691358024691357,0.0,0.0,0.0,0.5555555555555556,0.75,0.7734600293864244,0.0,1.0,0.0,1.0,0.4844115354637566,0.6150627615062758,0.9811834051235548,1.0,1.0,0.0,0.0,0.0,0.0,0.0,0.0,0.0,0.0,1.0,0.0,0.0,1.0,0.0,0.0,0.0,0.0,0.0,0.0,0.0,1.0,0.0,0.0,1.0,0.0
4379,0.2839506172839506,0.0,1.0,0.0,0.5555555555555556,0.75,0.31856189022048026,0.10526315789473684,1.0,0.0,1.0,0.4844115354637566,0.6150627615062758,0.9811834051235548,1.0,0.0,0.0,0.0,0.0,0.0,0.0,0.0,0.0,0.0,0.0,0.0,0.0,0.0,1.0,0.0,0.0,0.0,0.0,0.0,0.0,1.0,0.0,0.0,1.0,0.0
4380,0.24691358024691357,0.0,0.0,0.0,0.5555555555555556,0.75,0.7392350614235342,0.0,1.0,0.0,1.0,0.4844115354637566,0.6150627615062758,0.9811834051235548,1.0,1.0,0.0,0.0,0.0,0.0,0.0,0.0,0.0,0.0,0.0,0.0,0.0,1.0,0.0,0.0,0.0,0.0,0.0,0.0,0.0,1.0,0.0,1.0,1.0,0.0
4381,0.3333333333333333,1.0,1.0,0.0,0.5555555555555556,0.75,0.7194438844174483,0.13157894736842105,1.0,0.0,1.0,0.4844115354637566,0.6150627615062758,0.9811834051235548,1.0,1.0,0.0,0.0,0.0,0.0,0.0,0.0,0.0,0.0,0.0,0.0,0.0,1.0,0.0,0.0,0.0,1.0,0.0,0.0,0.0,0.0,0.0,1.0,1.0,0.0
4382,0.2839506172839506,1.0,0.0,0.0,0.5555555555555556,0.75,0.672135812695421,0.0,1.0,0.0,1.0,0.4844115354637566,0.6150627615062758,0.9811834051235548,1.0,0.0,0.0,0.0,0.0,0.0,0.0,0.0,0.0,0.0,1.0,0.0,0.0,0.0,1.0,0.0,0.0,0.0,0.0,0.0,1.0,0.0,0.0,1.0,1.0,0.0
4383,0.16049382716049382,1.0,0.0,0.0,0.5555555555555556,0.75,0.4756049402686357,0.10526315789473684,1.0,0.0,1.0,0.4844115354637566,0.6150627615062758,0.9811834051235548,1.0,0.0,0.0,0.0,0.0,0.0,0.0,0.0,0.0,0.0,1.0,0.0,0.0,0.0,1.0,0.0,0.0,0.0,0.0,0.0,1.0,0.0,0.0,0.0,1.0,0.0
4384,0.38271604938271603,1.0,0.0,0.0,0.5555555555555556,0.75,0.5660820259952785,0.13157894736842105,1.0,0.0,1.0,0.4844115354637566,0.6150627615062758,0.9811834051235548,1.0,0.0,0.0,0.0,0.0,0.0,0.0,0.0,0.0,0.0,0.0,0.0,0.0,0.0,0.0,0.0,0.0,0.0,0.0,0.0,0.0,1.0,0.0,0.0,1.0,0.0
4385,0.16049382716049382,0.0,0.0,0.0,0.5555555555555556,0.75,0.494619644821988,0.02631578947368421,1.0,0.0,1.0,0.4844115354637566,0.6150627615062758,0.9811834051235548,1.0,0.0,0.0,0.0,0.0,0.0,0.0,0.0,0.0,0.0,1.0,0.0,0.0,1.0,0.0,0.0,0.0,0.0,0.0,0.0,0.0,1.0,0.0,0.0,1.0,0.0
4386,0.34567901234567905,1.0,1.0,0.0,0.5555555555555556,0.75,0.5485843549516803,0.05263157894736842,1.0,0.0,1.0,0.4844115354637566,0.6150627615062758,0.9811834051235548,1.0,0.0,0.0,0.0,0.0,0.0,0.0,0.0,0.0,0.0,0.0,0.0,0.0,1.0,0.0,0.0,0.0,0.0,0.0,0.0,0.0,0.0,1.0,1.0,1.0,0.0
4387,0.35802469135802467,1.0,0.0,0.0,0.5555555555555556,0.75,0.5198109754500708,0.05263157894736842,1.0,0.0,1.0,0.4844115354637566,0.6150627615062758,0.9811834051235548,1.0,0.0,0.0,0.0,0.0,0.0,0.0,0.0,0.0,0.0,0.0,0.0,0.0,1.0,0.0,0.0,0.0,0.0,1.0,0.0,0.0,0.0,0.0,0.0,1.0,0.0
4388,0.35802469135802467,0.0,0.0,0.0,0.5555555555555556,0.75,0.5014409845439322,0.13157894736842105,1.0,0.0,1.0,0.4844115354637566,0.6150627615062758,0.9811834051235548,1.0,0.0,0.0,0.0,0.0,0.0,0.0,0.0,1.0,0.0,0.0,0.0,0.0,1.0,0.0,0.0,0.0,1.0,0.0,0.0,0.0,0.0,0.0,1.0,1.0,0.0
4389,0.4074074074074074,1.0,0.0,0.0,0.5555555555555556,0.75,0.3581428520730854,0.2894736842105263,1.0,0.0,1.0,0.4844115354637566,0.6150627615062758,0.9811834051235548,1.0,0.0,0.0,0.0,1.0,0.0,0.0,0.0,0.0,0.0,0.0,0.0,0.0,1.0,0.0,0.0,0.0,1.0,0.0,0.0,0.0,0.0,0.0,0.0,1.0,0.0
4390,0.30864197530864196,1.0,1.0,0.0,0.5555555555555556,0.75,0.9142498248025162,0.05263157894736842,1.0,0.0,1.0,0.4844115354637566,0.6150627615062758,0.9811834051235548,1.0,1.0,0.0,0.0,1.0,0.0,0.0,0.0,0.0,0.0,0.0,0.0,0.0,1.0,0.0,0.0,0.0,0.0,0.0,0.0,0.0,1.0,0.0,0.0,1.0,0.0
4391,0.5061728395061729,1.0,0.0,0.0,0.5555555555555556,0.75,0.5154803582186305,0.18421052631578946,1.0,0.0,1.0,0.4844115354637566,0.6150627615062758,0.9811834051235548,1.0,0.0,0.0,0.0,0.0,0.0,0.0,1.0,0.0,0.0,0.0,0.0,0.0,1.0,0.0,0.0,1.0,0.0,0.0,0.0,0.0,0.0,0.0,1.0,1.0,0.0
4392,0.25925925925925924,0.0,0.0,0.0,0.5555555555555556,0.75,0.8266591933396119,0.05263157894736842,1.0,0.0,1.0,0.4844115354637566,0.6150627615062758,0.9811834051235548,1.0,1.0,0.0,0.0,0.0,0.0,0.0,0.0,0.0,0.0,0.0,0.0,0.0,1.0,0.0,0.0,0.0,0.0,0.0,0.0,0.0,1.0,0.0,0.0,1.0,0.0
4393,0.18518518518518517,0.0,0.0,0.0,0.5555555555555556,0.75,0.3017282010873305,0.18421052631578946,1.0,0.0,1.0,0.4844115354637566,0.6150627615062758,0.9811834051235548,1.0,0.0,0.0,0.0,0.0,0.0,0.0,0.0,0.0,0.0,1.0,0.0,0.0,1.0,0.0,0.0,0.0,0.0,0.0,0.0,0.0,1.0,0.0,0.0,1.0,0.0
4394,0.30864197530864196,1.0,0.0,0.0,0.5555555555555556,0.75,0.773295849109271,0.07894736842105263,1.0,0.0,1.0,0.4844115354637566,0.6150627615062758,0.9811834051235548,1.0,0.0,0.0,0.0,0.0,1.0,0.0,0.0,0.0,0.0,0.0,0.0,0.0,1.0,0.0,0.0,0.0,0.0,0.0,0.0,0.0,1.0,0.0,0.0,1.0,0.0
4395,0.18518518518518517,1.0,1.0,0.0,0.5555555555555556,0.75,0.6208918069393788,0.05263157894736842,1.0,0.0,1.0,0.4844115354637566,0.6150627615062758,0.9811834051235548,1.0,0.0,0.0,0.0,0.0,0.0,0.0,0.0,0.0,0.0,1.0,0.0,0.0,0.0,1.0,0.0,0.0,0.0,0.0,0.0,0.0,1.0,0.0,0.0,1.0,0.0
4396,0.2716049382716049,1.0,0.0,0.0,0.5555555555555556,0.75,0.5109842001350153,0.0,1.0,0.0,1.0,0.4844115354637566,0.6150627615062758,0.9811834051235548,1.0,0.0,0.0,0.0,0.0,0.0,0.0,0.0,0.0,0.0,1.0,0.0,0.0,1.0,0.0,0.0,0.0,0.0,0.0,0.0,0.0,1.0,0.0,1.0,1.0,0.0
4397,0.14814814814814814,1.0,0.0,0.0,0.5555555555555556,0.75,0.3581428520730854,0.5,1.0,0.0,1.0,0.4844115354637566,0.6150627615062758,0.9811834051235548,1.0,0.0,0.0,0.0,0.0,0.0,0.0,0.0,0.0,0.0,0.0,0.0,0.0,0.0,1.0,0.0,0.0,0.0,0.0,0.0,0.0,1.0,0.0,0.0,1.0,0.0
4398,0.2716049382716049,1.0,0.0,0.0,0.5555555555555556,0.75,0.3738508374054576,0.42105263157894735,1.0,0.0,1.0,0.4844115354637566,0.6150627615062758,0.9811834051235548,1.0,0.0,0.0,0.0,0.0,0.0,0.0,0.0,0.0,0.0,1.0,0.0,0.0,0.0,0.0,0.0,0.0,0.0,0.0,0.0,1.0,0.0,0.0,0.0,1.0,0.0
4399,0.4444444444444445,1.0,0.0,0.0,0.5555555555555556,0.75,0.6055262822549443,0.0,1.0,0.0,1.0,0.4844115354637566,0.6150627615062758,0.9811834051235548,1.0,0.0,0.0,0.0,0.0,0.0,0.0,1.0,0.0,0.0,0.0,0.0,0.0,1.0,0.0,0.0,0.0,0.0,0.0,0.0,0.0,1.0,0.0,0.0,1.0,0.0
4400,0.19753086419753085,0.0,0.0,0.0,0.5555555555555556,0.75,0.4980797516051752,0.21052631578947367,1.0,0.0,1.0,0.4844115354637566,0.6150627615062758,0.9811834051235548,1.0,0.0,0.0,0.0,0.0,0.0,0.0,0.0,0.0,0.0,1.0,0.0,0.0,0.0,1.0,0.0,0.0,0.0,0.0,0.0,0.0,1.0,0.0,0.0,1.0,0.0
4401,0.16049382716049382,1.0,0.0,0.0,0.5555555555555556,0.75,0.4215477860088535,0.23684210526315788,1.0,0.0,1.0,0.4844115354637566,0.6150627615062758,0.9811834051235548,1.0,0.0,0.0,0.0,0.0,0.0,0.0,0.0,0.0,0.0,0.0,0.0,0.0,0.0,0.0,0.0,0.0,0.0,0.0,0.0,0.0,1.0,0.0,0.0,1.0,0.0
4402,0.1728395061728395,0.0,0.0,0.0,0.5555555555555556,0.75,0.494619644821988,0.23684210526315788,1.0,0.0,1.0,0.4844115354637566,0.6150627615062758,0.9811834051235548,1.0,0.0,0.0,0.0,0.0,0.0,0.0,0.0,0.0,0.0,1.0,0.0,0.0,1.0,0.0,0.0,0.0,0.0,0.0,0.0,1.0,0.0,0.0,0.0,1.0,0.0
4403,0.18518518518518517,1.0,0.0,0.0,0.5555555555555556,0.75,0.40010036242099567,0.21052631578947367,1.0,0.0,1.0,0.4844115354637566,0.6150627615062758,0.9811834051235548,1.0,0.0,0.0,0.0,0.0,0.0,0.0,1.0,0.0,0.0,0.0,0.0,0.0,1.0,0.0,0.0,0.0,0.0,1.0,0.0,0.0,0.0,0.0,0.0,1.0,0.0
4404,0.19753086419753085,1.0,0.0,0.0,0.5555555555555556,0.75,0.5078883596370491,0.02631578947368421,1.0,0.0,1.0,0.4844115354637566,0.6150627615062758,0.9811834051235548,1.0,0.0,0.0,0.0,0.0,0.0,0.0,0.0,0.0,0.0,1.0,0.0,0.0,0.0,1.0,0.0,0.0,0.0,0.0,0.0,1.0,0.0,0.0,0.0,1.0,0.0
4405,0.2345679012345679,1.0,0.0,0.0,0.5555555555555556,0.75,0.45038280300177924,0.18421052631578946,1.0,0.0,1.0,0.4844115354637566,0.6150627615062758,0.9811834051235548,1.0,0.0,0.0,0.0,0.0,0.0,0.0,0.0,0.0,0.0,0.0,0.0,0.0,1.0,0.0,0.0,0.0,0.0,0.0,0.0,0.0,1.0,0.0,0.0,1.0,0.0
4406,0.1728395061728395,1.0,1.0,0.0,0.5555555555555556,0.75,0.5369277818064884,0.15789473684210525,1.0,0.0,1.0,0.4844115354637566,0.6150627615062758,0.9811834051235548,1.0,0.0,0.0,0.0,0.0,0.0,0.0,0.0,0.0,0.0,0.0,0.0,0.0,0.0,1.0,0.0,0.0,0.0,0.0,0.0,0.0,1.0,0.0,0.0,1.0,0.0
4407,0.2839506172839506,1.0,0.0,0.0,0.5555555555555556,0.75,0.5838049699531718,0.18421052631578946,1.0,0.0,1.0,0.4844115354637566,0.6150627615062758,0.9811834051235548,1.0,0.0,0.0,0.0,0.0,0.0,0.0,0.0,0.0,0.0,1.0,0.0,0.0,1.0,0.0,0.0,0.0,0.0,0.0,0.0,1.0,0.0,0.0,0.0,1.0,0.0
4408,0.20987654320987653,1.0,0.0,1.0,0.5555555555555556,0.75,0.4648051454883613,0.02631578947368421,1.0,0.0,1.0,0.4844115354637566,0.6150627615062758,0.9811834051235548,1.0,0.0,0.0,0.0,0.0,0.0,0.0,0.0,0.0,0.0,1.0,0.0,0.0,1.0,0.0,0.0,0.0,0.0,0.0,0.0,1.0,0.0,0.0,0.0,1.0,0.0
4409,0.1728395061728395,0.0,0.0,0.0,0.5555555555555556,0.75,0.3017282010873305,0.23684210526315788,1.0,0.0,1.0,0.4844115354637566,0.6150627615062758,0.9811834051235548,1.0,0.0,0.0,0.0,0.0,0.0,0.0,0.0,0.0,0.0,0.0,0.0,0.0,0.0,0.0,0.0,0.0,0.0,1.0,0.0,0.0,0.0,0.0,0.0,1.0,0.0
4410,0.18518518518518517,1.0,0.0,0.0,0.5555555555555556,0.75,0.6476204981957939,0.0,1.0,0.0,1.0,0.4844115354637566,0.6150627615062758,0.9811834051235548,1.0,0.0,0.0,0.0,0.0,1.0,0.0,0.0,0.0,0.0,0.0,0.0,0.0,0.0,1.0,0.0,0.0,0.0,0.0,0.0,0.0,1.0,0.0,0.0,1.0,0.0
4411,0.34567901234567905,0.0,0.0,1.0,0.5555555555555556,0.75,0.49105467050389934,0.4473684210526315,1.0,0.0,1.0,0.4844115354637566,0.6150627615062758,0.9811834051235548,1.0,0.0,0.0,0.0,0.0,0.0,0.0,0.0,1.0,0.0,0.0,0.0,0.0,1.0,0.0,0.0,0.0,0.0,0.0,0.0,1.0,0.0,0.0,0.0,1.0,0.0
4412,0.34567901234567905,1.0,1.0,0.0,0.5555555555555556,0.75,0.5761581170225034,0.21052631578947367,1.0,0.0,1.0,0.4844115354637566,0.6150627615062758,0.9811834051235548,1.0,0.0,0.0,0.0,0.0,0.0,0.0,0.0,1.0,0.0,0.0,0.0,0.0,1.0,0.0,0.0,0.0,0.0,0.0,0.0,1.0,0.0,0.0,0.0,1.0,0.0
4413,0.16049382716049382,1.0,0.0,0.0,0.5555555555555556,0.75,0.8248712308542132,0.26315789473684215,1.0,0.0,1.0,0.4844115354637566,0.6150627615062758,0.9811834051235548,1.0,1.0,0.0,0.0,0.0,0.0,0.0,0.0,0.0,0.0,0.0,0.0,0.0,0.0,1.0,0.0,0.0,0.0,0.0,0.0,0.0,1.0,0.0,0.0,1.0,0.0
4414,0.3209876543209876,1.0,0.0,0.0,0.5555555555555556,0.75,0.3786529388331377,0.3157894736842105,1.0,0.0,1.0,0.4844115354637566,0.6150627615062758,0.9811834051235548,1.0,0.0,0.0,0.0,0.0,0.0,0.0,0.0,0.0,0.0,0.0,0.0,0.0,1.0,0.0,0.0,0.0,0.0,0.0,0.0,0.0,1.0,0.0,0.0,1.0,0.0
4415,0.24691358024691357,0.0,0.0,0.0,0.5555555555555556,0.75,0.35240341381759965,0.3157894736842105,1.0,0.0,1.0,0.4844115354637566,0.6150627615062758,0.9811834051235548,1.0,0.0,0.0,0.0,0.0,0.0,0.0,0.0,0.0,0.0,1.0,0.0,0.0,0.0,1.0,0.0,0.0,0.0,0.0,0.0,1.0,0.0,0.0,0.0,1.0,0.0
4416,0.2345679012345679,1.0,0.0,0.0,0.5555555555555556,0.75,0.4735228478707203,0.0,1.0,0.0,1.0,0.4844115354637566,0.6150627615062758,0.9811834051235548,1.0,0.0,0.0,0.0,0.0,0.0,0.0,0.0,0.0,0.0,0.0,0.0,0.0,0.0,1.0,0.0,0.0,0.0,0.0,0.0,0.0,1.0,0.0,0.0,1.0,0.0
4417,0.1728395061728395,1.0,0.0,0.0,0.5555555555555556,0.75,0.4796617267459457,0.0,1.0,0.0,1.0,0.4844115354637566,0.6150627615062758,0.9811834051235548,1.0,0.0,0.0,0.0,0.0,0.0,0.0,0.0,0.0,0.0,1.0,0.0,0.0,1.0,0.0,0.0,0.0,0.0,0.0,0.0,1.0,0.0,0.0,0.0,1.0,0.0
4418,0.4444444444444445,0.0,0.0,0.0,0.5555555555555556,1.0,0.481638834621511,0.05263157894736842,1.0,0.0,1.0,0.4844115354637566,0.6150627615062758,0.9814101110859217,1.0,0.0,0.0,0.0,0.0,0.0,0.0,1.0,0.0,0.0,0.0,0.0,0.0,1.0,0.0,0.0,0.0,0.0,0.0,0.0,0.0,1.0,0.0,0.0,1.0,0.0
4419,0.3209876543209876,0.0,1.0,0.0,0.5555555555555556,1.0,0.3786529388331377,0.21052631578947367,1.0,0.0,1.0,0.4844115354637566,0.6150627615062758,0.9814101110859217,1.0,0.0,0.0,0.0,0.0,0.0,0.0,0.0,0.0,0.0,0.0,0.0,0.0,1.0,0.0,0.0,0.0,0.0,0.0,0.0,0.0,1.0,0.0,0.0,1.0,0.0
4420,0.38271604938271603,0.0,0.0,0.0,0.5555555555555556,1.0,0.5239878100544288,0.07894736842105263,1.0,0.0,1.0,0.4844115354637566,0.6150627615062758,0.9814101110859217,1.0,0.0,1.0,0.0,0.0,0.0,0.0,0.0,0.0,0.0,0.0,0.0,0.0,1.0,0.0,0.0,1.0,0.0,0.0,0.0,0.0,0.0,0.0,0.0,1.0,0.0
4421,0.4074074074074074,1.0,0.0,0.0,0.5555555555555556,1.0,0.506309340633733,0.0,1.0,0.0,1.0,0.4844115354637566,0.6150627615062758,0.9814101110859217,1.0,0.0,1.0,0.0,0.0,0.0,0.0,0.0,0.0,0.0,0.0,0.0,0.0,1.0,0.0,0.0,0.0,0.0,0.0,0.0,0.0,0.0,0.0,1.0,1.0,0.0
4422,0.25925925925925924,0.0,0.0,1.0,0.5555555555555556,1.0,0.6485730147319224,0.0,1.0,0.0,1.0,0.4844115354637566,0.6150627615062758,0.9814101110859217,1.0,0.0,0.0,0.0,0.0,1.0,0.0,0.0,0.0,0.0,0.0,0.0,0.0,0.0,0.0,0.0,0.0,0.0,0.0,0.0,0.0,1.0,0.0,0.0,1.0,0.0
4423,0.39506172839506176,0.0,0.0,0.0,0.5555555555555556,1.0,0.5581708002178327,0.02631578947368421,1.0,0.0,1.0,0.4844115354637566,0.6150627615062758,0.9814101110859217,1.0,0.0,0.0,0.0,0.0,0.0,0.0,0.0,0.0,0.0,1.0,0.0,0.0,1.0,0.0,0.0,0.0,0.0,1.0,0.0,0.0,0.0,0.0,1.0,1.0,0.0
4424,0.2222222222222222,0.5,0.5,0.0,0.5555555555555556,1.0,0.6055262822549443,0.0,1.0,0.0,1.0,0.4844115354637566,0.6150627615062758,0.9814101110859217,1.0,0.0,0.0,0.0,0.0,0.0,0.0,0.0,0.0,0.0,1.0,0.0,0.0,1.0,0.0,0.0,0.0,0.0,1.0,0.0,0.0,0.0,0.0,0.0,1.0,0.0
4425,0.38271604938271603,1.0,1.0,0.0,0.5555555555555556,1.0,0.3636152410663567,0.0,1.0,0.0,1.0,0.4844115354637566,0.6150627615062758,0.9814101110859217,1.0,0.0,0.0,0.0,0.0,0.0,0.0,0.0,0.0,0.0,0.0,0.0,0.0,1.0,0.0,0.0,0.0,0.0,0.0,0.0,0.0,1.0,0.0,1.0,1.0,0.0
4426,0.16049382716049382,1.0,0.0,0.0,0.5555555555555556,1.0,0.6134597474028101,0.0,1.0,0.0,1.0,0.4844115354637566,0.6150627615062758,0.9814101110859217,1.0,0.0,0.0,0.0,0.0,0.0,0.0,0.0,0.0,0.0,0.0,0.0,0.0,1.0,0.0,0.0,0.0,0.0,0.0,0.0,0.0,1.0,0.0,0.0,1.0,0.0
4427,0.14814814814814814,1.0,0.0,0.0,0.5555555555555556,1.0,0.6261730746079361,0.0,1.0,0.0,1.0,0.4844115354637566,0.6150627615062758,0.9814101110859217,1.0,0.0,0.0,0.0,0.0,0.0,0.0,0.0,0.0,0.0,1.0,0.0,0.0,0.0,1.0,0.0,0.0,0.0,0.0,0.0,0.0,1.0,0.0,0.0,1.0,0.0
4428,0.24691358024691357,1.0,0.0,0.0,0.5555555555555556,1.0,0.6261730746079361,0.0,1.0,0.0,1.0,0.4844115354637566,0.6150627615062758,0.9814101110859217,1.0,0.0,0.0,0.0,0.0,0.0,0.0,0.0,0.0,0.0,1.0,0.0,0.0,1.0,0.0,0.0,0.0,0.0,0.0,0.0,1.0,0.0,0.0,0.0,1.0,0.0
4429,0.419753086419753,1.0,0.0,0.0,0.5555555555555556,1.0,0.6108742554254224,0.0,1.0,0.0,1.0,0.4844115354637566,0.6150627615062758,0.9814101110859217,1.0,0.0,0.0,0.0,0.0,0.0,0.0,0.0,1.0,0.0,0.0,0.0,0.0,1.0,0.0,0.0,0.0,0.0,1.0,0.0,0.0,0.0,0.0,0.0,1.0,0.0
4430,0.25925925925925924,1.0,0.0,0.0,0.5555555555555556,1.0,0.6877466992608396,0.0,1.0,0.0,1.0,0.4844115354637566,0.6150627615062758,0.9814101110859217,1.0,0.0,0.0,0.0,0.0,0.0,0.0,0.0,0.0,0.0,0.0,0.0,0.0,1.0,0.0,0.0,0.0,0.0,0.0,0.0,0.0,1.0,0.0,0.0,1.0,0.0
4431,0.25925925925925924,1.0,0.0,0.0,0.5555555555555556,1.0,0.5154803582186305,0.02631578947368421,1.0,0.0,1.0,0.4844115354637566,0.6150627615062758,0.9814101110859217,1.0,0.0,0.0,0.0,0.0,0.0,0.0,0.0,0.0,0.0,1.0,0.0,0.0,0.0,0.0,0.0,0.0,0.0,0.0,0.0,1.0,0.0,0.0,0.0,1.0,0.0
4432,0.19753086419753085,1.0,1.0,0.0,0.5555555555555556,1.0,0.5716847586578249,0.0,1.0,0.0,1.0,0.4844115354637566,0.6150627615062758,0.9814101110859217,1.0,0.0,0.0,0.0,0.0,0.0,0.0,0.0,0.0,0.0,0.0,0.0,0.0,1.0,0.0,0.0,0.0,0.0,0.0,0.0,0.0,1.0,0.0,1.0,1.0,0.0
4433,0.18518518518518517,0.0,0.0,0.0,0.5555555555555556,1.0,0.48923083320309235,0.0,1.0,0.0,1.0,0.4844115354637566,0.6150627615062758,0.9814101110859217,1.0,0.0,0.0,0.0,0.0,0.0,0.0,0.0,0.0,0.0,0.0,0.0,0.0,0.0,0.0,0.0,0.0,0.0,0.0,0.0,0.0,1.0,0.0,0.0,1.0,0.0
4434,0.18518518518518517,1.0,0.0,1.0,0.5555555555555556,1.0,0.5306356323565045,0.0,1.0,0.0,1.0,0.4844115354637566,0.6150627615062758,0.9814101110859217,1.0,0.0,0.0,0.0,0.0,0.0,0.0,0.0,0.0,0.0,0.0,0.0,0.0,0.0,1.0,0.0,0.0,0.0,0.0,0.0,0.0,1.0,0.0,0.0,1.0,0.0
4435,0.29629629629629634,0.0,1.0,0.0,0.5555555555555556,1.0,0.6295666315558228,0.0,1.0,0.0,1.0,0.4844115354637566,0.6150627615062758,0.9814101110859217,1.0,0.0,0.0,0.0,0.0,0.0,0.0,0.0,0.0,0.0,1.0,0.0,0.0,1.0,0.0,0.0,0.0,0.0,1.0,0.0,0.0,0.0,0.0,0.0,1.0,0.0
4436,0.34567901234567905,1.0,1.0,0.0,0.5555555555555556,1.0,0.6153622441177717,0.0,1.0,0.0,1.0,0.4844115354637566,0.6150627615062758,0.9814101110859217,1.0,0.0,0.0,0.0,0.0,1.0,0.0,0.0,0.0,0.0,0.0,0.0,0.0,1.0,0.0,0.0,0.0,0.0,0.0,0.0,0.0,1.0,0.0,0.0,1.0,0.0
4437,0.1728395061728395,1.0,0.0,0.0,0.5555555555555556,1.0,0.5319212752022946,0.02631578947368421,1.0,0.0,1.0,0.4844115354637566,0.6150627615062758,0.9814101110859217,1.0,0.0,0.0,0.0,0.0,0.0,0.0,0.0,0.0,0.0,1.0,0.0,0.0,0.0,1.0,0.0,0.0,0.0,0.0,0.0,1.0,0.0,0.0,0.0,1.0,0.0
4438,0.18518518518518517,1.0,0.0,0.0,0.5555555555555556,1.0,0.35240341381759965,0.21052631578947367,1.0,0.0,1.0,0.4844115354637566,0.6150627615062758,0.9814101110859217,1.0,0.0,0.0,1.0,0.0,0.0,0.0,0.0,0.0,0.0,0.0,0.0,0.0,1.0,0.0,0.0,0.0,0.0,0.0,0.0,0.0,1.0,0.0,0.0,1.0,0.0
4439,0.1728395061728395,1.0,0.0,0.0,0.5555555555555556,1.0,0.8080375417210635,0.02631578947368421,1.0,0.0,1.0,0.4844115354637566,0.6150627615062758,0.9814101110859217,1.0,0.0,0.0,0.0,0.0,0.0,0.0,0.0,0.0,0.0,0.0,0.0,0.0,0.0,1.0,0.0,0.0,0.0,0.0,0.0,0.0,1.0,0.0,0.0,1.0,0.0
4440,0.19753086419753085,1.0,0.0,0.0,0.5555555555555556,1.0,0.47140323828241015,0.18421052631578946,1.0,0.0,1.0,0.4844115354637566,0.6150627615062758,0.9814101110859217,1.0,0.0,0.0,0.0,0.0,0.0,0.0,0.0,0.0,0.0,0.0,1.0,0.0,1.0,0.0,0.0,0.0,0.0,0.0,0.0,0.0,1.0,0.0,0.0,1.0,0.0
4441,0.25925925925925924,0.0,0.0,0.0,0.5555555555555556,1.0,0.6068862413262684,0.02631578947368421,1.0,0.0,1.0,0.4844115354637566,0.6150627615062758,0.9814101110859217,1.0,0.0,0.0,0.0,0.0,0.0,0.0,0.0,0.0,0.0,0.0,0.0,0.0,1.0,0.0,0.0,0.0,0.0,0.0,0.0,0.0,1.0,0.0,0.0,1.0,0.0
4442,0.1728395061728395,1.0,1.0,0.0,0.5555555555555556,1.0,0.5331930189342876,0.02631578947368421,1.0,0.0,1.0,0.4844115354637566,0.6150627615062758,0.9814101110859217,1.0,0.0,0.0,0.0,0.0,0.0,0.0,0.0,0.0,0.0,0.0,0.0,0.0,1.0,0.0,0.0,0.0,0.0,0.0,0.0,0.0,1.0,0.0,0.0,1.0,0.0
4443,0.5185185185185184,1.0,0.0,1.0,0.5555555555555556,1.0,0.5992040663129156,0.0,1.0,0.0,1.0,0.4844115354637566,0.6150627615062758,0.9814101110859217,1.0,0.0,0.0,0.0,0.0,0.0,1.0,0.0,0.0,0.0,0.0,0.0,0.0,1.0,0.0,0.0,0.0,0.0,0.0,0.0,0.0,0.0,0.0,0.0,1.0,0.0
4444,0.16049382716049382,1.0,0.0,0.0,0.5555555555555556,1.0,0.5306356323565045,0.0,1.0,0.0,1.0,0.4844115354637566,0.6150627615062758,0.9814101110859217,1.0,0.0,0.0,0.0,0.0,0.0,0.0,0.0,0.0,0.0,1.0,0.0,0.0,0.0,1.0,0.0,0.0,0.0,1.0,0.0,0.0,0.0,0.0,0.0,1.0,0.0
4445,0.38271604938271603,0.0,0.0,0.0,0.5555555555555556,1.0,0.5280214103388018,0.0,1.0,0.0,1.0,0.4844115354637566,0.6150627615062758,0.9814101110859217,1.0,0.0,0.0,0.0,0.0,0.0,0.0,0.0,1.0,0.0,0.0,0.0,0.0,1.0,0.0,0.0,0.0,0.0,1.0,0.0,0.0,0.0,0.0,1.0,1.0,0.0
4446,0.419753086419753,1.0,0.0,0.0,0.5555555555555556,1.0,0.28207676886584127,0.10526315789473684,1.0,0.0,1.0,0.4844115354637566,0.6150627615062758,0.9814101110859217,1.0,0.0,0.0,0.0,0.0,0.0,0.0,0.0,0.0,0.0,0.0,0.0,1.0,1.0,0.0,0.0,0.0,0.0,0.0,0.0,0.0,0.0,1.0,1.0,1.0,0.0
4447,0.34567901234567905,0.0,0.0,0.0,0.5555555555555556,1.0,0.39198437567020483,0.02631578947368421,1.0,0.0,1.0,0.4844115354637566,0.6150627615062758,0.9814101110859217,1.0,0.0,0.0,0.0,0.0,0.0,0.0,0.0,0.0,0.0,0.0,0.0,0.0,1.0,0.0,0.0,0.0,0.0,0.0,0.0,0.0,1.0,0.0,0.0,1.0,0.0
4448,0.19753086419753085,0.0,0.0,0.0,0.5555555555555556,1.0,0.4215477860088535,0.05263157894736842,1.0,0.0,1.0,0.4844115354637566,0.6150627615062758,0.9814101110859217,1.0,0.0,0.0,0.0,0.0,0.0,0.0,0.0,0.0,0.0,0.0,0.0,0.0,0.0,1.0,0.0,0.0,0.0,0.0,0.0,0.0,1.0,0.0,0.0,1.0,0.0
4449,0.29629629629629634,0.0,0.0,0.0,0.5555555555555556,1.0,0.5496889184613623,0.05263157894736842,1.0,0.0,1.0,0.4844115354637566,0.6150627615062758,0.9814101110859217,1.0,0.0,0.0,0.0,0.0,0.0,0.0,0.0,0.0,0.0,0.0,0.0,0.0,1.0,0.0,0.0,0.0,0.0,0.0,0.0,0.0,1.0,0.0,0.0,1.0,0.0
4450,0.29629629629629634,0.0,0.0,1.0,0.5555555555555556,1.0,0.4648051454883613,0.0,1.0,0.0,1.0,0.4844115354637566,0.6150627615062758,0.9814101110859217,1.0,0.0,0.0,0.0,0.0,0.0,0.0,0.0,0.0,0.0,0.0,0.0,0.0,1.0,0.0,0.0,0.0,0.0,0.0,0.0,0.0,1.0,0.0,0.0,1.0,0.0
4451,0.34567901234567905,1.0,1.0,0.0,0.5555555555555556,1.0,0.6323216790132803,0.05263157894736842,1.0,0.0,1.0,0.4844115354637566,0.6150627615062758,0.9814101110859217,1.0,0.0,0.0,0.0,0.0,0.0,0.0,0.0,0.0,0.0,1.0,0.0,0.0,1.0,0.0,0.0,0.0,0.0,0.0,0.0,1.0,0.0,0.0,0.0,1.0,0.0
4452,0.4691358024691357,1.0,0.0,1.0,0.5555555555555556,1.0,0.5125020940917573,0.15789473684210525,1.0,0.0,1.0,0.4844115354637566,0.6150627615062758,0.9814101110859217,1.0,0.0,0.0,0.0,0.0,0.0,0.0,0.0,0.0,0.0,1.0,0.0,0.0,1.0,0.0,0.0,0.0,0.0,0.0,0.0,1.0,0.0,0.0,0.0,1.0,0.0
4453,0.30864197530864196,1.0,1.0,1.0,0.7777777777777779,1.0,0.5463436176888766,0.0,1.0,0.0,0.6875,0.6223694466095111,0.43514644351464415,1.0,0.8778827977315693,1.0,0.0,0.0,0.0,0.0,0.0,0.0,0.0,0.0,0.0,0.0,0.0,1.0,0.0,0.0,0.0,0.0,1.0,0.0,0.0,0.0,0.0,0.0,1.0,0.0
4454,0.2716049382716049,0.0,0.0,1.0,0.7777777777777779,1.0,0.6590060849288549,0.0,1.0,0.0,0.6875,0.6223694466095111,0.43514644351464415,1.0,0.8778827977315693,1.0,1.0,0.0,0.0,0.0,0.0,0.0,0.0,0.0,0.0,0.0,0.0,1.0,0.0,0.0,0.0,1.0,0.0,0.0,0.0,0.0,0.0,0.0,1.0,0.0
4455,0.48148148148148145,0.0,0.0,1.0,0.7777777777777779,1.0,0.6427386711469765,0.0,1.0,0.0,0.6875,0.6223694466095111,0.43514644351464415,1.0,0.8778827977315693,1.0,0.0,0.0,0.0,0.0,0.0,0.0,0.0,0.0,0.0,0.0,1.0,1.0,0.0,0.0,0.0,0.0,0.0,0.0,0.0,0.0,1.0,0.0,1.0,0.0
4456,0.16049382716049382,0.0,0.0,1.0,0.7777777777777779,1.0,0.636599792271751,0.0,1.0,0.0,0.6875,0.6223694466095111,0.43514644351464415,1.0,0.8778827977315693,1.0,0.0,1.0,0.0,0.0,0.0,0.0,0.0,0.0,0.0,0.0,0.0,1.0,0.0,0.0,0.0,0.0,0.0,0.0,0.0,1.0,0.0,0.0,1.0,0.0
4457,0.30864197530864196,0.0,0.0,1.0,0.7777777777777779,1.0,0.7260089223552333,0.0,1.0,0.0,0.6875,0.6223694466095111,0.43514644351464415,1.0,0.8778827977315693,1.0,0.0,0.0,0.0,0.0,0.0,1.0,0.0,0.0,0.0,0.0,0.0,1.0,0.0,0.0,0.0,0.0,0.0,0.0,0.0,0.0,0.0,0.0,1.0,0.0
4458,0.38271604938271603,0.0,0.0,1.0,0.7777777777777779,0.0,0.675955471292364,0.0,1.0,0.0,0.6875,0.6223694466095111,0.43514644351464415,0.9897982316934937,0.8778827977315693,1.0,0.0,0.0,0.0,0.0,0.0,0.0,0.0,0.0,0.0,0.0,0.0,1.0,0.0,0.0,0.0,0.0,1.0,0.0,0.0,0.0,0.0,0.0,1.0,0.0
4459,0.16049382716049382,1.0,1.0,1.0,0.7777777777777779,0.0,0.7737877041093975,0.0,1.0,0.0,0.6875,0.6223694466095111,0.43514644351464415,0.9897982316934937,0.8778827977315693,1.0,0.0,0.0,0.0,0.0,0.0,0.0,0.0,0.0,0.0,0.0,0.0,0.0,1.0,0.0,0.0,0.0,0.0,0.0,0.0,1.0,0.0,0.0,1.0,0.0
4460,0.2716049382716049,0.0,1.0,1.0,0.7777777777777779,0.0,0.8951289701810348,0.0,1.0,0.0,0.6875,0.6223694466095111,0.43514644351464415,0.9897982316934937,0.8778827977315693,1.0,0.0,0.0,0.0,0.0,0.0,0.0,0.0,0.0,1.0,0.0,0.0,0.0,0.0,0.0,0.0,0.0,0.0,0.0,0.0,1.0,0.0,0.0,1.0,0.0
4461,0.3333333333333333,1.0,0.0,1.0,0.7777777777777779,0.25,0.6689881961625146,0.0,1.0,0.0,0.6875,0.6223694466095111,0.43514644351464415,0.9825436408977557,0.8778827977315693,1.0,0.0,0.0,0.0,0.0,0.0,0.0,0.0,0.0,0.0,0.0,0.0,0.0,0.0,0.0,0.0,0.0,1.0,0.0,0.0,0.0,0.0,0.0,1.0,0.0
4462,0.5185185185185184,0.0,0.0,1.0,0.7777777777777779,0.25,0.5239878100544288,0.0,1.0,0.0,0.6875,0.6223694466095111,0.43514644351464415,0.9825436408977557,0.8778827977315693,1.0,0.0,0.0,0.0,0.0,0.0,0.0,0.0,0.0,0.0,0.0,0.0,1.0,0.0,0.0,0.0,0.0,0.0,0.0,0.0,1.0,0.0,0.0,1.0,0.0
4463,0.19753086419753085,0.0,0.0,1.0,0.7777777777777779,0.25,0.4279079916652397,0.0,1.0,0.0,0.6875,0.6223694466095111,0.43514644351464415,0.9825436408977557,0.8778827977315693,1.0,0.0,0.0,1.0,0.0,0.0,0.0,0.0,0.0,0.0,0.0,0.0,1.0,0.0,0.0,0.0,0.0,1.0,0.0,0.0,0.0,0.0,0.0,1.0,0.0
4464,0.18518518518518517,0.0,0.0,1.0,0.7777777777777779,0.25,0.5440593682563573,0.0,1.0,0.0,0.6875,0.6223694466095111,0.43514644351464415,0.9825436408977557,0.8778827977315693,1.0,0.0,0.0,0.0,0.0,0.0,0.0,0.0,0.0,0.0,0.0,0.0,1.0,0.0,0.0,0.0,0.0,1.0,0.0,0.0,0.0,0.0,0.0,1.0,0.0
4465,0.2839506172839506,1.0,0.0,1.0,0.7777777777777779,0.25,0.5854388177384106,0.0,1.0,0.14285714285714285,0.6875,0.6223694466095111,0.43514644351464415,0.9825436408977557,0.8778827977315693,1.0,0.0,0.0,0.0,0.0,0.0,0.0,1.0,0.0,0.0,0.0,0.0,1.0,0.0,0.0,0.0,0.0,1.0,0.0,0.0,0.0,0.0,0.0,0.0,0.0
4466,0.12345679012345678,0.0,0.0,1.0,0.7777777777777779,0.25,0.6159896330688406,0.0,1.0,0.0,0.6875,0.6223694466095111,0.43514644351464415,0.9825436408977557,0.8778827977315693,1.0,0.0,0.0,0.0,0.0,0.0,0.0,0.0,1.0,0.0,0.0,0.0,0.0,1.0,0.0,0.0,0.0,1.0,0.0,0.0,0.0,0.0,0.0,1.0,0.0
4467,0.16049382716049382,0.0,0.0,1.0,0.7777777777777779,0.5,0.7667072344853819,0.0,1.0,0.0,0.6875,0.6223694466095111,0.43514644351464415,0.9752890501020177,0.8778827977315693,1.0,0.0,0.0,0.0,0.0,0.0,0.0,0.0,0.0,1.0,0.0,0.0,0.0,1.0,0.0,0.0,0.0,0.0,0.0,0.0,1.0,0.0,0.0,1.0,0.0
4468,0.2345679012345679,0.0,0.0,1.0,0.7777777777777779,0.5,0.5955391234938983,0.0,1.0,0.0,0.6875,0.6223694466095111,0.43514644351464415,0.9752890501020177,0.8778827977315693,1.0,0.0,0.0,0.0,0.0,0.0,0.0,0.0,0.0,1.0,0.0,0.0,1.0,0.0,0.0,0.0,0.0,1.0,0.0,0.0,0.0,0.0,0.0,1.0,0.0
4469,0.3209876543209876,1.0,0.0,1.0,0.7777777777777779,0.5,0.6121741045570199,0.0,1.0,0.0,0.6875,0.6223694466095111,0.43514644351464415,0.9752890501020177,0.8778827977315693,1.0,0.0,0.0,0.0,0.0,0.0,1.0,0.0,0.0,0.0,0.0,0.0,1.0,0.0,0.0,0.0,0.0,1.0,0.0,0.0,0.0,0.0,0.0,1.0,0.0
4470,0.38271604938271603,0.0,0.0,1.0,0.7777777777777779,0.5,0.540547610473664,0.0,1.0,0.0,0.6875,0.6223694466095111,0.43514644351464415,0.9752890501020177,0.8778827977315693,1.0,0.0,0.0,0.0,0.0,0.0,0.0,0.0,0.0,0.0,0.0,0.0,1.0,0.0,0.0,0.0,0.0,0.0,0.0,0.0,1.0,0.0,0.0,1.0,0.0
4471,0.24691358024691357,1.0,0.0,1.0,0.7777777777777779,0.5,0.6763307033473182,0.0,1.0,0.0,0.6875,0.6223694466095111,0.43514644351464415,0.9752890501020177,0.8778827977315693,1.0,0.0,0.0,0.0,0.0,0.0,0.0,0.0,0.0,0.0,0.0,0.0,0.0,1.0,0.0,0.0,0.0,1.0,0.0,0.0,0.0,0.0,0.0,1.0,0.0
4472,0.09876543209876543,1.0,0.0,1.0,0.7777777777777779,0.75,0.6717469358140523,0.0,1.0,0.0,0.6875,0.6223694466095111,0.43514644351464415,0.9718884606665157,0.8778827977315693,1.0,0.0,0.0,0.0,0.0,0.0,0.0,1.0,0.0,0.0,0.0,0.0,0.0,1.0,0.0,0.0,0.0,1.0,0.0,0.0,0.0,0.0,0.0,1.0,0.0
4473,0.2716049382716049,0.0,0.0,1.0,0.7777777777777779,0.75,0.6055262822549443,0.0,1.0,0.0,0.6875,0.6223694466095111,0.43514644351464415,0.9718884606665157,0.8778827977315693,1.0,0.0,0.0,0.0,0.0,0.0,0.0,0.0,0.0,1.0,0.0,0.0,1.0,0.0,0.0,0.0,0.0,0.0,0.0,1.0,0.0,0.0,0.0,1.0,0.0
4474,0.2716049382716049,1.0,0.0,1.0,0.7777777777777779,1.0,0.5561069727294308,0.0,1.0,0.0,0.6875,0.6223694466095111,0.43514644351464415,0.9712083427794151,0.8778827977315693,1.0,1.0,0.0,0.0,0.0,0.0,0.0,0.0,0.0,0.0,0.0,0.0,1.0,0.0,0.0,0.0,1.0,0.0,0.0,0.0,0.0,0.0,0.0,1.0,0.0
4475,0.25925925925925924,1.0,0.0,1.0,0.7777777777777779,1.0,0.5393533347388635,0.0,1.0,0.0,0.6875,0.6223694466095111,0.43514644351464415,0.9712083427794151,0.8778827977315693,1.0,0.0,0.0,0.0,0.0,0.0,0.0,0.0,0.0,0.0,0.0,0.0,1.0,0.0,0.0,0.0,0.0,1.0,0.0,0.0,0.0,0.0,0.0,1.0,0.0
4476,0.35802469135802467,0.0,0.0,1.0,0.7777777777777779,0.0,0.6978405494091722,0.0,1.0,0.0,0.6875,0.6223694466095111,0.43514644351464415,0.9698481070052143,0.8778827977315693,1.0,0.0,0.0,0.0,0.0,0.0,0.0,0.0,0.0,0.0,0.0,0.0,0.0,0.0,0.0,0.0,0.0,0.0,0.0,0.0,1.0,0.0,0.0,1.0,0.0
4477,0.14814814814814814,1.0,0.0,1.0,0.7777777777777779,0.0,0.5902084636135368,0.0,1.0,0.0,0.6875,0.6223694466095111,0.43514644351464415,0.9698481070052143,0.8778827977315693,1.0,0.0,0.0,0.0,0.0,0.0,0.0,0.0,0.0,1.0,0.0,0.0,0.0,1.0,0.0,0.0,0.0,0.0,0.0,1.0,0.0,0.0,0.0,1.0,0.0
4478,0.1728395061728395,1.0,0.0,1.0,0.7777777777777779,0.0,0.5743891340707834,0.0,1.0,0.0,0.6875,0.6223694466095111,0.43514644351464415,0.9698481070052143,0.8778827977315693,1.0,0.0,0.0,0.0,0.0,0.0,0.0,0.0,0.0,0.0,0.0,0.0,1.0,0.0,0.0,0.0,0.0,0.0,0.0,0.0,1.0,0.0,0.0,1.0,0.0
4479,0.1111111111111111,1.0,0.0,1.0,0.7777777777777779,0.0,0.6504552172780276,0.0,1.0,0.0,0.6875,0.6223694466095111,0.43514644351464415,0.9698481070052143,0.8778827977315693,1.0,0.0,0.0,0.0,0.0,0.0,0.0,0.0,0.0,0.0,0.0,0.0,0.0,1.0,0.0,0.0,0.0,0.0,0.0,0.0,1.0,0.0,0.0,1.0,0.0
4480,0.1728395061728395,1.0,0.0,1.0,0.7777777777777779,0.25,0.5689167450775122,0.0,1.0,0.0,0.6875,0.6223694466095111,0.43514644351464415,0.9580593969621403,0.8778827977315693,1.0,0.0,0.0,0.0,0.0,0.0,0.0,0.0,0.0,0.0,0.0,0.0,0.0,1.0,0.0,0.0,0.0,0.0,0.0,0.0,1.0,0.0,0.0,1.0,0.0
4481,0.34567901234567905,1.0,0.0,1.0,0.7777777777777779,0.25,0.5829794567444476,0.0,1.0,0.0,0.6875,0.6223694466095111,0.43514644351464415,0.9580593969621403,0.8778827977315693,1.0,0.0,0.0,0.0,0.0,0.0,0.0,0.0,0.0,1.0,0.0,0.0,0.0,0.0,0.0,0.0,0.0,1.0,0.0,0.0,0.0,0.0,0.0,1.0,0.0
4482,0.1728395061728395,1.0,0.0,1.0,0.7777777777777779,0.25,0.5932840675469451,0.0,1.0,0.0,0.6875,0.6223694466095111,0.43514644351464415,0.9580593969621403,0.8778827977315693,1.0,1.0,0.0,0.0,0.0,0.0,0.0,0.0,0.0,0.0,0.0,0.0,1.0,0.0,0.0,1.0,0.0,0.0,0.0,0.0,0.0,0.0,0.0,1.0,0.0
4483,0.20987654320987653,0.0,0.0,1.0,0.7777777777777779,0.25,0.5779008918534767,0.0,1.0,0.0,0.6875,0.6223694466095111,0.43514644351464415,0.9580593969621403,0.8778827977315693,1.0,0.0,0.0,0.0,0.0,0.0,0.0,0.0,0.0,0.0,0.0,0.0,0.0,1.0,0.0,0.0,0.0,0.0,0.0,0.0,1.0,0.0,0.0,1.0,0.0
4484,0.12345679012345678,0.0,0.0,1.0,0.7777777777777779,0.25,0.7403273176410653,0.0,1.0,0.0,0.6875,0.6223694466095111,0.43514644351464415,0.9580593969621403,0.8778827977315693,1.0,0.0,0.0,0.0,0.0,0.0,0.0,0.0,0.0,0.0,0.0,0.0,0.0,1.0,0.0,0.0,0.0,0.0,0.0,0.0,1.0,0.0,0.0,1.0,0.0
4485,0.19753086419753085,1.0,0.0,1.0,0.7777777777777779,0.25,0.7199621017730734,0.0,1.0,0.0,0.6875,0.6223694466095111,0.43514644351464415,0.9580593969621403,0.8778827977315693,1.0,0.0,1.0,0.0,0.0,0.0,0.0,0.0,0.0,0.0,0.0,0.0,1.0,0.0,0.0,0.0,0.0,0.0,0.0,0.0,1.0,0.0,0.0,1.0,0.0
4486,0.19753086419753085,1.0,0.0,1.0,0.7777777777777779,0.5,0.6055262822549443,0.0,1.0,0.0,0.6875,0.6223694466095111,0.43514644351464415,0.9505781002040354,0.8778827977315693,1.0,0.0,0.0,0.0,0.0,0.0,0.0,0.0,0.0,1.0,0.0,0.0,1.0,0.0,0.0,0.0,0.0,0.0,0.0,1.0,0.0,0.0,0.0,1.0,0.0
4487,0.16049382716049382,0.0,0.0,1.0,0.7777777777777779,0.5,0.6763307033473182,0.0,1.0,0.0,0.6875,0.6223694466095111,0.43514644351464415,0.9505781002040354,0.8778827977315693,1.0,0.0,0.0,0.0,0.0,0.0,0.0,0.0,0.0,0.0,0.0,0.0,1.0,0.0,0.0,0.0,0.0,0.0,0.0,0.0,1.0,0.0,0.0,1.0,0.0
4488,0.20987654320987653,1.0,0.0,1.0,0.7777777777777779,0.5,0.6572568311427133,0.0,1.0,0.0,0.6875,0.6223694466095111,0.43514644351464415,0.9505781002040354,0.8778827977315693,1.0,1.0,0.0,0.0,0.0,0.0,0.0,0.0,0.0,0.0,0.0,0.0,0.0,1.0,0.0,0.0,0.0,1.0,0.0,0.0,0.0,0.0,0.0,1.0,0.0
4489,0.2345679012345679,1.0,0.0,1.0,0.7777777777777779,0.75,0.6490463962539821,0.0,1.0,0.0,0.6875,0.6223694466095111,0.43514644351464415,0.9430968034459306,0.8778827977315693,1.0,0.0,0.0,0.0,0.0,0.0,1.0,0.0,0.0,0.0,0.0,0.0,0.0,1.0,0.0,0.0,0.0,0.0,0.0,0.0,1.0,0.0,0.0,1.0,0.0
4490,0.48148148148148145,0.0,0.0,1.0,0.7777777777777779,0.75,0.6422391580843787,0.0,1.0,0.0,0.6875,0.6223694466095111,0.43514644351464415,0.9430968034459306,0.8778827977315693,1.0,0.0,0.0,0.0,0.0,0.0,0.0,0.0,0.0,1.0,0.0,0.0,1.0,0.0,0.0,0.0,0.0,1.0,0.0,0.0,0.0,0.0,0.0,1.0,0.0
4491,0.1728395061728395,0.0,0.0,1.0,0.7777777777777779,0.75,0.5932840675469451,0.0,1.0,0.0,0.6875,0.6223694466095111,0.43514644351464415,0.9430968034459306,0.8778827977315693,1.0,0.0,0.0,0.0,0.0,0.0,0.0,0.0,0.0,1.0,0.0,0.0,0.0,1.0,0.0,0.0,0.0,0.0,0.0,0.0,1.0,0.0,0.0,1.0,0.0
4492,0.20987654320987653,1.0,0.0,1.0,0.7777777777777779,0.75,0.5977517620704379,0.0,1.0,0.0,0.6875,0.6223694466095111,0.43514644351464415,0.9430968034459306,0.8778827977315693,1.0,1.0,0.0,0.0,0.0,0.0,0.0,0.0,0.0,0.0,0.0,0.0,0.0,0.0,0.0,0.0,0.0,1.0,0.0,0.0,0.0,0.0,0.0,1.0,0.0
4493,0.5061728395061729,0.0,0.0,1.0,0.7777777777777779,0.75,0.5183850773918827,0.0,1.0,0.0,0.6875,0.6223694466095111,0.43514644351464415,0.9430968034459306,0.8778827977315693,0.0,0.0,0.0,0.0,0.0,0.0,0.0,0.0,0.0,0.0,0.0,0.0,0.0,0.0,0.0,0.0,0.0,1.0,0.0,0.0,0.0,0.0,0.0,1.0,0.0
4494,0.25925925925925924,0.0,0.0,1.0,0.7777777777777779,1.0,0.6386818846696665,0.0,1.0,0.0,0.6875,0.6223694466095111,0.43514644351464415,0.9353888007254592,0.8778827977315693,1.0,0.0,1.0,0.0,0.0,0.0,0.0,0.0,0.0,0.0,0.0,0.0,1.0,0.0,0.0,0.0,0.0,0.0,0.0,0.0,0.0,0.0,0.0,1.0,0.0
4495,0.30864197530864196,0.0,0.0,1.0,0.7777777777777779,1.0,0.7555996167365615,0.0,1.0,0.0,0.6875,0.6223694466095111,0.43514644351464415,0.9353888007254592,0.8778827977315693,1.0,0.0,0.0,0.0,1.0,0.0,0.0,0.0,0.0,0.0,0.0,0.0,1.0,0.0,0.0,0.0,0.0,0.0,0.0,0.0,1.0,0.0,0.0,1.0,0.0
4496,0.09876543209876543,0.0,1.0,1.0,0.8888888888888888,0.25,0.21077389300442675,0.0,1.0,0.0,0.6875,0.3893219017926768,0.36820083682008353,0.9217864429834506,0.8778827977315693,0.0,0.0,0.0,0.0,0.0,0.0,0.0,0.0,0.0,0.0,0.0,0.0,0.0,1.0,0.0,0.0,0.0,0.0,0.0,0.0,1.0,0.0,0.0,1.0,0.0
4497,0.18518518518518517,1.0,0.0,1.0,0.8888888888888888,0.25,0.7048068276351993,0.0,1.0,0.0,0.6875,0.3893219017926768,0.36820083682008353,0.9217864429834506,0.8778827977315693,1.0,0.0,0.0,0.0,0.0,0.0,0.0,0.0,0.0,1.0,0.0,0.0,1.0,0.0,0.0,0.0,0.0,0.0,0.0,1.0,0.0,0.0,0.0,1.0,0.0
4498,0.16049382716049382,0.0,0.0,1.0,0.8888888888888888,0.25,0.7227721955360867,0.0,1.0,0.0,0.6875,0.3893219017926768,0.36820083682008353,0.9217864429834506,0.8778827977315693,1.0,1.0,0.0,0.0,0.0,0.0,0.0,0.0,0.0,0.0,0.0,0.0,1.0,0.0,0.0,0.0,1.0,0.0,0.0,0.0,0.0,0.0,0.0,1.0,0.0
4499,0.4074074074074074,0.0,0.0,1.0,0.8888888888888888,0.25,0.6290077936901697,0.0,1.0,0.0,0.6875,0.3893219017926768,0.36820083682008353,0.9217864429834506,0.8778827977315693,1.0,0.0,1.0,0.0,0.0,0.0,0.0,0.0,0.0,0.0,0.0,0.0,1.0,0.0,0.0,0.0,0.0,0.0,0.0,0.0,1.0,0.0,0.0,1.0,0.0
4500,0.34567901234567905,0.0,0.0,1.0,0.8888888888888888,0.5,0.6041504168690148,0.0,1.0,0.0,0.6875,0.3893219017926768,0.36820083682008353,0.9133983223758786,0.8778827977315693,1.0,0.0,0.0,0.0,0.0,0.0,0.0,0.0,0.0,0.0,0.0,1.0,1.0,0.0,0.0,0.0,0.0,0.0,0.0,0.0,0.0,1.0,0.0,1.0,0.0
4501,0.09876543209876543,1.0,0.0,1.0,0.8888888888888888,0.5,0.6581347094668296,0.0,1.0,0.0,0.6875,0.3893219017926768,0.36820083682008353,0.9133983223758786,0.8778827977315693,1.0,0.0,0.0,0.0,1.0,0.0,0.0,0.0,0.0,0.0,0.0,0.0,1.0,0.0,0.0,0.0,0.0,0.0,0.0,0.0,1.0,0.0,0.0,1.0,0.0
4502,0.2716049382716049,1.0,0.0,1.0,0.8888888888888888,0.5,0.6261730746079361,0.0,1.0,0.0,0.6875,0.3893219017926768,0.36820083682008353,0.9133983223758786,0.8778827977315693,1.0,0.0,0.0,0.0,1.0,0.0,0.0,0.0,0.0,0.0,0.0,0.0,1.0,0.0,0.0,0.0,0.0,0.0,0.0,0.0,1.0,0.0,0.0,1.0,0.0
4503,0.12345679012345678,0.0,0.0,1.0,0.8888888888888888,0.5,0.7654845864390724,0.0,1.0,0.0,0.6875,0.3893219017926768,0.36820083682008353,0.9133983223758786,0.8778827977315693,1.0,0.0,0.0,0.0,0.0,0.0,1.0,0.0,0.0,0.0,0.0,0.0,1.0,0.0,0.0,0.0,0.0,0.0,0.0,1.0,0.0,0.0,0.0,1.0,0.0
4504,0.3703703703703703,0.0,1.0,1.0,0.8888888888888888,0.5,0.3738508374054576,0.0,1.0,0.0,0.6875,0.3893219017926768,0.36820083682008353,0.9133983223758786,0.8778827977315693,0.0,0.0,0.0,0.0,0.0,0.0,0.0,0.0,0.0,0.0,0.0,0.0,1.0,0.0,0.0,0.0,0.0,0.0,0.0,0.0,1.0,0.0,0.0,1.0,0.0
4505,0.29629629629629634,1.0,0.0,1.0,0.8888888888888888,0.75,0.6422391580843787,0.0,1.0,0.0,0.6875,0.3893219017926768,0.36820083682008353,0.8973021990478349,0.8778827977315693,1.0,0.0,0.0,0.0,0.0,0.0,0.0,0.0,0.0,0.0,0.0,0.0,0.0,1.0,0.0,0.0,0.0,1.0,0.0,0.0,0.0,0.0,0.0,1.0,0.0
4506,0.14814814814814814,1.0,0.0,0.0,0.8888888888888888,0.75,0.5902084636135368,0.0,1.0,0.0,0.6875,0.3893219017926768,0.36820083682008353,0.8973021990478349,0.8778827977315693,1.0,0.0,0.0,0.0,0.0,0.0,0.0,0.0,0.0,1.0,0.0,0.0,1.0,0.0,0.0,0.0,0.0,0.0,0.0,0.0,1.0,0.0,0.0,1.0,0.0
4507,0.1728395061728395,1.0,0.0,1.0,0.8888888888888888,1.0,0.5591892927228724,0.0,1.0,0.0,0.6875,0.3893219017926768,0.36820083682008353,0.8705508954885515,0.8778827977315693,1.0,1.0,0.0,0.0,0.0,0.0,0.0,0.0,0.0,0.0,0.0,0.0,1.0,0.0,0.0,0.0,1.0,0.0,0.0,0.0,0.0,0.0,0.0,1.0,0.0
4508,0.14814814814814814,1.0,0.0,1.0,0.8888888888888888,1.0,0.7197032784574716,0.0,1.0,0.0,0.6875,0.3893219017926768,0.36820083682008353,0.8705508954885515,0.8778827977315693,1.0,0.0,0.0,0.0,0.0,0.0,0.0,0.0,0.0,0.0,0.0,0.0,1.0,0.0,0.0,0.0,1.0,0.0,0.0,0.0,0.0,0.0,0.0,1.0,0.0
4509,0.3209876543209876,1.0,0.0,0.0,0.8888888888888888,1.0,0.5212197964741162,0.0,1.0,0.0,0.6875,0.3893219017926768,0.36820083682008353,0.8705508954885515,0.8778827977315693,0.0,0.0,0.0,0.0,0.0,1.0,0.0,0.0,0.0,0.0,0.0,0.0,1.0,0.0,0.0,0.0,0.0,1.0,0.0,0.0,0.0,0.0,0.0,1.0,0.0
4510,0.18518518518518517,0.0,0.0,1.0,0.8888888888888888,0.0,0.8378994841484914,0.0,1.0,0.0,0.6875,0.3893219017926768,0.36820083682008353,0.8551348900476083,0.8778827977315693,0.0,0.0,0.0,0.0,0.0,0.0,0.0,0.0,0.0,0.0,0.0,0.0,0.0,1.0,0.0,0.0,0.0,0.0,0.0,0.0,1.0,0.0,0.0,1.0,0.0
4511,0.19753086419753085,1.0,0.0,1.0,0.8888888888888888,0.0,1.0,0.0,1.0,0.0,0.6875,0.3893219017926768,0.36820083682008353,0.8551348900476083,0.8778827977315693,0.0,0.0,0.0,0.0,0.0,0.0,0.0,0.0,0.0,1.0,0.0,0.0,0.0,1.0,0.0,0.0,0.0,0.0,0.0,1.0,0.0,0.0,0.0,1.0,0.0
4512,0.3703703703703703,0.5,0.5,1.0,0.8888888888888888,0.0,0.5862473099208212,0.0,1.0,0.0,0.6875,0.3893219017926768,0.36820083682008353,0.8551348900476083,0.8778827977315693,1.0,0.0,0.0,0.0,0.0,0.0,0.0,0.0,1.0,0.0,0.0,0.0,0.0,1.0,0.0,0.0,0.0,0.0,0.0,0.0,0.0,1.0,0.0,1.0,0.0
4513,0.5061728395061729,1.0,0.0,1.0,0.8888888888888888,0.0,0.6490463962539821,0.0,1.0,0.0,0.6875,0.3893219017926768,0.36820083682008353,0.8551348900476083,0.8778827977315693,1.0,0.0,0.0,0.0,0.0,1.0,0.0,0.0,0.0,0.0,0.0,0.0,0.0,0.0,0.0,0.0,1.0,0.0,0.0,0.0,0.0,0.0,0.0,1.0,0.0
4514,0.18518518518518517,1.0,0.0,1.0,0.8888888888888888,0.25,0.7279573751736251,0.0,1.0,0.0,0.6875,0.3893219017926768,0.36820083682008353,0.8408524144184992,0.8778827977315693,1.0,0.0,0.0,0.0,0.0,0.0,0.0,0.0,0.0,0.0,1.0,0.0,1.0,0.0,0.0,0.0,0.0,0.0,0.0,1.0,0.0,0.0,0.0,1.0,0.0
4515,0.19753086419753085,0.0,0.0,1.0,0.8888888888888888,0.25,0.5962813035550764,0.0,1.0,0.0,0.6875,0.3893219017926768,0.36820083682008353,0.8408524144184992,0.8778827977315693,1.0,0.0,0.0,0.0,0.0,0.0,0.0,1.0,0.0,0.0,0.0,0.0,1.0,0.0,0.0,0.0,0.0,1.0,0.0,0.0,0.0,0.0,0.0,1.0,0.0
4516,0.2345679012345679,1.0,0.0,1.0,0.8888888888888888,0.5,0.5581708002178327,0.0,1.0,0.14285714285714285,0.6875,0.3893219017926768,0.36820083682008353,0.827930174563591,0.8778827977315693,1.0,0.0,0.0,0.0,0.0,0.0,0.0,0.0,0.0,0.0,0.0,0.0,1.0,0.0,0.0,0.0,0.0,1.0,0.0,0.0,0.0,0.0,0.0,0.0,0.0
4517,0.5061728395061729,0.0,0.0,1.0,0.8888888888888888,0.5,0.5813108450867737,0.0,1.0,0.0,0.6875,0.3893219017926768,0.36820083682008353,0.827930174563591,0.8778827977315693,1.0,0.0,0.0,0.0,1.0,0.0,0.0,0.0,0.0,0.0,0.0,0.0,0.0,0.0,0.0,0.0,0.0,0.0,0.0,0.0,1.0,0.0,0.0,1.0,0.0
4518,0.35802469135802467,1.0,0.0,1.0,0.8888888888888888,0.5,0.6442246085825132,0.0,1.0,0.0,0.6875,0.3893219017926768,0.36820083682008353,0.827930174563591,0.8778827977315693,0.0,1.0,0.0,0.0,0.0,0.0,0.0,0.0,0.0,0.0,0.0,0.0,1.0,0.0,0.0,0.0,0.0,0.0,0.0,1.0,0.0,0.0,0.0,1.0,0.0
4519,0.30864197530864196,1.0,0.0,1.0,0.8888888888888888,0.75,0.5306356323565045,0.0,1.0,0.0,0.6875,0.3893219017926768,0.36820083682008353,0.8186352301065518,0.8778827977315693,1.0,0.0,0.0,0.0,0.0,0.0,0.0,0.0,0.0,0.0,0.0,0.0,1.0,0.0,0.0,0.0,0.0,0.0,0.0,1.0,0.0,0.0,0.0,1.0,0.0
4520,0.2839506172839506,0.5,0.5,1.0,0.8888888888888888,0.75,0.5977517620704379,0.0,1.0,0.0,0.6875,0.3893219017926768,0.36820083682008353,0.8186352301065518,0.8778827977315693,1.0,1.0,0.0,0.0,0.0,0.0,0.0,0.0,0.0,0.0,0.0,0.0,1.0,0.0,0.0,0.0,1.0,0.0,0.0,0.0,0.0,0.0,0.0,1.0,0.0
4521,0.24691358024691357,0.0,1.0,0.0,0.8888888888888888,1.0,0.5752769507338984,0.0,1.0,0.0,0.6875,0.3893219017926768,0.36820083682008353,0.8136476989344821,0.8778827977315693,1.0,0.0,0.0,0.0,0.0,0.0,0.0,0.0,0.0,0.0,0.0,0.0,0.0,0.0,0.0,0.0,0.0,0.0,0.0,0.0,1.0,0.0,0.0,1.0,0.0
4522,0.2222222222222222,1.0,0.0,1.0,0.8888888888888888,1.0,0.5977517620704379,0.0,1.0,0.0,0.6875,0.3893219017926768,0.36820083682008353,0.8136476989344821,0.8778827977315693,1.0,0.0,0.0,0.0,0.0,0.0,0.0,0.0,0.0,1.0,0.0,0.0,0.0,1.0,0.0,0.0,0.0,0.0,0.0,1.0,0.0,0.0,0.0,1.0,0.0
4523,0.20987654320987653,0.0,0.0,1.0,0.8888888888888888,1.0,0.6108742554254224,0.0,1.0,0.0,0.6875,0.3893219017926768,0.36820083682008353,0.8136476989344821,0.8778827977315693,1.0,0.0,0.0,0.0,1.0,0.0,0.0,0.0,0.0,0.0,0.0,0.0,1.0,0.0,0.0,0.0,0.0,0.0,0.0,0.0,1.0,0.0,0.0,1.0,0.0
4524,0.4938271604938272,1.0,0.0,1.0,0.8888888888888888,0.0,0.5109842001350153,0.0,1.0,0.0,0.6875,0.3893219017926768,0.36820083682008353,0.8063931081387441,0.8778827977315693,0.0,0.0,0.0,0.0,1.0,0.0,0.0,0.0,0.0,0.0,0.0,0.0,1.0,0.0,0.0,0.0,0.0,0.0,0.0,0.0,1.0,0.0,0.0,1.0,0.0
4525,0.20987654320987653,0.0,0.0,0.0,0.8888888888888888,0.0,0.6725234082667859,0.0,1.0,0.14285714285714285,0.6875,0.3893219017926768,0.36820083682008353,0.8063931081387441,0.8778827977315693,0.0,0.0,0.0,0.0,0.0,0.0,0.0,0.0,0.0,0.0,0.0,0.0,0.0,1.0,0.0,0.0,0.0,1.0,0.0,0.0,0.0,0.0,0.0,0.0,0.0
4526,0.29629629629629634,1.0,0.0,0.0,0.8888888888888888,0.0,0.599923549592398,0.0,1.0,0.14285714285714285,0.6875,0.3893219017926768,0.36820083682008353,0.8063931081387441,0.8778827977315693,0.0,0.0,1.0,0.0,0.0,0.0,0.0,0.0,0.0,0.0,0.0,0.0,1.0,0.0,0.0,0.0,0.0,0.0,0.0,0.0,1.0,0.0,0.0,0.0,0.0
4527,0.43209876543209874,0.0,0.0,0.0,0.8888888888888888,0.0,0.5878478128342483,0.0,1.0,0.0,0.6875,0.3893219017926768,0.36820083682008353,0.8063931081387441,0.8778827977315693,0.0,0.0,0.0,0.0,0.0,1.0,0.0,0.0,0.0,0.0,0.0,0.0,1.0,0.0,0.0,0.0,0.0,0.0,0.0,0.0,1.0,0.0,0.0,1.0,0.0
4528,0.24691358024691357,1.0,0.0,0.0,0.8888888888888888,0.0,0.49105467050389934,0.0,1.0,0.0,0.6875,0.3893219017926768,0.36820083682008353,0.8063931081387441,0.8778827977315693,0.0,0.0,0.0,0.0,0.0,0.0,0.0,0.0,0.0,0.0,0.0,0.0,0.0,1.0,0.0,0.0,0.0,0.0,0.0,0.0,1.0,0.0,0.0,1.0,0.0
4529,0.29629629629629634,1.0,0.0,0.0,0.8888888888888888,0.0,0.608897147549857,0.0,1.0,0.0,0.6875,0.3893219017926768,0.36820083682008353,0.8063931081387441,0.8778827977315693,0.0,1.0,0.0,0.0,0.0,0.0,0.0,0.0,0.0,0.0,0.0,0.0,1.0,0.0,0.0,0.0,1.0,0.0,0.0,0.0,0.0,0.0,1.0,1.0,0.0
4530,0.34567901234567905,1.0,0.0,0.0,0.8888888888888888,0.0,0.5094464638657551,0.0,1.0,0.0,0.6875,0.3893219017926768,0.36820083682008353,0.8063931081387441,0.8778827977315693,0.0,0.0,0.0,0.0,0.0,0.0,0.0,0.0,0.0,0.0,1.0,0.0,1.0,0.0,0.0,0.0,1.0,0.0,0.0,0.0,0.0,0.0,0.0,1.0,0.0
4531,0.2345679012345679,0.0,0.0,0.0,0.8888888888888888,0.0,0.481638834621511,0.0,1.0,0.0,0.6875,0.3893219017926768,0.36820083682008353,0.8063931081387441,0.8778827977315693,0.0,0.0,0.0,0.0,0.0,0.0,0.0,0.0,0.0,0.0,1.0,0.0,0.0,0.0,0.0,0.0,0.0,1.0,0.0,0.0,0.0,0.0,0.0,1.0,0.0
4532,0.30864197530864196,1.0,0.0,0.0,0.8888888888888888,0.0,0.6102189047082401,0.0,1.0,0.0,0.6875,0.3893219017926768,0.36820083682008353,0.8063931081387441,0.8778827977315693,0.0,0.0,0.0,0.0,1.0,0.0,0.0,0.0,0.0,0.0,0.0,0.0,1.0,0.0,0.0,0.0,0.0,0.0,0.0,0.0,1.0,0.0,0.0,1.0,0.0
4533,0.24691358024691357,1.0,0.0,0.0,0.8888888888888888,0.0,0.7144035016000657,0.0,1.0,0.0,0.6875,0.3893219017926768,0.36820083682008353,0.8063931081387441,0.8778827977315693,0.0,0.0,0.0,0.0,0.0,0.0,0.0,0.0,0.0,0.0,0.0,0.0,0.0,1.0,0.0,0.0,0.0,1.0,0.0,0.0,0.0,0.0,1.0,1.0,0.0
4534,0.1728395061728395,1.0,0.0,0.0,0.8888888888888888,0.0,0.703921238889424,0.0,1.0,0.14285714285714285,0.6875,0.3893219017926768,0.36820083682008353,0.8063931081387441,0.8778827977315693,0.0,0.0,0.0,0.0,0.0,0.0,0.0,0.0,0.0,1.0,0.0,0.0,0.0,1.0,0.0,0.0,0.0,0.0,0.0,0.0,1.0,0.0,0.0,0.0,0.0
4535,0.3333333333333333,1.0,0.0,0.0,0.8888888888888888,0.0,0.6407277649233879,0.02631578947368421,1.0,0.0,0.6875,0.3893219017926768,0.36820083682008353,0.8063931081387441,0.8778827977315693,0.0,0.0,0.0,0.0,1.0,0.0,0.0,0.0,0.0,0.0,0.0,0.0,1.0,0.0,0.0,0.0,0.0,1.0,0.0,0.0,0.0,0.0,0.0,1.0,0.0
4536,0.30864197530864196,0.0,0.0,0.0,0.8888888888888888,0.0,0.4477973110243916,0.0,1.0,0.0,0.6875,0.3893219017926768,0.36820083682008353,0.8063931081387441,0.8778827977315693,0.0,0.0,0.0,0.0,1.0,0.0,0.0,0.0,0.0,0.0,0.0,0.0,1.0,0.0,0.0,0.0,0.0,0.0,0.0,0.0,1.0,0.0,0.0,1.0,0.0
4537,0.4691358024691357,0.0,0.0,0.0,0.8888888888888888,0.0,0.8214301036047047,0.0,1.0,0.0,0.6875,0.3893219017926768,0.36820083682008353,0.8063931081387441,0.8778827977315693,1.0,1.0,0.0,0.0,0.0,0.0,0.0,0.0,0.0,0.0,0.0,0.0,1.0,0.0,0.0,0.0,1.0,0.0,0.0,0.0,0.0,0.0,0.0,1.0,0.0
4538,0.4691358024691357,0.0,0.0,0.0,0.8888888888888888,0.0,0.8438194829144618,0.0,1.0,0.0,0.6875,0.3893219017926768,0.36820083682008353,0.8063931081387441,0.8778827977315693,1.0,1.0,0.0,0.0,0.0,0.0,0.0,0.0,0.0,0.0,0.0,0.0,1.0,0.0,0.0,0.0,1.0,0.0,0.0,0.0,0.0,0.0,0.0,1.0,0.0
4539,0.38271604938271603,0.0,0.0,0.0,0.8888888888888888,0.0,0.7454334421459997,0.0,1.0,0.0,0.6875,0.3893219017926768,0.36820083682008353,0.8063931081387441,0.8778827977315693,1.0,1.0,0.0,0.0,0.0,0.0,0.0,0.0,0.0,0.0,0.0,0.0,0.0,0.0,0.0,0.0,0.0,0.0,0.0,1.0,0.0,0.0,0.0,1.0,0.0
4540,0.4691358024691357,1.0,0.0,0.0,0.8888888888888888,0.0,0.6665709505038611,0.02631578947368421,1.0,0.0,0.6875,0.3893219017926768,0.36820083682008353,0.8063931081387441,0.8778827977315693,0.0,0.0,0.0,0.0,0.0,0.0,0.0,0.0,0.0,0.0,0.0,0.0,0.0,0.0,0.0,0.0,0.0,0.0,0.0,0.0,1.0,0.0,0.0,1.0,0.0
4541,0.4567901234567901,1.0,0.0,0.0,0.8888888888888888,0.0,0.5125020940917573,0.0,1.0,0.0,0.6875,0.3893219017926768,0.36820083682008353,0.8063931081387441,0.8778827977315693,0.0,0.0,0.0,0.0,0.0,0.0,0.0,0.0,0.0,0.0,0.0,0.0,1.0,0.0,0.0,0.0,1.0,0.0,0.0,0.0,0.0,0.0,0.0,1.0,0.0
4542,0.30864197530864196,1.0,0.0,0.0,0.8888888888888888,0.0,0.5707693054036078,0.0,1.0,0.0,0.6875,0.3893219017926768,0.36820083682008353,0.8063931081387441,0.8778827977315693,0.0,0.0,1.0,0.0,0.0,0.0,0.0,0.0,0.0,0.0,0.0,0.0,1.0,0.0,0.0,0.0,0.0,0.0,0.0,0.0,0.0,0.0,0.0,1.0,0.0
4543,0.20987654320987653,0.0,0.0,0.0,0.8888888888888888,0.0,0.5540062892371289,0.02631578947368421,1.0,0.0,0.6875,0.3893219017926768,0.36820083682008353,0.8063931081387441,0.8778827977315693,0.0,0.0,0.0,0.0,0.0,0.0,0.0,0.0,0.0,0.0,0.0,0.0,0.0,1.0,0.0,0.0,0.0,0.0,0.0,0.0,1.0,0.0,0.0,1.0,0.0
4544,0.2345679012345679,1.0,0.0,0.0,0.8888888888888888,0.0,0.6681879539642915,0.0,1.0,0.0,0.6875,0.3893219017926768,0.36820083682008353,0.8063931081387441,0.8778827977315693,0.0,0.0,1.0,0.0,0.0,0.0,0.0,0.0,0.0,0.0,0.0,0.0,0.0,0.0,0.0,0.0,0.0,0.0,0.0,0.0,1.0,0.0,0.0,1.0,0.0
4545,0.34567901234567905,1.0,0.0,0.0,0.8888888888888888,0.0,0.4796617267459457,0.0,1.0,0.14285714285714285,0.6875,0.3893219017926768,0.36820083682008353,0.8063931081387441,0.8778827977315693,0.0,0.0,0.0,0.0,0.0,0.0,0.0,0.0,0.0,0.0,0.0,0.0,1.0,0.0,0.0,0.0,0.0,1.0,0.0,0.0,0.0,0.0,0.0,0.0,0.0
4546,0.2716049382716049,1.0,0.0,0.0,0.8888888888888888,0.0,0.5393533347388635,0.02631578947368421,1.0,0.0,0.6875,0.3893219017926768,0.36820083682008353,0.8063931081387441,0.8778827977315693,0.0,0.0,0.0,0.0,0.0,0.0,0.0,0.0,0.0,0.0,0.0,0.0,1.0,0.0,0.0,0.0,0.0,0.0,0.0,0.0,1.0,0.0,0.0,1.0,0.0
4547,0.39506172839506176,1.0,0.0,0.0,0.8888888888888888,0.0,0.6541316149049302,0.0,1.0,0.0,0.6875,0.3893219017926768,0.36820083682008353,0.8063931081387441,0.8778827977315693,0.0,0.0,0.0,0.0,0.0,0.0,0.0,0.0,0.0,1.0,0.0,0.0,1.0,0.0,0.0,0.0,0.0,0.0,0.0,1.0,0.0,0.0,0.0,1.0,0.0
4548,0.35802469135802467,1.0,0.0,0.0,0.8888888888888888,0.0,0.5631773068220264,0.0,1.0,0.14285714285714285,0.6875,0.3893219017926768,0.36820083682008353,0.8063931081387441,0.8778827977315693,0.0,1.0,0.0,0.0,0.0,0.0,0.0,0.0,0.0,0.0,0.0,0.0,1.0,0.0,0.0,0.0,1.0,0.0,0.0,0.0,0.0,0.0,0.0,0.0,0.0
4549,0.16049382716049382,0.0,0.0,0.0,0.8888888888888888,0.0,0.5280214103388018,0.0,1.0,0.0,0.6875,0.3893219017926768,0.36820083682008353,0.8063931081387441,0.8778827977315693,0.0,0.0,0.0,0.0,0.0,0.0,0.0,1.0,0.0,0.0,0.0,0.0,0.0,1.0,0.0,0.0,0.0,1.0,0.0,0.0,0.0,0.0,0.0,1.0,0.0
4550,0.419753086419753,0.0,0.0,0.0,0.8888888888888888,0.0,0.5381468098084997,0.02631578947368421,1.0,0.0,0.6875,0.3893219017926768,0.36820083682008353,0.8063931081387441,0.8778827977315693,0.0,0.0,0.0,0.0,1.0,0.0,0.0,0.0,0.0,0.0,0.0,0.0,1.0,0.0,0.0,0.0,0.0,0.0,0.0,0.0,0.0,0.0,0.0,1.0,0.0
4551,0.39506172839506176,1.0,0.0,1.0,0.8888888888888888,0.0,0.5621929065211045,0.0,1.0,0.0,0.6875,0.3893219017926768,0.36820083682008353,0.8063931081387441,0.8778827977315693,0.0,0.0,1.0,0.0,0.0,0.0,0.0,0.0,0.0,0.0,0.0,0.0,1.0,0.0,0.0,0.0,0.0,0.0,0.0,0.0,1.0,0.0,0.0,1.0,0.0
4552,0.4444444444444445,0.0,0.0,0.0,0.8888888888888888,0.0,0.7414095253609313,0.0,1.0,0.0,0.6875,0.3893219017926768,0.36820083682008353,0.8063931081387441,0.8778827977315693,0.0,1.0,0.0,0.0,0.0,0.0,0.0,0.0,0.0,0.0,0.0,0.0,1.0,0.0,0.0,0.0,0.0,0.0,0.0,0.0,0.0,0.0,0.0,1.0,0.0
4553,0.38271604938271603,1.0,0.0,0.0,0.8888888888888888,0.0,0.7146742385423219,0.02631578947368421,1.0,0.0,0.6875,0.3893219017926768,0.36820083682008353,0.8063931081387441,0.8778827977315693,1.0,0.0,0.0,0.0,0.0,0.0,0.0,0.0,0.0,0.0,0.0,0.0,0.0,1.0,0.0,0.0,0.0,0.0,0.0,0.0,1.0,0.0,0.0,1.0,0.0
4554,0.419753086419753,1.0,0.0,0.0,0.8888888888888888,0.0,0.6880861948773884,0.0,1.0,0.0,0.6875,0.3893219017926768,0.36820083682008353,0.8063931081387441,0.8778827977315693,0.0,1.0,0.0,0.0,0.0,0.0,0.0,0.0,0.0,0.0,0.0,0.0,1.0,0.0,0.0,0.0,0.0,0.0,0.0,0.0,0.0,0.0,0.0,1.0,0.0
4555,0.30864197530864196,1.0,0.0,1.0,0.8888888888888888,0.0,0.6006386590863215,0.02631578947368421,1.0,0.14285714285714285,0.6875,0.3893219017926768,0.36820083682008353,0.8063931081387441,0.8778827977315693,0.0,0.0,1.0,0.0,0.0,0.0,0.0,0.0,0.0,0.0,0.0,0.0,1.0,0.0,0.0,0.0,0.0,1.0,0.0,0.0,0.0,0.0,0.0,0.0,0.0
4556,0.35802469135802467,1.0,0.0,0.0,0.8888888888888888,0.0,0.5540062892371289,0.0,1.0,0.14285714285714285,0.6875,0.3893219017926768,0.36820083682008353,0.8063931081387441,0.8778827977315693,0.0,0.0,0.0,0.0,0.0,0.0,0.0,0.0,0.0,1.0,0.0,0.0,1.0,0.0,0.0,0.0,0.0,0.0,0.0,1.0,0.0,0.0,0.0,0.0,0.0
4557,0.1728395061728395,1.0,0.0,0.0,0.8888888888888888,0.0,0.7085691580151198,0.0,1.0,0.0,0.6875,0.3893219017926768,0.36820083682008353,0.8063931081387441,0.8778827977315693,0.0,0.0,0.0,0.0,0.0,0.0,1.0,0.0,0.0,0.0,0.0,0.0,0.0,1.0,0.0,0.0,0.0,0.0,0.0,0.0,1.0,0.0,0.0,1.0,0.0
4558,0.4567901234567901,1.0,0.0,0.0,0.8888888888888888,0.0,0.6328650293995502,0.0,1.0,0.0,0.6875,0.3893219017926768,0.36820083682008353,0.8063931081387441,0.8778827977315693,0.0,0.0,0.0,0.0,1.0,0.0,0.0,0.0,0.0,0.0,0.0,0.0,1.0,0.0,0.0,0.0,0.0,0.0,0.0,0.0,1.0,0.0,0.0,1.0,0.0
4559,0.29629629629629634,1.0,0.0,0.0,0.8888888888888888,0.0,0.481638834621511,0.0,1.0,0.0,0.6875,0.3893219017926768,0.36820083682008353,0.8063931081387441,0.8778827977315693,0.0,0.0,0.0,0.0,0.0,0.0,0.0,0.0,0.0,0.0,1.0,0.0,1.0,0.0,0.0,0.0,0.0,0.0,0.0,0.0,0.0,0.0,0.0,1.0,0.0
4560,0.35802469135802467,1.0,0.0,0.0,0.8888888888888888,0.0,0.5140006512933829,0.0,1.0,0.0,0.6875,0.3893219017926768,0.36820083682008353,0.8063931081387441,0.8778827977315693,0.0,0.0,0.0,0.0,0.0,0.0,0.0,0.0,0.0,1.0,0.0,0.0,1.0,0.0,0.0,0.0,0.0,0.0,0.0,1.0,0.0,0.0,0.0,1.0,0.0
4561,0.34567901234567905,1.0,0.0,1.0,0.8888888888888888,0.0,0.661156696006206,0.0,1.0,0.0,0.6875,0.3893219017926768,0.36820083682008353,0.8063931081387441,0.8778827977315693,0.0,0.0,0.0,0.0,0.0,0.0,0.0,0.0,0.0,1.0,0.0,0.0,1.0,0.0,0.0,0.0,0.0,0.0,0.0,0.0,1.0,0.0,0.0,1.0,0.0
4562,0.419753086419753,1.0,0.0,0.0,0.8888888888888888,0.0,0.529335783224907,0.0,1.0,0.0,0.6875,0.3893219017926768,0.36820083682008353,0.8063931081387441,0.8778827977315693,0.0,0.0,0.0,0.0,0.0,0.0,0.0,0.0,0.0,0.0,0.0,0.0,1.0,0.0,0.0,0.0,0.0,1.0,0.0,0.0,0.0,0.0,0.0,1.0,0.0
4563,0.2839506172839506,0.0,0.0,0.0,0.8888888888888888,0.0,0.7990184520814867,0.0,1.0,0.0,0.6875,0.3893219017926768,0.36820083682008353,0.8063931081387441,0.8778827977315693,1.0,0.0,0.0,0.0,0.0,0.0,0.0,0.0,0.0,0.0,0.0,0.0,1.0,0.0,0.0,0.0,0.0,0.0,0.0,0.0,1.0,0.0,1.0,1.0,0.0
4564,0.1728395061728395,0.0,1.0,0.0,0.8888888888888888,0.0,0.6312273906618776,0.0,1.0,0.0,0.6875,0.3893219017926768,0.36820083682008353,0.8063931081387441,0.8778827977315693,0.0,1.0,0.0,0.0,0.0,0.0,0.0,0.0,0.0,0.0,0.0,0.0,1.0,0.0,0.0,0.0,1.0,0.0,0.0,0.0,0.0,0.0,0.0,1.0,0.0
4565,0.25925925925925924,1.0,0.0,0.0,0.8888888888888888,0.0,0.49105467050389934,0.0,1.0,0.0,0.6875,0.3893219017926768,0.36820083682008353,0.8063931081387441,0.8778827977315693,0.0,1.0,0.0,0.0,0.0,0.0,0.0,0.0,0.0,0.0,0.0,0.0,1.0,0.0,0.0,0.0,0.0,0.0,0.0,0.0,0.0,0.0,0.0,1.0,0.0
4566,0.2222222222222222,0.0,0.0,0.0,0.8888888888888888,0.0,0.4601914110336532,0.05263157894736842,1.0,0.0,0.6875,0.3893219017926768,0.36820083682008353,0.8063931081387441,0.8778827977315693,0.0,0.0,0.0,0.0,0.0,0.0,0.0,0.0,0.0,0.0,0.0,0.0,0.0,0.0,0.0,0.0,0.0,1.0,0.0,0.0,0.0,0.0,0.0,1.0,0.0
4567,0.4691358024691357,0.0,1.0,0.0,0.8888888888888888,0.0,0.4980797516051752,0.02631578947368421,1.0,0.0,0.6875,0.3893219017926768,0.36820083682008353,0.8063931081387441,0.8778827977315693,0.0,1.0,0.0,0.0,0.0,0.0,0.0,0.0,0.0,0.0,0.0,0.0,1.0,0.0,0.0,0.0,0.0,0.0,0.0,0.0,0.0,0.0,1.0,1.0,0.0
4568,0.30864197530864196,0.0,0.0,0.0,0.8888888888888888,0.0,0.7622810107139464,0.02631578947368421,1.0,0.14285714285714285,0.6875,0.3893219017926768,0.36820083682008353,0.8063931081387441,0.8778827977315693,1.0,0.0,0.0,0.0,0.0,0.0,0.0,0.0,0.0,0.0,0.0,0.0,1.0,0.0,0.0,0.0,0.0,1.0,0.0,0.0,0.0,0.0,0.0,0.0,0.0
4569,0.2839506172839506,1.0,1.0,0.0,0.8888888888888888,0.0,0.6267455095549759,0.02631578947368421,1.0,0.0,0.6875,0.3893219017926768,0.36820083682008353,0.8063931081387441,0.8778827977315693,0.0,0.0,0.0,0.0,0.0,0.0,0.0,0.0,0.0,0.0,0.0,0.0,1.0,0.0,0.0,0.0,0.0,0.0,0.0,0.0,1.0,0.0,1.0,1.0,0.0
4570,0.30864197530864196,0.0,0.0,0.0,0.8888888888888888,0.0,0.7633585921374992,0.0,1.0,0.0,0.6875,0.3893219017926768,0.36820083682008353,0.8063931081387441,0.8778827977315693,0.0,0.0,0.0,0.0,0.0,0.0,0.0,0.0,0.0,0.0,0.0,0.0,1.0,0.0,0.0,0.0,0.0,0.0,0.0,0.0,0.0,1.0,0.0,1.0,0.0
4571,0.3209876543209876,1.0,0.0,0.0,0.8888888888888888,0.0,0.492850661870268,0.0,1.0,0.0,0.6875,0.3893219017926768,0.36820083682008353,0.8063931081387441,0.8778827977315693,0.0,0.0,0.0,0.0,1.0,0.0,0.0,0.0,0.0,0.0,0.0,0.0,1.0,0.0,0.0,0.0,0.0,0.0,0.0,0.0,1.0,0.0,0.0,1.0,0.0
4572,0.20987654320987653,1.0,0.0,0.0,0.8888888888888888,0.0,0.9186288099092178,0.02631578947368421,1.0,0.0,0.6875,0.3893219017926768,0.36820083682008353,0.8063931081387441,0.8778827977315693,1.0,0.0,1.0,0.0,0.0,0.0,0.0,0.0,0.0,0.0,0.0,0.0,1.0,0.0,0.0,0.0,0.0,0.0,0.0,0.0,1.0,0.0,1.0,1.0,0.0
4573,0.34567901234567905,1.0,0.0,0.0,0.8888888888888888,0.0,0.7701320804432977,0.02631578947368421,1.0,0.0,0.6875,0.3893219017926768,0.36820083682008353,0.8063931081387441,0.8778827977315693,1.0,1.0,0.0,0.0,0.0,0.0,0.0,0.0,0.0,0.0,0.0,0.0,1.0,0.0,0.0,1.0,0.0,0.0,0.0,0.0,0.0,0.0,1.0,1.0,0.0
4574,0.35802469135802467,0.5,0.5,1.0,0.8888888888888888,0.0,0.5125020940917573,0.02631578947368421,1.0,0.0,0.6875,0.3893219017926768,0.36820083682008353,0.8063931081387441,0.8778827977315693,0.0,0.0,0.0,0.0,1.0,0.0,0.0,0.0,0.0,0.0,0.0,0.0,0.0,0.0,0.0,0.0,0.0,0.0,0.0,0.0,1.0,0.0,0.0,1.0,0.0
4575,0.34567901234567905,0.0,0.0,0.0,0.8888888888888888,0.0,0.7571175106933035,0.0,1.0,0.14285714285714285,0.6875,0.3893219017926768,0.36820083682008353,0.8063931081387441,0.8778827977315693,0.0,0.0,1.0,0.0,0.0,0.0,0.0,0.0,0.0,0.0,0.0,0.0,1.0,0.0,0.0,0.0,0.0,1.0,0.0,0.0,0.0,0.0,0.0,0.0,0.0
4576,0.2345679012345679,0.0,0.0,0.0,0.8888888888888888,0.0,0.49105467050389934,0.0,1.0,0.0,0.6875,0.3893219017926768,0.36820083682008353,0.8063931081387441,0.8778827977315693,0.0,0.0,0.0,0.0,0.0,0.0,0.0,0.0,0.0,0.0,0.0,0.0,1.0,0.0,0.0,0.0,0.0,1.0,0.0,0.0,0.0,0.0,0.0,1.0,0.0
4577,0.2345679012345679,0.0,0.0,0.0,0.8888888888888888,0.0,0.6504552172780276,0.02631578947368421,1.0,0.0,0.6875,0.3893219017926768,0.36820083682008353,0.8063931081387441,0.8778827977315693,0.0,0.0,0.0,0.0,0.0,0.0,0.0,0.0,0.0,1.0,0.0,0.0,1.0,0.0,0.0,0.0,0.0,0.0,0.0,1.0,0.0,0.0,0.0,1.0,0.0
4578,0.4938271604938272,1.0,0.0,0.0,0.8888888888888888,0.0,0.529335783224907,0.02631578947368421,1.0,0.0,0.6875,0.3893219017926768,0.36820083682008353,0.8063931081387441,0.8778827977315693,0.0,0.0,0.0,0.0,0.0,0.0,0.0,0.0,0.0,0.0,0.0,0.0,1.0,0.0,0.0,0.0,0.0,0.0,0.0,0.0,1.0,0.0,0.0,1.0,0.0
4579,0.18518518518518517,1.0,0.0,0.0,0.8888888888888888,0.0,0.5331930189342876,0.0,1.0,0.14285714285714285,0.6875,0.3893219017926768,0.36820083682008353,0.8063931081387441,0.8778827977315693,0.0,0.0,0.0,0.0,0.0,0.0,0.0,0.0,0.0,0.0,0.0,0.0,0.0,1.0,0.0,0.0,0.0,1.0,0.0,0.0,0.0,0.0,0.0,0.0,0.0
4580,0.18518518518518517,1.0,0.0,0.0,0.8888888888888888,0.0,0.5485843549516803,0.0,1.0,0.0,0.6875,0.3893219017926768,0.36820083682008353,0.8063931081387441,0.8778827977315693,0.0,0.0,0.0,0.0,0.0,0.0,0.0,0.0,0.0,1.0,0.0,0.0,1.0,0.0,0.0,0.0,0.0,0.0,0.0,0.0,1.0,0.0,0.0,1.0,0.0
4581,0.1728395061728395,1.0,0.0,0.0,0.8888888888888888,0.0,0.8108169298082005,0.0,1.0,0.0,0.6875,0.3893219017926768,0.36820083682008353,0.8063931081387441,0.8778827977315693,1.0,0.0,0.0,0.0,0.0,0.0,0.0,0.0,0.0,1.0,0.0,0.0,0.0,1.0,0.0,0.0,0.0,0.0,0.0,0.0,1.0,0.0,0.0,1.0,0.0
4582,0.24691358024691357,0.0,1.0,0.0,0.8888888888888888,0.0,0.5078883596370491,0.0,1.0,0.14285714285714285,0.6875,0.3893219017926768,0.36820083682008353,0.8063931081387441,0.8778827977315693,0.0,0.0,0.0,0.0,1.0,0.0,0.0,0.0,0.0,0.0,0.0,0.0,0.0,0.0,0.0,0.0,0.0,0.0,0.0,0.0,0.0,1.0,0.0,0.0,0.0
4583,0.35802469135802467,1.0,1.0,0.0,0.8888888888888888,0.0,0.806313016498325,0.0,1.0,0.0,0.6875,0.3893219017926768,0.36820083682008353,0.8063931081387441,0.8778827977315693,1.0,0.0,0.0,0.0,0.0,0.0,0.0,0.0,0.0,0.0,0.0,0.0,1.0,0.0,0.0,0.0,0.0,0.0,0.0,0.0,1.0,0.0,1.0,1.0,0.0
4584,0.4938271604938272,0.0,0.0,0.0,0.8888888888888888,0.0,0.603456402174661,0.02631578947368421,1.0,0.0,0.6875,0.3893219017926768,0.36820083682008353,0.8063931081387441,0.8778827977315693,0.0,0.0,0.0,0.0,0.0,0.0,0.0,0.0,0.0,1.0,0.0,0.0,1.0,0.0,0.0,0.0,0.0,0.0,0.0,1.0,0.0,0.0,0.0,1.0,0.0
4585,0.4691358024691357,1.0,0.0,0.0,0.8888888888888888,0.0,0.6013494476505862,0.0,1.0,0.0,0.6875,0.3893219017926768,0.36820083682008353,0.8063931081387441,0.8778827977315693,0.0,0.0,0.0,0.0,0.0,0.0,0.0,0.0,0.0,1.0,0.0,0.0,0.0,1.0,0.0,0.0,0.0,0.0,0.0,1.0,0.0,0.0,0.0,1.0,0.0
4586,0.2345679012345679,0.0,0.0,0.0,0.8888888888888888,0.0,0.6020559671887218,0.02631578947368421,1.0,0.14285714285714285,0.6875,0.3893219017926768,0.36820083682008353,0.8063931081387441,0.8778827977315693,0.0,0.0,0.0,0.0,0.0,0.0,0.0,0.0,0.0,0.0,1.0,0.0,0.0,0.0,0.0,0.0,0.0,1.0,0.0,0.0,0.0,0.0,0.0,0.0,0.0
4587,0.18518518518518517,1.0,0.0,1.0,0.8888888888888888,0.0,0.8058156155480072,0.0,1.0,0.0,0.6875,0.3893219017926768,0.36820083682008353,0.8063931081387441,0.8778827977315693,1.0,1.0,0.0,0.0,0.0,0.0,0.0,0.0,0.0,0.0,0.0,0.0,1.0,0.0,0.0,0.0,0.0,1.0,0.0,0.0,0.0,0.0,0.0,1.0,0.0
4588,0.4691358024691357,1.0,0.0,0.0,0.8888888888888888,0.0,0.6620060509558884,0.05263157894736842,1.0,0.0,0.6875,0.3893219017926768,0.36820083682008353,0.8063931081387441,0.8778827977315693,0.0,1.0,0.0,0.0,0.0,0.0,0.0,0.0,0.0,0.0,0.0,0.0,1.0,0.0,0.0,0.0,1.0,0.0,0.0,0.0,0.0,0.0,0.0,1.0,0.0
4589,0.14814814814814814,1.0,0.0,0.0,0.8888888888888888,0.0,0.6134597474028101,0.0,1.0,0.0,0.6875,0.3893219017926768,0.36820083682008353,0.8063931081387441,0.8778827977315693,0.0,0.0,0.0,0.0,0.0,0.0,0.0,0.0,0.0,0.0,0.0,0.0,0.0,1.0,0.0,0.0,0.0,0.0,0.0,0.0,1.0,0.0,0.0,1.0,0.0
4590,0.2222222222222222,0.0,0.0,0.0,0.8888888888888888,0.0,0.7403273176410653,0.02631578947368421,1.0,0.0,0.6875,0.3893219017926768,0.36820083682008353,0.8063931081387441,0.8778827977315693,1.0,1.0,0.0,0.0,0.0,0.0,0.0,0.0,0.0,0.0,0.0,0.0,1.0,0.0,0.0,0.0,0.0,1.0,0.0,0.0,0.0,0.0,0.0,1.0,0.0
4591,0.38271604938271603,1.0,1.0,0.0,0.8888888888888888,0.0,0.6800186276166762,0.05263157894736842,1.0,0.0,0.6875,0.3893219017926768,0.36820083682008353,0.8063931081387441,0.8778827977315693,0.0,0.0,0.0,0.0,1.0,0.0,0.0,0.0,0.0,0.0,0.0,0.0,1.0,0.0,0.0,0.0,0.0,0.0,0.0,0.0,0.0,1.0,0.0,1.0,0.0
4592,0.2716049382716049,1.0,0.0,0.0,0.8888888888888888,0.0,0.6159896330688406,0.0,1.0,0.14285714285714285,0.6875,0.3893219017926768,0.36820083682008353,0.8063931081387441,0.8778827977315693,0.0,0.0,0.0,0.0,0.0,0.0,0.0,0.0,0.0,0.0,1.0,0.0,1.0,0.0,0.0,0.0,0.0,0.0,0.0,1.0,0.0,0.0,0.0,0.0,0.0
4593,0.3209876543209876,1.0,0.0,0.0,0.8888888888888888,0.0,0.5813108450867737,0.02631578947368421,1.0,0.14285714285714285,0.6875,0.3893219017926768,0.36820083682008353,0.8063931081387441,0.8778827977315693,0.0,0.0,0.0,0.0,0.0,0.0,0.0,0.0,0.0,0.0,0.0,0.0,1.0,0.0,0.0,0.0,0.0,0.0,0.0,0.0,1.0,0.0,0.0,0.0,0.0
4594,0.1728395061728395,0.0,0.0,0.0,0.8888888888888888,0.0,0.6956358100503017,0.0,1.0,0.0,0.6875,0.3893219017926768,0.36820083682008353,0.8063931081387441,0.8778827977315693,0.0,0.0,0.0,0.0,1.0,0.0,0.0,0.0,0.0,0.0,0.0,0.0,1.0,0.0,0.0,0.0,0.0,0.0,0.0,0.0,1.0,0.0,0.0,1.0,0.0
4595,0.2222222222222222,0.0,0.0,0.0,0.8888888888888888,0.0,0.5870502833422594,0.0,1.0,0.0,0.6875,0.3893219017926768,0.36820083682008353,0.8063931081387441,0.8778827977315693,0.0,0.0,0.0,0.0,1.0,0.0,0.0,0.0,0.0,0.0,0.0,0.0,1.0,0.0,0.0,0.0,0.0,0.0,0.0,0.0,1.0,0.0,0.0,1.0,0.0
4596,0.18518518518518517,0.0,1.0,0.0,0.8888888888888888,0.0,0.6527663947522088,0.02631578947368421,1.0,0.0,0.6875,0.3893219017926768,0.36820083682008353,0.8063931081387441,0.8778827977315693,0.0,0.0,0.0,0.0,1.0,0.0,0.0,0.0,0.0,0.0,0.0,0.0,1.0,0.0,0.0,0.0,0.0,1.0,0.0,0.0,0.0,0.0,0.0,1.0,0.0
4597,0.1728395061728395,1.0,0.0,1.0,0.8888888888888888,0.0,0.49977237288625836,0.0,1.0,0.0,0.6875,0.3893219017926768,0.36820083682008353,0.8063931081387441,0.8778827977315693,0.0,0.0,0.0,0.0,0.0,0.0,1.0,0.0,0.0,0.0,0.0,0.0,1.0,0.0,0.0,0.0,0.0,0.0,0.0,0.0,1.0,0.0,0.0,1.0,0.0
4598,0.48148148148148145,1.0,0.0,0.0,0.8888888888888888,0.0,0.7483127678708024,0.0,1.0,0.0,0.6875,0.3893219017926768,0.36820083682008353,0.8063931081387441,0.8778827977315693,0.0,0.0,0.0,0.0,0.0,0.0,0.0,1.0,0.0,0.0,0.0,0.0,1.0,0.0,0.0,0.0,0.0,1.0,0.0,0.0,0.0,0.0,0.0,1.0,0.0
4599,0.34567901234567905,0.0,0.0,0.0,0.8888888888888888,0.0,0.5571434124691511,0.0,1.0,0.0,0.6875,0.3893219017926768,0.36820083682008353,0.8063931081387441,0.8778827977315693,0.0,0.0,0.0,0.0,0.0,0.0,0.0,0.0,0.0,0.0,0.0,0.0,1.0,0.0,0.0,0.0,0.0,1.0,0.0,0.0,0.0,0.0,0.0,1.0,0.0
4600,0.38271604938271603,1.0,0.0,0.0,0.8888888888888888,0.0,0.467045882751165,0.0,1.0,0.0,0.6875,0.3893219017926768,0.36820083682008353,0.8063931081387441,0.8778827977315693,0.0,0.0,0.0,0.0,0.0,0.0,0.0,0.0,0.0,1.0,0.0,0.0,1.0,0.0,0.0,0.0,0.0,0.0,0.0,1.0,0.0,0.0,0.0,1.0,0.0
4601,0.34567901234567905,1.0,1.0,0.0,0.8888888888888888,0.0,0.7848655929104672,0.0,1.0,0.0,0.6875,0.3893219017926768,0.36820083682008353,0.8063931081387441,0.8778827977315693,1.0,0.0,0.0,0.0,1.0,0.0,0.0,0.0,0.0,0.0,0.0,0.0,1.0,0.0,0.0,0.0,0.0,0.0,0.0,0.0,1.0,0.0,0.0,1.0,0.0
4602,0.2839506172839506,1.0,1.0,0.0,0.8888888888888888,0.0,0.5417298832341686,0.0,1.0,0.14285714285714285,0.6875,0.3893219017926768,0.36820083682008353,0.8063931081387441,0.8778827977315693,0.0,0.0,0.0,0.0,0.0,0.0,0.0,0.0,0.0,1.0,0.0,0.0,0.0,1.0,0.0,0.0,1.0,0.0,0.0,0.0,0.0,0.0,1.0,0.0,0.0
4603,0.35802469135802467,0.0,0.0,0.0,0.8888888888888888,0.0,0.4578148625383481,0.0,1.0,0.14285714285714285,0.6875,0.3893219017926768,0.36820083682008353,0.8063931081387441,0.8778827977315693,0.0,0.0,0.0,0.0,0.0,0.0,1.0,0.0,0.0,0.0,0.0,0.0,1.0,0.0,0.0,0.0,1.0,0.0,0.0,0.0,0.0,0.0,1.0,0.0,0.0
4604,0.2222222222222222,0.0,1.0,0.0,0.8888888888888888,0.0,0.5970188304191458,0.02631578947368421,1.0,0.14285714285714285,0.6875,0.3893219017926768,0.36820083682008353,0.8063931081387441,0.8778827977315693,0.0,1.0,0.0,0.0,0.0,0.0,0.0,0.0,0.0,0.0,0.0,0.0,0.0,0.0,0.0,0.0,0.0,1.0,0.0,0.0,0.0,0.0,0.0,0.0,0.0
4605,0.35802469135802467,1.0,0.0,0.0,0.8888888888888888,0.0,0.6055262822549443,0.0,1.0,0.14285714285714285,0.6875,0.3893219017926768,0.36820083682008353,0.8063931081387441,0.8778827977315693,0.0,0.0,0.0,0.0,0.0,0.0,0.0,0.0,0.0,1.0,0.0,0.0,1.0,0.0,0.0,0.0,0.0,1.0,0.0,0.0,0.0,0.0,0.0,0.0,0.0
4606,0.20987654320987653,1.0,0.0,0.0,0.8888888888888888,0.0,0.784716593334517,0.0,1.0,0.0,0.6875,0.3893219017926768,0.36820083682008353,0.8063931081387441,0.8778827977315693,1.0,0.0,1.0,0.0,0.0,0.0,0.0,0.0,0.0,0.0,0.0,0.0,1.0,0.0,0.0,1.0,0.0,0.0,0.0,0.0,0.0,0.0,1.0,1.0,0.0
4607,0.25925925925925924,1.0,0.0,0.0,0.8888888888888888,0.0,0.7435445231564038,0.0,1.0,0.0,0.6875,0.3893219017926768,0.36820083682008353,0.8063931081387441,0.8778827977315693,0.0,0.0,1.0,0.0,0.0,0.0,0.0,0.0,0.0,0.0,0.0,0.0,1.0,0.0,0.0,0.0,1.0,0.0,0.0,0.0,0.0,0.0,0.0,1.0,0.0
4608,0.43209876543209874,1.0,1.0,0.0,0.8888888888888888,0.0,0.6068862413262684,0.02631578947368421,1.0,0.0,0.6875,0.3893219017926768,0.36820083682008353,0.8063931081387441,0.8778827977315693,0.0,0.0,0.0,0.0,1.0,0.0,0.0,0.0,0.0,0.0,0.0,0.0,1.0,0.0,0.0,0.0,0.0,0.0,0.0,0.0,1.0,0.0,0.0,1.0,0.0
4609,0.1728395061728395,1.0,1.0,0.0,0.8888888888888888,0.0,0.5621929065211045,0.02631578947368421,1.0,0.0,0.6875,0.3893219017926768,0.36820083682008353,0.8063931081387441,0.8778827977315693,0.0,0.0,0.0,0.0,0.0,0.0,0.0,0.0,0.0,1.0,0.0,0.0,0.0,1.0,0.0,0.0,0.0,0.0,0.0,0.0,1.0,0.0,0.0,1.0,0.0
4610,0.2839506172839506,0.5,0.5,0.0,0.8888888888888888,0.0,0.7111051037563383,0.02631578947368421,1.0,0.0,0.6875,0.3893219017926768,0.36820083682008353,0.8063931081387441,0.8778827977315693,0.0,0.0,0.0,0.0,0.0,0.0,0.0,0.0,0.0,0.0,0.0,0.0,0.0,1.0,0.0,0.0,0.0,1.0,0.0,0.0,0.0,0.0,1.0,1.0,0.0
4611,0.29629629629629634,1.0,0.0,1.0,0.8888888888888888,0.0,0.48358326152743014,0.02631578947368421,1.0,0.0,0.6875,0.3893219017926768,0.36820083682008353,0.8063931081387441,0.8778827977315693,0.0,0.0,0.0,0.0,0.0,0.0,0.0,0.0,0.0,1.0,0.0,0.0,1.0,0.0,0.0,1.0,0.0,0.0,0.0,0.0,0.0,0.0,0.0,1.0,0.0
4612,0.18518518518518517,0.0,0.0,0.0,0.8888888888888888,0.0,0.8229479975614468,0.02631578947368421,0.005005005005005005,0.14285714285714285,0.6875,0.3893219017926768,0.36820083682008353,0.8063931081387441,0.8778827977315693,1.0,1.0,0.0,0.0,0.0,0.0,0.0,0.0,0.0,0.0,0.0,0.0,1.0,0.0,0.0,0.0,1.0,0.0,0.0,0.0,0.0,0.0,0.0,0.0,1.0
4613,0.20987654320987653,0.0,0.0,1.0,0.8888888888888888,0.0,0.48737827287699675,0.02631578947368421,1.0,0.14285714285714285,0.6875,0.3893219017926768,0.36820083682008353,0.8063931081387441,0.8778827977315693,0.0,0.0,0.0,0.0,0.0,0.0,0.0,1.0,0.0,0.0,0.0,0.0,0.0,1.0,0.0,0.0,0.0,1.0,0.0,0.0,0.0,0.0,0.0,0.0,0.0
4614,0.39506172839506176,1.0,1.0,1.0,0.8888888888888888,0.0,0.6860343669962174,0.02631578947368421,1.0,0.14285714285714285,0.6875,0.3893219017926768,0.36820083682008353,0.8063931081387441,0.8778827977315693,0.0,0.0,0.0,0.0,0.0,0.0,0.0,0.0,0.0,0.0,0.0,0.0,1.0,0.0,0.0,0.0,0.0,0.0,0.0,0.0,1.0,0.0,0.0,0.0,0.0
4615,0.4938271604938272,1.0,1.0,0.0,0.8888888888888888,0.0,0.8272838062203017,0.02631578947368421,1.0,0.0,0.6875,0.3893219017926768,0.36820083682008353,0.8063931081387441,0.8778827977315693,1.0,0.0,0.0,0.0,0.0,1.0,0.0,0.0,0.0,0.0,0.0,0.0,1.0,0.0,0.0,0.0,0.0,0.0,0.0,0.0,1.0,0.0,0.0,1.0,0.0
4616,0.4691358024691357,1.0,0.0,0.0,0.8888888888888888,0.0,0.6657540364605412,0.02631578947368421,1.0,0.0,0.6875,0.3893219017926768,0.36820083682008353,0.8063931081387441,0.8778827977315693,0.0,0.0,0.0,0.0,0.0,0.0,0.0,0.0,0.0,1.0,0.0,0.0,0.0,1.0,0.0,0.0,0.0,0.0,0.0,1.0,0.0,0.0,0.0,1.0,0.0
4617,0.35802469135802467,0.0,0.0,0.0,0.8888888888888888,0.0,0.7749274307361093,0.02631578947368421,1.0,0.0,0.6875,0.3893219017926768,0.36820083682008353,0.8063931081387441,0.8778827977315693,0.0,0.0,0.0,0.0,0.0,0.0,0.0,0.0,0.0,0.0,0.0,0.0,1.0,0.0,0.0,0.0,0.0,0.0,0.0,0.0,1.0,0.0,1.0,1.0,0.0
4618,0.3209876543209876,0.0,0.0,0.0,0.8888888888888888,0.0,0.6360734596286551,0.02631578947368421,1.0,0.0,0.6875,0.3893219017926768,0.36820083682008353,0.8063931081387441,0.8778827977315693,0.0,0.0,0.0,0.0,0.0,0.0,0.0,0.0,0.0,0.0,0.0,0.0,1.0,0.0,0.0,0.0,0.0,0.0,0.0,0.0,1.0,0.0,0.0,1.0,0.0
4619,0.29629629629629634,1.0,0.0,0.0,0.8888888888888888,0.0,0.5862473099208212,0.02631578947368421,1.0,0.0,0.6875,0.3893219017926768,0.36820083682008353,0.8063931081387441,0.8778827977315693,0.0,0.0,0.0,0.0,0.0,0.0,1.0,0.0,0.0,0.0,0.0,0.0,1.0,0.0,0.0,0.0,1.0,0.0,0.0,0.0,0.0,0.0,1.0,1.0,0.0
4620,0.34567901234567905,1.0,1.0,0.0,0.8888888888888888,0.0,0.4854960703308916,0.02631578947368421,1.0,0.14285714285714285,0.6875,0.3893219017926768,0.36820083682008353,0.8063931081387441,0.8778827977315693,0.0,1.0,0.0,0.0,0.0,0.0,0.0,0.0,0.0,0.0,0.0,0.0,0.0,1.0,0.0,0.0,1.0,0.0,0.0,0.0,0.0,0.0,0.0,0.0,0.0
4621,0.3333333333333333,1.0,0.0,0.0,0.8888888888888888,0.0,0.8351156583294982,0.02631578947368421,1.0,0.14285714285714285,0.6875,0.3893219017926768,0.36820083682008353,0.8063931081387441,0.8778827977315693,1.0,0.0,1.0,0.0,0.0,0.0,0.0,0.0,0.0,0.0,0.0,0.0,1.0,0.0,0.0,0.0,0.0,0.0,0.0,0.0,1.0,0.0,0.0,0.0,0.0
4622,0.4444444444444445,1.0,0.0,0.0,0.8888888888888888,0.0,0.5507832068127649,0.0,1.0,0.14285714285714285,0.6875,0.3893219017926768,0.36820083682008353,0.8063931081387441,0.8778827977315693,0.0,0.0,1.0,0.0,0.0,0.0,0.0,0.0,0.0,0.0,0.0,0.0,0.0,0.0,0.0,0.0,0.0,0.0,0.0,0.0,1.0,0.0,0.0,0.0,0.0
4623,0.3209876543209876,1.0,0.0,0.0,0.8888888888888888,0.0,0.7091374448666395,0.02631578947368421,1.0,0.0,0.6875,0.3893219017926768,0.36820083682008353,0.8063931081387441,0.8778827977315693,0.0,0.0,0.0,0.0,0.0,0.0,0.0,0.0,0.0,0.0,0.0,0.0,1.0,0.0,0.0,0.0,0.0,0.0,0.0,0.0,1.0,0.0,0.0,1.0,0.0
4624,0.43209876543209874,1.0,1.0,0.0,0.8888888888888888,0.0,0.7624612945032339,0.02631578947368421,1.0,0.14285714285714285,0.6875,0.3893219017926768,0.36820083682008353,0.8063931081387441,0.8778827977315693,1.0,0.0,0.0,0.0,0.0,0.0,0.0,1.0,0.0,0.0,0.0,0.0,0.0,0.0,0.0,0.0,0.0,1.0,0.0,0.0,0.0,0.0,1.0,0.0,0.0
4625,0.43209876543209874,1.0,1.0,0.0,0.8888888888888888,0.0,0.6062082270603242,0.05263157894736842,1.0,0.0,0.6875,0.3893219017926768,0.36820083682008353,0.8063931081387441,0.8778827977315693,0.0,0.0,0.0,0.0,1.0,0.0,0.0,0.0,0.0,0.0,0.0,0.0,1.0,0.0,0.0,0.0,0.0,0.0,0.0,0.0,1.0,0.0,0.0,1.0,0.0
4626,0.24691358024691357,0.0,0.0,0.0,0.8888888888888888,0.0,0.7199621017730734,0.0,1.0,0.0,0.6875,0.3893219017926768,0.36820083682008353,0.8063931081387441,0.8778827977315693,1.0,0.0,1.0,0.0,0.0,0.0,0.0,0.0,0.0,0.0,0.0,0.0,1.0,0.0,0.0,0.0,0.0,0.0,0.0,0.0,1.0,0.0,1.0,1.0,0.0
4627,0.4074074074074074,0.0,0.0,0.0,0.8888888888888888,0.0,0.707424281343387,0.0,1.0,0.14285714285714285,0.6875,0.3893219017926768,0.36820083682008353,0.8063931081387441,0.8778827977315693,0.0,0.0,1.0,0.0,0.0,0.0,0.0,0.0,0.0,0.0,0.0,0.0,1.0,0.0,0.0,0.0,0.0,0.0,0.0,0.0,1.0,0.0,0.0,0.0,0.0
4628,0.4691358024691357,1.0,1.0,1.0,0.8888888888888888,0.25,0.7345335067710294,0.02631578947368421,1.0,0.0,0.6875,0.3893219017926768,0.36820083682008353,0.7977782815688053,0.8778827977315693,1.0,0.0,0.0,0.0,0.0,0.0,0.0,0.0,0.0,0.0,0.0,0.0,1.0,0.0,0.0,0.0,0.0,0.0,0.0,1.0,0.0,0.0,1.0,1.0,0.0
4629,0.3209876543209876,1.0,0.0,0.0,0.8888888888888888,0.25,0.5417298832341686,0.0,1.0,0.0,0.6875,0.3893219017926768,0.36820083682008353,0.7977782815688053,0.8778827977315693,0.0,0.0,0.0,0.0,1.0,0.0,0.0,0.0,0.0,0.0,0.0,0.0,1.0,0.0,0.0,0.0,0.0,0.0,0.0,1.0,0.0,0.0,0.0,1.0,0.0
4630,0.2716049382716049,0.0,0.0,0.0,0.8888888888888888,0.25,0.5280214103388018,0.0,1.0,0.0,0.6875,0.3893219017926768,0.36820083682008353,0.7977782815688053,0.8778827977315693,0.0,0.0,0.0,0.0,1.0,0.0,0.0,0.0,0.0,0.0,0.0,0.0,1.0,0.0,0.0,0.0,0.0,0.0,0.0,0.0,1.0,0.0,0.0,1.0,0.0
4631,0.1728395061728395,1.0,1.0,0.0,0.8888888888888888,0.25,0.49105467050389934,0.0,1.0,0.0,0.6875,0.3893219017926768,0.36820083682008353,0.7977782815688053,0.8778827977315693,0.0,0.0,0.0,0.0,0.0,0.0,0.0,0.0,0.0,0.0,0.0,0.0,1.0,0.0,0.0,0.0,0.0,0.0,0.0,0.0,1.0,0.0,0.0,1.0,0.0
4632,0.4444444444444445,1.0,0.0,0.0,0.8888888888888888,0.25,0.6417375148956687,0.0,1.0,0.0,0.6875,0.3893219017926768,0.36820083682008353,0.7977782815688053,0.8778827977315693,0.0,0.0,0.0,0.0,0.0,0.0,0.0,1.0,0.0,0.0,0.0,0.0,0.0,0.0,0.0,0.0,0.0,1.0,0.0,0.0,0.0,0.0,0.0,1.0,0.0
4633,0.4567901234567901,1.0,0.0,0.0,0.8888888888888888,0.25,0.5813108450867737,0.07894736842105263,1.0,0.14285714285714285,0.6875,0.3893219017926768,0.36820083682008353,0.7977782815688053,0.8778827977315693,0.0,0.0,0.0,0.0,0.0,0.0,1.0,0.0,0.0,0.0,0.0,0.0,1.0,0.0,0.0,0.0,1.0,0.0,0.0,0.0,0.0,0.0,0.0,0.0,0.0
4634,0.3209876543209876,0.0,0.0,0.0,0.8888888888888888,0.25,0.7227721955360867,0.0,1.0,0.0,0.6875,0.3893219017926768,0.36820083682008353,0.7977782815688053,0.8778827977315693,0.0,1.0,0.0,0.0,0.0,0.0,0.0,0.0,0.0,0.0,0.0,0.0,1.0,0.0,0.0,0.0,1.0,0.0,0.0,0.0,0.0,0.0,0.0,1.0,0.0
4635,0.20987654320987653,0.0,0.0,0.0,0.8888888888888888,0.25,0.7009201794617362,0.0,1.0,0.0,0.6875,0.3893219017926768,0.36820083682008353,0.7977782815688053,0.8778827977315693,0.0,0.0,1.0,0.0,0.0,0.0,0.0,0.0,0.0,0.0,0.0,0.0,0.0,1.0,0.0,0.0,1.0,0.0,0.0,0.0,0.0,0.0,0.0,1.0,0.0
4636,0.29629629629629634,1.0,0.0,0.0,0.8888888888888888,0.25,0.4776508205223571,0.0,1.0,0.0,0.6875,0.3893219017926768,0.36820083682008353,0.7977782815688053,0.8778827977315693,0.0,0.0,0.0,0.0,1.0,0.0,0.0,0.0,0.0,0.0,0.0,0.0,1.0,0.0,0.0,0.0,0.0,0.0,0.0,0.0,1.0,0.0,0.0,1.0,0.0
4637,0.4074074074074074,1.0,0.0,0.0,0.8888888888888888,0.25,0.8928915975915985,0.0,1.0,0.0,0.6875,0.3893219017926768,0.36820083682008353,0.7977782815688053,0.8778827977315693,1.0,0.0,0.0,0.0,0.0,0.0,0.0,0.0,0.0,1.0,0.0,0.0,1.0,0.0,0.0,0.0,0.0,0.0,0.0,1.0,0.0,0.0,0.0,1.0,0.0
4638,0.20987654320987653,0.0,0.0,0.0,0.8888888888888888,0.25,0.5369277818064884,0.0,1.0,0.0,0.6875,0.3893219017926768,0.36820083682008353,0.7977782815688053,0.8778827977315693,0.0,1.0,0.0,0.0,0.0,0.0,0.0,0.0,0.0,0.0,0.0,0.0,1.0,0.0,0.0,0.0,0.0,0.0,0.0,1.0,0.0,0.0,0.0,1.0,0.0
4639,0.2839506172839506,0.0,0.0,1.0,0.8888888888888888,0.25,0.4368466051913672,0.0,1.0,0.0,0.6875,0.3893219017926768,0.36820083682008353,0.7977782815688053,0.8778827977315693,0.0,0.0,1.0,0.0,0.0,0.0,0.0,0.0,0.0,0.0,0.0,0.0,1.0,0.0,0.0,0.0,1.0,0.0,0.0,0.0,0.0,0.0,0.0,1.0,0.0
4640,0.2839506172839506,0.0,0.0,0.0,0.8888888888888888,0.25,0.8262409345896955,0.02631578947368421,1.0,0.14285714285714285,0.6875,0.3893219017926768,0.36820083682008353,0.7977782815688053,0.8778827977315693,1.0,0.0,0.0,0.0,1.0,0.0,0.0,0.0,0.0,0.0,0.0,0.0,1.0,0.0,0.0,0.0,0.0,0.0,0.0,0.0,1.0,0.0,0.0,0.0,0.0
4641,0.29629629629629634,1.0,0.0,0.0,0.8888888888888888,0.25,0.7941668304891158,0.0,1.0,0.0,0.6875,0.3893219017926768,0.36820083682008353,0.7977782815688053,0.8778827977315693,1.0,0.0,1.0,0.0,0.0,0.0,0.0,0.0,0.0,0.0,0.0,0.0,1.0,0.0,0.0,0.0,0.0,0.0,0.0,0.0,1.0,0.0,0.0,1.0,0.0
4642,0.2839506172839506,0.0,0.0,0.0,0.8888888888888888,0.25,0.4692447346122495,0.0,1.0,0.14285714285714285,0.6875,0.3893219017926768,0.36820083682008353,0.7977782815688053,0.8778827977315693,0.0,0.0,0.0,0.0,0.0,0.0,1.0,0.0,0.0,0.0,0.0,0.0,1.0,0.0,0.0,0.0,1.0,0.0,0.0,0.0,0.0,0.0,1.0,0.0,0.0
4643,0.19753086419753085,1.0,0.0,0.0,0.8888888888888888,0.25,0.6863788332730624,0.0,1.0,0.0,0.6875,0.3893219017926768,0.36820083682008353,0.7977782815688053,0.8778827977315693,0.0,0.0,0.0,0.0,1.0,0.0,0.0,0.0,0.0,0.0,0.0,0.0,1.0,0.0,0.0,0.0,0.0,0.0,0.0,0.0,1.0,0.0,0.0,1.0,0.0
4644,0.18518518518518517,1.0,0.0,1.0,0.8888888888888888,0.25,0.6953174467991899,0.0,1.0,0.0,0.6875,0.3893219017926768,0.36820083682008353,0.7977782815688053,0.8778827977315693,0.0,0.0,0.0,0.0,0.0,0.0,0.0,1.0,0.0,0.0,0.0,0.0,1.0,0.0,0.0,1.0,0.0,0.0,0.0,0.0,0.0,0.0,1.0,1.0,0.0
4645,0.25925925925925924,0.0,0.0,0.0,0.8888888888888888,0.25,0.6312273906618776,0.0,1.0,0.0,0.6875,0.3893219017926768,0.36820083682008353,0.7977782815688053,0.8778827977315693,0.0,1.0,0.0,0.0,0.0,0.0,0.0,0.0,0.0,0.0,0.0,0.0,1.0,0.0,0.0,0.0,1.0,0.0,0.0,0.0,0.0,0.0,0.0,1.0,0.0
4646,0.25925925925925924,1.0,1.0,0.0,0.8888888888888888,0.25,0.6904356197503724,0.0,1.0,0.0,0.6875,0.3893219017926768,0.36820083682008353,0.7977782815688053,0.8778827977315693,0.0,0.0,0.0,0.0,1.0,0.0,0.0,0.0,0.0,0.0,0.0,0.0,1.0,0.0,0.0,0.0,0.0,0.0,0.0,0.0,1.0,0.0,0.0,1.0,0.0
4647,0.24691358024691357,1.0,0.0,0.0,0.8888888888888888,0.25,0.8406189510795439,0.02631578947368421,1.0,0.0,0.6875,0.3893219017926768,0.36820083682008353,0.7977782815688053,0.8778827977315693,0.0,0.0,0.0,0.0,1.0,0.0,0.0,0.0,0.0,0.0,0.0,0.0,0.0,0.0,0.0,0.0,0.0,1.0,0.0,0.0,0.0,0.0,0.0,1.0,0.0
4648,0.2716049382716049,0.0,0.0,0.0,0.8888888888888888,0.25,0.5518674094137875,0.0,1.0,0.0,0.6875,0.3893219017926768,0.36820083682008353,0.7977782815688053,0.8778827977315693,0.0,0.0,0.0,0.0,0.0,0.0,0.0,0.0,0.0,0.0,0.0,0.0,1.0,0.0,0.0,0.0,0.0,0.0,0.0,0.0,1.0,0.0,0.0,1.0,0.0
4649,0.1728395061728395,1.0,0.0,0.0,0.8888888888888888,0.25,0.5030862582093689,0.02631578947368421,1.0,0.0,0.6875,0.3893219017926768,0.36820083682008353,0.7977782815688053,0.8778827977315693,0.0,0.0,0.0,0.0,0.0,0.0,0.0,0.0,0.0,0.0,0.0,0.0,1.0,0.0,0.0,0.0,0.0,0.0,0.0,0.0,1.0,0.0,0.0,1.0,0.0
4650,0.4567901234567901,1.0,0.0,0.0,0.8888888888888888,0.25,0.5154803582186305,0.02631578947368421,1.0,0.14285714285714285,0.6875,0.3893219017926768,0.36820083682008353,0.7977782815688053,0.8778827977315693,0.0,0.0,0.0,0.0,0.0,0.0,0.0,0.0,0.0,0.0,0.0,0.0,0.0,0.0,0.0,0.0,0.0,0.0,0.0,0.0,1.0,0.0,0.0,0.0,0.0
4651,0.38271604938271603,0.0,0.0,0.0,0.8888888888888888,0.25,0.6785573026196613,0.02631578947368421,1.0,0.14285714285714285,0.6875,0.3893219017926768,0.36820083682008353,0.7977782815688053,0.8778827977315693,0.0,0.0,0.0,0.0,0.0,0.0,0.0,0.0,0.0,0.0,0.0,0.0,1.0,0.0,0.0,0.0,0.0,0.0,0.0,0.0,0.0,1.0,1.0,0.0,0.0
4652,0.38271604938271603,1.0,0.0,0.0,0.8888888888888888,0.25,0.5030862582093689,0.0,1.0,0.0,0.6875,0.3893219017926768,0.36820083682008353,0.7977782815688053,0.8778827977315693,0.0,0.0,0.0,0.0,0.0,0.0,0.0,1.0,0.0,0.0,0.0,0.0,1.0,0.0,0.0,0.0,0.0,1.0,0.0,0.0,0.0,0.0,0.0,1.0,0.0
4653,0.2716049382716049,1.0,1.0,0.0,0.8888888888888888,0.25,0.5369277818064884,0.0,1.0,0.0,0.6875,0.3893219017926768,0.36820083682008353,0.7977782815688053,0.8778827977315693,0.0,0.0,0.0,0.0,0.0,0.0,0.0,0.0,0.0,0.0,0.0,0.0,0.0,1.0,0.0,0.0,0.0,1.0,0.0,0.0,0.0,0.0,0.0,1.0,0.0
4654,0.419753086419753,1.0,0.0,0.0,0.8888888888888888,0.25,0.6632686943784747,0.02631578947368421,1.0,0.0,0.6875,0.3893219017926768,0.36820083682008353,0.7977782815688053,0.8778827977315693,0.0,0.0,0.0,0.0,0.0,0.0,0.0,0.0,0.0,0.0,0.0,0.0,1.0,0.0,0.0,0.0,0.0,1.0,0.0,0.0,0.0,0.0,0.0,1.0,0.0
4655,0.43209876543209874,0.5,0.5,0.0,0.8888888888888888,0.25,0.7279573751736251,0.0,1.0,0.0,0.6875,0.3893219017926768,0.36820083682008353,0.7977782815688053,0.8778827977315693,1.0,0.0,0.0,0.0,1.0,0.0,0.0,0.0,0.0,0.0,0.0,0.0,1.0,0.0,0.0,0.0,0.0,0.0,0.0,0.0,1.0,0.0,0.0,1.0,0.0
4656,0.38271604938271603,1.0,0.0,0.0,0.8888888888888888,0.25,0.7915232327315964,0.0,1.0,0.0,0.6875,0.3893219017926768,0.36820083682008353,0.7977782815688053,0.8778827977315693,0.0,0.0,0.0,0.0,0.0,0.0,0.0,1.0,0.0,0.0,0.0,0.0,1.0,0.0,0.0,0.0,0.0,1.0,0.0,0.0,0.0,0.0,0.0,1.0,0.0
4657,0.16049382716049382,0.0,1.0,0.0,0.8888888888888888,0.25,0.7915232327315964,0.0,1.0,0.0,0.6875,0.3893219017926768,0.36820083682008353,0.7977782815688053,0.8778827977315693,1.0,0.0,0.0,0.0,0.0,0.0,0.0,0.0,0.0,1.0,0.0,0.0,0.0,1.0,0.0,0.0,0.0,0.0,0.0,1.0,0.0,0.0,0.0,1.0,0.0
4658,0.20987654320987653,0.0,0.0,0.0,0.8888888888888888,0.25,0.47140323828241015,0.0,1.0,0.14285714285714285,0.6875,0.3893219017926768,0.36820083682008353,0.7977782815688053,0.8778827977315693,0.0,1.0,0.0,0.0,0.0,0.0,0.0,0.0,0.0,0.0,0.0,0.0,1.0,0.0,0.0,0.0,1.0,0.0,0.0,0.0,0.0,0.0,0.0,0.0,0.0
4659,0.16049382716049382,1.0,0.0,0.0,0.8888888888888888,0.25,0.7552170630677534,0.0,1.0,0.0,0.6875,0.3893219017926768,0.36820083682008353,0.7977782815688053,0.8778827977315693,0.0,0.0,0.0,0.0,0.0,0.0,0.0,0.0,0.0,1.0,0.0,0.0,1.0,0.0,0.0,0.0,0.0,0.0,0.0,1.0,0.0,0.0,0.0,1.0,0.0
4660,0.43209876543209874,1.0,0.0,0.0,0.8888888888888888,0.25,0.6697830312775754,0.0,0.006006006006006006,0.14285714285714285,0.6875,0.3893219017926768,0.36820083682008353,0.7977782815688053,0.8778827977315693,0.0,0.0,0.0,0.0,0.0,0.0,0.0,0.0,0.0,0.0,0.0,0.0,0.0,1.0,0.0,0.0,1.0,0.0,0.0,0.0,0.0,0.0,0.0,0.0,1.0
4661,0.19753086419753085,1.0,0.0,0.0,0.8888888888888888,0.25,0.7149443538148184,0.07894736842105263,1.0,0.0,0.6875,0.3893219017926768,0.36820083682008353,0.7977782815688053,0.8778827977315693,0.0,0.0,1.0,0.0,0.0,0.0,0.0,0.0,0.0,0.0,0.0,0.0,0.0,1.0,0.0,0.0,0.0,0.0,0.0,0.0,1.0,0.0,0.0,1.0,0.0
4662,0.14814814814814814,1.0,0.0,0.0,0.8888888888888888,0.25,0.5707693054036078,0.0,1.0,0.0,0.6875,0.3893219017926768,0.36820083682008353,0.7977782815688053,0.8778827977315693,0.0,0.0,0.0,0.0,0.0,0.0,0.0,0.0,0.0,1.0,0.0,0.0,0.0,1.0,0.0,0.0,0.0,1.0,0.0,0.0,0.0,0.0,0.0,1.0,0.0
4663,0.2716049382716049,1.0,0.0,0.0,0.8888888888888888,0.25,0.5226119446684994,0.0,1.0,0.0,0.6875,0.3893219017926768,0.36820083682008353,0.7977782815688053,0.8778827977315693,0.0,0.0,0.0,0.0,1.0,0.0,0.0,0.0,0.0,0.0,0.0,0.0,1.0,0.0,0.0,0.0,0.0,1.0,0.0,0.0,0.0,0.0,0.0,1.0,0.0
4664,0.25925925925925924,0.0,0.0,0.0,0.8888888888888888,0.25,0.7519141251318812,0.0,1.0,0.0,0.6875,0.3893219017926768,0.36820083682008353,0.7977782815688053,0.8778827977315693,1.0,1.0,0.0,0.0,0.0,0.0,0.0,0.0,0.0,0.0,0.0,0.0,0.0,0.0,0.0,0.0,0.0,0.0,0.0,0.0,0.0,1.0,0.0,1.0,0.0
4665,0.2839506172839506,0.0,0.0,0.0,0.8888888888888888,0.25,0.5743891340707834,0.02631578947368421,1.0,0.14285714285714285,0.6875,0.3893219017926768,0.36820083682008353,0.7977782815688053,0.8778827977315693,0.0,0.0,0.0,0.0,1.0,0.0,0.0,0.0,0.0,0.0,0.0,0.0,1.0,0.0,0.0,0.0,0.0,0.0,0.0,0.0,1.0,0.0,0.0,0.0,0.0
4666,0.16049382716049382,1.0,1.0,0.0,0.8888888888888888,0.25,0.8034238072663552,0.0,1.0,0.0,0.6875,0.3893219017926768,0.36820083682008353,0.7977782815688053,0.8778827977315693,1.0,0.0,0.0,0.0,0.0,0.0,0.0,0.0,0.0,0.0,1.0,0.0,1.0,0.0,0.0,0.0,0.0,1.0,0.0,0.0,0.0,0.0,0.0,1.0,0.0
4667,0.16049382716049382,0.0,1.0,0.0,0.8888888888888888,0.25,0.6226787043279698,0.0,1.0,0.0,0.6875,0.3893219017926768,0.36820083682008353,0.7977782815688053,0.8778827977315693,0.0,0.0,0.0,0.0,0.0,0.0,0.0,0.0,0.0,0.0,0.0,0.0,0.0,0.0,0.0,0.0,0.0,0.0,0.0,0.0,1.0,0.0,0.0,1.0,0.0
4668,0.39506172839506176,1.0,0.0,0.0,0.8888888888888888,0.25,0.4279079916652397,0.0,1.0,0.14285714285714285,0.6875,0.3893219017926768,0.36820083682008353,0.7977782815688053,0.8778827977315693,0.0,0.0,0.0,0.0,1.0,0.0,0.0,0.0,0.0,0.0,0.0,0.0,1.0,0.0,0.0,0.0,0.0,0.0,0.0,0.0,1.0,0.0,0.0,0.0,0.0
4669,0.16049382716049382,0.0,0.0,0.0,0.8888888888888888,0.25,0.7197032784574716,0.0,1.0,0.0,0.6875,0.3893219017926768,0.36820083682008353,0.7977782815688053,0.8778827977315693,1.0,0.0,0.0,0.0,0.0,0.0,0.0,0.0,0.0,0.0,0.0,0.0,0.0,0.0,0.0,0.0,0.0,0.0,0.0,0.0,1.0,0.0,0.0,1.0,0.0
4670,0.2345679012345679,0.0,0.0,0.0,0.8888888888888888,0.25,0.6461771040195569,0.0,1.0,0.14285714285714285,0.6875,0.3893219017926768,0.36820083682008353,0.7977782815688053,0.8778827977315693,0.0,0.0,0.0,1.0,0.0,0.0,0.0,0.0,0.0,0.0,0.0,0.0,1.0,0.0,0.0,0.0,0.0,0.0,0.0,0.0,0.0,0.0,0.0,0.0,0.0
4671,0.43209876543209874,1.0,0.0,0.0,0.8888888888888888,0.25,0.710546265890685,0.0,1.0,0.0,0.6875,0.3893219017926768,0.36820083682008353,0.7977782815688053,0.8778827977315693,1.0,0.0,0.0,0.0,1.0,0.0,0.0,0.0,0.0,0.0,0.0,0.0,1.0,0.0,0.0,0.0,0.0,0.0,0.0,0.0,1.0,0.0,1.0,1.0,0.0
4672,0.39506172839506176,0.0,0.0,0.0,0.8888888888888888,0.25,0.4182339006857429,0.0,1.0,0.14285714285714285,0.6875,0.3893219017926768,0.36820083682008353,0.7977782815688053,0.8778827977315693,0.0,1.0,0.0,0.0,0.0,0.0,0.0,0.0,0.0,0.0,0.0,0.0,1.0,0.0,0.0,0.0,0.0,0.0,0.0,0.0,0.0,0.0,0.0,0.0,0.0
4673,0.419753086419753,1.0,0.0,0.0,0.8888888888888888,0.25,0.5529417104829256,0.0,1.0,0.0,0.6875,0.3893219017926768,0.36820083682008353,0.7977782815688053,0.8778827977315693,0.0,0.0,0.0,0.0,0.0,0.0,0.0,0.0,0.0,0.0,0.0,0.0,1.0,0.0,0.0,0.0,0.0,1.0,0.0,0.0,0.0,0.0,0.0,1.0,0.0
4674,0.4691358024691357,1.0,0.0,0.0,0.8888888888888888,0.25,0.6184662540070037,0.0,1.0,0.0,0.6875,0.3893219017926768,0.36820083682008353,0.7977782815688053,0.8778827977315693,0.0,0.0,0.0,0.0,0.0,0.0,0.0,0.0,0.0,0.0,0.0,0.0,1.0,0.0,0.0,0.0,0.0,1.0,0.0,0.0,0.0,0.0,0.0,1.0,0.0
4675,0.4938271604938272,1.0,1.0,0.0,0.8888888888888888,0.25,0.7544482031445144,0.02631578947368421,1.0,0.14285714285714285,0.6875,0.3893219017926768,0.36820083682008353,0.7977782815688053,0.8778827977315693,1.0,0.0,0.0,0.0,1.0,0.0,0.0,0.0,0.0,0.0,0.0,0.0,1.0,0.0,0.0,0.0,0.0,0.0,0.0,0.0,1.0,0.0,0.0,0.0,0.0
4676,0.4567901234567901,0.0,0.0,0.0,0.8888888888888888,0.25,0.8853431815249341,0.0,1.0,0.0,0.6875,0.3893219017926768,0.36820083682008353,0.7977782815688053,0.8778827977315693,1.0,0.0,1.0,0.0,0.0,0.0,0.0,0.0,0.0,0.0,0.0,0.0,1.0,0.0,0.0,0.0,0.0,0.0,0.0,1.0,0.0,0.0,0.0,1.0,0.0
4677,0.38271604938271603,1.0,0.0,0.0,0.8888888888888888,0.25,0.5198109754500708,0.0,1.0,0.14285714285714285,0.6875,0.3893219017926768,0.36820083682008353,0.7977782815688053,0.8778827977315693,0.0,0.0,0.0,0.0,0.0,0.0,0.0,0.0,0.0,1.0,0.0,0.0,1.0,0.0,0.0,0.0,0.0,0.0,0.0,0.0,1.0,0.0,0.0,0.0,0.0
4678,0.35802469135802467,0.0,0.0,0.0,0.8888888888888888,0.25,0.7381325683537684,0.0,1.0,0.0,0.6875,0.3893219017926768,0.36820083682008353,0.7977782815688053,0.8778827977315693,0.0,0.0,0.0,0.0,0.0,0.0,0.0,0.0,0.0,1.0,0.0,0.0,1.0,0.0,0.0,0.0,1.0,0.0,0.0,0.0,0.0,0.0,0.0,1.0,0.0
4679,0.4444444444444445,1.0,0.0,0.0,0.8888888888888888,0.25,0.49977237288625836,0.0,1.0,0.0,0.6875,0.3893219017926768,0.36820083682008353,0.7977782815688053,0.8778827977315693,0.0,0.0,0.0,0.0,0.0,0.0,0.0,0.0,0.0,0.0,0.0,0.0,0.0,0.0,0.0,0.0,0.0,0.0,0.0,0.0,1.0,0.0,0.0,1.0,0.0
4680,0.24691358024691357,0.0,0.0,0.0,0.8888888888888888,0.25,0.623268355434684,0.0,1.0,0.0,0.6875,0.3893219017926768,0.36820083682008353,0.7977782815688053,0.8778827977315693,0.0,0.0,1.0,0.0,0.0,0.0,0.0,0.0,0.0,0.0,0.0,0.0,0.0,1.0,0.0,0.0,0.0,0.0,0.0,0.0,1.0,0.0,0.0,1.0,0.0
4681,0.20987654320987653,0.0,0.0,0.0,0.8888888888888888,0.25,0.5743891340707834,0.0,1.0,0.0,0.6875,0.3893219017926768,0.36820083682008353,0.7977782815688053,0.8778827977315693,0.0,0.0,0.0,0.0,0.0,0.0,0.0,0.0,0.0,1.0,0.0,0.0,1.0,0.0,0.0,0.0,0.0,0.0,0.0,0.0,1.0,0.0,0.0,1.0,0.0
4682,0.34567901234567905,1.0,0.0,0.0,0.8888888888888888,0.25,0.5154803582186305,0.0,1.0,0.0,0.6875,0.3893219017926768,0.36820083682008353,0.7977782815688053,0.8778827977315693,0.0,0.0,0.0,0.0,0.0,0.0,0.0,0.0,0.0,1.0,0.0,0.0,1.0,0.0,0.0,0.0,0.0,1.0,0.0,0.0,0.0,0.0,0.0,1.0,0.0
4683,0.19753086419753085,0.0,0.0,1.0,0.8888888888888888,0.25,0.5612001989464611,0.0,1.0,0.0,0.6875,0.3893219017926768,0.36820083682008353,0.7977782815688053,0.8778827977315693,0.0,0.0,0.0,0.0,0.0,0.0,0.0,0.0,0.0,1.0,0.0,0.0,0.0,1.0,0.0,0.0,1.0,0.0,0.0,0.0,0.0,0.0,0.0,1.0,0.0
4684,0.2345679012345679,0.0,0.0,1.0,0.8888888888888888,0.25,0.3463695194647243,0.0,1.0,0.0,0.6875,0.3893219017926768,0.36820083682008353,0.7977782815688053,0.8778827977315693,0.0,0.0,0.0,0.0,0.0,0.0,0.0,0.0,0.0,1.0,0.0,0.0,0.0,1.0,0.0,0.0,0.0,0.0,0.0,0.0,1.0,0.0,0.0,1.0,0.0
4685,0.3703703703703703,0.0,0.0,0.0,0.8888888888888888,0.25,0.56984667205054,0.02631578947368421,1.0,0.0,0.6875,0.3893219017926768,0.36820083682008353,0.7977782815688053,0.8778827977315693,0.0,0.0,0.0,0.0,1.0,0.0,0.0,0.0,0.0,0.0,0.0,0.0,1.0,0.0,0.0,0.0,0.0,0.0,0.0,0.0,1.0,0.0,0.0,1.0,0.0
4686,0.4444444444444445,0.0,0.0,0.0,0.8888888888888888,0.25,0.7798461373107751,0.0,1.0,0.0,0.6875,0.3893219017926768,0.36820083682008353,0.7977782815688053,0.8778827977315693,0.0,0.0,0.0,0.0,1.0,0.0,0.0,0.0,0.0,0.0,0.0,0.0,1.0,0.0,0.0,0.0,0.0,0.0,0.0,0.0,1.0,0.0,0.0,1.0,0.0
4687,0.34567901234567905,0.0,0.0,0.0,0.8888888888888888,0.25,0.49977237288625836,0.0,1.0,0.0,0.6875,0.3893219017926768,0.36820083682008353,0.7977782815688053,0.8778827977315693,0.0,0.0,0.0,0.0,1.0,0.0,0.0,0.0,0.0,0.0,0.0,0.0,1.0,0.0,0.0,0.0,0.0,0.0,0.0,0.0,1.0,0.0,0.0,1.0,0.0
4688,0.2222222222222222,0.0,0.0,0.0,0.8888888888888888,0.25,0.6636865816722366,0.0,1.0,0.0,0.6875,0.3893219017926768,0.36820083682008353,0.7977782815688053,0.8778827977315693,0.0,0.0,0.0,0.0,0.0,0.0,0.0,1.0,0.0,0.0,0.0,0.0,1.0,0.0,0.0,0.0,1.0,0.0,0.0,0.0,0.0,0.0,0.0,1.0,0.0
4689,0.3209876543209876,0.0,0.0,0.0,0.8888888888888888,0.25,0.6532232308583403,0.02631578947368421,1.0,0.0,0.6875,0.3893219017926768,0.36820083682008353,0.7977782815688053,0.8778827977315693,0.0,0.0,0.0,0.0,1.0,0.0,0.0,0.0,0.0,0.0,0.0,0.0,1.0,0.0,0.0,0.0,0.0,0.0,0.0,1.0,0.0,0.0,0.0,1.0,0.0
4690,0.3703703703703703,0.5,0.5,0.0,0.8888888888888888,0.25,0.5689167450775122,0.0,1.0,0.0,0.6875,0.3893219017926768,0.36820083682008353,0.7977782815688053,0.8778827977315693,0.0,0.0,0.0,0.0,0.0,0.0,0.0,1.0,0.0,0.0,0.0,0.0,1.0,0.0,0.0,0.0,0.0,1.0,0.0,0.0,0.0,0.0,0.0,1.0,0.0
4691,0.25925925925925924,0.0,0.0,0.0,0.8888888888888888,0.25,0.5838049699531718,0.0,1.0,0.0,0.6875,0.3893219017926768,0.36820083682008353,0.7977782815688053,0.8778827977315693,0.0,0.0,0.0,0.0,0.0,0.0,0.0,0.0,0.0,1.0,0.0,0.0,1.0,0.0,0.0,0.0,1.0,0.0,0.0,0.0,0.0,0.0,0.0,1.0,0.0
4692,0.2345679012345679,0.0,0.0,0.0,0.8888888888888888,0.25,0.5266921854673875,0.0,1.0,0.0,0.6875,0.3893219017926768,0.36820083682008353,0.7977782815688053,0.8778827977315693,0.0,0.0,0.0,0.0,0.0,0.0,0.0,1.0,0.0,0.0,0.0,0.0,0.0,0.0,0.0,0.0,0.0,1.0,0.0,0.0,0.0,0.0,0.0,1.0,0.0
4693,0.34567901234567905,1.0,1.0,0.0,0.8888888888888888,0.25,0.5679794082497067,0.0,1.0,0.0,0.6875,0.3893219017926768,0.36820083682008353,0.7977782815688053,0.8778827977315693,0.0,0.0,0.0,0.0,0.0,0.0,0.0,0.0,0.0,1.0,0.0,0.0,0.0,0.0,0.0,0.0,0.0,0.0,0.0,1.0,0.0,0.0,0.0,1.0,0.0
4694,0.2345679012345679,1.0,0.0,1.0,0.8888888888888888,0.25,0.5940405662922726,0.07894736842105263,1.0,0.0,0.6875,0.3893219017926768,0.36820083682008353,0.7977782815688053,0.8778827977315693,0.0,0.0,0.0,0.0,1.0,0.0,0.0,0.0,0.0,0.0,0.0,0.0,1.0,0.0,0.0,0.0,0.0,0.0,0.0,0.0,1.0,0.0,0.0,1.0,0.0
4695,0.16049382716049382,1.0,1.0,0.0,0.8888888888888888,0.25,0.7003106695515843,0.02631578947368421,1.0,0.0,0.6875,0.3893219017926768,0.36820083682008353,0.7977782815688053,0.8778827977315693,0.0,0.0,0.0,0.0,0.0,0.0,0.0,0.0,0.0,0.0,0.0,0.0,0.0,0.0,0.0,0.0,0.0,0.0,0.0,0.0,1.0,0.0,0.0,1.0,0.0
4696,0.3209876543209876,1.0,0.0,0.0,0.8888888888888888,0.25,0.5932840675469451,0.05263157894736842,1.0,0.14285714285714285,0.6875,0.3893219017926768,0.36820083682008353,0.7977782815688053,0.8778827977315693,0.0,0.0,1.0,0.0,0.0,0.0,0.0,0.0,0.0,0.0,0.0,0.0,1.0,0.0,0.0,0.0,0.0,0.0,0.0,0.0,0.0,0.0,0.0,0.0,0.0
4697,0.35802469135802467,0.0,1.0,0.0,0.8888888888888888,0.25,0.5393533347388635,0.02631578947368421,1.0,0.0,0.6875,0.3893219017926768,0.36820083682008353,0.7977782815688053,0.8778827977315693,0.0,1.0,0.0,0.0,0.0,0.0,0.0,0.0,0.0,0.0,0.0,0.0,1.0,0.0,0.0,1.0,0.0,0.0,0.0,0.0,0.0,0.0,0.0,1.0,0.0
4698,0.2716049382716049,0.0,0.0,0.0,0.8888888888888888,0.25,0.5670345425314071,0.02631578947368421,1.0,0.0,0.6875,0.3893219017926768,0.36820083682008353,0.7977782815688053,0.8778827977315693,0.0,0.0,0.0,0.0,0.0,0.0,0.0,0.0,0.0,0.0,0.0,0.0,1.0,0.0,0.0,0.0,0.0,0.0,0.0,0.0,1.0,0.0,0.0,1.0,0.0
4699,0.419753086419753,1.0,1.0,0.0,0.8888888888888888,0.25,0.4735228478707203,0.02631578947368421,1.0,0.0,0.6875,0.3893219017926768,0.36820083682008353,0.7977782815688053,0.8778827977315693,0.0,0.0,0.0,0.0,0.0,0.0,1.0,0.0,0.0,0.0,0.0,0.0,1.0,0.0,0.0,0.0,0.0,0.0,0.0,0.0,1.0,0.0,0.0,1.0,0.0
4700,0.3703703703703703,0.0,0.0,0.0,0.8888888888888888,0.25,0.5813108450867737,0.02631578947368421,1.0,0.0,0.6875,0.3893219017926768,0.36820083682008353,0.7977782815688053,0.8778827977315693,0.0,0.0,0.0,0.0,1.0,0.0,0.0,0.0,0.0,0.0,0.0,0.0,1.0,0.0,0.0,0.0,0.0,0.0,0.0,0.0,1.0,0.0,0.0,1.0,0.0
4701,0.20987654320987653,1.0,1.0,0.0,0.8888888888888888,0.25,0.5154803582186305,0.02631578947368421,1.0,0.0,0.6875,0.3893219017926768,0.36820083682008353,0.7977782815688053,0.8778827977315693,0.0,0.0,0.0,0.0,1.0,0.0,0.0,0.0,0.0,0.0,0.0,0.0,0.0,1.0,0.0,0.0,0.0,0.0,0.0,0.0,1.0,0.0,0.0,1.0,0.0
4702,0.4444444444444445,0.0,0.0,0.0,0.8888888888888888,0.25,0.7521110040891097,0.02631578947368421,1.0,0.0,0.6875,0.3893219017926768,0.36820083682008353,0.7977782815688053,0.8778827977315693,0.0,0.0,0.0,0.0,0.0,0.0,1.0,0.0,0.0,0.0,0.0,0.0,0.0,0.0,0.0,0.0,0.0,0.0,0.0,0.0,1.0,0.0,0.0,1.0,0.0
4703,0.18518518518518517,1.0,0.0,0.0,0.8888888888888888,0.25,0.6255978404568726,0.02631578947368421,1.0,0.0,0.6875,0.3893219017926768,0.36820083682008353,0.7977782815688053,0.8778827977315693,0.0,0.0,0.0,0.0,0.0,0.0,0.0,0.0,1.0,0.0,0.0,0.0,0.0,1.0,0.0,0.0,0.0,0.0,0.0,0.0,1.0,0.0,0.0,1.0,0.0
4704,0.2222222222222222,0.0,0.0,0.0,0.8888888888888888,0.25,0.5253477691257531,0.02631578947368421,1.0,0.14285714285714285,0.6875,0.3893219017926768,0.36820083682008353,0.7977782815688053,0.8778827977315693,0.0,1.0,0.0,0.0,0.0,0.0,0.0,0.0,0.0,0.0,0.0,0.0,1.0,0.0,0.0,1.0,0.0,0.0,0.0,0.0,0.0,0.0,0.0,0.0,0.0
4705,0.3703703703703703,0.0,0.0,0.0,0.8888888888888888,0.25,0.5829794567444476,0.05263157894736842,1.0,0.0,0.6875,0.3893219017926768,0.36820083682008353,0.7977782815688053,0.8778827977315693,0.0,0.0,0.0,0.0,1.0,0.0,0.0,0.0,0.0,0.0,0.0,0.0,1.0,0.0,0.0,0.0,0.0,0.0,0.0,0.0,1.0,0.0,0.0,1.0,0.0
4706,0.4938271604938272,0.0,1.0,0.0,0.8888888888888888,0.25,0.6190773470668909,0.02631578947368421,1.0,0.0,0.6875,0.3893219017926768,0.36820083682008353,0.7977782815688053,0.8778827977315693,0.0,0.0,0.0,0.0,0.0,0.0,0.0,0.0,0.0,0.0,0.0,0.0,1.0,0.0,0.0,0.0,0.0,0.0,0.0,0.0,1.0,0.0,0.0,1.0,0.0
4707,0.2716049382716049,0.0,1.0,0.0,0.8888888888888888,0.25,0.8553261763099129,0.02631578947368421,1.0,0.0,0.6875,0.3893219017926768,0.36820083682008353,0.7977782815688053,0.8778827977315693,1.0,0.0,0.0,0.0,0.0,0.0,0.0,0.0,0.0,1.0,0.0,0.0,1.0,0.0,0.0,0.0,0.0,0.0,0.0,0.0,1.0,0.0,0.0,1.0,0.0
4708,0.20987654320987653,1.0,1.0,0.0,0.8888888888888888,0.25,0.5761581170225034,0.02631578947368421,1.0,0.0,0.6875,0.3893219017926768,0.36820083682008353,0.7977782815688053,0.8778827977315693,0.0,1.0,0.0,0.0,0.0,0.0,0.0,0.0,0.0,0.0,0.0,0.0,1.0,0.0,0.0,0.0,1.0,0.0,0.0,0.0,0.0,0.0,0.0,1.0,0.0
4709,0.4074074074074074,0.0,0.0,0.0,0.8888888888888888,0.25,0.7974233747682028,0.02631578947368421,1.0,0.0,0.6875,0.3893219017926768,0.36820083682008353,0.7977782815688053,0.8778827977315693,0.0,0.0,0.0,1.0,0.0,0.0,0.0,0.0,0.0,0.0,0.0,0.0,1.0,0.0,0.0,0.0,0.0,0.0,0.0,0.0,0.0,0.0,0.0,1.0,0.0
4710,0.18518518518518517,0.0,0.0,0.0,0.8888888888888888,0.25,0.580467578755373,0.02631578947368421,1.0,0.0,0.6875,0.3893219017926768,0.36820083682008353,0.7977782815688053,0.8778827977315693,0.0,0.0,0.0,0.0,0.0,0.0,0.0,0.0,0.0,0.0,0.0,0.0,1.0,0.0,0.0,0.0,0.0,0.0,0.0,0.0,1.0,0.0,0.0,1.0,0.0
4711,0.16049382716049382,1.0,0.0,0.0,0.8888888888888888,0.25,0.5787626916748434,0.02631578947368421,1.0,0.14285714285714285,0.6875,0.3893219017926768,0.36820083682008353,0.7977782815688053,0.8778827977315693,0.0,1.0,0.0,0.0,0.0,0.0,0.0,0.0,0.0,0.0,0.0,0.0,1.0,0.0,0.0,0.0,1.0,0.0,0.0,0.0,0.0,0.0,0.0,0.0,0.0
4712,0.1728395061728395,1.0,0.0,0.0,0.8888888888888888,0.25,0.5226119446684994,0.07894736842105263,1.0,0.0,0.6875,0.3893219017926768,0.36820083682008353,0.7977782815688053,0.8778827977315693,0.0,0.0,0.0,0.0,0.0,0.0,0.0,0.0,0.0,0.0,0.0,0.0,0.0,1.0,0.0,0.0,0.0,0.0,0.0,0.0,1.0,0.0,0.0,1.0,0.0
4713,0.1728395061728395,0.0,0.0,0.0,0.8888888888888888,0.25,0.6541316149049302,0.0,1.0,0.14285714285714285,0.6875,0.3893219017926768,0.36820083682008353,0.7977782815688053,0.8778827977315693,0.0,0.0,0.0,0.0,0.0,0.0,0.0,0.0,0.0,1.0,0.0,0.0,0.0,1.0,0.0,0.0,0.0,0.0,0.0,0.0,1.0,0.0,0.0,0.0,0.0
4714,0.2345679012345679,1.0,0.0,0.0,0.8888888888888888,0.25,0.6576965892230189,0.02631578947368421,1.0,0.0,0.6875,0.3893219017926768,0.36820083682008353,0.7977782815688053,0.8778827977315693,0.0,0.0,0.0,0.0,1.0,0.0,0.0,0.0,0.0,0.0,0.0,0.0,1.0,0.0,0.0,0.0,0.0,0.0,0.0,0.0,1.0,0.0,0.0,1.0,0.0
4715,0.25925925925925924,0.0,0.0,0.0,0.8888888888888888,0.25,0.8810181100009061,0.02631578947368421,1.0,0.0,0.6875,0.3893219017926768,0.36820083682008353,0.7977782815688053,0.8778827977315693,1.0,0.0,0.0,0.0,0.0,0.0,1.0,0.0,0.0,0.0,0.0,0.0,1.0,0.0,0.0,0.0,0.0,0.0,0.0,1.0,0.0,0.0,0.0,1.0,0.0
4716,0.48148148148148145,1.0,0.0,0.0,0.8888888888888888,0.25,0.809375010024547,0.02631578947368421,1.0,0.0,0.6875,0.3893219017926768,0.36820083682008353,0.7977782815688053,0.8778827977315693,0.0,0.0,0.0,0.0,0.0,1.0,0.0,0.0,0.0,0.0,0.0,0.0,0.0,0.0,0.0,0.0,0.0,0.0,0.0,0.0,1.0,0.0,0.0,1.0,0.0
4717,0.2716049382716049,1.0,0.0,0.0,0.8888888888888888,0.25,0.4796617267459457,0.0,1.0,0.0,0.6875,0.3893219017926768,0.36820083682008353,0.7977782815688053,0.8778827977315693,0.0,0.0,0.0,0.0,0.0,0.0,0.0,0.0,0.0,1.0,0.0,0.0,0.0,1.0,0.0,0.0,0.0,0.0,0.0,1.0,0.0,0.0,0.0,1.0,0.0
4718,0.4074074074074074,1.0,0.0,1.0,0.8888888888888888,0.25,0.5902084636135368,0.02631578947368421,1.0,0.0,0.6875,0.3893219017926768,0.36820083682008353,0.7977782815688053,0.8778827977315693,1.0,0.0,0.0,1.0,0.0,0.0,0.0,0.0,0.0,0.0,0.0,0.0,1.0,0.0,0.0,0.0,0.0,0.0,0.0,0.0,0.0,0.0,0.0,1.0,0.0
4719,0.20987654320987653,1.0,0.0,0.0,0.8888888888888888,0.25,0.5743891340707834,0.02631578947368421,1.0,0.0,0.6875,0.3893219017926768,0.36820083682008353,0.7977782815688053,0.8778827977315693,0.0,0.0,0.0,0.0,0.0,0.0,0.0,0.0,0.0,1.0,0.0,0.0,0.0,1.0,0.0,0.0,0.0,0.0,0.0,1.0,0.0,0.0,0.0,1.0,0.0
4720,0.2716049382716049,0.0,0.0,0.0,0.8888888888888888,0.25,0.5591892927228724,0.02631578947368421,1.0,0.0,0.6875,0.3893219017926768,0.36820083682008353,0.7977782815688053,0.8778827977315693,0.0,0.0,0.0,0.0,0.0,0.0,1.0,0.0,0.0,0.0,0.0,0.0,1.0,0.0,0.0,0.0,0.0,0.0,0.0,0.0,1.0,0.0,0.0,1.0,0.0
4721,0.4567901234567901,1.0,0.0,0.0,0.8888888888888888,0.25,0.5651217337279456,0.05263157894736842,1.0,0.0,0.6875,0.3893219017926768,0.36820083682008353,0.7977782815688053,0.8778827977315693,0.0,0.0,0.0,0.0,0.0,1.0,0.0,0.0,0.0,0.0,0.0,0.0,1.0,0.0,0.0,0.0,0.0,1.0,0.0,0.0,0.0,0.0,1.0,1.0,0.0
4722,0.18518518518518517,1.0,0.0,0.0,0.8888888888888888,0.25,0.4854960703308916,0.02631578947368421,1.0,0.14285714285714285,0.6875,0.3893219017926768,0.36820083682008353,0.7977782815688053,0.8778827977315693,0.0,1.0,0.0,0.0,0.0,0.0,0.0,0.0,0.0,0.0,0.0,0.0,1.0,0.0,0.0,0.0,1.0,0.0,0.0,0.0,0.0,0.0,0.0,0.0,0.0
4723,0.2839506172839506,1.0,0.0,0.0,0.8888888888888888,0.25,0.5813108450867737,0.02631578947368421,1.0,0.0,0.6875,0.3893219017926768,0.36820083682008353,0.7977782815688053,0.8778827977315693,0.0,1.0,0.0,0.0,0.0,0.0,0.0,0.0,0.0,0.0,0.0,0.0,0.0,1.0,0.0,0.0,0.0,1.0,0.0,0.0,0.0,0.0,0.0,1.0,0.0
4724,0.4567901234567901,0.0,0.0,0.0,0.8888888888888888,0.25,0.7879517638387855,0.02631578947368421,1.0,0.0,0.6875,0.3893219017926768,0.36820083682008353,0.7977782815688053,0.8778827977315693,0.0,0.0,0.0,0.0,0.0,0.0,0.0,0.0,0.0,1.0,0.0,0.0,1.0,0.0,0.0,0.0,0.0,0.0,0.0,0.0,1.0,0.0,0.0,1.0,0.0
4725,0.18518518518518517,0.0,0.0,1.0,0.8888888888888888,0.25,0.6697830312775754,0.02631578947368421,1.0,0.0,0.6875,0.3893219017926768,0.36820083682008353,0.7977782815688053,0.8778827977315693,0.0,1.0,0.0,0.0,0.0,0.0,0.0,0.0,0.0,0.0,0.0,0.0,1.0,0.0,0.0,0.0,1.0,0.0,0.0,0.0,0.0,0.0,0.0,1.0,0.0
4726,0.2839506172839506,1.0,0.0,0.0,0.8888888888888888,0.25,0.6594393640539922,0.10526315789473684,1.0,0.0,0.6875,0.3893219017926768,0.36820083682008353,0.7977782815688053,0.8778827977315693,0.0,0.0,0.0,0.0,0.0,0.0,0.0,0.0,0.0,0.0,0.0,0.0,1.0,0.0,0.0,0.0,0.0,0.0,0.0,1.0,0.0,0.0,0.0,1.0,0.0
4727,0.2222222222222222,0.0,1.0,1.0,0.8888888888888888,0.25,0.5154803582186305,0.07894736842105263,1.0,0.0,0.6875,0.3893219017926768,0.36820083682008353,0.7977782815688053,0.8778827977315693,0.0,0.0,0.0,0.0,0.0,0.0,0.0,0.0,0.0,0.0,0.0,0.0,1.0,0.0,0.0,0.0,0.0,0.0,0.0,0.0,1.0,0.0,0.0,1.0,0.0
4728,0.2345679012345679,1.0,0.0,0.0,0.8888888888888888,0.25,0.6452049071679414,0.05263157894736842,1.0,0.14285714285714285,0.6875,0.3893219017926768,0.36820083682008353,0.7977782815688053,0.8778827977315693,0.0,0.0,0.0,0.0,1.0,0.0,0.0,0.0,0.0,0.0,0.0,0.0,0.0,1.0,0.0,0.0,0.0,0.0,0.0,0.0,1.0,0.0,0.0,0.0,0.0
4729,0.2839506172839506,1.0,0.0,0.0,0.8888888888888888,0.25,0.7033271207099517,0.02631578947368421,1.0,0.0,0.6875,0.3893219017926768,0.36820083682008353,0.7977782815688053,0.8778827977315693,0.0,0.0,0.0,0.0,0.0,0.0,0.0,0.0,0.0,0.0,0.0,0.0,0.0,0.0,0.0,0.0,1.0,0.0,0.0,0.0,0.0,0.0,0.0,1.0,0.0
4730,0.2716049382716049,1.0,0.0,0.0,0.8888888888888888,0.25,0.7774917862208544,0.07894736842105263,1.0,0.14285714285714285,0.6875,0.3893219017926768,0.36820083682008353,0.7977782815688053,0.8778827977315693,1.0,1.0,0.0,0.0,0.0,0.0,0.0,0.0,0.0,0.0,0.0,0.0,1.0,0.0,0.0,0.0,1.0,0.0,0.0,0.0,0.0,0.0,0.0,0.0,0.0
4731,0.4074074074074074,0.0,1.0,0.0,0.8888888888888888,0.25,0.6172344610818086,0.0,1.0,0.14285714285714285,0.6875,0.3893219017926768,0.36820083682008353,0.7977782815688053,0.8778827977315693,0.0,0.0,0.0,0.0,0.0,0.0,0.0,0.0,0.0,0.0,0.0,0.0,1.0,0.0,0.0,0.0,0.0,0.0,0.0,0.0,1.0,0.0,0.0,0.0,0.0
4732,0.20987654320987653,1.0,0.0,0.0,0.8888888888888888,0.25,0.7489207028129266,0.07894736842105263,1.0,0.0,0.6875,0.3893219017926768,0.36820083682008353,0.7977782815688053,0.8778827977315693,0.0,0.0,0.0,0.0,0.0,0.0,1.0,0.0,0.0,0.0,0.0,0.0,0.0,1.0,0.0,0.0,0.0,1.0,0.0,0.0,0.0,0.0,0.0,1.0,0.0
4733,0.30864197530864196,1.0,0.0,1.0,0.8888888888888888,0.25,0.5591892927228724,0.07894736842105263,1.0,0.0,0.6875,0.3893219017926768,0.36820083682008353,0.7977782815688053,0.8778827977315693,0.0,0.0,0.0,0.0,0.0,0.0,0.0,0.0,0.0,1.0,0.0,0.0,0.0,1.0,0.0,0.0,0.0,0.0,0.0,0.0,0.0,1.0,0.0,1.0,0.0
4734,0.35802469135802467,1.0,0.0,0.0,0.8888888888888888,0.25,0.5932840675469451,0.02631578947368421,1.0,0.0,0.6875,0.3893219017926768,0.36820083682008353,0.7977782815688053,0.8778827977315693,0.0,0.0,0.0,0.0,0.0,0.0,0.0,0.0,0.0,0.0,0.0,0.0,1.0,0.0,0.0,0.0,0.0,1.0,0.0,0.0,0.0,0.0,0.0,1.0,0.0
4735,0.3209876543209876,1.0,0.0,0.0,0.8888888888888888,0.25,0.6020559671887218,0.05263157894736842,1.0,0.14285714285714285,0.6875,0.3893219017926768,0.36820083682008353,0.7977782815688053,0.8778827977315693,0.0,0.0,0.0,0.0,0.0,0.0,0.0,0.0,0.0,1.0,0.0,0.0,1.0,0.0,0.0,0.0,0.0,0.0,0.0,1.0,0.0,0.0,0.0,0.0,0.0
4736,0.5061728395061729,0.0,0.0,0.0,0.8888888888888888,0.25,0.49105467050389934,0.0,1.0,0.14285714285714285,0.6875,0.3893219017926768,0.36820083682008353,0.7977782815688053,0.8778827977315693,0.0,1.0,0.0,0.0,0.0,0.0,0.0,0.0,0.0,0.0,0.0,0.0,1.0,0.0,0.0,0.0,1.0,0.0,0.0,0.0,0.0,0.0,0.0,0.0,0.0
4737,0.4444444444444445,1.0,1.0,0.0,0.8888888888888888,0.25,0.5485843549516803,0.0,1.0,0.0,0.6875,0.3893219017926768,0.36820083682008353,0.7977782815688053,0.8778827977315693,0.0,0.0,0.0,0.0,0.0,0.0,0.0,1.0,0.0,0.0,0.0,0.0,0.0,0.0,0.0,0.0,0.0,0.0,0.0,0.0,1.0,0.0,0.0,1.0,0.0
4738,0.5061728395061729,1.0,0.0,0.0,0.8888888888888888,0.25,0.5962813035550764,0.0,1.0,0.0,0.6875,0.3893219017926768,0.36820083682008353,0.7977782815688053,0.8778827977315693,0.0,1.0,0.0,0.0,0.0,0.0,0.0,0.0,0.0,0.0,0.0,0.0,1.0,0.0,0.0,0.0,1.0,0.0,0.0,0.0,0.0,0.0,0.0,1.0,0.0
4739,0.2222222222222222,0.0,0.0,0.0,0.8888888888888888,0.25,0.8000699464522179,0.0,1.0,0.0,0.6875,0.3893219017926768,0.36820083682008353,0.7977782815688053,0.8778827977315693,1.0,0.0,0.0,0.0,0.0,0.0,0.0,0.0,0.0,0.0,0.0,0.0,0.0,1.0,0.0,0.0,0.0,0.0,0.0,0.0,1.0,0.0,0.0,1.0,0.0
4740,0.2345679012345679,0.0,0.0,0.0,0.8888888888888888,0.25,0.6480977205520548,0.0,1.0,0.14285714285714285,0.6875,0.3893219017926768,0.36820083682008353,0.7977782815688053,0.8778827977315693,0.0,1.0,0.0,0.0,0.0,0.0,0.0,0.0,0.0,0.0,0.0,0.0,1.0,0.0,0.0,1.0,0.0,0.0,0.0,0.0,0.0,0.0,0.0,0.0,0.0
4741,0.38271604938271603,1.0,0.0,0.0,0.8888888888888888,0.25,0.5829794567444476,0.02631578947368421,1.0,0.14285714285714285,0.6875,0.3893219017926768,0.36820083682008353,0.7977782815688053,0.8778827977315693,0.0,0.0,0.0,0.0,0.0,0.0,1.0,0.0,0.0,0.0,0.0,0.0,1.0,0.0,0.0,0.0,0.0,0.0,0.0,0.0,1.0,0.0,0.0,0.0,0.0
4742,0.1728395061728395,1.0,0.0,1.0,0.8888888888888888,0.25,0.608897147549857,0.07894736842105263,1.0,0.0,0.6875,0.3893219017926768,0.36820083682008353,0.7977782815688053,0.8778827977315693,0.0,0.0,0.0,0.0,0.0,0.0,1.0,0.0,0.0,0.0,0.0,0.0,0.0,1.0,0.0,0.0,0.0,0.0,0.0,0.0,1.0,0.0,0.0,1.0,0.0
4743,0.20987654320987653,1.0,0.0,0.0,0.8888888888888888,0.25,0.494619644821988,0.0,1.0,0.14285714285714285,0.6875,0.3893219017926768,0.36820083682008353,0.7977782815688053,0.8778827977315693,0.0,0.0,0.0,0.0,0.0,0.0,0.0,0.0,0.0,1.0,0.0,0.0,1.0,0.0,0.0,0.0,1.0,0.0,0.0,0.0,0.0,0.0,0.0,0.0,0.0
4744,0.24691358024691357,0.0,0.0,0.0,0.8888888888888888,0.25,0.7409778362545074,0.0,1.0,0.0,0.6875,0.3893219017926768,0.36820083682008353,0.7977782815688053,0.8778827977315693,1.0,0.0,1.0,0.0,0.0,0.0,0.0,0.0,0.0,0.0,0.0,0.0,1.0,0.0,0.0,0.0,0.0,0.0,0.0,0.0,1.0,0.0,0.0,1.0,0.0
4745,0.30864197530864196,1.0,1.0,0.0,0.8888888888888888,0.25,0.6665709505038611,0.0,1.0,0.0,0.6875,0.3893219017926768,0.36820083682008353,0.7977782815688053,0.8778827977315693,0.0,1.0,0.0,0.0,0.0,0.0,0.0,0.0,0.0,0.0,0.0,0.0,1.0,0.0,0.0,1.0,0.0,0.0,0.0,0.0,0.0,0.0,0.0,1.0,0.0
4746,0.2345679012345679,1.0,0.0,0.0,0.8888888888888888,0.25,0.8272838062203017,0.0,1.0,0.14285714285714285,0.6875,0.3893219017926768,0.36820083682008353,0.7977782815688053,0.8778827977315693,1.0,0.0,0.0,0.0,0.0,0.0,0.0,0.0,0.0,1.0,0.0,0.0,0.0,1.0,0.0,0.0,0.0,0.0,0.0,1.0,0.0,0.0,0.0,0.0,0.0
4747,0.25925925925925924,0.0,0.0,1.0,0.8888888888888888,0.5,0.481638834621511,0.10526315789473684,1.0,0.0,0.6875,0.3893219017926768,0.36820083682008353,0.7902969848107007,0.8778827977315693,0.0,0.0,0.0,0.0,0.0,0.0,0.0,0.0,0.0,1.0,0.0,0.0,0.0,0.0,0.0,0.0,0.0,1.0,0.0,0.0,0.0,0.0,0.0,1.0,0.0
4748,0.14814814814814814,0.0,0.0,0.0,0.8888888888888888,0.5,0.6290077936901697,0.0,1.0,0.14285714285714285,0.6875,0.3893219017926768,0.36820083682008353,0.7902969848107007,0.8778827977315693,0.0,0.0,0.0,0.0,1.0,0.0,0.0,0.0,0.0,0.0,0.0,0.0,0.0,1.0,0.0,0.0,0.0,0.0,0.0,0.0,1.0,0.0,0.0,0.0,0.0
4749,0.14814814814814814,1.0,0.0,1.0,0.8888888888888888,0.5,0.5463436176888766,0.0,1.0,0.0,0.6875,0.3893219017926768,0.36820083682008353,0.7902969848107007,0.8778827977315693,0.0,0.0,0.0,0.0,1.0,0.0,0.0,0.0,0.0,0.0,0.0,0.0,0.0,1.0,0.0,0.0,0.0,0.0,0.0,0.0,1.0,0.0,0.0,1.0,0.0
4750,0.2222222222222222,1.0,1.0,0.0,0.8888888888888888,0.5,0.7892500190089669,0.05263157894736842,1.0,0.0,0.6875,0.3893219017926768,0.36820083682008353,0.7902969848107007,0.8778827977315693,1.0,0.0,0.0,0.0,0.0,0.0,0.0,0.0,0.0,1.0,0.0,0.0,0.0,1.0,0.0,0.0,0.0,1.0,0.0,0.0,0.0,0.0,0.0,1.0,0.0
4751,0.1728395061728395,0.0,0.0,0.0,0.8888888888888888,0.5,0.7338462498046386,0.0,1.0,0.0,0.6875,0.3893219017926768,0.36820083682008353,0.7902969848107007,0.8778827977315693,1.0,0.0,0.0,0.0,0.0,0.0,0.0,0.0,0.0,0.0,0.0,0.0,0.0,1.0,0.0,0.0,0.0,1.0,0.0,0.0,0.0,0.0,0.0,1.0,0.0
4752,0.39506172839506176,0.0,0.0,0.0,0.8888888888888888,0.5,0.6940353071368747,0.02631578947368421,0.006006006006006006,0.14285714285714285,0.6875,0.3893219017926768,0.36820083682008353,0.7902969848107007,0.8778827977315693,0.0,0.0,0.0,0.0,1.0,0.0,0.0,0.0,0.0,0.0,0.0,0.0,0.0,0.0,0.0,0.0,0.0,0.0,0.0,0.0,1.0,0.0,0.0,0.0,1.0
4753,0.2716049382716049,0.0,0.0,0.0,0.8888888888888888,0.5,0.5970188304191458,0.0,1.0,0.14285714285714285,0.6875,0.3893219017926768,0.36820083682008353,0.7902969848107007,0.8778827977315693,0.0,0.0,0.0,0.0,0.0,0.0,1.0,0.0,0.0,0.0,0.0,0.0,1.0,0.0,0.0,0.0,0.0,0.0,0.0,0.0,0.0,0.0,1.0,0.0,0.0
4754,0.29629629629629634,0.0,0.0,0.0,0.8888888888888888,0.5,0.5821481094717212,0.0,1.0,0.14285714285714285,0.6875,0.3893219017926768,0.36820083682008353,0.7902969848107007,0.8778827977315693,0.0,0.0,0.0,0.0,1.0,0.0,0.0,0.0,0.0,0.0,0.0,0.0,1.0,0.0,0.0,0.0,0.0,0.0,0.0,0.0,1.0,0.0,0.0,0.0,0.0
4755,0.5061728395061729,0.0,0.0,0.0,0.8888888888888888,0.5,0.6172344610818086,0.0,1.0,0.0,0.6875,0.3893219017926768,0.36820083682008353,0.7902969848107007,0.8778827977315693,0.0,0.0,0.0,0.0,0.0,1.0,0.0,0.0,0.0,0.0,0.0,0.0,1.0,0.0,0.0,0.0,0.0,0.0,0.0,1.0,0.0,0.0,0.0,1.0,0.0
4756,0.16049382716049382,0.0,0.0,0.0,0.8888888888888888,0.5,0.4039575981303762,0.0,1.0,0.0,0.6875,0.3893219017926768,0.36820083682008353,0.7902969848107007,0.8778827977315693,0.0,1.0,0.0,0.0,0.0,0.0,0.0,0.0,0.0,0.0,0.0,0.0,0.0,1.0,0.0,0.0,1.0,0.0,0.0,0.0,0.0,0.0,0.0,1.0,0.0
4757,0.5061728395061729,0.0,0.0,0.0,0.8888888888888888,0.5,0.7481094227043764,0.0,1.0,0.0,0.6875,0.3893219017926768,0.36820083682008353,0.7902969848107007,0.8778827977315693,0.0,0.0,0.0,0.0,0.0,1.0,0.0,0.0,0.0,0.0,0.0,0.0,1.0,0.0,0.0,0.0,0.0,0.0,0.0,1.0,0.0,0.0,0.0,1.0,0.0
4758,0.18518518518518517,0.0,0.0,0.0,0.8888888888888888,0.5,0.6693862850347637,0.0,1.0,0.14285714285714285,0.6875,0.3893219017926768,0.36820083682008353,0.7902969848107007,0.8778827977315693,0.0,0.0,0.0,0.0,0.0,0.0,0.0,0.0,0.0,1.0,0.0,0.0,0.0,1.0,0.0,0.0,0.0,0.0,0.0,1.0,0.0,0.0,0.0,0.0,0.0
4759,0.18518518518518517,1.0,0.0,0.0,0.8888888888888888,0.5,0.4796617267459457,0.0,1.0,0.0,0.6875,0.3893219017926768,0.36820083682008353,0.7902969848107007,0.8778827977315693,0.0,0.0,0.0,0.0,0.0,0.0,0.0,0.0,0.0,1.0,0.0,0.0,0.0,1.0,0.0,0.0,0.0,0.0,0.0,0.0,1.0,0.0,0.0,1.0,0.0
4760,0.25925925925925924,1.0,0.0,1.0,0.8888888888888888,0.5,0.5689167450775122,0.0,1.0,0.0,0.6875,0.3893219017926768,0.36820083682008353,0.7902969848107007,0.8778827977315693,0.0,0.0,0.0,0.0,0.0,0.0,0.0,0.0,0.0,0.0,0.0,0.0,1.0,0.0,0.0,0.0,0.0,1.0,0.0,0.0,0.0,0.0,0.0,1.0,0.0
4761,0.2716049382716049,0.0,0.0,1.0,0.8888888888888888,0.5,0.5014409845439322,0.0,1.0,0.0,0.6875,0.3893219017926768,0.36820083682008353,0.7902969848107007,0.8778827977315693,0.0,0.0,0.0,0.0,0.0,0.0,0.0,0.0,0.0,1.0,0.0,0.0,1.0,0.0,0.0,0.0,0.0,0.0,0.0,1.0,0.0,0.0,0.0,1.0,0.0
4762,0.34567901234567905,1.0,1.0,0.0,0.8888888888888888,0.5,0.5787626916748434,0.0,1.0,0.14285714285714285,0.6875,0.3893219017926768,0.36820083682008353,0.7902969848107007,0.8778827977315693,0.0,0.0,0.0,0.0,0.0,0.0,0.0,0.0,0.0,1.0,0.0,0.0,0.0,0.0,0.0,0.0,0.0,0.0,0.0,1.0,0.0,0.0,1.0,0.0,0.0
4763,0.20987654320987653,1.0,0.0,0.0,0.8888888888888888,0.5,0.8009823566179637,0.0,1.0,0.14285714285714285,0.6875,0.3893219017926768,0.36820083682008353,0.7902969848107007,0.8778827977315693,0.0,0.0,0.0,0.0,0.0,0.0,1.0,0.0,0.0,0.0,0.0,0.0,1.0,0.0,0.0,0.0,0.0,0.0,0.0,0.0,1.0,0.0,0.0,0.0,0.0
4764,0.5061728395061729,0.0,0.0,0.0,0.8888888888888888,0.5,0.7102658482382652,0.0,0.005005005005005005,0.14285714285714285,0.6875,0.3893219017926768,0.36820083682008353,0.7902969848107007,0.8778827977315693,1.0,0.0,0.0,0.0,1.0,0.0,0.0,0.0,0.0,0.0,0.0,0.0,0.0,0.0,0.0,0.0,0.0,0.0,0.0,0.0,1.0,0.0,0.0,0.0,1.0
4765,0.18518518518518517,1.0,1.0,0.0,0.8888888888888888,0.5,0.8645278666557036,0.0,1.0,0.0,0.6875,0.3893219017926768,0.36820083682008353,0.7902969848107007,0.8778827977315693,1.0,0.0,0.0,0.0,0.0,0.0,0.0,0.0,0.0,1.0,0.0,0.0,1.0,0.0,0.0,0.0,0.0,0.0,0.0,1.0,0.0,0.0,0.0,1.0,0.0
4766,0.2222222222222222,1.0,0.0,0.0,0.8888888888888888,0.5,0.7893933891053063,0.0,1.0,0.0,0.6875,0.3893219017926768,0.36820083682008353,0.7902969848107007,0.8778827977315693,1.0,0.0,0.0,0.0,0.0,0.0,0.0,0.0,0.0,0.0,0.0,0.0,1.0,0.0,0.0,0.0,0.0,0.0,0.0,0.0,1.0,0.0,0.0,1.0,0.0
4767,0.20987654320987653,1.0,0.0,0.0,0.8888888888888888,0.5,0.7684321209538291,0.0,1.0,0.0,0.6875,0.3893219017926768,0.36820083682008353,0.7902969848107007,0.8778827977315693,1.0,0.0,0.0,0.0,0.0,0.0,0.0,0.0,0.0,1.0,0.0,0.0,1.0,0.0,0.0,0.0,0.0,0.0,0.0,0.0,1.0,0.0,0.0,1.0,0.0
4768,0.34567901234567905,1.0,0.0,0.0,0.8888888888888888,0.5,0.6624284397381989,0.0,1.0,0.0,0.6875,0.3893219017926768,0.36820083682008353,0.7902969848107007,0.8778827977315693,0.0,0.0,0.0,0.0,0.0,0.0,0.0,0.0,0.0,1.0,0.0,0.0,1.0,0.0,0.0,0.0,0.0,0.0,0.0,0.0,1.0,0.0,0.0,1.0,0.0
4769,0.30864197530864196,1.0,0.0,0.0,0.8888888888888888,0.5,0.4854960703308916,0.0,1.0,0.0,0.6875,0.3893219017926768,0.36820083682008353,0.7902969848107007,0.8778827977315693,0.0,0.0,1.0,0.0,0.0,0.0,0.0,0.0,0.0,0.0,0.0,0.0,0.0,1.0,0.0,0.0,0.0,0.0,0.0,0.0,1.0,0.0,0.0,1.0,0.0
4770,0.16049382716049382,1.0,0.0,0.0,0.8888888888888888,0.5,0.5529417104829256,0.0,1.0,0.14285714285714285,0.6875,0.3893219017926768,0.36820083682008353,0.7902969848107007,0.8778827977315693,0.0,0.0,0.0,0.0,0.0,0.0,0.0,0.0,0.0,0.0,0.0,0.0,0.0,1.0,0.0,0.0,0.0,1.0,0.0,0.0,0.0,0.0,0.0,0.0,0.0
4771,0.14814814814814814,1.0,0.0,0.0,0.8888888888888888,0.5,0.6846463255291116,0.0,1.0,0.0,0.6875,0.3893219017926768,0.36820083682008353,0.7902969848107007,0.8778827977315693,0.0,0.0,1.0,0.0,0.0,0.0,0.0,0.0,0.0,0.0,0.0,0.0,1.0,0.0,0.0,0.0,1.0,0.0,0.0,0.0,0.0,0.0,0.0,1.0,0.0
4772,0.2222222222222222,1.0,0.0,0.0,0.8888888888888888,0.5,0.8035509117082029,0.0,1.0,0.0,0.6875,0.3893219017926768,0.36820083682008353,0.7902969848107007,0.8778827977315693,1.0,0.0,0.0,0.0,0.0,0.0,0.0,0.0,0.0,0.0,0.0,0.0,1.0,0.0,0.0,0.0,0.0,0.0,0.0,0.0,1.0,0.0,0.0,1.0,0.0
4773,0.2345679012345679,0.0,0.0,0.0,0.8888888888888888,0.5,0.7119384140850683,0.0,1.0,0.0,0.6875,0.3893219017926768,0.36820083682008353,0.7902969848107007,0.8778827977315693,0.0,0.0,0.0,0.0,0.0,0.0,0.0,0.0,0.0,0.0,0.0,0.0,0.0,0.0,0.0,0.0,0.0,1.0,0.0,0.0,0.0,0.0,0.0,1.0,0.0
4774,0.2345679012345679,1.0,0.0,0.0,0.8888888888888888,0.5,0.5014409845439322,0.0,1.0,0.0,0.6875,0.3893219017926768,0.36820083682008353,0.7902969848107007,0.8778827977315693,0.0,1.0,0.0,0.0,0.0,0.0,0.0,0.0,0.0,0.0,0.0,0.0,1.0,0.0,0.0,1.0,0.0,0.0,0.0,0.0,0.0,0.0,0.0,1.0,0.0
4775,0.2345679012345679,1.0,0.0,0.0,0.8888888888888888,0.5,0.6041504168690148,0.0,1.0,0.0,0.6875,0.3893219017926768,0.36820083682008353,0.7902969848107007,0.8778827977315693,0.0,1.0,0.0,0.0,0.0,0.0,0.0,0.0,0.0,0.0,0.0,0.0,1.0,0.0,0.0,1.0,0.0,0.0,0.0,0.0,0.0,0.0,0.0,1.0,0.0
4776,0.2345679012345679,1.0,0.0,0.0,0.8888888888888888,0.5,0.7952623927685294,0.0,1.0,0.0,0.6875,0.3893219017926768,0.36820083682008353,0.7902969848107007,0.8778827977315693,1.0,0.0,0.0,0.0,0.0,0.0,0.0,0.0,0.0,0.0,0.0,0.0,0.0,0.0,0.0,0.0,0.0,1.0,0.0,0.0,0.0,0.0,0.0,1.0,0.0
4777,0.14814814814814814,0.0,0.0,0.0,0.8888888888888888,0.5,0.7844180268049893,0.0,1.0,0.0,0.6875,0.3893219017926768,0.36820083682008353,0.7902969848107007,0.8778827977315693,1.0,0.0,0.0,1.0,0.0,0.0,0.0,0.0,0.0,0.0,0.0,0.0,0.0,1.0,0.0,0.0,0.0,1.0,0.0,0.0,0.0,0.0,0.0,1.0,0.0
4778,0.18518518518518517,1.0,0.0,0.0,0.8888888888888888,0.5,0.5253477691257531,0.0,1.0,0.0,0.6875,0.3893219017926768,0.36820083682008353,0.7902969848107007,0.8778827977315693,0.0,0.0,0.0,0.0,0.0,0.0,0.0,0.0,0.0,1.0,0.0,0.0,1.0,0.0,0.0,0.0,0.0,0.0,0.0,0.0,1.0,0.0,0.0,1.0,0.0
4779,0.14814814814814814,1.0,0.0,0.0,0.8888888888888888,0.5,0.8118868880136216,0.0,1.0,0.0,0.6875,0.3893219017926768,0.36820083682008353,0.7902969848107007,0.8778827977315693,1.0,0.0,0.0,1.0,0.0,0.0,0.0,0.0,0.0,0.0,0.0,0.0,0.0,1.0,0.0,0.0,0.0,1.0,0.0,0.0,0.0,0.0,0.0,1.0,0.0
4780,0.35802469135802467,1.0,1.0,0.0,0.8888888888888888,0.5,0.7885305357294845,0.0,1.0,0.0,0.6875,0.3893219017926768,0.36820083682008353,0.7902969848107007,0.8778827977315693,1.0,1.0,0.0,0.0,0.0,0.0,0.0,0.0,0.0,0.0,0.0,0.0,1.0,0.0,0.0,0.0,1.0,0.0,0.0,0.0,0.0,0.0,0.0,1.0,0.0
4781,0.14814814814814814,1.0,0.0,0.0,0.8888888888888888,0.5,0.5463436176888766,0.0,1.0,0.0,0.6875,0.3893219017926768,0.36820083682008353,0.7902969848107007,0.8778827977315693,0.0,0.0,0.0,0.0,1.0,0.0,0.0,0.0,0.0,0.0,0.0,0.0,1.0,0.0,0.0,0.0,1.0,0.0,0.0,0.0,0.0,0.0,0.0,1.0,0.0
4782,0.5185185185185184,0.0,0.0,0.0,0.8888888888888888,0.5,0.49977237288625836,0.0,1.0,0.0,0.6875,0.3893219017926768,0.36820083682008353,0.7902969848107007,0.8778827977315693,0.0,0.0,0.0,1.0,0.0,0.0,0.0,0.0,0.0,0.0,0.0,0.0,0.0,1.0,0.0,0.0,0.0,0.0,0.0,1.0,0.0,0.0,0.0,1.0,0.0
4783,0.25925925925925924,1.0,0.0,0.0,0.8888888888888888,0.5,0.5955391234938983,0.0,1.0,0.0,0.6875,0.3893219017926768,0.36820083682008353,0.7902969848107007,0.8778827977315693,0.0,1.0,0.0,0.0,0.0,0.0,0.0,0.0,0.0,0.0,0.0,0.0,1.0,0.0,0.0,0.0,0.0,0.0,0.0,0.0,0.0,0.0,0.0,1.0,0.0
4784,0.14814814814814814,1.0,0.0,0.0,0.8888888888888888,0.5,0.5612001989464611,0.0,1.0,0.0,0.6875,0.3893219017926768,0.36820083682008353,0.7902969848107007,0.8778827977315693,0.0,0.0,0.0,0.0,0.0,0.0,0.0,0.0,0.0,0.0,0.0,0.0,1.0,0.0,0.0,0.0,0.0,0.0,0.0,0.0,1.0,0.0,0.0,1.0,0.0
4785,0.39506172839506176,0.0,0.0,0.0,0.8888888888888888,0.5,0.7491226516170062,0.0,1.0,0.0,0.6875,0.3893219017926768,0.36820083682008353,0.7902969848107007,0.8778827977315693,0.0,0.0,0.0,0.0,1.0,0.0,0.0,0.0,0.0,0.0,0.0,0.0,1.0,0.0,0.0,0.0,0.0,1.0,0.0,0.0,0.0,0.0,0.0,1.0,0.0
4786,0.3209876543209876,1.0,1.0,0.0,0.8888888888888888,0.5,0.8221914988161192,0.0,1.0,0.14285714285714285,0.6875,0.3893219017926768,0.36820083682008353,0.7902969848107007,0.8778827977315693,1.0,0.0,0.0,0.0,1.0,0.0,0.0,0.0,0.0,0.0,0.0,0.0,1.0,0.0,0.0,0.0,0.0,0.0,0.0,0.0,1.0,0.0,0.0,0.0,0.0
4787,0.3209876543209876,0.0,0.0,0.0,0.8888888888888888,0.5,0.8144620886520861,0.0,1.0,0.0,0.6875,0.3893219017926768,0.36820083682008353,0.7902969848107007,0.8778827977315693,1.0,0.0,0.0,0.0,0.0,0.0,0.0,1.0,0.0,0.0,0.0,0.0,0.0,0.0,0.0,0.0,0.0,1.0,0.0,0.0,0.0,0.0,0.0,1.0,0.0
4788,0.16049382716049382,1.0,0.0,0.0,0.8888888888888888,0.5,0.7286798041554323,0.05263157894736842,1.0,0.0,0.6875,0.3893219017926768,0.36820083682008353,0.7902969848107007,0.8778827977315693,1.0,0.0,1.0,0.0,0.0,0.0,0.0,0.0,0.0,0.0,0.0,0.0,0.0,1.0,0.0,0.0,0.0,0.0,0.0,0.0,1.0,0.0,0.0,1.0,0.0
4789,0.2345679012345679,0.0,0.0,0.0,0.8888888888888888,0.5,0.5094464638657551,0.0,1.0,0.0,0.6875,0.3893219017926768,0.36820083682008353,0.7902969848107007,0.8778827977315693,0.0,0.0,0.0,0.0,1.0,0.0,0.0,0.0,0.0,0.0,0.0,0.0,1.0,0.0,0.0,0.0,0.0,0.0,0.0,0.0,1.0,0.0,0.0,1.0,0.0
4790,0.2839506172839506,0.0,0.0,0.0,0.8888888888888888,0.5,0.481638834621511,0.0,1.0,0.0,0.6875,0.3893219017926768,0.36820083682008353,0.7902969848107007,0.8778827977315693,0.0,0.0,0.0,0.0,0.0,0.0,0.0,0.0,0.0,0.0,0.0,0.0,0.0,1.0,0.0,0.0,0.0,1.0,0.0,0.0,0.0,0.0,0.0,1.0,0.0
4791,0.19753086419753085,1.0,0.0,0.0,0.8888888888888888,0.5,0.7697940481719419,0.02631578947368421,1.0,0.0,0.6875,0.3893219017926768,0.36820083682008353,0.7902969848107007,0.8778827977315693,1.0,0.0,0.0,0.0,0.0,0.0,0.0,1.0,0.0,0.0,0.0,0.0,1.0,0.0,0.0,0.0,0.0,1.0,0.0,0.0,0.0,0.0,0.0,1.0,0.0
4792,0.2222222222222222,1.0,0.0,0.0,0.8888888888888888,0.5,0.6849948743751764,0.0,1.0,0.0,0.6875,0.3893219017926768,0.36820083682008353,0.7902969848107007,0.8778827977315693,0.0,0.0,0.0,0.0,0.0,0.0,0.0,0.0,0.0,1.0,0.0,0.0,1.0,0.0,0.0,0.0,0.0,0.0,0.0,0.0,1.0,0.0,1.0,1.0,0.0
4793,0.4691358024691357,0.0,0.0,0.0,0.8888888888888888,0.5,0.5670345425314071,0.02631578947368421,1.0,0.14285714285714285,0.6875,0.3893219017926768,0.36820083682008353,0.7902969848107007,0.8778827977315693,0.0,0.0,0.0,0.0,0.0,0.0,0.0,0.0,0.0,0.0,0.0,0.0,1.0,0.0,0.0,0.0,0.0,0.0,0.0,0.0,1.0,0.0,0.0,0.0,0.0
4794,0.2839506172839506,1.0,0.0,0.0,0.8888888888888888,0.5,0.6153622441177717,0.02631578947368421,1.0,0.0,0.6875,0.3893219017926768,0.36820083682008353,0.7902969848107007,0.8778827977315693,0.0,0.0,0.0,0.0,0.0,0.0,0.0,0.0,0.0,0.0,0.0,0.0,1.0,0.0,0.0,0.0,1.0,0.0,0.0,0.0,0.0,0.0,0.0,1.0,0.0
4795,0.419753086419753,1.0,0.0,0.0,0.8888888888888888,0.5,0.7656600303932715,0.0,1.0,0.0,0.6875,0.3893219017926768,0.36820083682008353,0.7902969848107007,0.8778827977315693,1.0,0.0,0.0,0.0,0.0,0.0,1.0,0.0,0.0,0.0,0.0,0.0,0.0,0.0,0.0,0.0,0.0,0.0,0.0,0.0,1.0,0.0,0.0,1.0,0.0
4796,0.30864197530864196,1.0,0.0,0.0,0.8888888888888888,0.5,0.5862473099208212,0.02631578947368421,1.0,0.0,0.6875,0.3893219017926768,0.36820083682008353,0.7902969848107007,0.8778827977315693,0.0,0.0,1.0,0.0,0.0,0.0,0.0,0.0,0.0,0.0,0.0,0.0,0.0,1.0,0.0,0.0,0.0,0.0,0.0,0.0,1.0,0.0,0.0,1.0,0.0
4797,0.24691358024691357,1.0,0.0,0.0,0.8888888888888888,0.5,0.6055262822549443,0.0,1.0,0.14285714285714285,0.6875,0.3893219017926768,0.36820083682008353,0.7902969848107007,0.8778827977315693,0.0,0.0,0.0,0.0,1.0,0.0,0.0,0.0,0.0,0.0,0.0,0.0,0.0,1.0,0.0,0.0,0.0,0.0,0.0,0.0,1.0,0.0,0.0,0.0,0.0
4798,0.20987654320987653,0.0,1.0,0.0,0.8888888888888888,0.5,0.7448071665789902,0.0,1.0,0.0,0.6875,0.3893219017926768,0.36820083682008353,0.7902969848107007,0.8778827977315693,1.0,0.0,0.0,0.0,0.0,0.0,0.0,0.0,0.0,1.0,0.0,0.0,1.0,0.0,0.0,0.0,0.0,1.0,0.0,0.0,0.0,0.0,0.0,1.0,0.0
4799,0.19753086419753085,0.0,0.0,0.0,0.8888888888888888,0.5,0.7595430636256786,0.0,1.0,0.0,0.6875,0.3893219017926768,0.36820083682008353,0.7902969848107007,0.8778827977315693,0.0,0.0,1.0,0.0,0.0,0.0,0.0,0.0,0.0,0.0,0.0,0.0,1.0,0.0,0.0,0.0,1.0,0.0,0.0,0.0,0.0,0.0,1.0,1.0,0.0
4800,0.2716049382716049,0.0,0.0,0.0,0.8888888888888888,0.5,0.580467578755373,0.0,1.0,0.0,0.6875,0.3893219017926768,0.36820083682008353,0.7902969848107007,0.8778827977315693,0.0,0.0,0.0,0.0,0.0,0.0,0.0,0.0,0.0,0.0,0.0,0.0,1.0,0.0,0.0,0.0,0.0,1.0,0.0,0.0,0.0,0.0,0.0,1.0,0.0
4801,0.2345679012345679,1.0,1.0,0.0,0.8888888888888888,0.5,0.5621929065211045,0.0,1.0,0.0,0.6875,0.3893219017926768,0.36820083682008353,0.7902969848107007,0.8778827977315693,0.0,0.0,0.0,0.0,0.0,0.0,0.0,0.0,0.0,0.0,0.0,0.0,0.0,1.0,0.0,0.0,0.0,0.0,0.0,0.0,1.0,0.0,0.0,1.0,0.0
4802,0.3209876543209876,0.0,0.0,0.0,0.8888888888888888,0.5,0.8139980440681359,0.0,1.0,0.14285714285714285,0.6875,0.3893219017926768,0.36820083682008353,0.7902969848107007,0.8778827977315693,1.0,0.0,0.0,0.0,0.0,0.0,0.0,0.0,0.0,0.0,0.0,0.0,0.0,1.0,0.0,0.0,0.0,1.0,0.0,0.0,0.0,0.0,0.0,0.0,0.0
4803,0.2222222222222222,0.0,0.0,0.0,0.8888888888888888,0.5,0.6590060849288549,0.0,1.0,0.0,0.6875,0.3893219017926768,0.36820083682008353,0.7902969848107007,0.8778827977315693,0.0,0.0,0.0,0.0,0.0,0.0,0.0,1.0,0.0,0.0,0.0,0.0,1.0,0.0,0.0,0.0,0.0,0.0,0.0,0.0,1.0,0.0,0.0,1.0,0.0
4804,0.3333333333333333,1.0,0.0,0.0,0.8888888888888888,0.5,0.5752769507338984,0.0,1.0,0.0,0.6875,0.3893219017926768,0.36820083682008353,0.7902969848107007,0.8778827977315693,0.0,0.0,0.0,0.0,0.0,0.0,0.0,0.0,0.0,0.0,0.0,0.0,0.0,1.0,0.0,0.0,0.0,0.0,0.0,0.0,1.0,0.0,0.0,1.0,0.0
4805,0.20987654320987653,0.0,0.0,0.0,0.8888888888888888,0.5,0.6681879539642915,0.05263157894736842,1.0,0.0,0.6875,0.3893219017926768,0.36820083682008353,0.7902969848107007,0.8778827977315693,0.0,0.0,0.0,0.0,1.0,0.0,0.0,0.0,0.0,0.0,0.0,0.0,0.0,1.0,0.0,0.0,0.0,1.0,0.0,0.0,0.0,0.0,0.0,1.0,0.0
4806,0.2222222222222222,1.0,0.0,0.0,0.8888888888888888,0.5,0.7628210353018958,0.02631578947368421,1.0,0.0,0.6875,0.3893219017926768,0.36820083682008353,0.7902969848107007,0.8778827977315693,1.0,0.0,0.0,0.0,0.0,0.0,0.0,0.0,0.0,0.0,0.0,0.0,1.0,0.0,0.0,0.0,0.0,0.0,0.0,0.0,1.0,0.0,0.0,1.0,0.0
4807,0.1728395061728395,1.0,0.0,0.0,0.8888888888888888,0.5,0.7119384140850683,0.02631578947368421,1.0,0.0,0.6875,0.3893219017926768,0.36820083682008353,0.7902969848107007,0.8778827977315693,1.0,0.0,0.0,0.0,1.0,0.0,0.0,0.0,0.0,0.0,0.0,0.0,0.0,1.0,0.0,0.0,0.0,0.0,0.0,0.0,1.0,0.0,0.0,1.0,0.0
4808,0.4567901234567901,0.0,0.0,0.0,0.8888888888888888,0.5,0.6226787043279698,0.05263157894736842,1.0,0.0,0.6875,0.3893219017926768,0.36820083682008353,0.7902969848107007,0.8778827977315693,0.0,0.0,0.0,0.0,0.0,0.0,0.0,0.0,0.0,1.0,0.0,0.0,1.0,0.0,0.0,0.0,1.0,0.0,0.0,0.0,0.0,0.0,0.0,1.0,0.0
4809,0.2345679012345679,1.0,0.0,0.0,0.8888888888888888,0.5,0.8017588290706973,0.0,1.0,0.0,0.6875,0.3893219017926768,0.36820083682008353,0.7902969848107007,0.8778827977315693,1.0,0.0,1.0,0.0,0.0,0.0,0.0,0.0,0.0,0.0,0.0,0.0,0.0,1.0,0.0,0.0,0.0,0.0,0.0,0.0,1.0,0.0,0.0,1.0,0.0
4810,0.2345679012345679,1.0,0.0,0.0,0.8888888888888888,0.5,0.8124771308449517,0.0,1.0,0.0,0.6875,0.3893219017926768,0.36820083682008353,0.7902969848107007,0.8778827977315693,1.0,0.0,1.0,0.0,0.0,0.0,0.0,0.0,0.0,0.0,0.0,0.0,0.0,1.0,0.0,0.0,0.0,0.0,0.0,0.0,1.0,0.0,0.0,1.0,0.0
4811,0.14814814814814814,0.0,0.0,0.0,0.8888888888888888,0.5,0.786785606586147,0.0,1.0,0.0,0.6875,0.3893219017926768,0.36820083682008353,0.7902969848107007,0.8778827977315693,1.0,0.0,0.0,0.0,1.0,0.0,0.0,0.0,0.0,0.0,0.0,0.0,0.0,1.0,0.0,0.0,0.0,0.0,0.0,0.0,1.0,0.0,0.0,1.0,0.0
4812,0.2839506172839506,1.0,0.0,0.0,0.8888888888888888,0.5,0.819227133803043,0.0,1.0,0.0,0.6875,0.3893219017926768,0.36820083682008353,0.7902969848107007,0.8778827977315693,1.0,1.0,0.0,0.0,0.0,0.0,0.0,0.0,0.0,0.0,0.0,0.0,1.0,0.0,0.0,1.0,0.0,0.0,0.0,0.0,0.0,0.0,0.0,1.0,0.0
4813,0.2222222222222222,0.0,0.0,0.0,0.8888888888888888,0.5,0.48358326152743014,0.0,1.0,0.14285714285714285,0.6875,0.3893219017926768,0.36820083682008353,0.7902969848107007,0.8778827977315693,0.0,0.0,0.0,1.0,0.0,0.0,0.0,0.0,0.0,0.0,0.0,0.0,0.0,0.0,0.0,0.0,1.0,0.0,0.0,0.0,0.0,0.0,0.0,0.0,0.0
4814,0.16049382716049382,0.0,0.0,0.0,0.8888888888888888,0.5,0.6832417100410403,0.0,1.0,0.14285714285714285,0.6875,0.3893219017926768,0.36820083682008353,0.7902969848107007,0.8778827977315693,0.0,1.0,0.0,0.0,0.0,0.0,0.0,0.0,0.0,0.0,0.0,0.0,1.0,0.0,0.0,0.0,0.0,0.0,0.0,1.0,0.0,0.0,0.0,0.0,0.0
4815,0.4444444444444445,1.0,0.0,0.0,0.8888888888888888,0.5,0.6267455095549759,0.02631578947368421,1.0,0.14285714285714285,0.6875,0.3893219017926768,0.36820083682008353,0.7902969848107007,0.8778827977315693,0.0,1.0,0.0,0.0,0.0,0.0,0.0,0.0,0.0,0.0,0.0,0.0,1.0,0.0,0.0,0.0,1.0,0.0,0.0,0.0,0.0,0.0,0.0,0.0,0.0
4816,0.14814814814814814,0.0,0.0,0.0,0.8888888888888888,0.5,0.5984801554161608,0.0,1.0,0.0,0.6875,0.3893219017926768,0.36820083682008353,0.7902969848107007,0.8778827977315693,0.0,1.0,0.0,0.0,0.0,0.0,0.0,0.0,0.0,0.0,0.0,0.0,0.0,1.0,0.0,0.0,1.0,0.0,0.0,0.0,0.0,0.0,0.0,1.0,0.0
4817,0.2345679012345679,1.0,0.0,0.0,0.8888888888888888,0.5,0.5917563168597532,0.0,1.0,0.0,0.6875,0.3893219017926768,0.36820083682008353,0.7902969848107007,0.8778827977315693,0.0,0.0,0.0,0.0,0.0,0.0,0.0,0.0,0.0,0.0,0.0,0.0,0.0,1.0,0.0,0.0,0.0,0.0,0.0,0.0,1.0,0.0,0.0,1.0,0.0
4818,0.1728395061728395,1.0,0.0,0.0,0.8888888888888888,0.5,0.5198109754500708,0.0,1.0,0.14285714285714285,0.6875,0.3893219017926768,0.36820083682008353,0.7902969848107007,0.8778827977315693,0.0,0.0,0.0,0.0,0.0,0.0,0.0,1.0,0.0,0.0,0.0,0.0,1.0,0.0,0.0,0.0,0.0,1.0,0.0,0.0,0.0,0.0,1.0,0.0,0.0
4819,0.3703703703703703,1.0,0.0,0.0,0.8888888888888888,0.5,0.5612001989464611,0.0,1.0,0.0,0.6875,0.3893219017926768,0.36820083682008353,0.7902969848107007,0.8778827977315693,0.0,0.0,0.0,0.0,1.0,0.0,0.0,0.0,0.0,0.0,0.0,0.0,1.0,0.0,0.0,0.0,0.0,0.0,0.0,0.0,0.0,0.0,1.0,1.0,0.0
4820,0.2222222222222222,1.0,0.0,0.0,0.8888888888888888,0.5,0.7091374448666395,0.05263157894736842,1.0,0.0,0.6875,0.3893219017926768,0.36820083682008353,0.7902969848107007,0.8778827977315693,0.0,0.0,0.0,0.0,0.0,0.0,1.0,0.0,0.0,0.0,0.0,0.0,0.0,1.0,0.0,0.0,0.0,0.0,0.0,0.0,1.0,0.0,0.0,1.0,0.0
4821,0.16049382716049382,0.0,0.0,0.0,0.8888888888888888,0.5,0.5440593682563573,0.0,1.0,0.0,0.6875,0.3893219017926768,0.36820083682008353,0.7902969848107007,0.8778827977315693,0.0,0.0,0.0,0.0,0.0,0.0,0.0,1.0,0.0,0.0,0.0,0.0,1.0,0.0,0.0,0.0,0.0,1.0,0.0,0.0,0.0,0.0,0.0,1.0,0.0
4822,0.2839506172839506,0.0,0.0,0.0,0.8888888888888888,0.5,0.481638834621511,0.0,1.0,0.0,0.6875,0.3893219017926768,0.36820083682008353,0.7902969848107007,0.8778827977315693,0.0,0.0,0.0,0.0,0.0,0.0,0.0,0.0,0.0,1.0,0.0,0.0,1.0,0.0,0.0,0.0,1.0,0.0,0.0,0.0,0.0,0.0,0.0,1.0,0.0
4823,0.16049382716049382,1.0,0.0,0.0,0.8888888888888888,0.5,0.7569288416079759,0.02631578947368421,1.0,0.0,0.6875,0.3893219017926768,0.36820083682008353,0.7902969848107007,0.8778827977315693,1.0,0.0,0.0,0.0,0.0,0.0,0.0,1.0,0.0,0.0,0.0,0.0,1.0,0.0,0.0,0.0,0.0,0.0,0.0,1.0,0.0,0.0,0.0,1.0,0.0
4824,0.18518518518518517,1.0,0.0,1.0,0.8888888888888888,0.5,0.48737827287699675,0.0,1.0,0.0,0.6875,0.3893219017926768,0.36820083682008353,0.7902969848107007,0.8778827977315693,0.0,0.0,1.0,0.0,0.0,0.0,0.0,0.0,0.0,0.0,0.0,0.0,1.0,0.0,0.0,0.0,0.0,0.0,0.0,0.0,0.0,0.0,0.0,1.0,0.0
4825,0.2222222222222222,0.0,0.0,0.0,0.8888888888888888,0.5,0.635013676339261,0.02631578947368421,1.0,0.0,0.6875,0.3893219017926768,0.36820083682008353,0.7902969848107007,0.8778827977315693,0.0,1.0,0.0,0.0,0.0,0.0,0.0,0.0,0.0,0.0,0.0,0.0,1.0,0.0,0.0,1.0,0.0,0.0,0.0,0.0,0.0,0.0,0.0,1.0,0.0
4826,0.1728395061728395,0.0,1.0,0.0,0.8888888888888888,0.5,0.5689167450775122,0.02631578947368421,1.0,0.0,0.6875,0.3893219017926768,0.36820083682008353,0.7902969848107007,0.8778827977315693,0.0,1.0,0.0,0.0,0.0,0.0,0.0,0.0,0.0,0.0,0.0,0.0,0.0,1.0,0.0,0.0,0.0,0.0,0.0,0.0,0.0,0.0,0.0,1.0,0.0
4827,0.1728395061728395,1.0,0.0,0.0,0.8888888888888888,0.5,0.7363468012409793,0.0,0.006006006006006006,0.14285714285714285,0.6875,0.3893219017926768,0.36820083682008353,0.7902969848107007,0.8778827977315693,1.0,1.0,0.0,0.0,0.0,0.0,0.0,0.0,0.0,0.0,0.0,0.0,0.0,1.0,0.0,0.0,0.0,1.0,0.0,0.0,0.0,0.0,0.0,0.0,1.0
4828,0.1728395061728395,0.0,0.0,0.0,0.8888888888888888,0.5,0.6402196209389266,0.0,1.0,0.0,0.6875,0.3893219017926768,0.36820083682008353,0.7902969848107007,0.8778827977315693,0.0,1.0,0.0,0.0,0.0,0.0,0.0,0.0,0.0,0.0,0.0,0.0,0.0,1.0,0.0,0.0,0.0,1.0,0.0,0.0,0.0,0.0,0.0,1.0,0.0
4829,0.2222222222222222,0.0,1.0,0.0,0.8888888888888888,0.5,0.540547610473664,0.0,1.0,0.0,0.6875,0.3893219017926768,0.36820083682008353,0.7902969848107007,0.8778827977315693,0.0,0.0,0.0,0.0,0.0,0.0,0.0,0.0,0.0,1.0,0.0,0.0,0.0,0.0,0.0,0.0,0.0,0.0,0.0,1.0,0.0,0.0,0.0,1.0,0.0
4830,0.18518518518518517,0.0,0.0,0.0,0.8888888888888888,0.5,0.6568154229344138,0.0,1.0,0.0,0.6875,0.3893219017926768,0.36820083682008353,0.7902969848107007,0.8778827977315693,0.0,0.0,0.0,0.0,0.0,0.0,0.0,1.0,0.0,0.0,0.0,0.0,0.0,1.0,0.0,0.0,0.0,1.0,0.0,0.0,0.0,0.0,0.0,1.0,0.0
4831,0.4074074074074074,0.0,0.0,0.0,0.8888888888888888,0.5,0.5787626916748434,0.02631578947368421,1.0,0.14285714285714285,0.6875,0.3893219017926768,0.36820083682008353,0.7902969848107007,0.8778827977315693,0.0,0.0,0.0,1.0,0.0,0.0,0.0,0.0,0.0,0.0,0.0,0.0,0.0,0.0,0.0,0.0,0.0,1.0,0.0,0.0,0.0,0.0,0.0,0.0,0.0
4832,0.3703703703703703,0.0,0.0,0.0,0.8888888888888888,0.5,0.5440593682563573,0.0,1.0,0.0,0.6875,0.3893219017926768,0.36820083682008353,0.7902969848107007,0.8778827977315693,0.0,0.0,0.0,0.0,0.0,0.0,0.0,0.0,0.0,0.0,1.0,0.0,1.0,0.0,0.0,0.0,0.0,1.0,0.0,0.0,0.0,0.0,1.0,1.0,0.0
4833,0.4567901234567901,1.0,0.0,0.0,0.8888888888888888,0.5,0.5970188304191458,0.02631578947368421,0.004004004004004004,0.14285714285714285,0.6875,0.3893219017926768,0.36820083682008353,0.7902969848107007,0.8778827977315693,0.0,0.0,1.0,0.0,0.0,0.0,0.0,0.0,0.0,0.0,0.0,0.0,1.0,0.0,0.0,0.0,0.0,0.0,0.0,0.0,1.0,0.0,0.0,0.0,1.0
4834,0.1728395061728395,1.0,0.0,0.0,0.8888888888888888,0.5,0.5679794082497067,0.02631578947368421,1.0,0.0,0.6875,0.3893219017926768,0.36820083682008353,0.7902969848107007,0.8778827977315693,0.0,0.0,0.0,0.0,0.0,0.0,0.0,0.0,0.0,1.0,0.0,0.0,1.0,0.0,0.0,0.0,0.0,0.0,0.0,0.0,1.0,0.0,0.0,1.0,0.0
4835,0.25925925925925924,0.0,0.0,0.0,0.8888888888888888,0.5,0.6202900913078108,0.02631578947368421,1.0,0.14285714285714285,0.6875,0.3893219017926768,0.36820083682008353,0.7902969848107007,0.8778827977315693,0.0,0.0,0.0,0.0,0.0,0.0,0.0,0.0,0.0,1.0,0.0,0.0,1.0,0.0,0.0,0.0,0.0,0.0,0.0,1.0,0.0,0.0,0.0,0.0,0.0
4836,0.3209876543209876,0.0,0.0,0.0,0.8888888888888888,0.5,0.8605268087965445,0.0,1.0,0.0,0.6875,0.3893219017926768,0.36820083682008353,0.7902969848107007,0.8778827977315693,1.0,0.0,0.0,0.0,0.0,0.0,0.0,0.0,0.0,0.0,0.0,0.0,0.0,0.0,0.0,0.0,0.0,0.0,0.0,0.0,1.0,0.0,0.0,1.0,0.0
4837,0.25925925925925924,0.0,0.0,0.0,0.8888888888888888,0.5,0.8183342631067385,0.0,1.0,0.0,0.6875,0.3893219017926768,0.36820083682008353,0.7902969848107007,0.8778827977315693,1.0,0.0,0.0,0.0,0.0,0.0,0.0,0.0,0.0,1.0,0.0,0.0,1.0,0.0,0.0,0.0,0.0,0.0,0.0,1.0,0.0,0.0,1.0,1.0,0.0
4838,0.14814814814814814,0.0,0.0,0.0,0.8888888888888888,0.5,0.5612001989464611,0.02631578947368421,1.0,0.0,0.6875,0.3893219017926768,0.36820083682008353,0.7902969848107007,0.8778827977315693,0.0,1.0,0.0,0.0,0.0,0.0,0.0,0.0,0.0,0.0,0.0,0.0,1.0,0.0,0.0,0.0,0.0,1.0,0.0,0.0,0.0,0.0,0.0,1.0,0.0
4839,0.2345679012345679,1.0,0.0,0.0,0.8888888888888888,0.5,0.4368466051913672,0.02631578947368421,1.0,0.14285714285714285,0.6875,0.3893219017926768,0.36820083682008353,0.7902969848107007,0.8778827977315693,0.0,0.0,0.0,0.0,0.0,0.0,0.0,0.0,0.0,0.0,0.0,0.0,1.0,0.0,0.0,0.0,0.0,0.0,0.0,0.0,1.0,0.0,0.0,0.0,0.0
4840,0.2222222222222222,1.0,0.0,0.0,0.8888888888888888,0.5,0.7586160678949291,0.02631578947368421,1.0,0.0,0.6875,0.3893219017926768,0.36820083682008353,0.7902969848107007,0.8778827977315693,1.0,0.0,0.0,0.0,0.0,0.0,0.0,0.0,0.0,0.0,0.0,0.0,1.0,0.0,0.0,0.0,0.0,0.0,0.0,0.0,1.0,0.0,0.0,1.0,0.0
4841,0.48148148148148145,1.0,0.0,0.0,0.8888888888888888,0.5,0.6657540364605412,0.0,1.0,0.0,0.6875,0.3893219017926768,0.36820083682008353,0.7902969848107007,0.8778827977315693,0.0,0.0,0.0,0.0,1.0,0.0,0.0,0.0,0.0,0.0,0.0,0.0,1.0,0.0,0.0,0.0,0.0,0.0,0.0,0.0,1.0,0.0,0.0,1.0,0.0
4842,0.3703703703703703,1.0,0.0,0.0,0.8888888888888888,0.5,0.5344511608683252,0.0,1.0,0.14285714285714285,0.6875,0.3893219017926768,0.36820083682008353,0.7902969848107007,0.8778827977315693,0.0,0.0,0.0,0.0,0.0,0.0,0.0,0.0,0.0,0.0,0.0,0.0,1.0,0.0,0.0,0.0,0.0,0.0,0.0,0.0,1.0,0.0,0.0,0.0,0.0
4843,0.30864197530864196,1.0,1.0,0.0,0.8888888888888888,0.5,0.5641535377316825,0.0,1.0,0.0,0.6875,0.3893219017926768,0.36820083682008353,0.7902969848107007,0.8778827977315693,0.0,0.0,0.0,0.0,0.0,0.0,0.0,1.0,0.0,0.0,0.0,0.0,1.0,0.0,0.0,0.0,0.0,0.0,0.0,1.0,0.0,0.0,0.0,1.0,0.0
4844,0.18518518518518517,0.0,1.0,0.0,0.8888888888888888,0.5,0.6422391580843787,0.0,1.0,0.14285714285714285,0.6875,0.3893219017926768,0.36820083682008353,0.7902969848107007,0.8778827977315693,0.0,0.0,0.0,0.0,0.0,0.0,0.0,0.0,0.0,1.0,0.0,0.0,1.0,0.0,0.0,0.0,0.0,0.0,0.0,0.0,1.0,0.0,0.0,0.0,0.0
4845,0.24691358024691357,0.0,0.0,1.0,0.8888888888888888,0.5,0.7571175106933035,0.0,1.0,0.0,0.6875,0.3893219017926768,0.36820083682008353,0.7902969848107007,0.8778827977315693,1.0,0.0,0.0,0.0,0.0,0.0,0.0,0.0,0.0,0.0,0.0,0.0,0.0,1.0,0.0,0.0,0.0,0.0,0.0,0.0,1.0,0.0,0.0,1.0,0.0
4846,0.25925925925925924,0.0,0.0,0.0,0.8888888888888888,0.5,0.7443877894878045,0.0,1.0,0.14285714285714285,0.6875,0.3893219017926768,0.36820083682008353,0.7902969848107007,0.8778827977315693,0.0,1.0,0.0,0.0,0.0,0.0,0.0,0.0,0.0,0.0,0.0,0.0,1.0,0.0,0.0,0.0,1.0,0.0,0.0,0.0,0.0,0.0,0.0,0.0,0.0
4847,0.2222222222222222,1.0,1.0,0.0,0.8888888888888888,0.5,0.8159577146114335,0.02631578947368421,1.0,0.0,0.6875,0.3893219017926768,0.36820083682008353,0.7902969848107007,0.8778827977315693,1.0,0.0,0.0,0.0,0.0,0.0,0.0,0.0,0.0,0.0,0.0,0.0,1.0,0.0,0.0,0.0,0.0,0.0,0.0,0.0,1.0,0.0,0.0,1.0,0.0
4848,0.1728395061728395,1.0,0.0,0.0,0.8888888888888888,0.5,0.6657540364605412,0.05263157894736842,1.0,0.0,0.6875,0.3893219017926768,0.36820083682008353,0.7902969848107007,0.8778827977315693,0.0,0.0,0.0,0.0,0.0,0.0,0.0,0.0,0.0,0.0,0.0,0.0,0.0,1.0,0.0,0.0,0.0,1.0,0.0,0.0,0.0,0.0,0.0,1.0,0.0
4849,0.2345679012345679,0.0,0.0,0.0,0.8888888888888888,0.5,0.6849948743751764,0.0,1.0,0.0,0.6875,0.3893219017926768,0.36820083682008353,0.7902969848107007,0.8778827977315693,1.0,0.0,0.0,0.0,0.0,0.0,0.0,0.0,0.0,0.0,0.0,0.0,0.0,1.0,0.0,0.0,0.0,0.0,0.0,0.0,1.0,0.0,0.0,1.0,0.0
4850,0.3703703703703703,1.0,0.0,0.0,0.8888888888888888,0.5,0.5253477691257531,0.02631578947368421,1.0,0.0,0.6875,0.3893219017926768,0.36820083682008353,0.7902969848107007,0.8778827977315693,0.0,0.0,0.0,0.0,1.0,0.0,0.0,0.0,0.0,0.0,0.0,0.0,1.0,0.0,0.0,0.0,0.0,1.0,0.0,0.0,0.0,0.0,0.0,1.0,0.0
4851,0.48148148148148145,1.0,0.0,0.0,0.8888888888888888,0.5,0.8403405245602495,0.05263157894736842,1.0,0.0,0.6875,0.3893219017926768,0.36820083682008353,0.7902969848107007,0.8778827977315693,1.0,1.0,0.0,0.0,0.0,0.0,0.0,0.0,0.0,0.0,0.0,0.0,0.0,0.0,0.0,0.0,1.0,0.0,0.0,0.0,0.0,0.0,0.0,1.0,0.0
4852,0.48148148148148145,1.0,1.0,0.0,0.8888888888888888,0.5,0.5474693214896542,0.0,1.0,0.14285714285714285,0.6875,0.3893219017926768,0.36820083682008353,0.7902969848107007,0.8778827977315693,0.0,0.0,0.0,0.0,1.0,0.0,0.0,0.0,0.0,0.0,0.0,0.0,1.0,0.0,0.0,0.0,0.0,0.0,0.0,0.0,1.0,0.0,0.0,0.0,0.0
4853,0.24691358024691357,1.0,0.0,0.0,0.8888888888888888,0.5,0.7277155762200722,0.0,1.0,0.0,0.6875,0.3893219017926768,0.36820083682008353,0.7902969848107007,0.8778827977315693,1.0,0.0,0.0,0.0,0.0,0.0,0.0,1.0,0.0,0.0,0.0,0.0,0.0,1.0,0.0,0.0,0.0,1.0,0.0,0.0,0.0,0.0,0.0,1.0,0.0
4854,0.3703703703703703,1.0,0.0,0.0,0.8888888888888888,0.5,0.5280214103388018,0.0,1.0,0.14285714285714285,0.6875,0.3893219017926768,0.36820083682008353,0.7902969848107007,0.8778827977315693,0.0,1.0,0.0,0.0,0.0,0.0,0.0,0.0,0.0,0.0,0.0,0.0,1.0,0.0,0.0,0.0,1.0,0.0,0.0,0.0,0.0,0.0,0.0,0.0,0.0
4855,0.48148148148148145,1.0,0.0,0.0,0.8888888888888888,0.5,0.7315259546695282,0.02631578947368421,1.0,0.0,0.6875,0.3893219017926768,0.36820083682008353,0.7902969848107007,0.8778827977315693,0.0,0.0,1.0,0.0,0.0,0.0,0.0,0.0,0.0,0.0,0.0,0.0,1.0,0.0,0.0,0.0,0.0,0.0,0.0,0.0,1.0,0.0,0.0,1.0,0.0
4856,0.2222222222222222,1.0,1.0,0.0,0.8888888888888888,0.5,0.48737827287699675,0.0,1.0,0.0,0.6875,0.3893219017926768,0.36820083682008353,0.7902969848107007,0.8778827977315693,0.0,0.0,0.0,0.0,0.0,0.0,0.0,0.0,0.0,1.0,0.0,0.0,0.0,1.0,0.0,0.0,1.0,0.0,0.0,0.0,0.0,0.0,0.0,1.0,0.0
4857,0.2716049382716049,1.0,0.0,0.0,0.8888888888888888,0.5,0.7602794362930587,0.0,1.0,0.14285714285714285,0.6875,0.3893219017926768,0.36820083682008353,0.7902969848107007,0.8778827977315693,0.0,0.0,0.0,0.0,0.0,0.0,0.0,0.0,0.0,0.0,1.0,0.0,1.0,0.0,0.0,0.0,1.0,0.0,0.0,0.0,0.0,0.0,0.0,0.0,0.0
4858,0.4938271604938272,1.0,0.0,0.0,0.8888888888888888,0.5,0.7505266683630298,0.02631578947368421,1.0,0.0,0.6875,0.3893219017926768,0.36820083682008353,0.7902969848107007,0.8778827977315693,1.0,0.0,0.0,0.0,1.0,0.0,0.0,0.0,0.0,0.0,0.0,0.0,1.0,0.0,0.0,0.0,0.0,0.0,0.0,0.0,1.0,0.0,0.0,1.0,0.0
4859,0.38271604938271603,0.0,0.0,0.0,0.8888888888888888,0.5,0.8196710405542837,0.07894736842105263,1.0,0.0,0.6875,0.3893219017926768,0.36820083682008353,0.7902969848107007,0.8778827977315693,1.0,0.0,0.0,0.0,0.0,0.0,0.0,0.0,0.0,0.0,0.0,0.0,1.0,0.0,0.0,0.0,0.0,1.0,0.0,0.0,0.0,0.0,0.0,1.0,0.0
4860,0.2222222222222222,0.0,0.0,0.0,0.8888888888888888,0.5,0.7557904280508805,0.02631578947368421,1.0,0.0,0.6875,0.3893219017926768,0.36820083682008353,0.7902969848107007,0.8778827977315693,0.0,0.0,0.0,0.0,0.0,0.0,0.0,0.0,0.0,0.0,0.0,0.0,1.0,0.0,0.0,0.0,0.0,0.0,0.0,1.0,0.0,0.0,0.0,1.0,0.0
4861,0.3209876543209876,0.0,0.0,0.0,0.8888888888888888,0.5,0.7785963497305363,0.02631578947368421,1.0,0.0,0.6875,0.3893219017926768,0.36820083682008353,0.7902969848107007,0.8778827977315693,0.0,0.0,0.0,0.0,0.0,0.0,0.0,0.0,0.0,0.0,0.0,0.0,1.0,0.0,0.0,0.0,0.0,0.0,0.0,0.0,1.0,0.0,0.0,1.0,0.0
4862,0.2222222222222222,1.0,0.0,0.0,0.8888888888888888,0.5,0.6603011638753588,0.02631578947368421,1.0,0.0,0.6875,0.3893219017926768,0.36820083682008353,0.7902969848107007,0.8778827977315693,0.0,0.0,0.0,0.0,0.0,0.0,0.0,0.0,0.0,0.0,0.0,0.0,0.0,1.0,0.0,0.0,0.0,0.0,0.0,0.0,1.0,0.0,0.0,1.0,0.0
4863,0.43209876543209874,1.0,0.0,0.0,0.8888888888888888,0.5,0.7839687513404097,0.05263157894736842,1.0,0.0,0.6875,0.3893219017926768,0.36820083682008353,0.7902969848107007,0.8778827977315693,1.0,0.0,0.0,0.0,1.0,0.0,0.0,0.0,0.0,0.0,0.0,0.0,1.0,0.0,0.0,0.0,0.0,0.0,0.0,0.0,1.0,0.0,0.0,1.0,0.0
4864,0.19753086419753085,1.0,0.0,0.0,0.8888888888888888,0.5,0.5440593682563573,0.02631578947368421,1.0,0.14285714285714285,0.6875,0.3893219017926768,0.36820083682008353,0.7902969848107007,0.8778827977315693,0.0,0.0,0.0,0.0,0.0,0.0,0.0,0.0,0.0,0.0,0.0,0.0,0.0,1.0,0.0,0.0,0.0,0.0,0.0,0.0,1.0,0.0,0.0,0.0,0.0
4865,0.3209876543209876,0.0,1.0,0.0,0.8888888888888888,0.5,0.506309340633733,0.02631578947368421,1.0,0.14285714285714285,0.6875,0.3893219017926768,0.36820083682008353,0.7902969848107007,0.8778827977315693,0.0,0.0,0.0,0.0,1.0,0.0,0.0,0.0,0.0,0.0,0.0,0.0,1.0,0.0,0.0,0.0,0.0,0.0,0.0,0.0,1.0,0.0,0.0,0.0,0.0
4866,0.2345679012345679,0.0,0.0,0.0,0.8888888888888888,0.5,0.8260312462106699,0.02631578947368421,1.0,0.0,0.6875,0.3893219017926768,0.36820083682008353,0.7902969848107007,0.8778827977315693,1.0,0.0,1.0,0.0,0.0,0.0,0.0,0.0,0.0,0.0,0.0,0.0,0.0,1.0,0.0,0.0,0.0,0.0,0.0,0.0,1.0,0.0,0.0,1.0,0.0
4867,0.20987654320987653,0.0,0.0,0.0,0.8888888888888888,0.5,0.6075603701023119,0.02631578947368421,1.0,0.0,0.6875,0.3893219017926768,0.36820083682008353,0.7902969848107007,0.8778827977315693,0.0,0.0,0.0,0.0,0.0,0.0,0.0,1.0,0.0,0.0,0.0,0.0,0.0,1.0,0.0,0.0,0.0,1.0,0.0,0.0,0.0,0.0,0.0,1.0,0.0
4868,0.2839506172839506,0.0,0.0,0.0,0.8888888888888888,0.5,0.6407277649233879,0.07894736842105263,1.0,0.0,0.6875,0.3893219017926768,0.36820083682008353,0.7902969848107007,0.8778827977315693,0.0,0.0,0.0,0.0,0.0,0.0,0.0,0.0,0.0,1.0,0.0,0.0,1.0,0.0,0.0,0.0,0.0,1.0,0.0,0.0,0.0,0.0,0.0,1.0,0.0
4869,0.16049382716049382,0.0,0.0,0.0,0.8888888888888888,0.5,0.7800014312600416,0.02631578947368421,1.0,0.0,0.6875,0.3893219017926768,0.36820083682008353,0.7902969848107007,0.8778827977315693,1.0,0.0,0.0,0.0,0.0,0.0,0.0,0.0,0.0,1.0,0.0,0.0,0.0,1.0,0.0,0.0,0.0,0.0,0.0,1.0,0.0,0.0,0.0,1.0,0.0
4870,0.35802469135802467,1.0,0.0,0.0,0.8888888888888888,0.5,0.5550613200712357,0.02631578947368421,1.0,0.0,0.6875,0.3893219017926768,0.36820083682008353,0.7902969848107007,0.8778827977315693,0.0,0.0,0.0,0.0,1.0,0.0,0.0,0.0,0.0,0.0,0.0,0.0,1.0,0.0,0.0,0.0,0.0,0.0,0.0,0.0,1.0,0.0,0.0,1.0,0.0
4871,0.4444444444444445,1.0,0.0,1.0,0.8888888888888888,0.5,0.5369277818064884,0.05263157894736842,1.0,0.0,0.6875,0.3893219017926768,0.36820083682008353,0.7902969848107007,0.8778827977315693,0.0,1.0,0.0,0.0,0.0,0.0,0.0,0.0,0.0,0.0,0.0,0.0,0.0,0.0,0.0,1.0,0.0,0.0,0.0,0.0,0.0,0.0,0.0,1.0,0.0
4872,0.48148148148148145,0.0,1.0,0.0,0.8888888888888888,0.5,0.7674002270608675,0.02631578947368421,1.0,0.14285714285714285,0.6875,0.3893219017926768,0.36820083682008353,0.7902969848107007,0.8778827977315693,1.0,0.0,1.0,0.0,0.0,0.0,0.0,0.0,0.0,0.0,0.0,0.0,1.0,0.0,0.0,0.0,1.0,0.0,0.0,0.0,0.0,0.0,0.0,0.0,0.0
4873,0.4444444444444445,1.0,0.0,0.0,0.8888888888888888,0.5,0.8578351738167612,0.05263157894736842,1.0,0.0,0.6875,0.3893219017926768,0.36820083682008353,0.7902969848107007,0.8778827977315693,1.0,0.0,0.0,0.0,0.0,0.0,0.0,0.0,0.0,1.0,0.0,0.0,0.0,1.0,0.0,0.0,0.0,0.0,0.0,1.0,0.0,0.0,0.0,1.0,0.0
4874,0.34567901234567905,0.0,0.0,0.0,0.8888888888888888,0.5,0.6355447614376443,0.02631578947368421,1.0,0.14285714285714285,0.6875,0.3893219017926768,0.36820083682008353,0.7902969848107007,0.8778827977315693,0.0,0.0,0.0,0.0,0.0,0.0,0.0,0.0,0.0,1.0,0.0,0.0,1.0,0.0,0.0,0.0,0.0,0.0,0.0,0.0,1.0,0.0,0.0,0.0,0.0
4875,0.30864197530864196,1.0,0.0,0.0,0.8888888888888888,0.5,0.5821481094717212,0.05263157894736842,1.0,0.0,0.6875,0.3893219017926768,0.36820083682008353,0.7902969848107007,0.8778827977315693,0.0,1.0,0.0,0.0,0.0,0.0,0.0,0.0,0.0,0.0,0.0,0.0,1.0,0.0,0.0,0.0,0.0,0.0,0.0,0.0,0.0,0.0,0.0,1.0,0.0
4876,0.2345679012345679,0.0,1.0,0.0,0.8888888888888888,0.5,0.7723059261610165,0.02631578947368421,1.0,0.0,0.6875,0.3893219017926768,0.36820083682008353,0.7902969848107007,0.8778827977315693,1.0,0.0,0.0,0.0,1.0,0.0,0.0,0.0,0.0,0.0,0.0,0.0,0.0,0.0,0.0,0.0,0.0,1.0,0.0,0.0,0.0,0.0,0.0,1.0,0.0
4877,0.48148148148148145,0.0,0.0,0.0,0.8888888888888888,0.5,0.6572568311427133,0.02631578947368421,1.0,0.0,0.6875,0.3893219017926768,0.36820083682008353,0.7902969848107007,0.8778827977315693,0.0,0.0,0.0,0.0,1.0,0.0,0.0,0.0,0.0,0.0,0.0,0.0,1.0,0.0,0.0,0.0,0.0,0.0,0.0,0.0,1.0,0.0,0.0,1.0,0.0
4878,0.2345679012345679,0.0,0.0,0.0,0.8888888888888888,0.5,0.6914283273250159,0.02631578947368421,1.0,0.0,0.6875,0.3893219017926768,0.36820083682008353,0.7902969848107007,0.8778827977315693,0.0,0.0,0.0,0.0,1.0,0.0,0.0,0.0,0.0,0.0,0.0,0.0,1.0,0.0,0.0,0.0,0.0,1.0,0.0,0.0,0.0,0.0,0.0,1.0,0.0
4879,0.2716049382716049,1.0,0.0,0.0,0.8888888888888888,0.5,0.6360734596286551,0.05263157894736842,1.0,0.14285714285714285,0.6875,0.3893219017926768,0.36820083682008353,0.7902969848107007,0.8778827977315693,0.0,0.0,0.0,0.0,0.0,0.0,0.0,1.0,0.0,0.0,0.0,0.0,0.0,0.0,0.0,0.0,0.0,1.0,0.0,0.0,0.0,0.0,0.0,0.0,0.0
4880,0.19753086419753085,1.0,0.0,0.0,0.8888888888888888,0.5,0.674061144536046,0.05263157894736842,1.0,0.0,0.6875,0.3893219017926768,0.36820083682008353,0.7902969848107007,0.8778827977315693,0.0,0.0,0.0,0.0,0.0,0.0,0.0,1.0,0.0,0.0,0.0,0.0,1.0,0.0,0.0,0.0,0.0,1.0,0.0,0.0,0.0,0.0,0.0,1.0,0.0
4881,0.2839506172839506,1.0,1.0,0.0,0.8888888888888888,0.5,0.646660205928461,0.02631578947368421,1.0,0.14285714285714285,0.6875,0.3893219017926768,0.36820083682008353,0.7902969848107007,0.8778827977315693,0.0,0.0,0.0,0.0,0.0,0.0,0.0,0.0,0.0,1.0,0.0,0.0,0.0,0.0,0.0,0.0,0.0,1.0,0.0,0.0,0.0,0.0,0.0,0.0,0.0
4882,0.3333333333333333,1.0,0.0,0.0,0.8888888888888888,0.5,0.7667072344853819,0.02631578947368421,1.0,0.0,0.6875,0.3893219017926768,0.36820083682008353,0.7902969848107007,0.8778827977315693,0.0,0.0,1.0,0.0,0.0,0.0,0.0,0.0,0.0,0.0,0.0,0.0,1.0,0.0,0.0,0.0,0.0,0.0,0.0,0.0,1.0,0.0,0.0,1.0,0.0
4883,0.48148148148148145,1.0,0.0,0.0,0.8888888888888888,0.5,0.573494565885327,0.02631578947368421,1.0,0.0,0.6875,0.3893219017926768,0.36820083682008353,0.7902969848107007,0.8778827977315693,0.0,0.0,0.0,0.0,1.0,0.0,0.0,0.0,0.0,0.0,0.0,0.0,1.0,0.0,0.0,0.0,0.0,0.0,0.0,0.0,1.0,0.0,0.0,1.0,0.0
4884,0.2345679012345679,1.0,0.0,1.0,0.8888888888888888,0.5,0.5970188304191458,0.15789473684210525,1.0,0.0,0.6875,0.3893219017926768,0.36820083682008353,0.7902969848107007,0.8778827977315693,0.0,0.0,0.0,0.0,0.0,0.0,0.0,0.0,0.0,1.0,0.0,0.0,1.0,0.0,0.0,0.0,0.0,0.0,0.0,1.0,0.0,0.0,0.0,1.0,0.0
4885,0.16049382716049382,1.0,0.0,0.0,0.8888888888888888,0.5,0.8408967201566225,0.02631578947368421,1.0,0.0,0.6875,0.3893219017926768,0.36820083682008353,0.7902969848107007,0.8778827977315693,1.0,0.0,0.0,0.0,0.0,0.0,0.0,0.0,0.0,0.0,1.0,0.0,0.0,1.0,0.0,0.0,0.0,0.0,0.0,0.0,0.0,1.0,0.0,1.0,0.0
4886,0.4691358024691357,1.0,0.0,0.0,0.8888888888888888,0.5,0.6653434421536871,0.02631578947368421,1.0,0.0,0.6875,0.3893219017926768,0.36820083682008353,0.7902969848107007,0.8778827977315693,0.0,0.0,0.0,0.0,0.0,0.0,0.0,0.0,0.0,1.0,0.0,0.0,1.0,0.0,0.0,0.0,0.0,1.0,0.0,0.0,0.0,0.0,1.0,1.0,0.0
4887,0.419753086419753,1.0,0.0,1.0,0.8888888888888888,0.5,0.529335783224907,0.05263157894736842,1.0,0.0,0.6875,0.3893219017926768,0.36820083682008353,0.7902969848107007,0.8778827977315693,0.0,0.0,1.0,0.0,0.0,0.0,0.0,0.0,0.0,0.0,0.0,0.0,0.0,0.0,0.0,0.0,0.0,0.0,0.0,0.0,1.0,0.0,0.0,1.0,0.0
4888,0.25925925925925924,1.0,0.0,1.0,0.8888888888888888,0.5,0.7356700871054456,0.02631578947368421,1.0,0.0,0.6875,0.3893219017926768,0.36820083682008353,0.7902969848107007,0.8778827977315693,0.0,0.0,1.0,0.0,0.0,0.0,0.0,0.0,0.0,0.0,0.0,0.0,1.0,0.0,0.0,0.0,0.0,0.0,0.0,1.0,0.0,0.0,0.0,1.0,0.0
4889,0.38271604938271603,1.0,0.0,0.0,0.8888888888888888,0.5,0.7352167719029069,0.02631578947368421,1.0,0.14285714285714285,0.6875,0.3893219017926768,0.36820083682008353,0.7902969848107007,0.8778827977315693,0.0,0.0,0.0,0.0,0.0,0.0,0.0,0.0,0.0,0.0,0.0,0.0,1.0,0.0,0.0,0.0,0.0,0.0,0.0,0.0,1.0,0.0,0.0,0.0,0.0
4890,0.2345679012345679,1.0,0.0,0.0,0.8888888888888888,0.75,0.5198109754500708,0.05263157894736842,1.0,0.0,0.6875,0.3893219017926768,0.36820083682008353,0.7803219224665607,0.8778827977315693,0.0,1.0,0.0,0.0,0.0,0.0,0.0,0.0,0.0,0.0,0.0,0.0,0.0,1.0,0.0,1.0,0.0,0.0,0.0,0.0,0.0,0.0,0.0,1.0,0.0
4891,0.29629629629629634,1.0,0.0,0.0,0.8888888888888888,0.75,0.6887622608157357,0.05263157894736842,1.0,0.0,0.6875,0.3893219017926768,0.36820083682008353,0.7803219224665607,0.8778827977315693,0.0,0.0,0.0,0.0,0.0,0.0,0.0,0.0,0.0,1.0,0.0,0.0,1.0,0.0,0.0,0.0,1.0,0.0,0.0,0.0,0.0,0.0,0.0,1.0,0.0
4892,0.14814814814814814,0.0,0.0,0.0,0.8888888888888888,0.75,0.5846247304098844,0.13157894736842105,1.0,0.0,0.6875,0.3893219017926768,0.36820083682008353,0.7803219224665607,0.8778827977315693,0.0,0.0,0.0,0.0,0.0,0.0,0.0,0.0,0.0,0.0,1.0,0.0,1.0,0.0,0.0,0.0,0.0,0.0,0.0,0.0,0.0,0.0,1.0,1.0,0.0
4893,0.30864197530864196,1.0,0.0,0.0,0.8888888888888888,0.75,0.5094464638657551,0.02631578947368421,0.004004004004004004,0.14285714285714285,0.6875,0.3893219017926768,0.36820083682008353,0.7803219224665607,0.8778827977315693,0.0,0.0,0.0,0.0,0.0,0.0,0.0,0.0,0.0,0.0,0.0,0.0,1.0,0.0,0.0,0.0,0.0,0.0,0.0,0.0,1.0,0.0,0.0,0.0,1.0
4894,0.24691358024691357,1.0,0.0,0.0,0.8888888888888888,0.75,0.7588020523597342,0.02631578947368421,1.0,0.0,0.6875,0.3893219017926768,0.36820083682008353,0.7803219224665607,0.8778827977315693,0.0,0.0,0.0,0.0,1.0,0.0,0.0,0.0,0.0,0.0,0.0,0.0,1.0,0.0,0.0,0.0,0.0,0.0,0.0,0.0,0.0,1.0,0.0,1.0,0.0
4895,0.16049382716049382,0.0,0.0,0.0,0.8888888888888888,0.75,0.5140006512933829,0.02631578947368421,1.0,0.0,0.6875,0.3893219017926768,0.36820083682008353,0.7803219224665607,0.8778827977315693,0.0,0.0,0.0,0.0,0.0,0.0,0.0,0.0,0.0,1.0,0.0,0.0,0.0,1.0,0.0,0.0,0.0,0.0,0.0,0.0,1.0,0.0,0.0,1.0,0.0
4896,0.24691358024691357,1.0,0.0,0.0,0.8888888888888888,0.75,0.5862473099208212,0.0,1.0,0.0,0.6875,0.3893219017926768,0.36820083682008353,0.7803219224665607,0.8778827977315693,0.0,0.0,0.0,0.0,0.0,0.0,0.0,0.0,0.0,0.0,1.0,0.0,0.0,1.0,0.0,0.0,0.0,0.0,0.0,0.0,1.0,0.0,0.0,1.0,0.0
4897,0.14814814814814814,0.0,0.0,0.0,0.8888888888888888,0.75,0.6108742554254224,0.0,1.0,0.14285714285714285,0.6875,0.3893219017926768,0.36820083682008353,0.7803219224665607,0.8778827977315693,0.0,0.0,0.0,0.0,0.0,0.0,0.0,0.0,0.0,1.0,0.0,0.0,1.0,0.0,0.0,0.0,0.0,0.0,0.0,1.0,0.0,0.0,0.0,0.0,0.0
4898,0.34567901234567905,0.0,0.0,0.0,0.8888888888888888,0.75,0.7913824366052906,0.05263157894736842,1.0,0.0,0.6875,0.3893219017926768,0.36820083682008353,0.7803219224665607,0.8778827977315693,0.0,1.0,0.0,0.0,0.0,0.0,0.0,0.0,0.0,0.0,0.0,0.0,1.0,0.0,0.0,1.0,0.0,0.0,0.0,0.0,0.0,0.0,0.0,1.0,0.0
4899,0.35802469135802467,1.0,0.0,0.0,0.8888888888888888,0.75,0.5571434124691511,0.07894736842105263,1.0,0.0,0.6875,0.3893219017926768,0.36820083682008353,0.7803219224665607,0.8778827977315693,0.0,0.0,0.0,0.0,0.0,0.0,0.0,0.0,0.0,0.0,1.0,0.0,1.0,0.0,0.0,1.0,0.0,0.0,0.0,0.0,0.0,0.0,0.0,1.0,0.0
4900,0.4691358024691357,0.0,0.0,0.0,0.8888888888888888,0.75,0.6290077936901697,0.05263157894736842,1.0,0.0,0.6875,0.3893219017926768,0.36820083682008353,0.7803219224665607,0.8778827977315693,0.0,0.0,0.0,0.0,0.0,0.0,0.0,0.0,0.0,0.0,0.0,0.0,1.0,0.0,0.0,0.0,1.0,0.0,0.0,0.0,0.0,0.0,0.0,1.0,0.0
4901,0.5061728395061729,0.0,0.0,0.0,0.8888888888888888,0.75,0.7257630807830285,0.0,1.0,0.0,0.6875,0.3893219017926768,0.36820083682008353,0.7803219224665607,0.8778827977315693,1.0,0.0,0.0,0.0,0.0,1.0,0.0,0.0,0.0,0.0,0.0,0.0,1.0,0.0,0.0,0.0,0.0,1.0,0.0,0.0,0.0,0.0,0.0,1.0,0.0
4902,0.18518518518518517,1.0,0.0,0.0,0.8888888888888888,0.75,0.6615821400485514,0.0,1.0,0.14285714285714285,0.6875,0.3893219017926768,0.36820083682008353,0.7803219224665607,0.8778827977315693,1.0,1.0,0.0,0.0,0.0,0.0,0.0,0.0,0.0,0.0,0.0,0.0,0.0,1.0,0.0,0.0,1.0,0.0,0.0,0.0,0.0,0.0,0.0,0.0,0.0
4903,0.3703703703703703,0.0,0.0,0.0,0.8888888888888888,0.75,0.5344511608683252,0.05263157894736842,1.0,0.0,0.6875,0.3893219017926768,0.36820083682008353,0.7803219224665607,0.8778827977315693,0.0,0.0,0.0,0.0,0.0,0.0,0.0,0.0,0.0,1.0,0.0,0.0,1.0,0.0,0.0,0.0,0.0,0.0,0.0,1.0,0.0,0.0,0.0,1.0,0.0
4904,0.48148148148148145,0.0,0.0,0.0,0.8888888888888888,0.75,0.5253477691257531,0.0,1.0,0.0,0.6875,0.3893219017926768,0.36820083682008353,0.7803219224665607,0.8778827977315693,0.0,0.0,0.0,1.0,0.0,0.0,0.0,0.0,0.0,0.0,0.0,0.0,1.0,0.0,0.0,0.0,1.0,0.0,0.0,0.0,0.0,0.0,0.0,1.0,0.0
4905,0.1728395061728395,1.0,0.0,0.0,0.8888888888888888,0.75,0.635013676339261,0.0,1.0,0.0,0.6875,0.3893219017926768,0.36820083682008353,0.7803219224665607,0.8778827977315693,0.0,0.0,0.0,0.0,0.0,0.0,0.0,1.0,0.0,0.0,0.0,0.0,1.0,0.0,0.0,0.0,0.0,1.0,0.0,0.0,0.0,0.0,0.0,1.0,0.0
4906,0.35802469135802467,0.0,0.0,0.0,0.8888888888888888,0.75,0.6920855086403026,0.0,1.0,0.14285714285714285,0.6875,0.3893219017926768,0.36820083682008353,0.7803219224665607,0.8778827977315693,0.0,0.0,0.0,0.0,0.0,0.0,0.0,0.0,0.0,0.0,0.0,0.0,1.0,0.0,0.0,0.0,0.0,0.0,0.0,0.0,1.0,0.0,0.0,0.0,0.0
4907,0.14814814814814814,1.0,0.0,0.0,0.8888888888888888,0.75,0.7656600303932715,0.0,1.0,0.0,0.6875,0.3893219017926768,0.36820083682008353,0.7803219224665607,0.8778827977315693,1.0,0.0,0.0,0.0,0.0,0.0,0.0,0.0,1.0,0.0,0.0,0.0,0.0,1.0,0.0,0.0,0.0,1.0,0.0,0.0,0.0,0.0,0.0,1.0,0.0
4908,0.20987654320987653,0.0,0.0,0.0,0.8888888888888888,0.75,0.7760562208180453,0.0,1.0,0.0,0.6875,0.3893219017926768,0.36820083682008353,0.7803219224665607,0.8778827977315693,1.0,0.0,0.0,0.0,0.0,0.0,0.0,0.0,0.0,1.0,0.0,0.0,1.0,0.0,0.0,0.0,0.0,1.0,0.0,0.0,0.0,0.0,0.0,1.0,0.0
4909,0.14814814814814814,1.0,0.0,0.0,0.8888888888888888,0.75,0.707424281343387,0.0,1.0,0.0,0.6875,0.3893219017926768,0.36820083682008353,0.7803219224665607,0.8778827977315693,0.0,0.0,0.0,1.0,0.0,0.0,0.0,0.0,0.0,0.0,0.0,0.0,1.0,0.0,0.0,0.0,0.0,1.0,0.0,0.0,0.0,0.0,0.0,1.0,0.0
4910,0.1728395061728395,1.0,0.0,0.0,0.8888888888888888,0.75,0.7094205620899076,0.0,1.0,0.0,0.6875,0.3893219017926768,0.36820083682008353,0.7803219224665607,0.8778827977315693,0.0,1.0,0.0,0.0,0.0,0.0,0.0,0.0,0.0,0.0,0.0,0.0,1.0,0.0,0.0,0.0,1.0,0.0,0.0,0.0,0.0,0.0,0.0,1.0,0.0
4911,0.4444444444444445,0.0,0.0,0.0,0.8888888888888888,0.75,0.7383538951349292,0.0,1.0,0.0,0.6875,0.3893219017926768,0.36820083682008353,0.7803219224665607,0.8778827977315693,1.0,0.0,0.0,0.0,0.0,0.0,0.0,0.0,0.0,1.0,0.0,0.0,0.0,0.0,0.0,0.0,0.0,1.0,0.0,0.0,0.0,0.0,0.0,1.0,0.0
4912,0.2839506172839506,1.0,0.0,0.0,0.8888888888888888,0.75,0.7580563436851481,0.0,1.0,0.0,0.6875,0.3893219017926768,0.36820083682008353,0.7803219224665607,0.8778827977315693,1.0,1.0,0.0,0.0,0.0,0.0,0.0,0.0,0.0,0.0,0.0,0.0,1.0,0.0,0.0,0.0,0.0,0.0,0.0,0.0,0.0,0.0,1.0,1.0,0.0
4913,0.3209876543209876,0.0,0.0,0.0,0.8888888888888888,0.75,0.8333540341515274,0.0,1.0,0.0,0.6875,0.3893219017926768,0.36820083682008353,0.7803219224665607,0.8778827977315693,1.0,0.0,0.0,0.0,1.0,0.0,0.0,0.0,0.0,0.0,0.0,0.0,1.0,0.0,0.0,0.0,0.0,0.0,0.0,0.0,1.0,0.0,0.0,1.0,0.0
4914,0.2222222222222222,1.0,0.0,0.0,0.8888888888888888,0.75,0.7458491144848195,0.02631578947368421,1.0,0.0,0.6875,0.3893219017926768,0.36820083682008353,0.7803219224665607,0.8778827977315693,1.0,0.0,1.0,0.0,0.0,0.0,0.0,0.0,0.0,0.0,0.0,0.0,1.0,0.0,0.0,0.0,0.0,1.0,0.0,0.0,0.0,0.0,0.0,1.0,0.0
4915,0.2839506172839506,1.0,0.0,0.0,0.8888888888888888,0.75,0.3581428520730854,0.13157894736842105,1.0,0.0,0.6875,0.3893219017926768,0.36820083682008353,0.7803219224665607,0.8778827977315693,0.0,0.0,0.0,0.0,0.0,0.0,0.0,0.0,0.0,0.0,0.0,0.0,1.0,0.0,0.0,0.0,0.0,0.0,0.0,0.0,1.0,0.0,0.0,1.0,0.0
4916,0.4074074074074074,0.0,0.0,0.0,0.8888888888888888,0.75,0.664517928944963,0.0,1.0,0.0,0.6875,0.3893219017926768,0.36820083682008353,0.7803219224665607,0.8778827977315693,1.0,1.0,0.0,0.0,0.0,0.0,0.0,0.0,0.0,0.0,0.0,0.0,1.0,0.0,0.0,0.0,0.0,0.0,0.0,1.0,0.0,0.0,1.0,1.0,0.0
4917,0.18518518518518517,0.0,0.0,0.0,0.8888888888888888,0.75,0.7199621017730734,0.0,1.0,0.0,0.6875,0.3893219017926768,0.36820083682008353,0.7803219224665607,0.8778827977315693,1.0,0.0,0.0,0.0,0.0,0.0,0.0,0.0,0.0,1.0,0.0,0.0,0.0,1.0,0.0,0.0,0.0,0.0,0.0,0.0,1.0,0.0,0.0,1.0,0.0
4918,0.14814814814814814,0.0,0.0,0.0,0.8888888888888888,0.75,0.7365715102863578,0.02631578947368421,1.0,0.0,0.6875,0.3893219017926768,0.36820083682008353,0.7803219224665607,0.8778827977315693,0.0,0.0,0.0,0.0,0.0,0.0,0.0,0.0,0.0,0.0,0.0,0.0,1.0,0.0,0.0,0.0,0.0,1.0,0.0,0.0,0.0,0.0,0.0,1.0,0.0
4919,0.18518518518518517,1.0,0.0,0.0,0.8888888888888888,0.75,0.7754125248234682,0.0,1.0,0.0,0.6875,0.3893219017926768,0.36820083682008353,0.7803219224665607,0.8778827977315693,1.0,0.0,0.0,0.0,0.0,0.0,0.0,0.0,0.0,0.0,1.0,0.0,1.0,0.0,0.0,0.0,0.0,1.0,0.0,0.0,0.0,0.0,0.0,1.0,0.0
4920,0.34567901234567905,0.0,0.0,0.0,0.8888888888888888,0.75,0.8118868880136216,0.0,1.0,0.0,0.6875,0.3893219017926768,0.36820083682008353,0.7803219224665607,0.8778827977315693,1.0,0.0,0.0,0.0,1.0,0.0,0.0,0.0,0.0,0.0,0.0,0.0,1.0,0.0,0.0,0.0,0.0,0.0,0.0,1.0,0.0,0.0,0.0,1.0,0.0
4921,0.1728395061728395,1.0,0.0,0.0,0.8888888888888888,0.75,0.5940405662922726,0.0,1.0,0.0,0.6875,0.3893219017926768,0.36820083682008353,0.7803219224665607,0.8778827977315693,0.0,0.0,0.0,0.0,0.0,0.0,0.0,0.0,0.0,1.0,0.0,0.0,0.0,1.0,0.0,0.0,0.0,0.0,0.0,1.0,0.0,0.0,0.0,1.0,0.0
4922,0.2839506172839506,0.0,0.0,0.0,0.8888888888888888,0.75,0.7422681798994943,0.0,1.0,0.0,0.6875,0.3893219017926768,0.36820083682008353,0.7803219224665607,0.8778827977315693,1.0,0.0,0.0,0.0,1.0,0.0,0.0,0.0,0.0,0.0,0.0,0.0,0.0,1.0,0.0,0.0,0.0,0.0,0.0,0.0,1.0,0.0,0.0,1.0,0.0
4923,0.14814814814814814,1.0,0.0,0.0,0.8888888888888888,0.75,0.603456402174661,0.0,1.0,0.0,0.6875,0.3893219017926768,0.36820083682008353,0.7803219224665607,0.8778827977315693,0.0,1.0,0.0,0.0,0.0,0.0,0.0,0.0,0.0,0.0,0.0,0.0,1.0,0.0,0.0,0.0,0.0,1.0,0.0,0.0,0.0,0.0,0.0,1.0,0.0
4924,0.4074074074074074,0.0,0.0,0.0,0.8888888888888888,0.75,0.481638834621511,0.07894736842105263,1.0,0.0,0.6875,0.3893219017926768,0.36820083682008353,0.7803219224665607,0.8778827977315693,0.0,0.0,0.0,0.0,0.0,0.0,1.0,0.0,0.0,0.0,0.0,0.0,0.0,0.0,0.0,0.0,0.0,0.0,0.0,0.0,1.0,0.0,0.0,1.0,0.0
4925,0.39506172839506176,1.0,0.0,0.0,0.8888888888888888,0.75,0.5239878100544288,0.0,1.0,0.0,0.6875,0.3893219017926768,0.36820083682008353,0.7803219224665607,0.8778827977315693,0.0,0.0,0.0,0.0,0.0,0.0,0.0,0.0,0.0,0.0,0.0,0.0,1.0,0.0,0.0,0.0,1.0,0.0,0.0,0.0,0.0,0.0,0.0,1.0,0.0
4926,0.2345679012345679,1.0,0.0,0.0,0.8888888888888888,0.75,0.5716847586578249,0.0,1.0,0.0,0.6875,0.3893219017926768,0.36820083682008353,0.7803219224665607,0.8778827977315693,0.0,0.0,0.0,0.0,0.0,0.0,0.0,1.0,0.0,0.0,0.0,0.0,0.0,1.0,0.0,0.0,0.0,1.0,0.0,0.0,0.0,0.0,0.0,1.0,0.0
4927,0.16049382716049382,1.0,0.0,0.0,0.8888888888888888,0.75,0.7260089223552333,0.0,1.0,0.0,0.6875,0.3893219017926768,0.36820083682008353,0.7803219224665607,0.8778827977315693,1.0,0.0,0.0,0.0,0.0,0.0,0.0,0.0,0.0,0.0,0.0,0.0,0.0,1.0,0.0,0.0,0.0,0.0,0.0,0.0,1.0,0.0,0.0,1.0,0.0
4928,0.14814814814814814,1.0,0.0,0.0,0.8888888888888888,0.75,0.779690638081939,0.0,1.0,0.0,0.6875,0.3893219017926768,0.36820083682008353,0.7803219224665607,0.8778827977315693,1.0,0.0,0.0,0.0,0.0,0.0,0.0,1.0,0.0,0.0,0.0,0.0,1.0,0.0,0.0,0.0,1.0,0.0,0.0,0.0,0.0,0.0,0.0,1.0,0.0
4929,0.1728395061728395,0.0,0.0,0.0,0.8888888888888888,0.75,0.5886399717165399,0.13157894736842105,1.0,0.14285714285714285,0.6875,0.3893219017926768,0.36820083682008353,0.7803219224665607,0.8778827977315693,0.0,1.0,0.0,0.0,0.0,0.0,0.0,0.0,0.0,0.0,0.0,0.0,0.0,1.0,0.0,0.0,0.0,0.0,0.0,0.0,0.0,0.0,0.0,0.0,0.0
4930,0.4938271604938272,0.0,0.0,0.0,0.8888888888888888,0.75,0.623268355434684,0.02631578947368421,1.0,0.0,0.6875,0.3893219017926768,0.36820083682008353,0.7803219224665607,0.8778827977315693,0.0,0.0,1.0,0.0,0.0,0.0,0.0,0.0,0.0,0.0,0.0,0.0,1.0,0.0,0.0,0.0,0.0,1.0,0.0,0.0,0.0,0.0,0.0,1.0,0.0
4931,0.3333333333333333,1.0,0.0,0.0,0.8888888888888888,0.75,0.5878478128342483,0.0,1.0,0.0,0.6875,0.3893219017926768,0.36820083682008353,0.7803219224665607,0.8778827977315693,0.0,0.0,0.0,0.0,0.0,0.0,0.0,0.0,0.0,0.0,0.0,0.0,1.0,0.0,0.0,0.0,0.0,0.0,0.0,0.0,1.0,0.0,0.0,1.0,0.0
4932,0.1728395061728395,0.0,0.0,0.0,0.8888888888888888,0.75,0.6402196209389266,0.0,1.0,0.0,0.6875,0.3893219017926768,0.36820083682008353,0.7803219224665607,0.8778827977315693,0.0,1.0,0.0,0.0,0.0,0.0,0.0,0.0,0.0,0.0,0.0,0.0,1.0,0.0,0.0,0.0,0.0,0.0,0.0,1.0,0.0,0.0,1.0,1.0,0.0
4933,0.24691358024691357,0.0,0.0,0.0,0.8888888888888888,0.75,0.6075603701023119,0.0,1.0,0.0,0.6875,0.3893219017926768,0.36820083682008353,0.7803219224665607,0.8778827977315693,0.0,0.0,0.0,0.0,0.0,0.0,0.0,0.0,0.0,1.0,0.0,0.0,1.0,0.0,0.0,0.0,0.0,0.0,0.0,0.0,1.0,0.0,0.0,1.0,0.0
4934,0.18518518518518517,1.0,0.0,1.0,0.8888888888888888,0.75,0.5496889184613623,0.0,1.0,0.0,0.6875,0.3893219017926768,0.36820083682008353,0.7803219224665607,0.8778827977315693,0.0,0.0,0.0,0.0,0.0,0.0,0.0,0.0,0.0,1.0,0.0,0.0,1.0,0.0,0.0,0.0,0.0,0.0,0.0,1.0,0.0,0.0,0.0,1.0,0.0
4935,0.48148148148148145,1.0,0.0,0.0,0.8888888888888888,0.75,0.8120051737445386,0.0,1.0,0.14285714285714285,0.6875,0.3893219017926768,0.36820083682008353,0.7803219224665607,0.8778827977315693,1.0,1.0,0.0,0.0,0.0,0.0,0.0,0.0,0.0,0.0,0.0,0.0,1.0,0.0,0.0,0.0,1.0,0.0,0.0,0.0,0.0,0.0,0.0,0.0,0.0
4936,0.3209876543209876,0.0,1.0,0.0,0.8888888888888888,0.75,0.5571434124691511,0.10526315789473684,1.0,0.0,0.6875,0.3893219017926768,0.36820083682008353,0.7803219224665607,0.8778827977315693,0.0,0.0,0.0,0.0,0.0,0.0,0.0,0.0,0.0,1.0,0.0,0.0,1.0,0.0,0.0,0.0,0.0,0.0,0.0,0.0,1.0,0.0,0.0,1.0,0.0
4937,0.35802469135802467,1.0,0.0,0.0,0.8888888888888888,0.75,0.8606050496703869,0.02631578947368421,1.0,0.0,0.6875,0.3893219017926768,0.36820083682008353,0.7803219224665607,0.8778827977315693,1.0,0.0,0.0,0.0,1.0,0.0,0.0,0.0,0.0,0.0,0.0,0.0,1.0,0.0,0.0,0.0,0.0,0.0,0.0,0.0,0.0,1.0,0.0,1.0,0.0
4938,0.16049382716049382,1.0,0.0,0.0,0.8888888888888888,0.75,0.5140006512933829,0.0,1.0,0.0,0.6875,0.3893219017926768,0.36820083682008353,0.7803219224665607,0.8778827977315693,0.0,0.0,0.0,0.0,0.0,0.0,0.0,0.0,0.0,1.0,0.0,0.0,0.0,1.0,0.0,0.0,0.0,0.0,0.0,1.0,0.0,0.0,0.0,1.0,0.0
4939,0.18518518518518517,0.0,0.0,0.0,0.8888888888888888,0.75,0.4368466051913672,0.0,1.0,0.0,0.6875,0.3893219017926768,0.36820083682008353,0.7803219224665607,0.8778827977315693,0.0,0.0,0.0,0.0,0.0,0.0,0.0,0.0,0.0,0.0,0.0,0.0,0.0,1.0,0.0,0.0,0.0,0.0,0.0,0.0,1.0,0.0,0.0,1.0,0.0
4940,0.20987654320987653,1.0,0.0,0.0,0.8888888888888888,0.75,0.7602794362930587,0.0,1.0,0.0,0.6875,0.3893219017926768,0.36820083682008353,0.7803219224665607,0.8778827977315693,0.0,0.0,0.0,0.0,0.0,0.0,0.0,1.0,0.0,0.0,0.0,0.0,1.0,0.0,0.0,0.0,0.0,1.0,0.0,0.0,0.0,0.0,0.0,1.0,0.0
4941,0.30864197530864196,1.0,0.0,0.0,0.8888888888888888,0.75,0.7964828260153337,0.10526315789473684,1.0,0.0,0.6875,0.3893219017926768,0.36820083682008353,0.7803219224665607,0.8778827977315693,1.0,0.0,0.0,0.0,0.0,0.0,0.0,0.0,0.0,0.0,0.0,0.0,1.0,0.0,0.0,0.0,0.0,0.0,0.0,0.0,1.0,0.0,0.0,1.0,0.0
4942,0.16049382716049382,1.0,0.0,0.0,0.8888888888888888,0.75,0.5909849360662706,0.0,1.0,0.0,0.6875,0.3893219017926768,0.36820083682008353,0.7803219224665607,0.8778827977315693,0.0,0.0,0.0,0.0,0.0,0.0,1.0,0.0,0.0,0.0,0.0,0.0,0.0,1.0,0.0,0.0,0.0,0.0,0.0,0.0,1.0,0.0,0.0,1.0,0.0
4943,0.3703703703703703,1.0,0.0,0.0,0.8888888888888888,0.75,0.6821771312868369,0.07894736842105263,1.0,0.0,0.6875,0.3893219017926768,0.36820083682008353,0.7803219224665607,0.8778827977315693,1.0,0.0,0.0,0.0,0.0,0.0,0.0,0.0,0.0,1.0,0.0,0.0,1.0,0.0,0.0,0.0,0.0,0.0,0.0,1.0,0.0,0.0,0.0,1.0,0.0
4944,0.38271604938271603,0.0,0.0,0.0,0.8888888888888888,0.75,0.6717469358140523,0.0,1.0,0.14285714285714285,0.6875,0.3893219017926768,0.36820083682008353,0.7803219224665607,0.8778827977315693,0.0,0.0,0.0,0.0,0.0,0.0,0.0,0.0,0.0,0.0,0.0,0.0,1.0,0.0,0.0,0.0,0.0,0.0,0.0,0.0,1.0,0.0,0.0,0.0,0.0
4945,0.2222222222222222,0.0,0.0,0.0,0.8888888888888888,0.75,0.7079981124787547,0.0,1.0,0.0,0.6875,0.3893219017926768,0.36820083682008353,0.7803219224665607,0.8778827977315693,0.0,0.0,0.0,0.0,0.0,0.0,0.0,1.0,0.0,0.0,0.0,0.0,0.0,0.0,0.0,0.0,0.0,1.0,0.0,0.0,0.0,0.0,0.0,1.0,0.0
4946,0.18518518518518517,0.0,0.0,1.0,0.8888888888888888,0.75,0.5689167450775122,0.02631578947368421,1.0,0.0,0.6875,0.3893219017926768,0.36820083682008353,0.7803219224665607,0.8778827977315693,0.0,0.0,1.0,0.0,0.0,0.0,0.0,0.0,0.0,0.0,0.0,0.0,1.0,0.0,0.0,0.0,0.0,0.0,0.0,0.0,1.0,0.0,0.0,1.0,0.0
4947,0.35802469135802467,1.0,1.0,0.0,0.8888888888888888,0.75,0.5862473099208212,0.0,1.0,0.0,0.6875,0.3893219017926768,0.36820083682008353,0.7803219224665607,0.8778827977315693,0.0,1.0,0.0,0.0,0.0,0.0,0.0,0.0,0.0,0.0,0.0,0.0,0.0,1.0,0.0,0.0,0.0,0.0,0.0,0.0,0.0,0.0,0.0,1.0,0.0
4948,0.16049382716049382,1.0,0.0,0.0,0.8888888888888888,0.75,0.7383538951349292,0.0,1.0,0.14285714285714285,0.6875,0.3893219017926768,0.36820083682008353,0.7803219224665607,0.8778827977315693,1.0,0.0,1.0,0.0,0.0,0.0,0.0,0.0,0.0,0.0,0.0,0.0,0.0,1.0,0.0,0.0,0.0,0.0,0.0,0.0,1.0,0.0,0.0,0.0,0.0
4949,0.43209876543209874,0.0,0.0,0.0,0.8888888888888888,0.75,0.6238550656258994,0.0,1.0,0.0,0.6875,0.3893219017926768,0.36820083682008353,0.7803219224665607,0.8778827977315693,0.0,1.0,0.0,0.0,0.0,0.0,0.0,0.0,0.0,0.0,0.0,0.0,0.0,0.0,0.0,0.0,0.0,0.0,0.0,0.0,0.0,0.0,0.0,1.0,0.0
4950,0.2222222222222222,0.0,0.0,0.0,0.8888888888888888,0.75,0.7409778362545074,0.0,1.0,0.0,0.6875,0.3893219017926768,0.36820083682008353,0.7803219224665607,0.8778827977315693,1.0,1.0,0.0,0.0,0.0,0.0,0.0,0.0,0.0,0.0,0.0,0.0,1.0,0.0,0.0,0.0,1.0,0.0,0.0,0.0,0.0,0.0,1.0,1.0,0.0
4951,0.2839506172839506,1.0,0.0,1.0,0.8888888888888888,0.75,0.5631773068220264,0.02631578947368421,1.0,0.0,0.6875,0.3893219017926768,0.36820083682008353,0.7803219224665607,0.8778827977315693,0.0,0.0,0.0,0.0,0.0,0.0,0.0,0.0,0.0,0.0,0.0,0.0,0.0,1.0,0.0,0.0,0.0,1.0,0.0,0.0,0.0,0.0,0.0,1.0,0.0
4952,0.16049382716049382,1.0,0.0,0.0,0.8888888888888888,0.75,0.7945788629575985,0.05263157894736842,1.0,0.0,0.6875,0.3893219017926768,0.36820083682008353,0.7803219224665607,0.8778827977315693,1.0,0.0,0.0,0.0,0.0,0.0,0.0,0.0,0.0,0.0,0.0,0.0,1.0,0.0,0.0,0.0,0.0,0.0,0.0,0.0,1.0,0.0,0.0,1.0,0.0
4953,0.19753086419753085,0.0,0.0,0.0,0.8888888888888888,0.75,0.5925226723355308,0.0,1.0,0.14285714285714285,0.6875,0.3893219017926768,0.36820083682008353,0.7803219224665607,0.8778827977315693,0.0,0.0,0.0,0.0,0.0,0.0,0.0,0.0,0.0,0.0,1.0,0.0,0.0,1.0,0.0,0.0,0.0,0.0,0.0,0.0,1.0,0.0,0.0,0.0,0.0
4954,0.16049382716049382,1.0,0.0,0.0,0.8888888888888888,0.75,0.5169416832156455,0.0,1.0,0.0,0.6875,0.3893219017926768,0.36820083682008353,0.7803219224665607,0.8778827977315693,0.0,0.0,0.0,0.0,0.0,0.0,0.0,1.0,0.0,0.0,0.0,0.0,1.0,0.0,0.0,0.0,0.0,1.0,0.0,0.0,0.0,0.0,0.0,1.0,0.0
4955,0.14814814814814814,0.0,0.0,0.0,0.8888888888888888,0.75,0.48737827287699675,0.10526315789473684,1.0,0.0,0.6875,0.3893219017926768,0.36820083682008353,0.7803219224665607,0.8778827977315693,0.0,0.0,1.0,0.0,0.0,0.0,0.0,0.0,0.0,0.0,0.0,0.0,1.0,0.0,0.0,0.0,0.0,0.0,0.0,0.0,1.0,0.0,0.0,1.0,0.0
4956,0.3333333333333333,1.0,0.0,0.0,0.8888888888888888,0.75,0.8043106677366022,0.07894736842105263,1.0,0.0,0.6875,0.3893219017926768,0.36820083682008353,0.7803219224665607,0.8778827977315693,1.0,0.0,0.0,0.0,0.0,0.0,0.0,0.0,0.0,0.0,0.0,0.0,0.0,1.0,0.0,0.0,0.0,0.0,0.0,1.0,0.0,0.0,0.0,1.0,0.0
4957,0.19753086419753085,0.0,0.0,0.0,0.8888888888888888,0.75,0.7513215034780908,0.0,1.0,0.0,0.6875,0.3893219017926768,0.36820083682008353,0.7803219224665607,0.8778827977315693,1.0,1.0,0.0,0.0,0.0,0.0,0.0,0.0,0.0,0.0,0.0,0.0,1.0,0.0,0.0,0.0,1.0,0.0,0.0,0.0,0.0,0.0,0.0,1.0,0.0
4958,0.4074074074074074,1.0,1.0,0.0,0.8888888888888888,0.75,0.5813108450867737,0.0,1.0,0.0,0.6875,0.3893219017926768,0.36820083682008353,0.7803219224665607,0.8778827977315693,0.0,0.0,0.0,0.0,0.0,0.0,0.0,0.0,0.0,0.0,1.0,0.0,0.0,0.0,1.0,0.0,1.0,0.0,0.0,0.0,0.0,0.0,0.0,1.0,0.0
4959,0.3209876543209876,1.0,0.0,0.0,0.8888888888888888,0.75,0.6220860826741794,0.02631578947368421,1.0,0.0,0.6875,0.3893219017926768,0.36820083682008353,0.7803219224665607,0.8778827977315693,0.0,0.0,0.0,0.0,0.0,0.0,0.0,0.0,0.0,0.0,0.0,0.0,1.0,0.0,0.0,0.0,0.0,0.0,0.0,0.0,1.0,0.0,0.0,1.0,0.0
4960,0.4074074074074074,1.0,0.0,0.0,0.8888888888888888,0.75,0.7692851714613549,0.0,1.0,0.0,0.6875,0.3893219017926768,0.36820083682008353,0.7803219224665607,0.8778827977315693,1.0,0.0,0.0,0.0,0.0,1.0,0.0,0.0,0.0,0.0,0.0,0.0,0.0,0.0,0.0,0.0,0.0,1.0,0.0,0.0,0.0,0.0,0.0,1.0,0.0
4961,0.30864197530864196,1.0,0.0,0.0,0.8888888888888888,0.75,0.6585712040288184,0.0,1.0,0.0,0.6875,0.3893219017926768,0.36820083682008353,0.7803219224665607,0.8778827977315693,0.0,1.0,0.0,0.0,0.0,0.0,0.0,0.0,0.0,0.0,0.0,0.0,0.0,1.0,0.0,0.0,0.0,0.0,0.0,0.0,0.0,0.0,1.0,1.0,0.0
4962,0.3209876543209876,0.0,0.0,0.0,0.8888888888888888,0.75,0.6821771312868369,0.0,1.0,0.0,0.6875,0.3893219017926768,0.36820083682008353,0.7803219224665607,0.8778827977315693,0.0,0.0,0.0,0.0,0.0,0.0,0.0,1.0,0.0,0.0,0.0,0.0,0.0,0.0,0.0,0.0,0.0,1.0,0.0,0.0,0.0,0.0,0.0,1.0,0.0
4963,0.20987654320987653,1.0,1.0,0.0,0.8888888888888888,0.75,0.8396882883971253,0.02631578947368421,1.0,0.0,0.6875,0.3893219017926768,0.36820083682008353,0.7803219224665607,0.8778827977315693,1.0,0.0,0.0,0.0,1.0,0.0,0.0,0.0,0.0,0.0,0.0,0.0,0.0,0.0,0.0,0.0,0.0,0.0,0.0,0.0,1.0,0.0,0.0,1.0,0.0
4964,0.16049382716049382,0.0,0.0,0.0,0.8888888888888888,0.75,0.7668808657338575,0.0,1.0,0.0,0.6875,0.3893219017926768,0.36820083682008353,0.7803219224665607,0.8778827977315693,1.0,1.0,0.0,0.0,0.0,0.0,0.0,0.0,0.0,0.0,0.0,0.0,1.0,0.0,0.0,0.0,1.0,0.0,0.0,0.0,0.0,0.0,1.0,1.0,0.0
4965,0.2839506172839506,1.0,1.0,0.0,0.8888888888888888,0.75,0.8595838366170175,0.05263157894736842,1.0,0.0,0.6875,0.3893219017926768,0.36820083682008353,0.7803219224665607,0.8778827977315693,1.0,0.0,0.0,0.0,0.0,0.0,1.0,0.0,0.0,0.0,0.0,0.0,1.0,0.0,0.0,0.0,0.0,0.0,0.0,0.0,1.0,0.0,1.0,1.0,0.0
4966,0.20987654320987653,1.0,0.0,0.0,0.8888888888888888,0.75,0.7450162957887101,0.02631578947368421,1.0,0.0,0.6875,0.3893219017926768,0.36820083682008353,0.7803219224665607,0.8778827977315693,1.0,0.0,0.0,0.0,0.0,0.0,0.0,0.0,0.0,0.0,1.0,0.0,1.0,0.0,0.0,0.0,0.0,1.0,0.0,0.0,0.0,0.0,0.0,1.0,0.0
4967,0.14814814814814814,1.0,0.0,0.0,0.8888888888888888,0.75,0.6624284397381989,0.07894736842105263,1.0,0.0,0.6875,0.3893219017926768,0.36820083682008353,0.7803219224665607,0.8778827977315693,0.0,0.0,0.0,0.0,0.0,0.0,0.0,1.0,0.0,0.0,0.0,0.0,1.0,0.0,0.0,0.0,0.0,1.0,0.0,0.0,0.0,0.0,0.0,1.0,0.0
4968,0.1728395061728395,0.0,0.0,0.0,0.8888888888888888,0.75,0.6140973378497864,0.0,1.0,0.0,0.6875,0.3893219017926768,0.36820083682008353,0.7803219224665607,0.8778827977315693,0.0,1.0,0.0,0.0,0.0,0.0,0.0,0.0,0.0,0.0,0.0,0.0,0.0,1.0,0.0,0.0,0.0,1.0,0.0,0.0,0.0,0.0,0.0,1.0,0.0
4969,0.419753086419753,1.0,0.0,0.0,0.8888888888888888,0.75,0.5670345425314071,0.0,1.0,0.0,0.6875,0.3893219017926768,0.36820083682008353,0.7803219224665607,0.8778827977315693,0.0,0.0,0.0,0.0,0.0,0.0,0.0,0.0,0.0,1.0,0.0,0.0,1.0,0.0,0.0,0.0,0.0,0.0,0.0,1.0,0.0,0.0,0.0,1.0,0.0
4970,0.4938271604938272,1.0,1.0,0.0,0.8888888888888888,0.75,0.8295460903554955,0.0,1.0,0.0,0.6875,0.3893219017926768,0.36820083682008353,0.7803219224665607,0.8778827977315693,1.0,0.0,0.0,0.0,0.0,0.0,0.0,0.0,0.0,0.0,0.0,0.0,0.0,0.0,0.0,0.0,0.0,0.0,0.0,0.0,1.0,0.0,0.0,1.0,0.0
4971,0.14814814814814814,1.0,1.0,0.0,0.8888888888888888,0.75,0.48358326152743014,0.0,1.0,0.0,0.6875,0.3893219017926768,0.36820083682008353,0.7803219224665607,0.8778827977315693,0.0,0.0,0.0,0.0,0.0,0.0,0.0,0.0,0.0,0.0,0.0,0.0,0.0,1.0,0.0,0.0,0.0,0.0,0.0,0.0,1.0,0.0,0.0,1.0,0.0
4972,0.34567901234567905,1.0,1.0,0.0,0.8888888888888888,0.75,0.771641319028872,0.0,1.0,0.0,0.6875,0.3893219017926768,0.36820083682008353,0.7803219224665607,0.8778827977315693,1.0,0.0,0.0,0.0,0.0,0.0,0.0,0.0,0.0,1.0,0.0,0.0,0.0,0.0,0.0,0.0,0.0,0.0,0.0,1.0,0.0,0.0,0.0,1.0,0.0
4973,0.16049382716049382,1.0,1.0,0.0,0.8888888888888888,0.75,0.5078883596370491,0.0,1.0,0.0,0.6875,0.3893219017926768,0.36820083682008353,0.7803219224665607,0.8778827977315693,0.0,1.0,0.0,0.0,0.0,0.0,0.0,0.0,0.0,0.0,0.0,0.0,1.0,0.0,0.0,1.0,0.0,0.0,0.0,0.0,0.0,0.0,0.0,1.0,0.0
4974,0.24691358024691357,1.0,0.0,0.0,0.8888888888888888,0.75,0.8167552441034224,0.0,1.0,0.0,0.6875,0.3893219017926768,0.36820083682008353,0.7803219224665607,0.8778827977315693,1.0,0.0,0.0,0.0,0.0,0.0,0.0,0.0,0.0,0.0,0.0,0.0,0.0,1.0,0.0,0.0,0.0,1.0,0.0,0.0,0.0,0.0,0.0,1.0,0.0
4975,0.14814814814814814,1.0,1.0,0.0,0.8888888888888888,0.75,0.7766964136878293,0.0,1.0,0.0,0.6875,0.3893219017926768,0.36820083682008353,0.7803219224665607,0.8778827977315693,1.0,0.0,0.0,0.0,0.0,0.0,0.0,0.0,0.0,0.0,0.0,0.0,0.0,1.0,0.0,0.0,0.0,0.0,0.0,0.0,1.0,0.0,0.0,1.0,0.0
4976,0.20987654320987653,0.0,0.0,0.0,0.8888888888888888,0.75,0.5854388177384106,0.0,1.0,0.0,0.6875,0.3893219017926768,0.36820083682008353,0.7803219224665607,0.8778827977315693,0.0,0.0,0.0,0.0,0.0,0.0,0.0,0.0,0.0,1.0,0.0,0.0,1.0,0.0,0.0,0.0,0.0,0.0,0.0,1.0,0.0,0.0,0.0,1.0,0.0
4977,0.1728395061728395,1.0,0.0,0.0,0.8888888888888888,0.75,0.5550613200712357,0.02631578947368421,1.0,0.0,0.6875,0.3893219017926768,0.36820083682008353,0.7803219224665607,0.8778827977315693,0.0,1.0,0.0,0.0,0.0,0.0,0.0,0.0,0.0,0.0,0.0,0.0,0.0,1.0,0.0,0.0,0.0,0.0,0.0,0.0,0.0,0.0,0.0,1.0,0.0
4978,0.2716049382716049,1.0,0.0,0.0,0.8888888888888888,0.75,0.6196852820090151,0.0,1.0,0.0,0.6875,0.3893219017926768,0.36820083682008353,0.7803219224665607,0.8778827977315693,0.0,1.0,0.0,0.0,0.0,0.0,0.0,0.0,0.0,0.0,0.0,0.0,1.0,0.0,0.0,0.0,0.0,1.0,0.0,0.0,0.0,0.0,0.0,1.0,0.0
4979,0.16049382716049382,0.0,0.0,0.0,0.8888888888888888,0.75,0.5689167450775122,0.0,1.0,0.0,0.6875,0.3893219017926768,0.36820083682008353,0.7803219224665607,0.8778827977315693,0.0,0.0,0.0,0.0,0.0,0.0,0.0,0.0,0.0,0.0,1.0,0.0,1.0,0.0,0.0,0.0,0.0,0.0,0.0,0.0,1.0,0.0,0.0,1.0,0.0
4980,0.4444444444444445,1.0,0.0,0.0,0.8888888888888888,0.75,0.798754103319714,0.02631578947368421,1.0,0.14285714285714285,0.6875,0.3893219017926768,0.36820083682008353,0.7803219224665607,0.8778827977315693,1.0,0.0,0.0,0.0,1.0,0.0,0.0,0.0,0.0,0.0,0.0,0.0,1.0,0.0,0.0,0.0,0.0,0.0,0.0,0.0,1.0,0.0,0.0,0.0,0.0
4981,0.2716049382716049,1.0,0.0,0.0,0.8888888888888888,0.75,0.5679794082497067,0.0,1.0,0.0,0.6875,0.3893219017926768,0.36820083682008353,0.7803219224665607,0.8778827977315693,0.0,1.0,0.0,0.0,0.0,0.0,0.0,0.0,0.0,0.0,0.0,0.0,1.0,0.0,0.0,0.0,1.0,0.0,0.0,0.0,0.0,0.0,1.0,1.0,0.0
4982,0.48148148148148145,0.0,0.0,0.0,0.8888888888888888,0.75,0.5169416832156455,0.0,1.0,0.0,0.6875,0.3893219017926768,0.36820083682008353,0.7803219224665607,0.8778827977315693,0.0,0.0,0.0,1.0,0.0,0.0,0.0,0.0,0.0,0.0,0.0,0.0,0.0,0.0,0.0,0.0,0.0,0.0,0.0,0.0,0.0,0.0,0.0,1.0,0.0
4983,0.20987654320987653,0.0,0.0,0.0,0.8888888888888888,0.75,0.695953314020339,0.02631578947368421,1.0,0.0,0.6875,0.3893219017926768,0.36820083682008353,0.7803219224665607,0.8778827977315693,1.0,0.0,0.0,0.0,1.0,0.0,0.0,0.0,0.0,0.0,0.0,0.0,0.0,0.0,0.0,0.0,0.0,0.0,0.0,0.0,1.0,0.0,0.0,1.0,0.0
4984,0.48148148148148145,1.0,0.0,0.0,0.8888888888888888,0.75,0.6306764053478436,0.0,1.0,0.14285714285714285,0.6875,0.3893219017926768,0.36820083682008353,0.7803219224665607,0.8778827977315693,0.0,0.0,0.0,1.0,0.0,0.0,0.0,0.0,0.0,0.0,0.0,0.0,0.0,0.0,0.0,0.0,0.0,0.0,0.0,0.0,0.0,0.0,0.0,0.0,0.0
4985,0.18518518518518517,0.0,0.0,0.0,0.8888888888888888,0.75,0.731291387992633,0.02631578947368421,1.0,0.14285714285714285,0.6875,0.3893219017926768,0.36820083682008353,0.7803219224665607,0.8778827977315693,1.0,0.0,0.0,0.0,1.0,0.0,0.0,0.0,0.0,0.0,0.0,0.0,0.0,1.0,0.0,0.0,0.0,0.0,0.0,0.0,1.0,0.0,0.0,0.0,0.0
4986,0.419753086419753,1.0,0.0,0.0,0.8888888888888888,0.75,0.8307619683581899,0.0,1.0,0.0,0.6875,0.3893219017926768,0.36820083682008353,0.7803219224665607,0.8778827977315693,0.0,0.0,0.0,0.0,0.0,0.0,0.0,0.0,0.0,0.0,1.0,0.0,0.0,0.0,0.0,0.0,0.0,1.0,0.0,0.0,0.0,0.0,1.0,1.0,0.0
4987,0.419753086419753,0.0,0.0,0.0,0.8888888888888888,0.75,0.5821481094717212,0.0,1.0,0.0,0.6875,0.3893219017926768,0.36820083682008353,0.7803219224665607,0.8778827977315693,0.0,0.0,0.0,0.0,0.0,0.0,0.0,0.0,0.0,0.0,0.0,0.0,0.0,0.0,0.0,0.0,0.0,0.0,0.0,0.0,1.0,0.0,0.0,1.0,0.0
4988,0.29629629629629634,0.0,0.0,0.0,0.8888888888888888,0.75,0.7534800071482515,0.0,1.0,0.0,0.6875,0.3893219017926768,0.36820083682008353,0.7803219224665607,0.8778827977315693,0.0,1.0,0.0,0.0,0.0,0.0,0.0,0.0,0.0,0.0,0.0,0.0,1.0,0.0,0.0,0.0,0.0,0.0,0.0,0.0,0.0,0.0,0.0,1.0,0.0
4989,0.20987654320987653,1.0,0.0,0.0,0.8888888888888888,0.75,0.7284394871168269,0.0,1.0,0.0,0.6875,0.3893219017926768,0.36820083682008353,0.7803219224665607,0.8778827977315693,1.0,0.0,0.0,0.0,0.0,0.0,1.0,0.0,0.0,0.0,0.0,0.0,1.0,0.0,0.0,0.0,0.0,0.0,1.0,0.0,0.0,0.0,0.0,1.0,0.0
4990,0.20987654320987653,1.0,0.0,0.0,0.8888888888888888,0.75,0.6572568311427133,0.05263157894736842,1.0,0.0,0.6875,0.3893219017926768,0.36820083682008353,0.7803219224665607,0.8778827977315693,0.0,0.0,0.0,0.0,0.0,0.0,0.0,0.0,0.0,0.0,1.0,0.0,1.0,0.0,0.0,0.0,0.0,0.0,0.0,0.0,1.0,0.0,0.0,1.0,0.0
4991,0.18518518518518517,1.0,0.0,1.0,0.8888888888888888,0.75,0.8156142540769739,0.02631578947368421,1.0,0.0,0.6875,0.3893219017926768,0.36820083682008353,0.7803219224665607,0.8778827977315693,1.0,1.0,0.0,0.0,0.0,0.0,0.0,0.0,0.0,0.0,0.0,0.0,0.0,0.0,0.0,0.0,1.0,0.0,0.0,0.0,0.0,0.0,0.0,1.0,0.0
4992,0.19753086419753085,1.0,0.0,0.0,0.8888888888888888,0.75,0.4980797516051752,0.0,1.0,0.0,0.6875,0.3893219017926768,0.36820083682008353,0.7803219224665607,0.8778827977315693,0.0,0.0,0.0,0.0,0.0,0.0,0.0,0.0,0.0,1.0,0.0,0.0,1.0,0.0,0.0,0.0,0.0,0.0,0.0,0.0,0.0,1.0,0.0,1.0,0.0
4993,0.19753086419753085,1.0,0.0,0.0,0.8888888888888888,0.75,0.6208918069393788,0.0,1.0,0.0,0.6875,0.3893219017926768,0.36820083682008353,0.7803219224665607,0.8778827977315693,0.0,0.0,0.0,0.0,0.0,0.0,0.0,0.0,0.0,0.0,0.0,0.0,1.0,0.0,0.0,0.0,0.0,0.0,0.0,0.0,1.0,0.0,0.0,1.0,0.0
4994,0.2716049382716049,1.0,0.0,0.0,0.8888888888888888,0.75,0.7689446932222594,0.02631578947368421,1.0,0.0,0.6875,0.3893219017926768,0.36820083682008353,0.7803219224665607,0.8778827977315693,0.0,0.0,0.0,0.0,0.0,0.0,0.0,1.0,0.0,0.0,0.0,0.0,0.0,1.0,0.0,0.0,0.0,0.0,0.0,0.0,1.0,0.0,1.0,1.0,0.0
4995,0.2839506172839506,0.0,0.0,0.0,0.8888888888888888,0.75,0.6323216790132803,0.02631578947368421,1.0,0.0,0.6875,0.3893219017926768,0.36820083682008353,0.7803219224665607,0.8778827977315693,0.0,0.0,0.0,0.0,0.0,0.0,0.0,1.0,0.0,0.0,0.0,0.0,1.0,0.0,0.0,1.0,0.0,0.0,0.0,0.0,0.0,0.0,0.0,1.0,0.0
4996,0.18518518518518517,0.0,0.0,1.0,0.8888888888888888,0.75,0.492850661870268,0.02631578947368421,1.0,0.0,0.6875,0.3893219017926768,0.36820083682008353,0.7803219224665607,0.8778827977315693,0.0,0.0,0.0,0.0,0.0,0.0,0.0,0.0,0.0,0.0,0.0,0.0,0.0,1.0,0.0,0.0,0.0,0.0,0.0,0.0,1.0,0.0,0.0,1.0,0.0
4997,0.4691358024691357,1.0,1.0,0.0,0.8888888888888888,0.75,0.5331930189342876,0.02631578947368421,1.0,0.0,0.6875,0.3893219017926768,0.36820083682008353,0.7803219224665607,0.8778827977315693,0.0,0.0,0.0,0.0,0.0,0.0,0.0,0.0,0.0,1.0,0.0,0.0,0.0,1.0,0.0,0.0,0.0,0.0,0.0,0.0,1.0,0.0,1.0,1.0,0.0
4998,0.34567901234567905,0.0,0.0,0.0,0.8888888888888888,0.75,0.7220124395076876,0.07894736842105263,1.0,0.0,0.6875,0.3893219017926768,0.36820083682008353,0.7803219224665607,0.8778827977315693,0.0,0.0,0.0,0.0,0.0,0.0,0.0,0.0,0.0,0.0,1.0,0.0,0.0,0.0,0.0,0.0,0.0,0.0,0.0,0.0,0.0,0.0,1.0,1.0,0.0
4999,0.3209876543209876,1.0,1.0,0.0,0.8888888888888888,0.75,0.455389309605973,0.0,1.0,0.0,0.6875,0.3893219017926768,0.36820083682008353,0.7803219224665607,0.8778827977315693,0.0,0.0,0.0,0.0,0.0,0.0,0.0,0.0,0.0,1.0,0.0,0.0,1.0,0.0,0.0,0.0,0.0,0.0,0.0,1.0,0.0,0.0,0.0,1.0,0.0
5000,0.18518518518518517,0.0,0.0,1.0,0.8888888888888888,0.75,0.4215477860088535,0.0,1.0,0.0,0.6875,0.3893219017926768,0.36820083682008353,0.7803219224665607,0.8778827977315693,0.0,0.0,0.0,0.0,0.0,0.0,0.0,1.0,0.0,0.0,0.0,0.0,1.0,0.0,0.0,0.0,0.0,1.0,0.0,0.0,0.0,0.0,0.0,1.0,0.0
5001,0.18518518518518517,0.0,0.0,0.0,0.8888888888888888,0.75,0.7240276519507142,0.02631578947368421,1.0,0.0,0.6875,0.3893219017926768,0.36820083682008353,0.7803219224665607,0.8778827977315693,0.0,0.0,0.0,0.0,0.0,0.0,0.0,0.0,0.0,0.0,0.0,0.0,0.0,1.0,0.0,0.0,0.0,1.0,0.0,0.0,0.0,0.0,0.0,1.0,0.0
5002,0.18518518518518517,1.0,1.0,0.0,0.8888888888888888,0.75,0.6323216790132803,0.13157894736842105,1.0,0.14285714285714285,0.6875,0.3893219017926768,0.36820083682008353,0.7803219224665607,0.8778827977315693,0.0,1.0,0.0,0.0,0.0,0.0,0.0,0.0,0.0,0.0,0.0,0.0,0.0,0.0,0.0,0.0,1.0,0.0,0.0,0.0,0.0,0.0,0.0,0.0,0.0
5003,0.16049382716049382,1.0,1.0,0.0,0.8888888888888888,0.75,0.6576965892230189,0.02631578947368421,1.0,0.0,0.6875,0.3893219017926768,0.36820083682008353,0.7803219224665607,0.8778827977315693,0.0,0.0,1.0,0.0,0.0,0.0,0.0,0.0,0.0,0.0,0.0,0.0,1.0,0.0,0.0,0.0,0.0,0.0,0.0,1.0,0.0,0.0,0.0,1.0,0.0
5004,0.4691358024691357,1.0,0.0,0.0,0.8888888888888888,0.75,0.5970188304191458,0.0,1.0,0.0,0.6875,0.3893219017926768,0.36820083682008353,0.7803219224665607,0.8778827977315693,0.0,0.0,0.0,0.0,1.0,0.0,0.0,0.0,0.0,0.0,0.0,0.0,0.0,0.0,0.0,0.0,0.0,0.0,0.0,0.0,1.0,0.0,0.0,1.0,0.0
5005,0.419753086419753,1.0,1.0,0.0,0.8888888888888888,0.75,0.649517880450222,0.02631578947368421,1.0,0.0,0.6875,0.3893219017926768,0.36820083682008353,0.7803219224665607,0.8778827977315693,0.0,0.0,0.0,0.0,0.0,0.0,0.0,0.0,0.0,0.0,0.0,0.0,0.0,0.0,0.0,0.0,0.0,0.0,0.0,0.0,1.0,0.0,0.0,1.0,0.0
5006,0.2345679012345679,0.0,0.0,0.0,0.8888888888888888,0.75,0.7816962695415204,0.05263157894736842,1.0,0.0,0.6875,0.3893219017926768,0.36820083682008353,0.7803219224665607,0.8778827977315693,1.0,1.0,0.0,0.0,0.0,0.0,0.0,0.0,0.0,0.0,0.0,0.0,1.0,0.0,0.0,0.0,1.0,0.0,0.0,0.0,0.0,0.0,0.0,1.0,0.0
5007,0.419753086419753,1.0,0.0,0.0,0.8888888888888888,0.75,0.6159896330688406,0.02631578947368421,1.0,0.0,0.6875,0.3893219017926768,0.36820083682008353,0.7803219224665607,0.8778827977315693,0.0,0.0,0.0,0.0,0.0,0.0,0.0,0.0,0.0,0.0,1.0,0.0,0.0,0.0,0.0,0.0,0.0,1.0,0.0,0.0,0.0,0.0,1.0,1.0,0.0
5008,0.2716049382716049,1.0,1.0,0.0,0.8888888888888888,0.75,0.7801565204710165,0.0,1.0,0.0,0.6875,0.3893219017926768,0.36820083682008353,0.7803219224665607,0.8778827977315693,1.0,0.0,0.0,0.0,1.0,0.0,0.0,0.0,0.0,0.0,0.0,0.0,1.0,0.0,0.0,0.0,0.0,0.0,0.0,0.0,0.0,1.0,0.0,1.0,0.0
5009,0.4567901234567901,1.0,1.0,0.0,0.8888888888888888,0.75,0.7626413024182143,0.0,1.0,0.0,0.6875,0.3893219017926768,0.36820083682008353,0.7803219224665607,0.8778827977315693,1.0,0.0,0.0,1.0,0.0,0.0,0.0,0.0,0.0,0.0,0.0,0.0,0.0,0.0,0.0,0.0,0.0,0.0,0.0,0.0,1.0,0.0,0.0,1.0,0.0
5010,0.3703703703703703,1.0,1.0,0.0,0.8888888888888888,0.75,0.2708649416170843,0.13157894736842105,1.0,0.0,0.6875,0.3893219017926768,0.36820083682008353,0.7803219224665607,0.8778827977315693,0.0,1.0,0.0,0.0,0.0,0.0,0.0,0.0,0.0,0.0,0.0,0.0,1.0,0.0,0.0,1.0,0.0,0.0,0.0,0.0,0.0,0.0,0.0,1.0,0.0
5011,0.1728395061728395,1.0,0.0,0.0,0.8888888888888888,0.75,0.4735228478707203,0.0,1.0,0.0,0.6875,0.3893219017926768,0.36820083682008353,0.7803219224665607,0.8778827977315693,0.0,0.0,0.0,0.0,0.0,0.0,0.0,0.0,0.0,0.0,0.0,0.0,1.0,0.0,0.0,0.0,0.0,0.0,0.0,0.0,1.0,0.0,1.0,1.0,0.0
5012,0.4074074074074074,0.0,0.0,0.0,0.8888888888888888,0.75,0.6770775956944137,0.05263157894736842,1.0,0.0,0.6875,0.3893219017926768,0.36820083682008353,0.7803219224665607,0.8778827977315693,0.0,0.0,0.0,0.0,0.0,0.0,0.0,0.0,0.0,0.0,0.0,0.0,1.0,0.0,0.0,0.0,1.0,0.0,0.0,0.0,0.0,0.0,0.0,1.0,0.0
5013,0.14814814814814814,1.0,0.0,0.0,0.8888888888888888,0.75,0.6020559671887218,0.05263157894736842,1.0,0.0,0.6875,0.3893219017926768,0.36820083682008353,0.7803219224665607,0.8778827977315693,0.0,0.0,0.0,0.0,0.0,0.0,0.0,0.0,0.0,0.0,1.0,0.0,1.0,0.0,0.0,0.0,0.0,0.0,0.0,0.0,0.0,0.0,1.0,1.0,0.0
5014,0.18518518518518517,1.0,0.0,1.0,0.8888888888888888,0.75,0.5344511608683252,0.07894736842105263,1.0,0.0,0.6875,0.3893219017926768,0.36820083682008353,0.7803219224665607,0.8778827977315693,0.0,0.0,0.0,0.0,0.0,0.0,1.0,0.0,0.0,0.0,0.0,0.0,0.0,1.0,0.0,0.0,0.0,0.0,0.0,0.0,1.0,0.0,0.0,1.0,0.0
5015,0.3333333333333333,1.0,0.0,0.0,0.8888888888888888,0.75,0.5474693214896542,0.07894736842105263,1.0,0.14285714285714285,0.6875,0.3893219017926768,0.36820083682008353,0.7803219224665607,0.8778827977315693,0.0,0.0,0.0,0.0,0.0,0.0,1.0,0.0,0.0,0.0,0.0,0.0,1.0,0.0,0.0,0.0,1.0,0.0,0.0,0.0,0.0,0.0,0.0,0.0,0.0
5016,0.16049382716049382,0.0,1.0,0.0,0.8888888888888888,0.75,0.7048068276351993,0.02631578947368421,1.0,0.14285714285714285,0.6875,0.3893219017926768,0.36820083682008353,0.7803219224665607,0.8778827977315693,0.0,0.0,0.0,0.0,0.0,0.0,0.0,0.0,0.0,1.0,0.0,0.0,0.0,1.0,0.0,0.0,0.0,0.0,0.0,0.0,1.0,0.0,0.0,0.0,0.0
5017,0.2345679012345679,1.0,0.0,0.0,0.8888888888888888,0.75,0.5550613200712357,0.05263157894736842,1.0,0.14285714285714285,0.6875,0.3893219017926768,0.36820083682008353,0.7803219224665607,0.8778827977315693,0.0,0.0,0.0,0.0,0.0,0.0,0.0,1.0,0.0,0.0,0.0,0.0,1.0,0.0,0.0,0.0,0.0,1.0,0.0,0.0,0.0,0.0,0.0,0.0,0.0
5018,0.2716049382716049,0.5,0.5,0.0,0.8888888888888888,0.75,0.6013494476505862,0.05263157894736842,1.0,0.0,0.6875,0.3893219017926768,0.36820083682008353,0.7803219224665607,0.8778827977315693,0.0,0.0,1.0,0.0,0.0,0.0,0.0,0.0,0.0,0.0,0.0,0.0,1.0,0.0,0.0,0.0,0.0,0.0,0.0,1.0,0.0,0.0,0.0,1.0,0.0
5019,0.35802469135802467,1.0,0.0,0.0,0.8888888888888888,0.75,0.6452049071679414,0.02631578947368421,1.0,0.0,0.6875,0.3893219017926768,0.36820083682008353,0.7803219224665607,0.8778827977315693,0.0,0.0,0.0,0.0,0.0,0.0,0.0,0.0,0.0,1.0,0.0,0.0,0.0,0.0,0.0,0.0,0.0,0.0,0.0,1.0,0.0,0.0,0.0,1.0,0.0
5020,0.25925925925925924,1.0,0.0,0.0,0.8888888888888888,0.75,0.6128186823313415,0.02631578947368421,1.0,0.0,0.6875,0.3893219017926768,0.36820083682008353,0.7803219224665607,0.8778827977315693,0.0,0.0,0.0,0.0,1.0,0.0,0.0,0.0,0.0,0.0,0.0,0.0,1.0,0.0,0.0,0.0,0.0,0.0,0.0,0.0,1.0,0.0,0.0,1.0,0.0
5021,0.2716049382716049,0.0,0.0,0.0,0.8888888888888888,0.75,0.5886399717165399,0.07894736842105263,1.0,0.0,0.6875,0.3893219017926768,0.36820083682008353,0.7803219224665607,0.8778827977315693,0.0,0.0,0.0,0.0,0.0,0.0,0.0,1.0,0.0,0.0,0.0,0.0,0.0,1.0,0.0,0.0,0.0,1.0,0.0,0.0,0.0,0.0,0.0,1.0,0.0
5022,0.4074074074074074,1.0,1.0,0.0,0.8888888888888888,0.75,0.6856888890695302,0.05263157894736842,1.0,0.0,0.6875,0.3893219017926768,0.36820083682008353,0.7803219224665607,0.8778827977315693,0.0,0.0,0.0,0.0,1.0,0.0,0.0,0.0,0.0,0.0,0.0,0.0,1.0,0.0,0.0,0.0,0.0,0.0,0.0,0.0,1.0,0.0,0.0,1.0,0.0
5023,0.1728395061728395,1.0,0.0,0.0,0.8888888888888888,0.75,0.5779008918534767,0.02631578947368421,1.0,0.0,0.6875,0.3893219017926768,0.36820083682008353,0.7803219224665607,0.8778827977315693,0.0,1.0,0.0,0.0,0.0,0.0,0.0,0.0,0.0,0.0,0.0,0.0,0.0,1.0,0.0,0.0,1.0,0.0,0.0,0.0,0.0,0.0,0.0,1.0,0.0
5024,0.18518518518518517,1.0,0.0,0.0,0.8888888888888888,0.75,0.5940405662922726,0.0,1.0,0.0,0.6875,0.3893219017926768,0.36820083682008353,0.7803219224665607,0.8778827977315693,0.0,0.0,0.0,0.0,0.0,0.0,0.0,0.0,0.0,0.0,0.0,0.0,1.0,0.0,0.0,0.0,0.0,0.0,0.0,0.0,1.0,0.0,0.0,1.0,0.0
5025,0.2222222222222222,0.0,0.0,0.0,0.8888888888888888,0.75,0.7387953033432286,0.02631578947368421,1.0,0.0,0.6875,0.3893219017926768,0.36820083682008353,0.7803219224665607,0.8778827977315693,0.0,0.0,0.0,0.0,0.0,0.0,0.0,0.0,0.0,0.0,0.0,0.0,1.0,0.0,0.0,0.0,0.0,0.0,0.0,0.0,1.0,0.0,0.0,1.0,0.0
5026,0.20987654320987653,1.0,0.0,0.0,0.8888888888888888,0.75,0.5319212752022946,0.07894736842105263,1.0,0.0,0.6875,0.3893219017926768,0.36820083682008353,0.7803219224665607,0.8778827977315693,0.0,0.0,0.0,0.0,1.0,0.0,0.0,0.0,0.0,0.0,0.0,0.0,1.0,0.0,0.0,0.0,0.0,0.0,0.0,0.0,1.0,0.0,0.0,1.0,0.0
5027,0.48148148148148145,0.0,0.0,1.0,0.8888888888888888,0.75,0.7964828260153337,0.05263157894736842,1.0,0.0,0.6875,0.3893219017926768,0.36820083682008353,0.7803219224665607,0.8778827977315693,1.0,0.0,0.0,0.0,0.0,0.0,0.0,1.0,0.0,0.0,0.0,0.0,1.0,0.0,0.0,0.0,0.0,1.0,0.0,0.0,0.0,0.0,0.0,1.0,0.0
5028,0.20987654320987653,1.0,0.0,0.0,0.8888888888888888,0.75,0.6907674539605011,0.02631578947368421,1.0,0.0,0.6875,0.3893219017926768,0.36820083682008353,0.7803219224665607,0.8778827977315693,0.0,0.0,0.0,0.0,0.0,0.0,0.0,0.0,0.0,1.0,0.0,0.0,0.0,1.0,0.0,0.0,0.0,0.0,0.0,0.0,1.0,0.0,0.0,1.0,0.0
5029,0.34567901234567905,1.0,0.0,0.0,0.8888888888888888,0.75,0.6013494476505862,0.05263157894736842,1.0,0.14285714285714285,0.6875,0.3893219017926768,0.36820083682008353,0.7803219224665607,0.8778827977315693,0.0,0.0,0.0,0.0,1.0,0.0,0.0,0.0,0.0,0.0,0.0,0.0,0.0,1.0,0.0,0.0,1.0,0.0,0.0,0.0,0.0,0.0,0.0,0.0,0.0
5030,0.2345679012345679,0.5,0.5,0.0,0.8888888888888888,0.75,0.5947922311468027,0.07894736842105263,1.0,0.0,0.6875,0.3893219017926768,0.36820083682008353,0.7803219224665607,0.8778827977315693,0.0,0.0,0.0,0.0,0.0,0.0,0.0,0.0,0.0,1.0,0.0,0.0,0.0,0.0,0.0,0.0,0.0,0.0,0.0,1.0,0.0,0.0,0.0,1.0,0.0
5031,0.25925925925925924,1.0,0.0,0.0,0.8888888888888888,0.75,0.8628516897933912,0.05263157894736842,1.0,0.0,0.6875,0.3893219017926768,0.36820083682008353,0.7803219224665607,0.8778827977315693,1.0,0.0,0.0,0.0,0.0,0.0,0.0,0.0,0.0,0.0,0.0,0.0,0.0,0.0,0.0,0.0,0.0,0.0,0.0,0.0,1.0,0.0,0.0,1.0,0.0
5032,0.2345679012345679,1.0,0.0,0.0,0.8888888888888888,0.75,0.6427386711469765,0.05263157894736842,1.0,0.0,0.6875,0.3893219017926768,0.36820083682008353,0.7803219224665607,0.8778827977315693,0.0,0.0,0.0,0.0,0.0,0.0,0.0,0.0,0.0,0.0,0.0,0.0,1.0,0.0,0.0,0.0,0.0,0.0,0.0,0.0,0.0,1.0,1.0,1.0,0.0
5033,0.3209876543209876,0.0,0.0,0.0,0.8888888888888888,0.75,0.5094464638657551,0.05263157894736842,1.0,0.0,0.6875,0.3893219017926768,0.36820083682008353,0.7803219224665607,0.8778827977315693,0.0,0.0,0.0,0.0,0.0,0.0,0.0,0.0,0.0,1.0,0.0,0.0,1.0,0.0,0.0,0.0,0.0,0.0,0.0,1.0,0.0,0.0,0.0,1.0,0.0
5034,0.16049382716049382,1.0,0.0,0.0,0.8888888888888888,0.75,0.7343048669527241,0.02631578947368421,1.0,0.0,0.6875,0.3893219017926768,0.36820083682008353,0.7803219224665607,0.8778827977315693,0.0,0.0,0.0,0.0,0.0,0.0,0.0,0.0,0.0,0.0,0.0,0.0,0.0,1.0,0.0,0.0,0.0,0.0,0.0,0.0,1.0,0.0,0.0,1.0,0.0
5035,0.1728395061728395,1.0,0.0,0.0,0.8888888888888888,0.75,0.6504552172780276,0.02631578947368421,1.0,0.0,0.6875,0.3893219017926768,0.36820083682008353,0.7803219224665607,0.8778827977315693,0.0,0.0,0.0,0.0,0.0,0.0,0.0,1.0,0.0,0.0,0.0,0.0,0.0,0.0,0.0,0.0,0.0,1.0,0.0,0.0,0.0,0.0,0.0,1.0,0.0
5036,0.1728395061728395,1.0,0.0,0.0,0.8888888888888888,0.75,0.6407277649233879,0.02631578947368421,1.0,0.0,0.6875,0.3893219017926768,0.36820083682008353,0.7803219224665607,0.8778827977315693,0.0,0.0,0.0,0.0,0.0,0.0,0.0,1.0,0.0,0.0,0.0,0.0,0.0,1.0,0.0,0.0,0.0,1.0,0.0,0.0,0.0,0.0,0.0,1.0,0.0
5037,0.16049382716049382,0.0,0.0,0.0,0.8888888888888888,0.75,0.8069318246032705,0.02631578947368421,1.0,0.0,0.6875,0.3893219017926768,0.36820083682008353,0.7803219224665607,0.8778827977315693,1.0,0.0,0.0,0.0,1.0,0.0,0.0,0.0,0.0,0.0,0.0,0.0,0.0,1.0,0.0,0.0,0.0,1.0,0.0,0.0,0.0,0.0,0.0,1.0,0.0
5038,0.20987654320987653,0.0,0.0,0.0,0.8888888888888888,0.75,0.7296361927525703,0.02631578947368421,1.0,0.14285714285714285,0.6875,0.3893219017926768,0.36820083682008353,0.7803219224665607,0.8778827977315693,1.0,0.0,0.0,0.0,0.0,0.0,0.0,0.0,0.0,0.0,0.0,0.0,0.0,0.0,0.0,0.0,0.0,0.0,0.0,0.0,1.0,0.0,0.0,0.0,0.0
5039,0.2345679012345679,1.0,0.0,0.0,0.8888888888888888,0.75,0.7687740838384954,0.02631578947368421,1.0,0.0,0.6875,0.3893219017926768,0.36820083682008353,0.7803219224665607,0.8778827977315693,0.0,0.0,0.0,0.0,0.0,0.0,0.0,0.0,0.0,1.0,0.0,0.0,1.0,0.0,0.0,0.0,0.0,1.0,0.0,0.0,0.0,0.0,0.0,1.0,0.0
5040,0.19753086419753085,0.0,0.0,0.0,0.8888888888888888,0.75,0.9166055510746524,0.05263157894736842,1.0,0.0,0.6875,0.3893219017926768,0.36820083682008353,0.7803219224665607,0.8778827977315693,1.0,0.0,0.0,0.0,1.0,0.0,0.0,0.0,0.0,0.0,0.0,0.0,0.0,1.0,0.0,0.0,0.0,0.0,0.0,0.0,1.0,0.0,0.0,1.0,0.0
5041,0.20987654320987653,0.0,0.0,0.0,0.8888888888888888,0.75,0.867810227082609,0.07894736842105263,1.0,0.0,0.6875,0.3893219017926768,0.36820083682008353,0.7803219224665607,0.8778827977315693,1.0,0.0,0.0,0.0,0.0,0.0,0.0,0.0,0.0,0.0,0.0,0.0,1.0,0.0,0.0,0.0,0.0,1.0,0.0,0.0,0.0,0.0,0.0,1.0,0.0
5042,0.2222222222222222,0.0,0.0,0.0,0.8888888888888888,0.75,0.6693862850347637,0.05263157894736842,1.0,0.0,0.6875,0.3893219017926768,0.36820083682008353,0.7803219224665607,0.8778827977315693,1.0,0.0,0.0,0.0,0.0,0.0,0.0,0.0,0.0,0.0,0.0,0.0,0.0,1.0,0.0,0.0,0.0,0.0,0.0,0.0,1.0,0.0,0.0,1.0,0.0
5043,0.1728395061728395,0.0,0.0,0.0,0.8888888888888888,0.75,0.7696246670779038,0.05263157894736842,1.0,0.0,0.6875,0.3893219017926768,0.36820083682008353,0.7803219224665607,0.8778827977315693,0.0,1.0,0.0,0.0,0.0,0.0,0.0,0.0,0.0,0.0,0.0,0.0,1.0,0.0,0.0,0.0,1.0,0.0,0.0,0.0,0.0,0.0,0.0,1.0,0.0
5044,0.43209876543209874,1.0,0.0,0.0,0.8888888888888888,0.75,0.5770327318283031,0.05263157894736842,1.0,0.0,0.6875,0.3893219017926768,0.36820083682008353,0.7803219224665607,0.8778827977315693,0.0,0.0,0.0,0.0,0.0,0.0,0.0,0.0,0.0,0.0,0.0,0.0,1.0,0.0,0.0,0.0,0.0,0.0,0.0,0.0,1.0,0.0,0.0,1.0,0.0
5045,0.5185185185185184,1.0,0.0,0.0,0.8888888888888888,0.75,0.695953314020339,0.02631578947368421,1.0,0.0,0.6875,0.3893219017926768,0.36820083682008353,0.7803219224665607,0.8778827977315693,0.0,1.0,0.0,0.0,0.0,0.0,0.0,0.0,0.0,0.0,0.0,0.0,1.0,0.0,0.0,0.0,1.0,0.0,0.0,0.0,0.0,0.0,0.0,1.0,0.0
5046,0.14814814814814814,0.0,0.0,0.0,0.8888888888888888,0.75,0.5955391234938983,0.02631578947368421,1.0,0.0,0.6875,0.3893219017926768,0.36820083682008353,0.7803219224665607,0.8778827977315693,0.0,0.0,0.0,0.0,0.0,0.0,1.0,0.0,0.0,0.0,0.0,0.0,1.0,0.0,0.0,0.0,0.0,0.0,0.0,0.0,1.0,0.0,0.0,1.0,0.0
5047,0.1728395061728395,1.0,0.0,0.0,0.8888888888888888,0.75,0.6360734596286551,0.07894736842105263,1.0,0.0,0.6875,0.3893219017926768,0.36820083682008353,0.7803219224665607,0.8778827977315693,0.0,1.0,0.0,0.0,0.0,0.0,0.0,0.0,0.0,0.0,0.0,0.0,0.0,1.0,0.0,0.0,0.0,0.0,0.0,0.0,0.0,0.0,0.0,1.0,0.0
5048,0.5061728395061729,0.0,0.0,0.0,0.8888888888888888,0.75,0.6102189047082401,0.02631578947368421,1.0,0.0,0.6875,0.3893219017926768,0.36820083682008353,0.7803219224665607,0.8778827977315693,0.0,0.0,0.0,0.0,0.0,0.0,0.0,0.0,0.0,0.0,0.0,0.0,0.0,0.0,0.0,0.0,0.0,0.0,0.0,0.0,1.0,0.0,0.0,1.0,0.0
5049,0.2839506172839506,1.0,1.0,0.0,0.8888888888888888,0.75,0.790107630215635,0.13157894736842105,1.0,0.14285714285714285,0.6875,0.3893219017926768,0.36820083682008353,0.7803219224665607,0.8778827977315693,0.0,0.0,1.0,0.0,0.0,0.0,0.0,0.0,0.0,0.0,0.0,0.0,0.0,0.0,1.0,0.0,0.0,1.0,0.0,0.0,0.0,0.0,0.0,0.0,0.0
5050,0.1728395061728395,1.0,0.0,0.0,0.8888888888888888,0.75,0.8194492965687646,0.02631578947368421,1.0,0.0,0.6875,0.3893219017926768,0.36820083682008353,0.7803219224665607,0.8778827977315693,1.0,0.0,0.0,0.0,0.0,0.0,0.0,1.0,0.0,0.0,0.0,0.0,0.0,1.0,0.0,0.0,0.0,1.0,0.0,0.0,0.0,0.0,0.0,1.0,0.0
5051,0.35802469135802467,0.0,0.0,0.0,0.8888888888888888,0.75,0.614731491134803,0.02631578947368421,1.0,0.0,0.6875,0.3893219017926768,0.36820083682008353,0.7803219224665607,0.8778827977315693,0.0,1.0,0.0,0.0,0.0,0.0,0.0,0.0,0.0,0.0,0.0,0.0,0.0,1.0,0.0,0.0,0.0,0.0,0.0,0.0,0.0,0.0,0.0,1.0,0.0
5052,0.25925925925925924,0.0,0.0,0.0,0.8888888888888888,0.75,0.777015208325988,0.02631578947368421,1.0,0.0,0.6875,0.3893219017926768,0.36820083682008353,0.7803219224665607,0.8778827977315693,0.0,1.0,0.0,0.0,0.0,0.0,0.0,0.0,0.0,0.0,0.0,0.0,1.0,0.0,0.0,0.0,1.0,0.0,0.0,0.0,0.0,0.0,0.0,1.0,0.0
5053,0.16049382716049382,1.0,1.0,0.0,0.8888888888888888,0.75,0.9181981743478136,0.02631578947368421,1.0,0.0,0.6875,0.3893219017926768,0.36820083682008353,0.7803219224665607,0.8778827977315693,1.0,1.0,0.0,0.0,0.0,0.0,0.0,0.0,0.0,0.0,0.0,0.0,1.0,0.0,0.0,0.0,0.0,1.0,0.0,0.0,0.0,0.0,0.0,1.0,0.0
5054,0.24691358024691357,1.0,1.0,0.0,0.8888888888888888,1.0,0.675955471292364,0.05263157894736842,1.0,0.14285714285714285,0.6875,0.3893219017926768,0.36820083682008353,0.7678530945363864,0.8778827977315693,0.0,1.0,0.0,0.0,0.0,0.0,0.0,0.0,0.0,0.0,0.0,0.0,1.0,0.0,0.0,0.0,1.0,0.0,0.0,0.0,0.0,0.0,0.0,0.0,0.0
5055,0.19753086419753085,1.0,0.0,0.0,0.8888888888888888,1.0,0.4279079916652397,0.02631578947368421,1.0,0.14285714285714285,0.6875,0.3893219017926768,0.36820083682008353,0.7678530945363864,0.8778827977315693,0.0,0.0,0.0,0.0,0.0,0.0,0.0,0.0,0.0,0.0,0.0,0.0,1.0,0.0,0.0,0.0,0.0,0.0,0.0,0.0,1.0,0.0,0.0,0.0,0.0
5056,0.25925925925925924,0.0,0.0,0.0,0.8888888888888888,1.0,0.6594393640539922,0.0,1.0,0.0,0.6875,0.3893219017926768,0.36820083682008353,0.7678530945363864,0.8778827977315693,0.0,0.0,0.0,0.0,0.0,0.0,0.0,0.0,0.0,0.0,0.0,0.0,0.0,0.0,0.0,0.0,1.0,0.0,0.0,0.0,0.0,0.0,0.0,1.0,0.0
5057,0.29629629629629634,1.0,0.0,0.0,0.8888888888888888,1.0,0.67096530403808,0.0,1.0,0.0,0.6875,0.3893219017926768,0.36820083682008353,0.7678530945363864,0.8778827977315693,0.0,1.0,0.0,0.0,0.0,0.0,0.0,0.0,0.0,0.0,0.0,0.0,0.0,1.0,0.0,0.0,1.0,0.0,0.0,0.0,0.0,0.0,1.0,1.0,0.0
5058,0.19753086419753085,1.0,0.0,0.0,0.8888888888888888,1.0,0.5917563168597532,0.0,1.0,0.0,0.6875,0.3893219017926768,0.36820083682008353,0.7678530945363864,0.8778827977315693,0.0,0.0,0.0,0.0,0.0,0.0,0.0,0.0,0.0,0.0,0.0,0.0,0.0,1.0,0.0,0.0,0.0,0.0,0.0,0.0,1.0,0.0,0.0,1.0,0.0
5059,0.5061728395061729,1.0,0.0,0.0,0.8888888888888888,1.0,0.7165521485397763,0.0,1.0,0.0,0.6875,0.3893219017926768,0.36820083682008353,0.7678530945363864,0.8778827977315693,0.0,0.0,0.0,0.0,0.0,0.0,0.0,0.0,0.0,0.0,0.0,0.0,1.0,0.0,0.0,0.0,0.0,1.0,0.0,0.0,0.0,0.0,0.0,1.0,0.0
5060,0.19753086419753085,0.5,0.5,0.0,0.8888888888888888,1.0,0.7665333465756918,0.0,1.0,0.0,0.6875,0.3893219017926768,0.36820083682008353,0.7678530945363864,0.8778827977315693,0.0,0.0,0.0,0.0,0.0,0.0,0.0,0.0,0.0,0.0,0.0,0.0,1.0,0.0,0.0,0.0,0.0,0.0,0.0,0.0,1.0,0.0,0.0,1.0,0.0
5061,0.4567901234567901,1.0,0.0,0.0,0.8888888888888888,1.0,0.6576965892230189,0.02631578947368421,1.0,0.0,0.6875,0.3893219017926768,0.36820083682008353,0.7678530945363864,0.8778827977315693,0.0,0.0,0.0,0.0,0.0,0.0,0.0,0.0,0.0,0.0,0.0,0.0,1.0,0.0,0.0,0.0,0.0,1.0,0.0,0.0,0.0,0.0,0.0,1.0,0.0
5062,0.4938271604938272,1.0,0.0,0.0,0.8888888888888888,1.0,0.5518674094137875,0.0,1.0,0.0,0.6875,0.3893219017926768,0.36820083682008353,0.7678530945363864,0.8778827977315693,0.0,0.0,0.0,0.0,1.0,0.0,0.0,0.0,0.0,0.0,0.0,0.0,1.0,0.0,0.0,0.0,0.0,0.0,0.0,0.0,1.0,0.0,0.0,1.0,0.0
5063,0.14814814814814814,1.0,1.0,0.0,0.8888888888888888,1.0,0.7755737793373901,0.0,1.0,0.0,0.6875,0.3893219017926768,0.36820083682008353,0.7678530945363864,0.8778827977315693,1.0,0.0,0.0,0.0,0.0,0.0,1.0,0.0,0.0,0.0,0.0,0.0,1.0,0.0,0.0,0.0,0.0,0.0,0.0,0.0,1.0,0.0,0.0,1.0,0.0
5064,0.5061728395061729,0.0,0.0,0.0,0.8888888888888888,1.0,0.5707693054036078,0.0,1.0,0.14285714285714285,0.6875,0.3893219017926768,0.36820083682008353,0.7678530945363864,0.8778827977315693,0.0,0.0,0.0,0.0,0.0,1.0,0.0,0.0,0.0,0.0,0.0,0.0,1.0,0.0,0.0,0.0,0.0,0.0,0.0,1.0,0.0,0.0,0.0,0.0,0.0
5065,0.39506172839506176,1.0,0.0,0.0,0.8888888888888888,1.0,0.7930609690008567,0.0,0.003003003003003003,0.14285714285714285,0.6875,0.3893219017926768,0.36820083682008353,0.7678530945363864,0.8778827977315693,0.0,0.0,0.0,0.0,1.0,0.0,0.0,0.0,0.0,0.0,0.0,0.0,1.0,0.0,0.0,0.0,0.0,0.0,0.0,0.0,1.0,0.0,0.0,0.0,1.0
5066,0.38271604938271603,0.0,1.0,0.0,0.8888888888888888,1.0,0.7509247572352791,0.0,1.0,0.14285714285714285,0.6875,0.3893219017926768,0.36820083682008353,0.7678530945363864,0.8778827977315693,1.0,0.0,0.0,0.0,1.0,0.0,0.0,0.0,0.0,0.0,0.0,0.0,1.0,0.0,0.0,0.0,0.0,0.0,0.0,0.0,1.0,0.0,0.0,0.0,0.0
5067,0.4567901234567901,0.0,0.0,0.0,0.8888888888888888,1.0,0.744177538941244,0.0,1.0,0.0,0.6875,0.3893219017926768,0.36820083682008353,0.7678530945363864,0.8778827977315693,1.0,0.0,0.0,0.0,0.0,0.0,0.0,0.0,0.0,0.0,0.0,0.0,0.0,0.0,0.0,0.0,0.0,0.0,0.0,0.0,1.0,0.0,1.0,1.0,0.0
5068,0.14814814814814814,1.0,0.0,0.0,0.8888888888888888,1.0,0.5474693214896542,0.0,1.0,0.14285714285714285,0.6875,0.3893219017926768,0.36820083682008353,0.7678530945363864,0.8778827977315693,0.0,0.0,0.0,0.0,0.0,0.0,0.0,1.0,0.0,0.0,0.0,0.0,0.0,1.0,0.0,0.0,0.0,1.0,0.0,0.0,0.0,0.0,0.0,0.0,0.0
5069,0.30864197530864196,1.0,0.0,1.0,0.8888888888888888,1.0,0.5183850773918827,0.15789473684210525,1.0,0.0,0.6875,0.3893219017926768,0.36820083682008353,0.7678530945363864,0.8778827977315693,0.0,0.0,0.0,0.0,0.0,0.0,0.0,0.0,0.0,1.0,0.0,0.0,1.0,0.0,0.0,0.0,0.0,0.0,0.0,0.0,1.0,0.0,0.0,1.0,0.0
5070,0.4444444444444445,1.0,0.0,0.0,0.8888888888888888,1.0,0.7376886616025277,0.0,1.0,0.0,0.6875,0.3893219017926768,0.36820083682008353,0.7678530945363864,0.8778827977315693,1.0,0.0,0.0,0.0,0.0,0.0,1.0,0.0,0.0,0.0,0.0,0.0,1.0,0.0,0.0,0.0,0.0,0.0,0.0,0.0,1.0,0.0,0.0,1.0,0.0
5071,0.20987654320987653,0.0,0.0,0.0,0.8888888888888888,1.0,0.7232759870961841,0.0,1.0,0.0,0.6875,0.3893219017926768,0.36820083682008353,0.7678530945363864,0.8778827977315693,1.0,0.0,0.0,0.0,0.0,0.0,0.0,0.0,0.0,0.0,0.0,0.0,1.0,0.0,0.0,0.0,0.0,0.0,0.0,0.0,1.0,0.0,0.0,1.0,0.0
5072,0.14814814814814814,0.0,0.0,0.0,0.8888888888888888,1.0,0.7381325683537684,0.0,1.0,0.14285714285714285,0.6875,0.3893219017926768,0.36820083682008353,0.7678530945363864,0.8778827977315693,1.0,0.0,0.0,0.0,0.0,0.0,0.0,0.0,0.0,1.0,0.0,0.0,0.0,1.0,0.0,0.0,0.0,0.0,0.0,1.0,0.0,0.0,0.0,0.0,0.0
5073,0.16049382716049382,0.0,0.0,0.0,0.8888888888888888,1.0,0.761738495611787,0.0,1.0,0.0,0.6875,0.3893219017926768,0.36820083682008353,0.7678530945363864,0.8778827977315693,1.0,0.0,0.0,0.0,0.0,0.0,0.0,1.0,0.0,0.0,0.0,0.0,0.0,1.0,0.0,0.0,0.0,1.0,0.0,0.0,0.0,0.0,0.0,1.0,0.0
5074,0.2345679012345679,0.0,0.0,0.0,0.8888888888888888,1.0,0.5962813035550764,0.0,1.0,0.0,0.6875,0.3893219017926768,0.36820083682008353,0.7678530945363864,0.8778827977315693,0.0,0.0,0.0,0.0,0.0,0.0,0.0,0.0,0.0,1.0,0.0,0.0,0.0,1.0,0.0,0.0,0.0,0.0,0.0,0.0,0.0,1.0,0.0,1.0,0.0
5075,0.14814814814814814,0.0,0.0,1.0,0.8888888888888888,1.0,0.6880861948773884,0.07894736842105263,1.0,0.14285714285714285,0.6875,0.3893219017926768,0.36820083682008353,0.7678530945363864,0.8778827977315693,0.0,0.0,0.0,0.0,0.0,0.0,0.0,0.0,0.0,0.0,0.0,0.0,0.0,1.0,0.0,0.0,0.0,0.0,0.0,1.0,0.0,0.0,0.0,0.0,0.0
5076,0.19753086419753085,1.0,1.0,0.0,0.8888888888888888,1.0,0.7724714929012056,0.0,1.0,0.0,0.6875,0.3893219017926768,0.36820083682008353,0.7678530945363864,0.8778827977315693,1.0,0.0,0.0,0.0,0.0,0.0,0.0,0.0,0.0,1.0,0.0,0.0,0.0,1.0,0.0,0.0,0.0,0.0,0.0,0.0,1.0,0.0,0.0,1.0,0.0
5077,0.2222222222222222,1.0,0.0,0.0,0.8888888888888888,1.0,0.7381325683537684,0.0,1.0,0.0,0.6875,0.3893219017926768,0.36820083682008353,0.7678530945363864,0.8778827977315693,1.0,0.0,0.0,0.0,0.0,0.0,0.0,0.0,0.0,0.0,0.0,0.0,0.0,1.0,0.0,0.0,0.0,0.0,0.0,0.0,1.0,0.0,0.0,1.0,0.0
5078,0.2716049382716049,0.0,0.0,0.0,0.8888888888888888,1.0,0.506309340633733,0.07894736842105263,1.0,0.0,0.6875,0.3893219017926768,0.36820083682008353,0.7678530945363864,0.8778827977315693,0.0,0.0,0.0,0.0,0.0,0.0,0.0,0.0,0.0,0.0,0.0,0.0,0.0,1.0,0.0,0.0,0.0,0.0,0.0,0.0,0.0,1.0,0.0,1.0,0.0
5079,0.2222222222222222,1.0,1.0,0.0,0.8888888888888888,1.0,0.7379108243682493,0.0,1.0,0.0,0.6875,0.3893219017926768,0.36820083682008353,0.7678530945363864,0.8778827977315693,1.0,0.0,0.0,0.0,0.0,0.0,0.0,0.0,0.0,0.0,0.0,0.0,0.0,1.0,0.0,0.0,0.0,0.0,0.0,0.0,1.0,0.0,0.0,1.0,0.0
5080,0.24691358024691357,0.0,0.0,0.0,0.8888888888888888,1.0,0.7593582479561072,0.0,1.0,0.14285714285714285,0.6875,0.3893219017926768,0.36820083682008353,0.7678530945363864,0.8778827977315693,1.0,0.0,0.0,0.0,0.0,0.0,0.0,0.0,0.0,1.0,0.0,0.0,0.0,0.0,0.0,0.0,0.0,1.0,0.0,0.0,0.0,0.0,0.0,0.0,0.0
5081,0.4074074074074074,1.0,0.0,0.0,0.8888888888888888,1.0,0.6134597474028101,0.0,1.0,0.14285714285714285,0.6875,0.3893219017926768,0.36820083682008353,0.7678530945363864,0.8778827977315693,0.0,0.0,0.0,0.0,1.0,0.0,0.0,0.0,0.0,0.0,0.0,0.0,0.0,0.0,0.0,0.0,0.0,0.0,0.0,0.0,1.0,0.0,0.0,0.0,0.0
5082,0.16049382716049382,1.0,0.0,0.0,0.8888888888888888,1.0,0.6360734596286551,0.02631578947368421,1.0,0.0,0.6875,0.3893219017926768,0.36820083682008353,0.7678530945363864,0.8778827977315693,0.0,0.0,0.0,0.0,0.0,0.0,0.0,0.0,0.0,0.0,0.0,0.0,0.0,1.0,0.0,0.0,0.0,0.0,0.0,0.0,1.0,0.0,0.0,1.0,0.0
5083,0.38271604938271603,0.0,1.0,0.0,0.8888888888888888,1.0,0.6874062210217441,0.0,1.0,0.0,0.6875,0.3893219017926768,0.36820083682008353,0.7678530945363864,0.8778827977315693,0.0,1.0,0.0,0.0,0.0,0.0,0.0,0.0,0.0,0.0,0.0,0.0,1.0,0.0,0.0,0.0,0.0,0.0,0.0,1.0,0.0,0.0,0.0,1.0,0.0
5084,0.3333333333333333,1.0,0.0,0.0,0.8888888888888888,1.0,0.4529126886678098,0.0,1.0,0.0,0.6875,0.3893219017926768,0.36820083682008353,0.7678530945363864,0.8778827977315693,0.0,0.0,0.0,0.0,0.0,0.0,0.0,1.0,0.0,0.0,0.0,0.0,1.0,0.0,0.0,0.0,0.0,1.0,0.0,0.0,0.0,0.0,1.0,1.0,0.0
5085,0.14814814814814814,1.0,0.0,0.0,0.8888888888888888,1.0,0.5821481094717212,0.0,1.0,0.0,0.6875,0.3893219017926768,0.36820083682008353,0.7678530945363864,0.8778827977315693,0.0,0.0,0.0,0.0,0.0,0.0,0.0,0.0,0.0,0.0,0.0,0.0,1.0,0.0,0.0,0.0,0.0,1.0,0.0,0.0,0.0,0.0,0.0,1.0,0.0
5086,0.34567901234567905,1.0,0.0,0.0,0.8888888888888888,1.0,0.494619644821988,0.0,1.0,0.14285714285714285,0.6875,0.3893219017926768,0.36820083682008353,0.7678530945363864,0.8778827977315693,0.0,1.0,0.0,0.0,0.0,0.0,0.0,0.0,0.0,0.0,0.0,0.0,1.0,0.0,0.0,0.0,1.0,0.0,0.0,0.0,0.0,0.0,0.0,0.0,0.0
5087,0.43209876543209874,1.0,0.0,0.0,0.8888888888888888,1.0,0.41131218966975264,0.0,1.0,0.0,0.6875,0.3893219017926768,0.36820083682008353,0.7678530945363864,0.8778827977315693,0.0,0.0,0.0,0.0,0.0,0.0,0.0,0.0,0.0,0.0,0.0,0.0,1.0,0.0,0.0,0.0,0.0,0.0,0.0,0.0,1.0,0.0,1.0,1.0,0.0
5088,0.2839506172839506,1.0,1.0,0.0,0.8888888888888888,1.0,0.8075473945557486,0.0,1.0,0.14285714285714285,0.6875,0.3893219017926768,0.36820083682008353,0.7678530945363864,0.8778827977315693,1.0,0.0,0.0,0.0,1.0,0.0,0.0,0.0,0.0,0.0,0.0,0.0,1.0,0.0,0.0,0.0,0.0,0.0,0.0,0.0,1.0,0.0,0.0,0.0,0.0
5089,0.4074074074074074,0.0,0.0,0.0,0.8888888888888888,1.0,0.771641319028872,0.0,1.0,0.0,0.6875,0.3893219017926768,0.36820083682008353,0.7678530945363864,0.8778827977315693,1.0,0.0,0.0,0.0,0.0,0.0,0.0,0.0,0.0,1.0,0.0,0.0,1.0,0.0,0.0,0.0,1.0,0.0,0.0,0.0,0.0,0.0,0.0,1.0,0.0
5090,0.39506172839506176,1.0,0.0,1.0,0.8888888888888888,1.0,0.40010036242099567,0.21052631578947367,1.0,0.0,0.6875,0.3893219017926768,0.36820083682008353,0.7678530945363864,0.8778827977315693,0.0,0.0,0.0,0.0,0.0,0.0,0.0,0.0,0.0,0.0,0.0,0.0,1.0,0.0,0.0,0.0,0.0,0.0,0.0,0.0,0.0,1.0,0.0,1.0,0.0
5091,0.35802469135802467,1.0,0.0,0.0,0.8888888888888888,1.0,0.7859033388293614,0.10526315789473684,1.0,0.14285714285714285,0.6875,0.3893219017926768,0.36820083682008353,0.7678530945363864,0.8778827977315693,1.0,0.0,0.0,0.0,0.0,0.0,0.0,0.0,0.0,1.0,0.0,0.0,0.0,0.0,0.0,0.0,0.0,0.0,0.0,0.0,1.0,0.0,0.0,0.0,0.0
5092,0.2345679012345679,0.0,0.0,0.0,0.8888888888888888,1.0,0.8152697878001288,0.0,1.0,0.0,0.6875,0.3893219017926768,0.36820083682008353,0.7678530945363864,0.8778827977315693,1.0,0.0,0.0,0.0,0.0,0.0,0.0,1.0,0.0,0.0,0.0,0.0,1.0,0.0,0.0,1.0,0.0,0.0,0.0,0.0,0.0,0.0,1.0,1.0,0.0
5093,0.1728395061728395,0.0,0.0,0.0,0.8888888888888888,1.0,0.529335783224907,0.0,1.0,0.0,0.6875,0.3893219017926768,0.36820083682008353,0.7678530945363864,0.8778827977315693,0.0,0.0,0.0,0.0,0.0,0.0,0.0,0.0,0.0,0.0,0.0,0.0,0.0,1.0,0.0,0.0,0.0,1.0,0.0,0.0,0.0,0.0,0.0,1.0,0.0
5094,0.4938271604938272,1.0,0.0,0.0,0.8888888888888888,1.0,0.7934768862855838,0.0,1.0,0.0,0.6875,0.3893219017926768,0.36820083682008353,0.7678530945363864,0.8778827977315693,1.0,0.0,0.0,0.0,1.0,0.0,0.0,0.0,0.0,0.0,0.0,0.0,0.0,0.0,0.0,0.0,0.0,0.0,0.0,1.0,0.0,0.0,0.0,1.0,0.0
5095,0.2839506172839506,1.0,0.0,0.0,0.8888888888888888,1.0,0.7994138647209665,0.0,1.0,0.0,0.6875,0.3893219017926768,0.36820083682008353,0.7678530945363864,0.8778827977315693,1.0,1.0,0.0,0.0,0.0,0.0,0.0,0.0,0.0,0.0,0.0,0.0,0.0,0.0,0.0,0.0,1.0,0.0,0.0,0.0,0.0,0.0,0.0,1.0,0.0
5096,0.4567901234567901,1.0,0.0,0.0,0.8888888888888888,1.0,0.6811028302176989,0.02631578947368421,1.0,0.0,0.6875,0.3893219017926768,0.36820083682008353,0.7678530945363864,0.8778827977315693,0.0,0.0,0.0,0.0,0.0,0.0,0.0,0.0,0.0,1.0,0.0,0.0,1.0,0.0,0.0,0.0,0.0,1.0,0.0,0.0,0.0,0.0,1.0,1.0,0.0
5097,0.2716049382716049,1.0,0.0,0.0,0.8888888888888888,1.0,0.6041504168690148,0.0,1.0,0.0,0.6875,0.3893219017926768,0.36820083682008353,0.7678530945363864,0.8778827977315693,0.0,0.0,0.0,0.0,0.0,0.0,1.0,0.0,0.0,0.0,0.0,0.0,0.0,1.0,0.0,0.0,0.0,1.0,0.0,0.0,0.0,0.0,0.0,1.0,0.0
5098,0.35802469135802467,1.0,0.0,0.0,0.8888888888888888,1.0,0.5183850773918827,0.0,1.0,0.0,0.6875,0.3893219017926768,0.36820083682008353,0.7678530945363864,0.8778827977315693,0.0,0.0,0.0,0.0,0.0,0.0,0.0,0.0,0.0,0.0,0.0,0.0,1.0,0.0,0.0,0.0,0.0,0.0,0.0,0.0,1.0,0.0,0.0,1.0,0.0
5099,0.1728395061728395,0.0,0.0,0.0,0.8888888888888888,1.0,0.6140973378497864,0.0,1.0,0.0,0.6875,0.3893219017926768,0.36820083682008353,0.7678530945363864,0.8778827977315693,0.0,0.0,0.0,0.0,0.0,0.0,0.0,0.0,0.0,0.0,1.0,0.0,0.0,1.0,0.0,0.0,0.0,0.0,0.0,0.0,0.0,0.0,0.0,1.0,0.0
5100,0.19753086419753085,1.0,0.0,0.0,0.8888888888888888,1.0,0.7191839171304616,0.0,1.0,0.0,0.6875,0.3893219017926768,0.36820083682008353,0.7678530945363864,0.8778827977315693,0.0,1.0,0.0,0.0,0.0,0.0,0.0,0.0,0.0,0.0,0.0,0.0,0.0,1.0,0.0,0.0,0.0,0.0,0.0,0.0,0.0,0.0,0.0,1.0,0.0
5101,0.20987654320987653,1.0,0.0,0.0,0.8888888888888888,1.0,0.7372430733823068,0.0,1.0,0.0,0.6875,0.3893219017926768,0.36820083682008353,0.7678530945363864,0.8778827977315693,0.0,0.0,0.0,0.0,0.0,0.0,0.0,0.0,0.0,1.0,0.0,0.0,0.0,0.0,0.0,0.0,0.0,0.0,0.0,0.0,1.0,0.0,0.0,1.0,0.0
5102,0.2839506172839506,0.0,1.0,0.0,0.8888888888888888,1.0,0.5485843549516803,0.10526315789473684,1.0,0.14285714285714285,0.6875,0.3893219017926768,0.36820083682008353,0.7678530945363864,0.8778827977315693,0.0,0.0,0.0,0.0,1.0,0.0,0.0,0.0,0.0,0.0,0.0,0.0,1.0,0.0,0.0,0.0,0.0,1.0,0.0,0.0,0.0,0.0,0.0,0.0,0.0
5103,0.14814814814814814,0.0,0.0,0.0,0.8888888888888888,1.0,0.8587922108200984,0.05263157894736842,1.0,0.0,0.6875,0.3893219017926768,0.36820083682008353,0.7678530945363864,0.8778827977315693,1.0,0.0,0.0,0.0,0.0,0.0,0.0,0.0,0.0,1.0,0.0,0.0,0.0,1.0,0.0,0.0,0.0,0.0,0.0,1.0,0.0,0.0,0.0,1.0,0.0
5104,0.4691358024691357,0.0,0.0,0.0,0.8888888888888888,1.0,0.6509210996671051,0.0,1.0,0.0,0.6875,0.3893219017926768,0.36820083682008353,0.7678530945363864,0.8778827977315693,0.0,0.0,1.0,0.0,0.0,0.0,0.0,0.0,0.0,0.0,0.0,0.0,1.0,0.0,0.0,0.0,0.0,0.0,0.0,0.0,1.0,0.0,0.0,1.0,0.0
5105,0.5061728395061729,0.0,0.0,0.0,0.8888888888888888,1.0,0.5014409845439322,0.0,1.0,0.14285714285714285,0.6875,0.3893219017926768,0.36820083682008353,0.7678530945363864,0.8778827977315693,0.0,0.0,0.0,0.0,0.0,0.0,0.0,0.0,0.0,0.0,0.0,0.0,1.0,0.0,0.0,0.0,0.0,0.0,0.0,0.0,1.0,0.0,0.0,0.0,0.0
5106,0.2839506172839506,0.0,0.0,0.0,0.8888888888888888,1.0,0.5030862582093689,0.02631578947368421,1.0,0.14285714285714285,0.6875,0.3893219017926768,0.36820083682008353,0.7678530945363864,0.8778827977315693,0.0,0.0,0.0,0.0,0.0,0.0,0.0,0.0,0.0,0.0,0.0,0.0,1.0,0.0,0.0,0.0,0.0,0.0,0.0,0.0,1.0,0.0,0.0,0.0,0.0
5107,0.20987654320987653,0.0,0.0,0.0,0.8888888888888888,1.0,0.6774492710414791,0.05263157894736842,1.0,0.0,0.6875,0.3893219017926768,0.36820083682008353,0.7678530945363864,0.8778827977315693,1.0,0.0,0.0,0.0,0.0,0.0,0.0,0.0,0.0,1.0,0.0,0.0,0.0,0.0,0.0,0.0,0.0,0.0,0.0,0.0,1.0,0.0,0.0,1.0,0.0
5108,0.5061728395061729,0.0,0.0,0.0,0.8888888888888888,1.0,0.7936151992344814,0.0,1.0,0.0,0.6875,0.3893219017926768,0.36820083682008353,0.7678530945363864,0.8778827977315693,1.0,0.0,0.0,0.0,0.0,0.0,0.0,0.0,0.0,0.0,0.0,0.0,1.0,0.0,0.0,0.0,0.0,0.0,0.0,0.0,1.0,0.0,0.0,1.0,0.0
5109,0.38271604938271603,0.0,0.0,0.0,0.8888888888888888,1.0,0.6417375148956687,0.0,1.0,0.0,0.6875,0.3893219017926768,0.36820083682008353,0.7678530945363864,0.8778827977315693,0.0,0.0,0.0,0.0,0.0,0.0,0.0,0.0,0.0,0.0,0.0,0.0,1.0,0.0,0.0,0.0,0.0,0.0,0.0,0.0,1.0,0.0,0.0,1.0,0.0
5110,0.43209876543209874,0.0,0.0,0.0,0.8888888888888888,1.0,0.5670345425314071,0.0,1.0,0.0,0.6875,0.3893219017926768,0.36820083682008353,0.7678530945363864,0.8778827977315693,0.0,0.0,0.0,0.0,0.0,0.0,0.0,0.0,0.0,1.0,0.0,0.0,0.0,0.0,0.0,0.0,0.0,0.0,0.0,0.0,1.0,0.0,1.0,1.0,0.0
5111,0.4074074074074074,1.0,0.0,0.0,0.8888888888888888,1.0,0.5429003918915096,0.02631578947368421,1.0,0.0,0.6875,0.3893219017926768,0.36820083682008353,0.7678530945363864,0.8778827977315693,0.0,0.0,0.0,0.0,0.0,0.0,0.0,0.0,0.0,1.0,0.0,0.0,1.0,0.0,0.0,0.0,0.0,0.0,0.0,0.0,1.0,0.0,0.0,1.0,0.0
5112,0.25925925925925924,1.0,1.0,0.0,0.8888888888888888,1.0,0.6153622441177717,0.02631578947368421,1.0,0.0,0.6875,0.3893219017926768,0.36820083682008353,0.7678530945363864,0.8778827977315693,0.0,1.0,0.0,0.0,0.0,0.0,0.0,0.0,0.0,0.0,0.0,0.0,1.0,0.0,0.0,0.0,1.0,0.0,0.0,0.0,0.0,0.0,0.0,1.0,0.0
5113,0.4691358024691357,0.0,0.0,0.0,0.8888888888888888,1.0,0.7385748062786976,0.0,1.0,0.0,0.6875,0.3893219017926768,0.36820083682008353,0.7678530945363864,0.8778827977315693,0.0,0.0,0.0,0.0,0.0,1.0,0.0,0.0,0.0,0.0,0.0,0.0,1.0,0.0,0.0,0.0,0.0,1.0,0.0,0.0,0.0,0.0,0.0,1.0,0.0
5114,0.2716049382716049,0.0,0.0,0.0,0.8888888888888888,1.0,0.7787533012541334,0.02631578947368421,1.0,0.0,0.6875,0.3893219017926768,0.36820083682008353,0.7678530945363864,0.8778827977315693,1.0,0.0,0.0,0.0,0.0,0.0,0.0,0.0,0.0,1.0,0.0,0.0,1.0,0.0,0.0,0.0,0.0,1.0,0.0,0.0,0.0,0.0,0.0,1.0,0.0
5115,0.30864197530864196,0.0,1.0,0.0,0.8888888888888888,1.0,0.800592189926999,0.0,1.0,0.0,0.6875,0.3893219017926768,0.36820083682008353,0.7678530945363864,0.8778827977315693,1.0,0.0,0.0,0.0,0.0,0.0,0.0,0.0,0.0,0.0,0.0,0.0,1.0,0.0,0.0,0.0,0.0,0.0,0.0,0.0,1.0,0.0,0.0,1.0,0.0
5116,0.29629629629629634,1.0,0.0,1.0,0.8888888888888888,1.0,0.8211022766870513,0.0,1.0,0.0,0.6875,0.3893219017926768,0.36820083682008353,0.7678530945363864,0.8778827977315693,1.0,0.0,0.0,1.0,0.0,0.0,0.0,0.0,0.0,0.0,0.0,0.0,1.0,0.0,0.0,0.0,0.0,1.0,0.0,0.0,0.0,0.0,0.0,1.0,0.0
5117,0.1728395061728395,0.0,0.0,0.0,0.8888888888888888,1.0,0.6563723521677338,0.02631578947368421,1.0,0.14285714285714285,0.6875,0.3893219017926768,0.36820083682008353,0.7678530945363864,0.8778827977315693,0.0,0.0,0.0,0.0,0.0,0.0,0.0,0.0,0.0,0.0,0.0,0.0,0.0,1.0,0.0,0.0,0.0,0.0,0.0,0.0,1.0,0.0,0.0,0.0,0.0
5118,0.419753086419753,1.0,0.0,0.0,0.8888888888888888,1.0,0.675955471292364,0.0,1.0,0.0,0.6875,0.3893219017926768,0.36820083682008353,0.7678530945363864,0.8778827977315693,0.0,1.0,0.0,0.0,0.0,0.0,0.0,0.0,0.0,0.0,0.0,0.0,1.0,0.0,0.0,0.0,1.0,0.0,0.0,0.0,0.0,0.0,1.0,1.0,0.0
5119,0.3333333333333333,1.0,0.0,0.0,0.8888888888888888,1.0,0.2923123652049422,0.07894736842105263,1.0,0.0,0.6875,0.3893219017926768,0.36820083682008353,0.7678530945363864,0.8778827977315693,0.0,1.0,0.0,0.0,0.0,0.0,0.0,0.0,0.0,0.0,0.0,0.0,1.0,0.0,0.0,1.0,0.0,0.0,0.0,0.0,0.0,0.0,0.0,1.0,0.0
5120,0.34567901234567905,1.0,0.0,0.0,0.8888888888888888,1.0,0.8103382510216103,0.02631578947368421,1.0,0.0,0.6875,0.3893219017926768,0.36820083682008353,0.7678530945363864,0.8778827977315693,1.0,0.0,0.0,0.0,0.0,0.0,0.0,0.0,0.0,0.0,0.0,0.0,0.0,0.0,0.0,0.0,0.0,1.0,0.0,0.0,0.0,0.0,0.0,1.0,0.0
5121,0.2716049382716049,0.5,0.5,0.0,0.8888888888888888,1.0,0.6273151724090865,0.02631578947368421,1.0,0.0,0.6875,0.3893219017926768,0.36820083682008353,0.7678530945363864,0.8778827977315693,0.0,0.0,0.0,0.0,0.0,0.0,0.0,0.0,0.0,0.0,0.0,0.0,0.0,1.0,0.0,0.0,0.0,1.0,0.0,0.0,0.0,0.0,0.0,1.0,0.0
5122,0.1728395061728395,1.0,0.0,1.0,0.8888888888888888,1.0,0.48737827287699675,0.0,1.0,0.14285714285714285,0.6875,0.3893219017926768,0.36820083682008353,0.7678530945363864,0.8778827977315693,0.0,0.0,0.0,0.0,0.0,0.0,0.0,1.0,0.0,0.0,0.0,0.0,1.0,0.0,0.0,0.0,0.0,1.0,0.0,0.0,0.0,0.0,0.0,0.0,0.0
5123,0.2222222222222222,1.0,0.0,0.0,0.8888888888888888,1.0,0.6381648062569562,0.0,1.0,0.0,0.6875,0.3893219017926768,0.36820083682008353,0.7678530945363864,0.8778827977315693,0.0,0.0,0.0,0.0,0.0,0.0,0.0,0.0,0.0,0.0,0.0,0.0,0.0,0.0,0.0,0.0,0.0,0.0,0.0,0.0,1.0,0.0,0.0,1.0,0.0
5124,0.2839506172839506,1.0,0.0,0.0,0.8888888888888888,1.0,0.4796617267459457,0.0,1.0,0.14285714285714285,0.6875,0.3893219017926768,0.36820083682008353,0.7678530945363864,0.8778827977315693,0.0,1.0,0.0,0.0,0.0,0.0,0.0,0.0,0.0,0.0,0.0,0.0,0.0,0.0,0.0,0.0,0.0,0.0,0.0,0.0,0.0,0.0,0.0,0.0,0.0
5125,0.24691358024691357,1.0,0.0,0.0,0.8888888888888888,1.0,0.6371237804409605,0.05263157894736842,1.0,0.0,0.6875,0.3893219017926768,0.36820083682008353,0.7678530945363864,0.8778827977315693,0.0,1.0,0.0,0.0,0.0,0.0,0.0,0.0,0.0,0.0,0.0,0.0,1.0,0.0,0.0,0.0,1.0,0.0,0.0,0.0,0.0,0.0,0.0,1.0,0.0
5126,0.14814814814814814,1.0,0.0,0.0,0.8888888888888888,1.0,0.3786529388331377,0.10526315789473684,1.0,0.0,0.6875,0.3893219017926768,0.36820083682008353,0.7678530945363864,0.8778827977315693,0.0,0.0,0.0,0.0,0.0,0.0,0.0,0.0,0.0,0.0,0.0,0.0,0.0,1.0,0.0,0.0,0.0,0.0,0.0,0.0,1.0,0.0,0.0,1.0,0.0
5127,0.1728395061728395,1.0,1.0,0.0,0.8888888888888888,1.0,0.46252089605584185,0.0,1.0,0.0,0.6875,0.3893219017926768,0.36820083682008353,0.7678530945363864,0.8778827977315693,0.0,0.0,0.0,0.0,0.0,0.0,0.0,0.0,0.0,0.0,0.0,0.0,0.0,1.0,0.0,0.0,0.0,1.0,0.0,0.0,0.0,0.0,0.0,1.0,0.0
5128,0.18518518518518517,1.0,0.0,0.0,0.8888888888888888,1.0,0.6381648062569562,0.0,1.0,0.0,0.6875,0.3893219017926768,0.36820083682008353,0.7678530945363864,0.8778827977315693,0.0,0.0,0.0,0.0,0.0,0.0,0.0,0.0,0.0,1.0,0.0,0.0,0.0,1.0,0.0,0.0,0.0,0.0,0.0,1.0,0.0,0.0,0.0,1.0,0.0
5129,0.419753086419753,1.0,0.0,0.0,0.8888888888888888,1.0,0.7661847977296271,0.0,1.0,0.0,0.6875,0.3893219017926768,0.36820083682008353,0.7678530945363864,0.8778827977315693,0.0,0.0,0.0,0.0,0.0,0.0,0.0,0.0,0.0,0.0,0.0,0.0,1.0,0.0,0.0,0.0,0.0,0.0,0.0,0.0,1.0,0.0,0.0,1.0,0.0
5130,0.3703703703703703,1.0,0.0,0.0,0.8888888888888888,1.0,0.5707693054036078,0.02631578947368421,1.0,0.0,0.6875,0.3893219017926768,0.36820083682008353,0.7678530945363864,0.8778827977315693,0.0,0.0,0.0,0.0,0.0,0.0,0.0,0.0,0.0,0.0,0.0,0.0,1.0,0.0,0.0,0.0,0.0,0.0,0.0,0.0,1.0,0.0,0.0,1.0,0.0
5131,0.20987654320987653,0.0,0.0,0.0,0.8888888888888888,1.0,0.7422681798994943,0.02631578947368421,1.0,0.0,0.6875,0.3893219017926768,0.36820083682008353,0.7678530945363864,0.8778827977315693,1.0,0.0,0.0,0.0,0.0,0.0,0.0,0.0,0.0,0.0,0.0,0.0,0.0,0.0,0.0,0.0,0.0,0.0,0.0,0.0,1.0,0.0,0.0,1.0,0.0
5132,0.4691358024691357,0.0,0.0,1.0,0.8888888888888888,1.0,0.6590060849288549,0.0,1.0,0.0,0.6875,0.3893219017926768,0.36820083682008353,0.7678530945363864,0.8778827977315693,0.0,0.0,0.0,1.0,0.0,0.0,0.0,0.0,0.0,0.0,0.0,0.0,1.0,0.0,0.0,0.0,0.0,0.0,0.0,0.0,0.0,0.0,1.0,1.0,0.0
5133,0.4444444444444445,1.0,0.0,0.0,0.8888888888888888,1.0,0.7426951682067213,0.0,1.0,0.0,0.6875,0.3893219017926768,0.36820083682008353,0.7678530945363864,0.8778827977315693,0.0,0.0,0.0,0.0,0.0,0.0,0.0,0.0,0.0,0.0,0.0,0.0,0.0,0.0,0.0,0.0,0.0,0.0,0.0,0.0,1.0,0.0,0.0,1.0,0.0
5134,0.20987654320987653,1.0,0.0,0.0,0.8888888888888888,1.0,0.5344511608683252,0.02631578947368421,1.0,0.0,0.6875,0.3893219017926768,0.36820083682008353,0.7678530945363864,0.8778827977315693,0.0,0.0,0.0,0.0,0.0,0.0,0.0,0.0,0.0,1.0,0.0,0.0,1.0,0.0,0.0,0.0,0.0,0.0,0.0,1.0,0.0,0.0,0.0,1.0,0.0
5135,0.4074074074074074,0.0,0.0,0.0,0.8888888888888888,1.0,0.4578148625383481,0.0,1.0,0.14285714285714285,0.6875,0.3893219017926768,0.36820083682008353,0.7678530945363864,0.8778827977315693,0.0,0.0,1.0,0.0,0.0,0.0,0.0,0.0,0.0,0.0,0.0,0.0,1.0,0.0,0.0,0.0,0.0,0.0,0.0,0.0,1.0,0.0,0.0,0.0,0.0
5136,0.20987654320987653,0.5,0.5,1.0,0.8888888888888888,1.0,0.5581708002178327,0.10526315789473684,1.0,0.0,0.6875,0.3893219017926768,0.36820083682008353,0.7678530945363864,0.8778827977315693,0.0,0.0,0.0,0.0,1.0,0.0,0.0,0.0,0.0,0.0,0.0,0.0,0.0,1.0,0.0,0.0,0.0,0.0,0.0,0.0,1.0,0.0,0.0,1.0,0.0
5137,0.34567901234567905,1.0,0.0,0.0,0.8888888888888888,1.0,0.5641535377316825,0.02631578947368421,1.0,0.0,0.6875,0.3893219017926768,0.36820083682008353,0.7678530945363864,0.8778827977315693,0.0,0.0,0.0,0.0,0.0,0.0,0.0,1.0,0.0,0.0,0.0,0.0,0.0,0.0,0.0,0.0,0.0,1.0,0.0,0.0,0.0,0.0,1.0,1.0,0.0
5138,0.29629629629629634,1.0,0.0,0.0,0.8888888888888888,1.0,0.8658069310902692,0.0,1.0,0.0,0.6875,0.3893219017926768,0.36820083682008353,0.7678530945363864,0.8778827977315693,1.0,0.0,0.0,0.0,0.0,0.0,1.0,0.0,0.0,0.0,0.0,0.0,1.0,0.0,0.0,0.0,0.0,0.0,0.0,1.0,0.0,0.0,1.0,1.0,0.0
5139,0.419753086419753,1.0,0.0,0.0,0.8888888888888888,1.0,0.5518674094137875,0.15789473684210525,1.0,0.0,0.6875,0.3893219017926768,0.36820083682008353,0.7678530945363864,0.8778827977315693,0.0,0.0,0.0,0.0,0.0,0.0,0.0,0.0,0.0,0.0,0.0,0.0,1.0,0.0,0.0,0.0,0.0,1.0,0.0,0.0,0.0,0.0,0.0,1.0,0.0
5140,0.4938271604938272,1.0,1.0,0.0,0.8888888888888888,1.0,0.7394543255121515,0.0,1.0,0.0,0.6875,0.3893219017926768,0.36820083682008353,0.7678530945363864,0.8778827977315693,1.0,0.0,0.0,0.0,1.0,0.0,0.0,0.0,0.0,0.0,0.0,0.0,1.0,0.0,0.0,0.0,0.0,0.0,0.0,0.0,1.0,0.0,0.0,1.0,0.0
5141,0.19753086419753085,1.0,0.0,1.0,0.8888888888888888,1.0,0.5886399717165399,0.05263157894736842,1.0,0.14285714285714285,0.6875,0.3893219017926768,0.36820083682008353,0.7678530945363864,0.8778827977315693,0.0,0.0,0.0,0.0,0.0,0.0,0.0,0.0,0.0,0.0,0.0,0.0,1.0,0.0,0.0,0.0,0.0,0.0,0.0,0.0,1.0,0.0,0.0,0.0,0.0
5142,0.48148148148148145,0.0,0.0,1.0,0.8888888888888888,1.0,0.4980797516051752,0.0,1.0,0.0,0.6875,0.3893219017926768,0.36820083682008353,0.7678530945363864,0.8778827977315693,0.0,1.0,0.0,0.0,0.0,0.0,0.0,0.0,0.0,0.0,0.0,0.0,0.0,0.0,0.0,0.0,0.0,1.0,0.0,0.0,0.0,0.0,0.0,1.0,0.0
5143,0.1728395061728395,0.0,0.0,0.0,0.8888888888888888,1.0,0.8011121251357957,0.0,1.0,0.14285714285714285,0.6875,0.3893219017926768,0.36820083682008353,0.7678530945363864,0.8778827977315693,0.0,0.0,0.0,0.0,0.0,0.0,1.0,0.0,0.0,0.0,0.0,0.0,0.0,1.0,0.0,0.0,0.0,0.0,0.0,0.0,1.0,0.0,0.0,0.0,0.0
5144,0.48148148148148145,1.0,0.0,0.0,0.8888888888888888,1.0,0.7267433793684569,0.02631578947368421,1.0,0.0,0.6875,0.3893219017926768,0.36820083682008353,0.7678530945363864,0.8778827977315693,1.0,0.0,0.0,0.0,0.0,1.0,0.0,0.0,0.0,0.0,0.0,0.0,1.0,0.0,0.0,0.0,0.0,0.0,0.0,0.0,0.0,0.0,0.0,1.0,0.0
5145,0.2839506172839506,1.0,0.0,0.0,0.8888888888888888,1.0,0.5496889184613623,0.02631578947368421,1.0,0.0,0.6875,0.3893219017926768,0.36820083682008353,0.7678530945363864,0.8778827977315693,0.0,0.0,0.0,0.0,1.0,0.0,0.0,0.0,0.0,0.0,0.0,0.0,1.0,0.0,0.0,0.0,0.0,0.0,0.0,0.0,1.0,0.0,0.0,1.0,0.0
5146,0.29629629629629634,1.0,0.0,0.0,0.8888888888888888,1.0,0.3017282010873305,0.10526315789473684,1.0,0.0,0.6875,0.3893219017926768,0.36820083682008353,0.7678530945363864,0.8778827977315693,0.0,0.0,0.0,0.0,0.0,0.0,0.0,0.0,0.0,1.0,0.0,0.0,1.0,0.0,0.0,0.0,0.0,0.0,0.0,0.0,1.0,0.0,0.0,1.0,0.0
5147,0.38271604938271603,1.0,1.0,0.0,0.8888888888888888,1.0,0.7646034201504672,0.05263157894736842,1.0,0.0,0.6875,0.3893219017926768,0.36820083682008353,0.7678530945363864,0.8778827977315693,1.0,0.0,0.0,0.0,0.0,0.0,0.0,0.0,0.0,0.0,0.0,0.0,1.0,0.0,0.0,0.0,1.0,0.0,0.0,0.0,0.0,0.0,0.0,1.0,0.0
5148,0.20987654320987653,0.0,0.0,1.0,0.8888888888888888,1.0,0.4182339006857429,0.0,1.0,0.0,0.6875,0.3893219017926768,0.36820083682008353,0.7678530945363864,0.8778827977315693,0.0,0.0,0.0,0.0,0.0,0.0,0.0,0.0,0.0,0.0,0.0,0.0,0.0,1.0,0.0,0.0,0.0,0.0,0.0,0.0,1.0,0.0,0.0,1.0,0.0
5149,0.35802469135802467,0.0,0.0,0.0,0.8888888888888888,1.0,0.5154803582186305,0.05263157894736842,1.0,0.0,0.6875,0.3893219017926768,0.36820083682008353,0.7678530945363864,0.8778827977315693,0.0,0.0,0.0,0.0,1.0,0.0,0.0,0.0,0.0,0.0,0.0,0.0,1.0,0.0,0.0,0.0,0.0,1.0,0.0,0.0,0.0,0.0,0.0,1.0,0.0
5150,0.4938271604938272,1.0,0.0,1.0,0.8888888888888888,1.0,0.56984667205054,0.0,1.0,0.0,0.6875,0.3893219017926768,0.36820083682008353,0.7678530945363864,0.8778827977315693,0.0,1.0,0.0,0.0,0.0,0.0,0.0,0.0,0.0,0.0,0.0,0.0,1.0,0.0,0.0,0.0,1.0,0.0,0.0,0.0,0.0,0.0,1.0,1.0,0.0
5151,0.2345679012345679,1.0,1.0,1.0,0.8888888888888888,1.0,0.7640715346196701,0.0,1.0,0.0,0.6875,0.3893219017926768,0.36820083682008353,0.7678530945363864,0.8778827977315693,0.0,0.0,0.0,0.0,0.0,0.0,0.0,0.0,0.0,0.0,0.0,0.0,0.0,1.0,0.0,0.0,0.0,1.0,0.0,0.0,0.0,0.0,0.0,1.0,0.0
5152,0.419753086419753,0.0,0.0,0.0,0.8888888888888888,1.0,0.6371237804409605,0.02631578947368421,1.0,0.14285714285714285,0.6875,0.3893219017926768,0.36820083682008353,0.7678530945363864,0.8778827977315693,0.0,0.0,0.0,0.0,0.0,0.0,0.0,0.0,0.0,0.0,0.0,0.0,0.0,1.0,0.0,0.0,0.0,0.0,0.0,0.0,1.0,0.0,1.0,0.0,0.0
5153,0.2345679012345679,1.0,0.0,0.0,0.8888888888888888,1.0,0.5239878100544288,0.0,1.0,0.14285714285714285,0.6875,0.3893219017926768,0.36820083682008353,0.7678530945363864,0.8778827977315693,0.0,0.0,0.0,0.0,0.0,0.0,0.0,0.0,0.0,0.0,0.0,0.0,1.0,0.0,0.0,0.0,0.0,0.0,0.0,0.0,1.0,0.0,0.0,0.0,0.0
5154,0.2222222222222222,1.0,0.0,0.0,0.8888888888888888,1.0,0.7485157621394414,0.21052631578947367,1.0,0.0,0.6875,0.3893219017926768,0.36820083682008353,0.7678530945363864,0.8778827977315693,1.0,0.0,0.0,0.0,1.0,0.0,0.0,0.0,0.0,0.0,0.0,0.0,1.0,0.0,0.0,0.0,0.0,0.0,0.0,0.0,1.0,0.0,0.0,1.0,0.0
5155,0.14814814814814814,1.0,0.0,0.0,0.8888888888888888,1.0,0.8646034919553093,0.02631578947368421,1.0,0.0,0.6875,0.3893219017926768,0.36820083682008353,0.7678530945363864,0.8778827977315693,1.0,0.0,0.0,0.0,0.0,0.0,0.0,0.0,0.0,1.0,0.0,0.0,0.0,1.0,0.0,0.0,0.0,0.0,0.0,1.0,0.0,0.0,0.0,1.0,0.0
5156,0.2716049382716049,0.0,0.0,0.0,0.8888888888888888,1.0,0.7322268613080786,0.02631578947368421,1.0,0.14285714285714285,0.6875,0.3893219017926768,0.36820083682008353,0.7678530945363864,0.8778827977315693,1.0,0.0,0.0,0.0,0.0,0.0,0.0,0.0,0.0,0.0,0.0,0.0,0.0,1.0,0.0,0.0,0.0,0.0,0.0,0.0,0.0,1.0,0.0,0.0,0.0
5157,0.2716049382716049,0.5,0.5,0.0,0.8888888888888888,1.0,0.5870502833422594,0.07894736842105263,1.0,0.0,0.6875,0.3893219017926768,0.36820083682008353,0.7678530945363864,0.8778827977315693,0.0,0.0,1.0,0.0,0.0,0.0,0.0,0.0,0.0,0.0,0.0,0.0,1.0,0.0,0.0,0.0,0.0,0.0,0.0,0.0,1.0,0.0,0.0,1.0,0.0
5158,0.20987654320987653,0.0,0.0,0.0,0.8888888888888888,1.0,0.5813108450867737,0.13157894736842105,1.0,0.14285714285714285,0.6875,0.3893219017926768,0.36820083682008353,0.7678530945363864,0.8778827977315693,0.0,0.0,0.0,0.0,0.0,0.0,0.0,0.0,0.0,0.0,0.0,0.0,0.0,1.0,0.0,0.0,0.0,0.0,0.0,0.0,1.0,0.0,0.0,0.0,0.0
5159,0.419753086419753,1.0,1.0,0.0,0.8888888888888888,1.0,0.6082306576679029,0.05263157894736842,1.0,0.14285714285714285,0.6875,0.3893219017926768,0.36820083682008353,0.7678530945363864,0.8778827977315693,0.0,0.0,0.0,0.0,0.0,0.0,0.0,0.0,0.0,0.0,0.0,0.0,1.0,0.0,0.0,0.0,0.0,0.0,0.0,0.0,1.0,0.0,0.0,0.0,0.0
5160,0.30864197530864196,0.0,0.0,0.0,0.8888888888888888,1.0,0.7665333465756918,0.07894736842105263,1.0,0.14285714285714285,0.6875,0.3893219017926768,0.36820083682008353,0.7678530945363864,0.8778827977315693,0.0,0.0,0.0,0.0,0.0,0.0,0.0,0.0,0.0,1.0,0.0,0.0,0.0,0.0,0.0,0.0,0.0,0.0,0.0,1.0,0.0,0.0,0.0,0.0,0.0
5161,0.4444444444444445,1.0,0.0,0.0,0.8888888888888888,1.0,0.4854960703308916,0.07894736842105263,1.0,0.0,0.6875,0.3893219017926768,0.36820083682008353,0.7678530945363864,0.8778827977315693,0.0,0.0,0.0,0.0,0.0,0.0,1.0,0.0,0.0,0.0,0.0,0.0,1.0,0.0,0.0,0.0,0.0,0.0,0.0,0.0,1.0,0.0,0.0,1.0,0.0
5162,0.419753086419753,1.0,0.0,0.0,0.8888888888888888,1.0,0.5940405662922726,0.02631578947368421,1.0,0.0,0.6875,0.3893219017926768,0.36820083682008353,0.7678530945363864,0.8778827977315693,0.0,0.0,0.0,0.0,0.0,0.0,0.0,0.0,0.0,0.0,0.0,0.0,0.0,0.0,0.0,0.0,1.0,0.0,0.0,0.0,0.0,0.0,0.0,1.0,0.0
5163,0.1728395061728395,1.0,0.0,0.0,0.8888888888888888,1.0,0.4247708684332175,0.02631578947368421,1.0,0.0,0.6875,0.3893219017926768,0.36820083682008353,0.7678530945363864,0.8778827977315693,0.0,0.0,0.0,0.0,0.0,0.0,0.0,0.0,0.0,0.0,0.0,0.0,0.0,1.0,0.0,0.0,0.0,0.0,0.0,0.0,1.0,0.0,0.0,1.0,0.0
5164,0.29629629629629634,1.0,0.0,0.0,0.8888888888888888,1.0,0.7644263920516169,0.07894736842105263,1.0,0.0,0.6875,0.3893219017926768,0.36820083682008353,0.7678530945363864,0.8778827977315693,1.0,1.0,0.0,0.0,0.0,0.0,0.0,0.0,0.0,0.0,0.0,0.0,1.0,0.0,0.0,0.0,0.0,0.0,0.0,0.0,0.0,1.0,0.0,1.0,0.0
5165,0.4938271604938272,1.0,0.0,0.0,0.8888888888888888,1.0,0.43394188601811506,0.23684210526315788,1.0,0.0,0.6875,0.3893219017926768,0.36820083682008353,0.7678530945363864,0.8778827977315693,0.0,0.0,0.0,0.0,0.0,0.0,0.0,0.0,0.0,1.0,0.0,0.0,1.0,0.0,0.0,0.0,0.0,0.0,0.0,0.0,1.0,0.0,1.0,1.0,0.0
5166,0.4444444444444445,0.0,0.0,0.0,0.8888888888888888,1.0,0.5660820259952785,0.05263157894736842,1.0,0.14285714285714285,0.6875,0.3893219017926768,0.36820083682008353,0.7678530945363864,0.8778827977315693,0.0,1.0,0.0,0.0,0.0,0.0,0.0,0.0,0.0,0.0,0.0,0.0,1.0,0.0,0.0,0.0,0.0,0.0,0.0,0.0,0.0,0.0,0.0,0.0,0.0
5167,0.3209876543209876,1.0,0.0,0.0,0.8888888888888888,1.0,0.6328650293995502,0.07894736842105263,1.0,0.0,0.6875,0.3893219017926768,0.36820083682008353,0.7678530945363864,0.8778827977315693,0.0,0.0,0.0,0.0,0.0,0.0,0.0,1.0,0.0,0.0,0.0,0.0,0.0,1.0,0.0,0.0,0.0,1.0,0.0,0.0,0.0,0.0,1.0,1.0,0.0
5168,0.2345679012345679,1.0,0.0,0.0,0.8888888888888888,1.0,0.5306356323565045,0.02631578947368421,1.0,0.0,0.6875,0.3893219017926768,0.36820083682008353,0.7678530945363864,0.8778827977315693,0.0,0.0,0.0,0.0,0.0,0.0,0.0,0.0,0.0,0.0,0.0,0.0,0.0,1.0,0.0,0.0,0.0,1.0,0.0,0.0,0.0,0.0,0.0,1.0,0.0
5169,0.24691358024691357,0.0,0.0,0.0,0.8888888888888888,1.0,0.6041504168690148,0.02631578947368421,1.0,0.0,0.6875,0.3893219017926768,0.36820083682008353,0.7678530945363864,0.8778827977315693,0.0,0.0,0.0,0.0,0.0,0.0,1.0,0.0,0.0,0.0,0.0,0.0,1.0,0.0,0.0,0.0,0.0,0.0,0.0,0.0,1.0,0.0,0.0,1.0,0.0
5170,0.39506172839506176,1.0,0.0,0.0,0.8888888888888888,1.0,0.4247708684332175,0.02631578947368421,1.0,0.0,0.6875,0.3893219017926768,0.36820083682008353,0.7678530945363864,0.8778827977315693,0.0,0.0,0.0,0.0,0.0,0.0,0.0,0.0,0.0,0.0,0.0,0.0,1.0,0.0,0.0,0.0,0.0,1.0,0.0,0.0,0.0,0.0,0.0,1.0,0.0
5171,0.48148148148148145,0.0,0.0,0.0,0.8888888888888888,1.0,0.7876613065319946,0.02631578947368421,1.0,0.0,0.6875,0.3893219017926768,0.36820083682008353,0.7678530945363864,0.8778827977315693,1.0,0.0,0.0,0.0,0.0,0.0,0.0,0.0,0.0,0.0,0.0,0.0,1.0,0.0,0.0,0.0,0.0,0.0,0.0,0.0,1.0,0.0,0.0,1.0,0.0
5172,0.5185185185185184,0.0,0.0,0.0,0.8888888888888888,1.0,0.5821481094717212,0.02631578947368421,1.0,0.14285714285714285,0.6875,0.3893219017926768,0.36820083682008353,0.7678530945363864,0.8778827977315693,0.0,0.0,0.0,0.0,0.0,0.0,0.0,0.0,0.0,0.0,0.0,0.0,1.0,0.0,0.0,0.0,0.0,0.0,0.0,0.0,1.0,0.0,1.0,0.0,0.0
5173,0.3209876543209876,1.0,0.0,0.0,0.8888888888888888,1.0,0.6825330624191547,0.02631578947368421,1.0,0.0,0.6875,0.3893219017926768,0.36820083682008353,0.7678530945363864,0.8778827977315693,0.0,0.0,0.0,0.0,0.0,0.0,0.0,0.0,0.0,1.0,0.0,0.0,1.0,0.0,0.0,0.0,0.0,0.0,0.0,0.0,1.0,0.0,0.0,1.0,0.0
5174,0.14814814814814814,1.0,1.0,0.0,0.8888888888888888,1.0,0.8362755870321749,0.02631578947368421,1.0,0.0,0.6875,0.3893219017926768,0.36820083682008353,0.7678530945363864,0.8778827977315693,1.0,0.0,0.0,0.0,0.0,0.0,0.0,0.0,0.0,0.0,0.0,0.0,0.0,1.0,0.0,0.0,0.0,0.0,0.0,0.0,1.0,0.0,0.0,1.0,0.0
5175,0.3333333333333333,0.0,0.0,0.0,0.8888888888888888,1.0,0.7390153878779311,0.02631578947368421,1.0,0.0,0.6875,0.3893219017926768,0.36820083682008353,0.7678530945363864,0.8778827977315693,1.0,0.0,0.0,0.0,1.0,0.0,0.0,0.0,0.0,0.0,0.0,0.0,0.0,1.0,0.0,0.0,0.0,0.0,0.0,0.0,1.0,0.0,1.0,1.0,0.0
5176,0.3703703703703703,1.0,0.0,0.0,0.8888888888888888,1.0,0.5821481094717212,0.05263157894736842,1.0,0.0,0.6875,0.3893219017926768,0.36820083682008353,0.7678530945363864,0.8778827977315693,0.0,0.0,0.0,0.0,0.0,0.0,0.0,0.0,0.0,0.0,0.0,0.0,1.0,0.0,0.0,0.0,0.0,1.0,0.0,0.0,0.0,0.0,0.0,1.0,0.0
5177,0.43209876543209874,1.0,0.0,0.0,0.8888888888888888,1.0,0.5707693054036078,0.02631578947368421,1.0,0.0,0.6875,0.3893219017926768,0.36820083682008353,0.7678530945363864,0.8778827977315693,0.0,0.0,0.0,0.0,0.0,0.0,0.0,0.0,0.0,0.0,0.0,0.0,0.0,0.0,0.0,0.0,0.0,1.0,0.0,0.0,0.0,0.0,0.0,1.0,0.0
5178,0.16049382716049382,0.0,0.0,0.0,0.8888888888888888,1.0,0.6828879198511015,0.02631578947368421,1.0,0.0,0.6875,0.3893219017926768,0.36820083682008353,0.7678530945363864,0.8778827977315693,1.0,0.0,0.0,0.0,0.0,0.0,0.0,0.0,0.0,0.0,0.0,0.0,0.0,1.0,0.0,0.0,0.0,0.0,0.0,0.0,1.0,0.0,0.0,1.0,0.0
5179,0.3703703703703703,0.0,0.0,0.0,0.8888888888888888,1.0,0.3636152410663567,0.05263157894736842,1.0,0.14285714285714285,0.6875,0.3893219017926768,0.36820083682008353,0.7678530945363864,0.8778827977315693,0.0,0.0,0.0,0.0,0.0,0.0,0.0,0.0,0.0,0.0,0.0,0.0,1.0,0.0,0.0,0.0,0.0,1.0,0.0,0.0,0.0,0.0,0.0,0.0,0.0
5180,0.419753086419753,0.0,1.0,1.0,0.8888888888888888,1.0,0.3104459034696894,0.07894736842105263,1.0,0.0,0.6875,0.3893219017926768,0.36820083682008353,0.7678530945363864,0.8778827977315693,0.0,0.0,0.0,0.0,1.0,0.0,0.0,0.0,0.0,0.0,0.0,0.0,1.0,0.0,0.0,0.0,0.0,0.0,0.0,0.0,1.0,0.0,0.0,1.0,0.0
5181,0.29629629629629634,0.0,0.0,0.0,0.8888888888888888,1.0,0.6128186823313415,0.05263157894736842,1.0,0.0,0.6875,0.3893219017926768,0.36820083682008353,0.7678530945363864,0.8778827977315693,0.0,0.0,0.0,0.0,0.0,0.0,0.0,0.0,0.0,0.0,0.0,0.0,1.0,0.0,0.0,0.0,0.0,0.0,0.0,0.0,1.0,0.0,0.0,1.0,0.0
5182,0.3333333333333333,0.0,0.0,0.0,0.8888888888888888,1.0,0.4279079916652397,0.02631578947368421,1.0,0.0,0.6875,0.3893219017926768,0.36820083682008353,0.7678530945363864,0.8778827977315693,0.0,0.0,0.0,0.0,0.0,0.0,1.0,0.0,0.0,0.0,0.0,0.0,0.0,0.0,0.0,0.0,0.0,0.0,0.0,1.0,0.0,0.0,0.0,1.0,0.0
5183,0.43209876543209874,1.0,1.0,0.0,0.8888888888888888,1.0,0.3738508374054576,0.18421052631578946,1.0,0.0,0.6875,0.3893219017926768,0.36820083682008353,0.7678530945363864,0.8778827977315693,0.0,0.0,0.0,0.0,0.0,0.0,0.0,1.0,0.0,0.0,0.0,0.0,0.0,0.0,0.0,0.0,0.0,0.0,0.0,0.0,0.0,0.0,1.0,1.0,0.0
5184,0.2839506172839506,0.0,0.0,0.0,0.8888888888888888,1.0,0.6422391580843787,0.10526315789473684,1.0,0.14285714285714285,0.6875,0.3893219017926768,0.36820083682008353,0.7678530945363864,0.8778827977315693,0.0,0.0,0.0,0.0,1.0,0.0,0.0,0.0,0.0,0.0,0.0,0.0,1.0,0.0,0.0,0.0,0.0,0.0,0.0,0.0,1.0,0.0,0.0,0.0,0.0
5185,0.419753086419753,1.0,1.0,0.0,0.8888888888888888,1.0,0.4692447346122495,0.02631578947368421,1.0,0.0,0.6875,0.3893219017926768,0.36820083682008353,0.7678530945363864,0.8778827977315693,0.0,0.0,0.0,0.0,0.0,0.0,0.0,0.0,0.0,0.0,0.0,0.0,0.0,1.0,0.0,0.0,0.0,0.0,0.0,0.0,1.0,0.0,1.0,1.0,0.0
5186,0.18518518518518517,1.0,1.0,0.0,0.8888888888888888,1.0,0.8203337755437441,0.02631578947368421,1.0,0.0,0.6875,0.3893219017926768,0.36820083682008353,0.7678530945363864,0.8778827977315693,0.0,0.0,0.0,0.0,1.0,0.0,0.0,0.0,0.0,0.0,0.0,0.0,1.0,0.0,0.0,0.0,0.0,0.0,0.0,0.0,1.0,0.0,0.0,1.0,0.0
5187,0.2716049382716049,0.0,0.0,1.0,0.8888888888888888,1.0,0.455389309605973,0.07894736842105263,1.0,0.0,0.6875,0.3893219017926768,0.36820083682008353,0.7678530945363864,0.8778827977315693,0.0,0.0,0.0,0.0,0.0,0.0,1.0,0.0,0.0,0.0,0.0,0.0,1.0,0.0,0.0,0.0,0.0,0.0,0.0,1.0,0.0,0.0,0.0,1.0,0.0
5188,0.29629629629629634,0.0,0.0,0.0,0.8888888888888888,1.0,0.7608287064714687,0.05263157894736842,1.0,0.0,0.6875,0.3893219017926768,0.36820083682008353,0.7678530945363864,0.8778827977315693,0.0,1.0,0.0,0.0,0.0,0.0,0.0,0.0,0.0,0.0,0.0,0.0,0.0,1.0,0.0,0.0,1.0,0.0,0.0,0.0,0.0,0.0,1.0,1.0,0.0
5189,0.4691358024691357,0.0,0.0,1.0,1.0,1.0,0.5787626916748434,0.0,1.0,0.0,0.6666666666666667,0.21628994544037283,0.20502092050209186,0.6003173883473136,0.8041587901701313,0.0,0.0,0.0,0.0,0.0,0.0,0.0,0.0,0.0,0.0,1.0,0.0,0.0,0.0,0.0,0.0,0.0,0.0,0.0,1.0,0.0,0.0,0.0,1.0,0.0
5190,0.3333333333333333,1.0,1.0,1.0,1.0,0.0,0.5631773068220264,0.0,1.0,0.0,0.6666666666666667,0.21628994544037283,0.20502092050209186,0.548401722965314,0.8041587901701313,1.0,1.0,0.0,0.0,0.0,0.0,0.0,0.0,0.0,0.0,0.0,0.0,1.0,0.0,0.0,0.0,0.0,0.0,0.0,0.0,0.0,0.0,0.0,1.0,0.0
5191,0.1111111111111111,1.0,0.0,0.0,0.0,0.0,0.77280192893164,0.07894736842105263,1.0,0.0,0.33333333333333337,0.2501948558067042,0.03347280334727998,0.26683291770573564,0.512287334593573,1.0,0.0,0.0,0.0,0.0,0.0,0.0,0.0,1.0,0.0,0.0,0.0,0.0,1.0,0.0,0.0,1.0,0.0,0.0,0.0,0.0,0.0,0.0,1.0,0.0
5192,0.25925925925925924,1.0,0.0,0.0,0.0,0.0,0.5550613200712357,0.02631578947368421,1.0,0.0,0.33333333333333337,0.2501948558067042,0.03347280334727998,0.26683291770573564,0.512287334593573,1.0,0.0,0.0,0.0,0.0,0.0,0.0,0.0,0.0,0.0,0.0,0.0,0.0,1.0,0.0,0.0,0.0,0.0,0.0,0.0,1.0,0.0,0.0,1.0,0.0
5193,0.1111111111111111,0.0,0.0,0.0,0.0,0.0,0.44244933785391355,0.07894736842105263,1.0,0.0,0.33333333333333337,0.2501948558067042,0.03347280334727998,0.26683291770573564,0.512287334593573,0.0,0.0,0.0,0.0,0.0,0.0,0.0,0.0,1.0,0.0,0.0,0.0,0.0,1.0,0.0,0.0,1.0,0.0,0.0,0.0,0.0,0.0,0.0,1.0,0.0
5194,0.1111111111111111,1.0,0.0,1.0,0.0,0.0,0.6041504168690148,0.07894736842105263,1.0,0.0,0.33333333333333337,0.2501948558067042,0.03347280334727998,0.26683291770573564,0.512287334593573,0.0,0.0,0.0,0.0,0.0,0.0,0.0,0.0,1.0,0.0,0.0,0.0,0.0,1.0,0.0,0.0,1.0,0.0,0.0,0.0,0.0,0.0,0.0,1.0,0.0
5195,0.2222222222222222,1.0,0.0,0.0,0.0,0.0,0.6984629590595263,0.07894736842105263,1.0,0.0,0.33333333333333337,0.2501948558067042,0.03347280334727998,0.26683291770573564,0.512287334593573,1.0,0.0,0.0,0.0,0.0,0.0,0.0,0.0,0.0,0.0,0.0,0.0,1.0,0.0,0.0,0.0,0.0,0.0,0.0,0.0,1.0,0.0,0.0,1.0,0.0
5196,0.16049382716049382,0.0,0.0,0.0,0.0,0.0,0.5601990426951532,0.0,1.0,0.0,0.33333333333333337,0.2501948558067042,0.03347280334727998,0.26683291770573564,0.512287334593573,1.0,0.0,0.0,0.0,1.0,0.0,0.0,0.0,0.0,0.0,0.0,0.0,1.0,0.0,0.0,0.0,0.0,0.0,0.0,0.0,1.0,0.0,0.0,1.0,0.0
5197,0.1111111111111111,1.0,0.0,0.0,0.0,0.0,0.5932840675469451,0.0,1.0,0.0,0.33333333333333337,0.2501948558067042,0.03347280334727998,0.26683291770573564,0.512287334593573,1.0,0.0,0.0,0.0,0.0,0.0,0.0,0.0,0.0,0.0,0.0,0.0,1.0,0.0,0.0,0.0,0.0,0.0,0.0,0.0,1.0,0.0,0.0,1.0,0.0
5198,0.3333333333333333,0.0,0.0,0.0,0.0,0.0,0.6447157790225418,0.0,1.0,0.0,0.33333333333333337,0.2501948558067042,0.03347280334727998,0.26683291770573564,0.512287334593573,1.0,1.0,0.0,0.0,0.0,0.0,0.0,0.0,0.0,0.0,0.0,0.0,0.0,1.0,0.0,0.0,0.0,0.0,0.0,1.0,0.0,0.0,0.0,1.0,0.0
5199,0.1111111111111111,1.0,0.0,0.0,0.0,0.0,0.6082306576679029,0.10526315789473684,1.0,0.0,0.33333333333333337,0.2501948558067042,0.03347280334727998,0.26683291770573564,0.512287334593573,1.0,0.0,0.0,0.0,0.0,0.0,0.0,0.0,0.0,0.0,0.0,0.0,1.0,0.0,0.0,0.0,0.0,0.0,0.0,0.0,1.0,0.0,0.0,1.0,0.0
5200,0.13580246913580246,1.0,0.0,0.0,0.0,0.0,0.5641535377316825,0.05263157894736842,1.0,0.0,0.33333333333333337,0.2501948558067042,0.03347280334727998,0.26683291770573564,0.512287334593573,1.0,0.0,0.0,0.0,0.0,0.0,0.0,0.0,0.0,1.0,0.0,0.0,0.0,1.0,0.0,0.0,0.0,0.0,0.0,0.0,1.0,0.0,0.0,1.0,0.0
5201,0.1111111111111111,1.0,0.0,0.0,0.0,0.0,0.8561413919736299,0.02631578947368421,1.0,0.0,0.33333333333333337,0.2501948558067042,0.03347280334727998,0.26683291770573564,0.512287334593573,1.0,0.0,0.0,0.0,0.0,0.0,0.0,0.0,1.0,0.0,0.0,0.0,0.0,1.0,0.0,0.0,1.0,0.0,0.0,0.0,0.0,0.0,0.0,1.0,0.0
5202,0.654320987654321,1.0,0.0,0.0,0.0,0.0,0.6159896330688406,0.05263157894736842,1.0,0.0,0.33333333333333337,0.2501948558067042,0.03347280334727998,0.26683291770573564,0.512287334593573,1.0,0.0,0.0,0.0,0.0,1.0,0.0,0.0,0.0,0.0,0.0,0.0,0.0,0.0,0.0,0.0,0.0,0.0,0.0,0.0,0.0,0.0,0.0,1.0,0.0
5203,0.13580246913580246,1.0,0.0,0.0,0.0,0.0,0.5743891340707834,0.2894736842105263,1.0,0.0,0.33333333333333337,0.2501948558067042,0.03347280334727998,0.26683291770573564,0.512287334593573,0.0,0.0,0.0,0.0,0.0,0.0,0.0,0.0,0.0,1.0,0.0,0.0,0.0,1.0,0.0,0.0,0.0,0.0,0.0,0.0,1.0,0.0,0.0,1.0,0.0
5204,0.38271604938271603,1.0,0.0,1.0,0.0,0.0,0.6996979850963346,0.02631578947368421,1.0,0.0,0.33333333333333337,0.2501948558067042,0.03347280334727998,0.26683291770573564,0.512287334593573,1.0,0.0,0.0,0.0,0.0,0.0,0.0,0.0,0.0,0.0,0.0,0.0,1.0,0.0,0.0,1.0,0.0,0.0,0.0,0.0,0.0,0.0,0.0,1.0,0.0
5205,0.1111111111111111,1.0,0.0,0.0,0.0,0.0,0.6689881961625146,0.05263157894736842,1.0,0.0,0.33333333333333337,0.2501948558067042,0.03347280334727998,0.26683291770573564,0.512287334593573,1.0,0.0,0.0,0.0,0.0,0.0,0.0,0.0,1.0,0.0,0.0,0.0,0.0,1.0,0.0,0.0,1.0,0.0,0.0,0.0,0.0,0.0,0.0,1.0,0.0
5206,0.16049382716049382,0.0,0.0,1.0,0.0,0.0,0.5280214103388018,0.05263157894736842,1.0,0.0,0.33333333333333337,0.2501948558067042,0.03347280334727998,0.26683291770573564,0.512287334593573,0.0,0.0,0.0,0.0,1.0,0.0,0.0,0.0,0.0,0.0,0.0,0.0,1.0,0.0,0.0,0.0,0.0,0.0,0.0,0.0,1.0,0.0,0.0,1.0,0.0
5207,0.13580246913580246,1.0,0.0,0.0,0.0,0.25,0.5846247304098844,0.02631578947368421,1.0,0.0,0.33333333333333337,0.2501948558067042,0.03347280334727998,0.2641124461573339,0.512287334593573,1.0,0.0,0.0,0.0,0.0,0.0,0.0,0.0,0.0,0.0,0.0,0.0,0.0,1.0,0.0,0.0,0.0,1.0,0.0,0.0,0.0,0.0,0.0,1.0,0.0
5208,0.6049382716049383,1.0,0.0,0.0,0.0,0.25,0.5212197964741162,0.0,1.0,0.0,0.33333333333333337,0.2501948558067042,0.03347280334727998,0.2641124461573339,0.512287334593573,1.0,0.0,0.0,0.0,0.0,0.0,0.0,0.0,0.0,1.0,0.0,0.0,1.0,0.0,0.0,0.0,0.0,0.0,0.0,1.0,0.0,0.0,0.0,1.0,0.0
5209,0.20987654320987653,0.0,0.0,0.0,0.0,0.25,0.7310563526507374,0.0,1.0,0.0,0.33333333333333337,0.2501948558067042,0.03347280334727998,0.2641124461573339,0.512287334593573,1.0,0.0,0.0,0.0,1.0,0.0,0.0,0.0,0.0,0.0,0.0,0.0,1.0,0.0,0.0,0.0,0.0,0.0,0.0,0.0,1.0,0.0,0.0,1.0,0.0
5210,0.2222222222222222,1.0,0.0,0.0,0.0,0.25,0.6894344634990646,0.05263157894736842,1.0,0.0,0.33333333333333337,0.2501948558067042,0.03347280334727998,0.2641124461573339,0.512287334593573,1.0,0.0,0.0,0.0,0.0,0.0,0.0,0.0,0.0,0.0,0.0,0.0,1.0,0.0,0.0,0.0,0.0,1.0,0.0,0.0,0.0,0.0,0.0,1.0,0.0
5211,0.13580246913580246,1.0,0.0,0.0,0.0,0.25,0.6789243392652736,0.0,1.0,0.0,0.33333333333333337,0.2501948558067042,0.03347280334727998,0.2641124461573339,0.512287334593573,1.0,0.0,0.0,0.0,0.0,0.0,0.0,0.0,1.0,0.0,0.0,0.0,0.0,1.0,0.0,0.0,1.0,0.0,0.0,0.0,0.0,0.0,0.0,1.0,0.0
5212,0.13580246913580246,1.0,0.0,0.0,0.0,0.25,0.5947922311468027,0.0,1.0,0.0,0.33333333333333337,0.2501948558067042,0.03347280334727998,0.2641124461573339,0.512287334593573,1.0,0.0,0.0,0.0,0.0,0.0,0.0,0.0,1.0,0.0,0.0,0.0,0.0,1.0,0.0,0.0,1.0,0.0,0.0,0.0,0.0,0.0,0.0,1.0,0.0
5213,0.2345679012345679,0.0,0.0,0.0,0.0,0.25,0.603456402174661,0.0,1.0,0.0,0.33333333333333337,0.2501948558067042,0.03347280334727998,0.2641124461573339,0.512287334593573,1.0,0.0,0.0,0.0,0.0,0.0,0.0,0.0,0.0,0.0,0.0,0.0,1.0,0.0,0.0,0.0,0.0,1.0,0.0,0.0,0.0,0.0,0.0,1.0,0.0
5214,0.3209876543209876,0.0,0.0,0.0,0.0,0.25,0.6115259753720838,0.02631578947368421,1.0,0.0,0.33333333333333337,0.2501948558067042,0.03347280334727998,0.2641124461573339,0.512287334593573,1.0,1.0,0.0,0.0,0.0,0.0,0.0,0.0,0.0,0.0,0.0,0.0,1.0,0.0,0.0,0.0,1.0,0.0,0.0,0.0,0.0,0.0,0.0,1.0,0.0
5215,0.08641975308641975,1.0,0.0,0.0,0.0,0.25,0.6732947890602686,0.3157894736842105,1.0,0.0,0.33333333333333337,0.2501948558067042,0.03347280334727998,0.2641124461573339,0.512287334593573,1.0,0.0,0.0,0.0,0.0,0.0,0.0,1.0,0.0,0.0,0.0,0.0,0.0,1.0,0.0,0.0,0.0,0.0,0.0,0.0,0.0,1.0,0.0,1.0,0.0
5216,0.13580246913580246,1.0,0.0,0.0,0.0,0.25,0.5381468098084997,0.02631578947368421,1.0,0.0,0.33333333333333337,0.2501948558067042,0.03347280334727998,0.2641124461573339,0.512287334593573,1.0,0.0,0.0,0.0,0.0,0.0,0.0,0.0,1.0,0.0,0.0,0.0,0.0,1.0,0.0,0.0,1.0,0.0,0.0,0.0,0.0,0.0,0.0,1.0,0.0
5217,0.29629629629629634,0.0,0.0,0.0,0.0,0.5,0.6981521658814236,0.13157894736842105,1.0,0.0,0.33333333333333337,0.2501948558067042,0.03347280334727998,0.2593516209476309,0.512287334593573,1.0,0.0,0.0,0.0,0.0,0.0,0.0,1.0,0.0,0.0,0.0,0.0,1.0,0.0,0.0,0.0,0.0,1.0,0.0,0.0,0.0,0.0,0.0,1.0,0.0
5218,0.29629629629629634,0.0,0.0,0.0,0.0,0.5,0.703921238889424,0.02631578947368421,1.0,0.0,0.33333333333333337,0.2501948558067042,0.03347280334727998,0.2593516209476309,0.512287334593573,1.0,0.0,0.0,0.0,0.0,0.0,0.0,1.0,0.0,0.0,0.0,0.0,1.0,0.0,0.0,0.0,0.0,1.0,0.0,0.0,0.0,0.0,0.0,1.0,0.0
5219,0.07407407407407407,0.5,0.5,0.0,0.0,0.75,0.6744424581583719,0.02631578947368421,1.0,0.14285714285714285,0.33333333333333337,0.2501948558067042,0.03347280334727998,0.2545907957379279,0.512287334593573,1.0,0.0,0.0,0.0,0.0,0.0,0.0,0.0,0.0,0.0,0.0,0.0,0.0,1.0,0.0,0.0,0.0,0.0,0.0,0.0,1.0,0.0,0.0,0.0,0.0
5220,0.25925925925925924,1.0,1.0,0.0,0.0,0.75,0.48923083320309235,0.02631578947368421,1.0,0.0,0.33333333333333337,0.2501948558067042,0.03347280334727998,0.2545907957379279,0.512287334593573,1.0,0.0,0.0,0.0,0.0,0.0,0.0,0.0,0.0,1.0,0.0,0.0,1.0,0.0,0.0,0.0,0.0,0.0,0.0,1.0,0.0,0.0,0.0,1.0,0.0
5221,0.19753086419753085,1.0,0.0,1.0,0.0,0.75,0.6121741045570199,0.0,1.0,0.0,0.33333333333333337,0.2501948558067042,0.03347280334727998,0.2545907957379279,0.512287334593573,1.0,0.0,0.0,0.0,1.0,0.0,0.0,0.0,0.0,0.0,0.0,0.0,1.0,0.0,0.0,0.0,0.0,0.0,0.0,0.0,1.0,0.0,0.0,1.0,0.0
5222,0.25925925925925924,1.0,0.0,0.0,0.0,0.75,0.6128186823313415,0.0,1.0,0.0,0.33333333333333337,0.2501948558067042,0.03347280334727998,0.2545907957379279,0.512287334593573,1.0,0.0,0.0,0.0,0.0,0.0,0.0,0.0,0.0,1.0,0.0,0.0,1.0,0.0,0.0,0.0,0.0,0.0,0.0,1.0,0.0,0.0,0.0,1.0,0.0
5223,0.19753086419753085,0.0,0.0,0.0,0.0,0.75,0.4396813242736008,0.02631578947368421,1.0,0.0,0.33333333333333337,0.2501948558067042,0.03347280334727998,0.2545907957379279,0.512287334593573,0.0,0.0,0.0,0.0,0.0,0.0,0.0,0.0,0.0,0.0,0.0,0.0,0.0,0.0,0.0,0.0,0.0,1.0,0.0,0.0,0.0,0.0,0.0,1.0,0.0
5224,0.25925925925925924,0.0,1.0,0.0,0.0,0.75,0.5796182238056906,0.0,1.0,0.0,0.33333333333333337,0.2501948558067042,0.03347280334727998,0.2545907957379279,0.512287334593573,1.0,0.0,0.0,0.0,0.0,0.0,0.0,0.0,0.0,1.0,0.0,0.0,1.0,0.0,0.0,0.0,0.0,0.0,0.0,1.0,0.0,0.0,0.0,1.0,0.0
5225,0.25925925925925924,0.0,0.0,0.0,0.0,0.75,0.5631773068220264,0.0,1.0,0.0,0.33333333333333337,0.2501948558067042,0.03347280334727998,0.2545907957379279,0.512287334593573,0.0,0.0,0.0,0.0,0.0,0.0,0.0,0.0,0.0,1.0,0.0,0.0,1.0,0.0,0.0,0.0,0.0,0.0,0.0,1.0,0.0,0.0,0.0,1.0,0.0
5226,0.25925925925925924,0.0,0.0,0.0,0.0,0.75,0.5496889184613623,0.0,1.0,0.0,0.33333333333333337,0.2501948558067042,0.03347280334727998,0.2545907957379279,0.512287334593573,1.0,0.0,0.0,0.0,0.0,0.0,0.0,0.0,0.0,1.0,0.0,0.0,1.0,0.0,0.0,0.0,0.0,0.0,0.0,1.0,0.0,0.0,0.0,1.0,0.0
5227,0.25925925925925924,0.0,1.0,0.0,0.0,0.75,0.6214904603916316,0.02631578947368421,1.0,0.0,0.33333333333333337,0.2501948558067042,0.03347280334727998,0.2545907957379279,0.512287334593573,1.0,0.0,0.0,0.0,0.0,0.0,0.0,0.0,0.0,1.0,0.0,0.0,1.0,0.0,0.0,0.0,0.0,0.0,0.0,1.0,0.0,0.0,0.0,1.0,0.0
5228,0.25925925925925924,0.0,1.0,0.0,0.0,1.0,0.6208918069393788,0.0,1.0,0.0,0.33333333333333337,0.2501948558067042,0.03347280334727998,0.2475629109045568,0.512287334593573,1.0,0.0,0.0,0.0,0.0,0.0,0.0,0.0,0.0,1.0,0.0,0.0,1.0,0.0,0.0,0.0,0.0,0.0,0.0,1.0,0.0,0.0,0.0,1.0,0.0
5229,0.20987654320987653,0.0,0.0,0.0,0.0,1.0,0.6397092724183482,0.0,1.0,0.0,0.33333333333333337,0.2501948558067042,0.03347280334727998,0.2475629109045568,0.512287334593573,1.0,0.0,0.0,0.0,0.0,0.0,0.0,0.0,0.0,1.0,0.0,0.0,0.0,1.0,0.0,0.0,0.0,0.0,0.0,1.0,0.0,0.0,0.0,1.0,0.0
5230,0.20987654320987653,1.0,0.0,0.0,0.0,1.0,0.6386818846696665,0.0,1.0,0.0,0.33333333333333337,0.2501948558067042,0.03347280334727998,0.2475629109045568,0.512287334593573,1.0,0.0,0.0,0.0,0.0,0.0,0.0,0.0,0.0,1.0,0.0,0.0,0.0,1.0,0.0,0.0,0.0,0.0,0.0,1.0,0.0,0.0,0.0,1.0,0.0
5231,0.25925925925925924,1.0,0.0,0.0,0.0,1.0,0.6020559671887218,0.05263157894736842,1.0,0.0,0.33333333333333337,0.2501948558067042,0.03347280334727998,0.2475629109045568,0.512287334593573,1.0,0.0,0.0,0.0,0.0,0.0,0.0,0.0,0.0,1.0,0.0,0.0,1.0,0.0,0.0,0.0,0.0,0.0,0.0,1.0,0.0,0.0,0.0,1.0,0.0
5232,0.25925925925925924,1.0,0.0,0.0,0.0,1.0,0.6937125767575353,0.02631578947368421,0.01001001001001001,0.14285714285714285,0.33333333333333337,0.2501948558067042,0.03347280334727998,0.2475629109045568,0.512287334593573,1.0,0.0,0.0,0.0,0.0,0.0,0.0,0.0,0.0,1.0,0.0,0.0,1.0,0.0,0.0,0.0,0.0,0.0,0.0,1.0,0.0,0.0,0.0,0.0,1.0
5233,0.20987654320987653,1.0,0.0,0.0,0.0,1.0,0.6572568311427133,0.0,1.0,0.0,0.33333333333333337,0.2501948558067042,0.03347280334727998,0.2475629109045568,0.512287334593573,1.0,0.0,0.0,0.0,0.0,0.0,0.0,0.0,0.0,1.0,0.0,0.0,0.0,1.0,0.0,0.0,0.0,0.0,0.0,1.0,0.0,0.0,0.0,1.0,0.0
5234,0.20987654320987653,1.0,1.0,0.0,0.0,1.0,0.7411938788303564,0.05263157894736842,1.0,0.0,0.33333333333333337,0.2501948558067042,0.03347280334727998,0.2475629109045568,0.512287334593573,1.0,0.0,0.0,0.0,0.0,0.0,0.0,0.0,0.0,1.0,0.0,0.0,0.0,1.0,0.0,0.0,0.0,0.0,0.0,1.0,0.0,0.0,0.0,1.0,0.0
5235,0.20987654320987653,0.0,0.0,0.0,0.0,1.0,0.6717469358140523,0.05263157894736842,1.0,0.0,0.33333333333333337,0.2501948558067042,0.03347280334727998,0.2475629109045568,0.512287334593573,1.0,0.0,0.0,0.0,0.0,0.0,0.0,0.0,0.0,1.0,0.0,0.0,0.0,1.0,0.0,0.0,0.0,0.0,0.0,1.0,0.0,0.0,0.0,1.0,0.0
5236,0.25925925925925924,1.0,0.0,0.0,0.0,1.0,0.6278820898893921,0.02631578947368421,0.007007007007007007,0.14285714285714285,0.33333333333333337,0.2501948558067042,0.03347280334727998,0.2475629109045568,0.512287334593573,1.0,0.0,0.0,0.0,0.0,0.0,0.0,0.0,0.0,1.0,0.0,0.0,1.0,0.0,0.0,0.0,0.0,0.0,0.0,1.0,0.0,0.0,0.0,0.0,1.0
5237,0.18518518518518517,1.0,0.0,0.0,0.0,0.0,0.5601990426951532,0.0,1.0,0.0,0.33333333333333337,0.2501948558067042,0.03347280334727998,0.2423486737701202,0.512287334593573,1.0,0.0,0.0,0.0,1.0,0.0,0.0,0.0,0.0,0.0,0.0,0.0,0.0,1.0,0.0,0.0,0.0,0.0,0.0,0.0,1.0,0.0,0.0,1.0,0.0
5238,0.4691358024691357,1.0,1.0,0.0,0.0,0.0,0.6334058816143029,0.02631578947368421,1.0,0.0,0.33333333333333337,0.2501948558067042,0.03347280334727998,0.2423486737701202,0.512287334593573,1.0,0.0,0.0,0.0,0.0,0.0,0.0,0.0,0.0,1.0,0.0,0.0,0.0,1.0,0.0,0.0,0.0,0.0,0.0,1.0,0.0,0.0,0.0,1.0,0.0
5239,0.6172839506172838,1.0,1.0,0.0,0.0,0.0,0.5014409845439322,0.5526315789473685,1.0,0.0,0.33333333333333337,0.2501948558067042,0.03347280334727998,0.2423486737701202,0.512287334593573,0.0,0.0,0.0,0.0,0.0,1.0,0.0,0.0,0.0,0.0,0.0,0.0,0.0,1.0,0.0,0.0,0.0,0.0,0.0,0.0,1.0,0.0,0.0,1.0,0.0
5240,0.25925925925925924,0.0,0.0,0.0,0.0,0.25,0.6894344634990646,0.02631578947368421,1.0,0.2857142857142857,0.33333333333333337,0.2501948558067042,0.03347280334727998,0.23872137837225121,0.512287334593573,1.0,0.0,0.0,0.0,0.0,0.0,0.0,0.0,0.0,1.0,0.0,0.0,1.0,0.0,0.0,0.0,0.0,0.0,0.0,0.0,1.0,0.0,0.0,0.0,0.0
5241,0.18518518518518517,1.0,0.0,0.0,0.0,0.25,0.6006386590863215,0.0,1.0,0.0,0.33333333333333337,0.2501948558067042,0.03347280334727998,0.23872137837225121,0.512287334593573,0.0,0.0,0.0,0.0,1.0,0.0,0.0,0.0,0.0,0.0,0.0,0.0,0.0,1.0,0.0,0.0,0.0,0.0,0.0,0.0,1.0,0.0,0.0,1.0,0.0
5242,0.18518518518518517,1.0,0.0,0.0,0.0,0.25,0.5496889184613623,0.0,1.0,0.0,0.33333333333333337,0.2501948558067042,0.03347280334727998,0.23872137837225121,0.512287334593573,1.0,0.0,0.0,0.0,1.0,0.0,0.0,0.0,0.0,0.0,0.0,0.0,0.0,1.0,0.0,0.0,0.0,0.0,0.0,0.0,1.0,0.0,0.0,1.0,0.0
5243,0.1728395061728395,1.0,0.0,0.0,0.0,0.25,0.6598710531604159,0.0,1.0,0.0,0.33333333333333337,0.2501948558067042,0.03347280334727998,0.23872137837225121,0.512287334593573,1.0,1.0,0.0,0.0,0.0,0.0,0.0,0.0,0.0,0.0,0.0,0.0,0.0,1.0,0.0,0.0,0.0,1.0,0.0,0.0,0.0,0.0,0.0,1.0,0.0
5244,0.18518518518518517,1.0,0.0,0.0,0.0,0.25,0.5030862582093689,0.05263157894736842,1.0,0.0,0.33333333333333337,0.2501948558067042,0.03347280334727998,0.23872137837225121,0.512287334593573,1.0,0.0,0.0,0.0,1.0,0.0,0.0,0.0,0.0,0.0,0.0,0.0,0.0,1.0,0.0,0.0,0.0,0.0,0.0,0.0,1.0,0.0,0.0,1.0,0.0
5245,0.2716049382716049,0.0,0.0,0.0,0.0,0.25,0.5631773068220264,0.10526315789473684,1.0,0.0,0.33333333333333337,0.2501948558067042,0.03347280334727998,0.23872137837225121,0.512287334593573,0.0,0.0,0.0,0.0,0.0,0.0,0.0,0.0,0.0,0.0,0.0,0.0,0.0,1.0,0.0,0.0,0.0,1.0,0.0,0.0,0.0,0.0,0.0,1.0,0.0
5246,0.25925925925925924,1.0,0.0,0.0,0.0,0.25,0.5660820259952785,0.0,1.0,0.0,0.33333333333333337,0.2501948558067042,0.03347280334727998,0.23872137837225121,0.512287334593573,1.0,0.0,0.0,0.0,0.0,0.0,0.0,0.0,0.0,1.0,0.0,0.0,1.0,0.0,0.0,0.0,0.0,0.0,0.0,0.0,1.0,0.0,0.0,1.0,0.0
5247,0.2716049382716049,1.0,0.0,0.0,0.0,0.25,0.7036245548746948,0.05263157894736842,1.0,0.0,0.33333333333333337,0.2501948558067042,0.03347280334727998,0.23872137837225121,0.512287334593573,1.0,0.0,0.0,0.0,0.0,0.0,0.0,0.0,0.0,0.0,0.0,0.0,0.0,1.0,0.0,0.0,0.0,1.0,0.0,0.0,0.0,0.0,0.0,1.0,0.0
5248,0.25925925925925924,0.0,0.0,0.0,0.0,0.25,0.6550330380858423,0.0,1.0,0.0,0.33333333333333337,0.2501948558067042,0.03347280334727998,0.23872137837225121,0.512287334593573,1.0,0.0,0.0,0.0,0.0,0.0,0.0,0.0,0.0,1.0,0.0,0.0,1.0,0.0,0.0,0.0,0.0,0.0,0.0,0.0,1.0,0.0,0.0,1.0,0.0
5249,0.012345679012345678,1.0,1.0,0.0,0.0,0.25,0.5463436176888766,0.0,1.0,0.0,0.33333333333333337,0.2501948558067042,0.03347280334727998,0.23872137837225121,0.512287334593573,0.0,0.0,0.0,0.0,0.0,0.0,0.0,0.0,1.0,0.0,0.0,0.0,0.0,1.0,0.0,0.0,0.0,1.0,0.0,0.0,0.0,0.0,0.0,1.0,0.0
5250,0.24691358024691357,1.0,1.0,0.0,0.0,0.25,0.5970188304191458,0.05263157894736842,1.0,0.0,0.33333333333333337,0.2501948558067042,0.03347280334727998,0.23872137837225121,0.512287334593573,1.0,0.0,0.0,0.0,0.0,0.0,0.0,0.0,0.0,0.0,0.0,0.0,1.0,0.0,0.0,0.0,0.0,0.0,0.0,0.0,1.0,0.0,0.0,1.0,0.0
5251,0.18518518518518517,1.0,0.0,0.0,0.0,0.25,0.7127658628623931,0.05263157894736842,1.0,0.0,0.33333333333333337,0.2501948558067042,0.03347280334727998,0.23872137837225121,0.512287334593573,1.0,0.0,0.0,0.0,1.0,0.0,0.0,0.0,0.0,0.0,0.0,0.0,0.0,1.0,0.0,0.0,0.0,0.0,0.0,0.0,1.0,0.0,0.0,1.0,0.0
5252,0.8765432098765431,0.0,0.0,0.0,0.0,0.5,0.6572568311427133,0.02631578947368421,1.0,0.0,0.33333333333333337,0.2501948558067042,0.03347280334727998,0.23328043527544778,0.512287334593573,1.0,0.0,0.0,0.0,0.0,1.0,0.0,0.0,0.0,0.0,0.0,0.0,0.0,0.0,0.0,0.0,0.0,0.0,0.0,0.0,0.0,0.0,0.0,1.0,0.0
5253,0.14814814814814814,1.0,0.0,0.0,0.0,0.5,0.5369277818064884,0.07894736842105263,1.0,0.0,0.33333333333333337,0.2501948558067042,0.03347280334727998,0.23328043527544778,0.512287334593573,1.0,0.0,0.0,0.0,0.0,0.0,1.0,0.0,0.0,0.0,0.0,0.0,1.0,0.0,0.0,0.0,0.0,0.0,0.0,0.0,1.0,0.0,0.0,1.0,0.0
5254,0.8765432098765431,1.0,1.0,0.0,0.0,0.5,0.7859033388293614,0.10526315789473684,1.0,0.0,0.33333333333333337,0.2501948558067042,0.03347280334727998,0.23328043527544778,0.512287334593573,1.0,0.0,0.0,0.0,0.0,1.0,0.0,0.0,0.0,0.0,0.0,0.0,0.0,0.0,0.0,0.0,0.0,0.0,0.0,0.0,0.0,0.0,0.0,1.0,0.0
5255,0.14814814814814814,0.0,0.0,0.0,0.0,0.5,0.6220860826741794,0.02631578947368421,1.0,0.0,0.33333333333333337,0.2501948558067042,0.03347280334727998,0.23328043527544778,0.512287334593573,1.0,0.0,0.0,0.0,0.0,0.0,1.0,0.0,0.0,0.0,0.0,0.0,1.0,0.0,0.0,0.0,0.0,0.0,0.0,0.0,1.0,0.0,0.0,1.0,0.0
5256,0.8765432098765431,1.0,0.0,0.0,0.0,0.5,0.56984667205054,0.0,1.0,0.0,0.33333333333333337,0.2501948558067042,0.03347280334727998,0.23328043527544778,0.512287334593573,1.0,0.0,0.0,0.0,0.0,1.0,0.0,0.0,0.0,0.0,0.0,0.0,0.0,0.0,0.0,0.0,0.0,0.0,0.0,0.0,0.0,0.0,0.0,1.0,0.0
5257,0.8765432098765431,0.0,0.0,0.0,0.0,0.5,0.6800186276166762,0.0,1.0,0.0,0.33333333333333337,0.2501948558067042,0.03347280334727998,0.23328043527544778,0.512287334593573,1.0,0.0,0.0,0.0,0.0,1.0,0.0,0.0,0.0,0.0,0.0,0.0,0.0,0.0,0.0,0.0,0.0,0.0,0.0,0.0,0.0,0.0,0.0,1.0,0.0
5258,0.8765432098765431,1.0,0.0,0.0,0.0,0.5,0.5440593682563573,0.15789473684210525,1.0,0.0,0.33333333333333337,0.2501948558067042,0.03347280334727998,0.23328043527544778,0.512287334593573,1.0,0.0,0.0,0.0,0.0,1.0,0.0,0.0,0.0,0.0,0.0,0.0,0.0,0.0,0.0,0.0,0.0,0.0,0.0,0.0,0.0,0.0,0.0,1.0,0.0
5259,0.8765432098765431,1.0,0.0,0.0,0.0,0.5,0.6166136936809081,0.05263157894736842,1.0,0.0,0.33333333333333337,0.2501948558067042,0.03347280334727998,0.23328043527544778,0.512287334593573,1.0,0.0,0.0,0.0,0.0,1.0,0.0,0.0,0.0,0.0,0.0,0.0,0.0,0.0,0.0,0.0,0.0,0.0,0.0,0.0,0.0,0.0,0.0,1.0,0.0
5260,0.8765432098765431,0.0,0.0,0.0,0.0,0.5,0.6255978404568726,0.02631578947368421,1.0,0.0,0.33333333333333337,0.2501948558067042,0.03347280334727998,0.23328043527544778,0.512287334593573,1.0,0.0,0.0,0.0,0.0,1.0,0.0,0.0,0.0,0.0,0.0,0.0,0.0,0.0,0.0,0.0,0.0,0.0,0.0,0.0,0.0,0.0,0.0,1.0,0.0
5261,0.8765432098765431,1.0,0.0,0.0,0.0,0.5,0.5440593682563573,0.0,1.0,0.0,0.33333333333333337,0.2501948558067042,0.03347280334727998,0.23328043527544778,0.512287334593573,1.0,0.0,0.0,0.0,0.0,1.0,0.0,0.0,0.0,0.0,0.0,0.0,0.0,0.0,0.0,0.0,0.0,0.0,0.0,0.0,0.0,0.0,0.0,1.0,0.0
5262,0.12345679012345678,1.0,0.0,0.0,0.0,0.75,0.5169416832156455,0.07894736842105263,1.0,0.0,0.33333333333333337,0.2501948558067042,0.03347280334727998,0.23033325776467922,0.512287334593573,1.0,0.0,0.0,0.0,0.0,0.0,0.0,0.0,1.0,0.0,0.0,0.0,0.0,1.0,0.0,0.0,0.0,1.0,0.0,0.0,0.0,0.0,0.0,1.0,0.0
5263,0.1111111111111111,1.0,0.0,0.0,0.0,0.75,0.5631773068220264,0.0,1.0,0.0,0.33333333333333337,0.2501948558067042,0.03347280334727998,0.23033325776467922,0.512287334593573,1.0,0.0,0.0,0.0,1.0,0.0,0.0,0.0,0.0,0.0,0.0,0.0,0.0,1.0,0.0,0.0,0.0,0.0,0.0,0.0,1.0,0.0,0.0,1.0,0.0
5264,0.6049382716049383,1.0,0.0,0.0,0.0,0.75,0.5947922311468027,0.0,1.0,0.0,0.33333333333333337,0.2501948558067042,0.03347280334727998,0.23033325776467922,0.512287334593573,1.0,0.0,0.0,0.0,0.0,1.0,0.0,0.0,0.0,0.0,0.0,0.0,1.0,0.0,0.0,0.0,0.0,0.0,0.0,0.0,0.0,0.0,0.0,1.0,0.0
5265,0.14814814814814814,0.0,0.0,0.0,0.0,0.75,0.6153622441177717,0.0,1.0,0.0,0.33333333333333337,0.2501948558067042,0.03347280334727998,0.23033325776467922,0.512287334593573,1.0,0.0,0.0,0.0,0.0,0.0,0.0,0.0,0.0,1.0,0.0,0.0,1.0,0.0,0.0,0.0,0.0,0.0,0.0,1.0,0.0,0.0,0.0,1.0,0.0
5266,0.1111111111111111,0.0,0.0,0.0,0.0,0.75,0.5813108450867737,0.0,1.0,0.0,0.33333333333333337,0.2501948558067042,0.03347280334727998,0.23033325776467922,0.512287334593573,1.0,0.0,0.0,0.0,1.0,0.0,0.0,0.0,0.0,0.0,0.0,0.0,0.0,1.0,0.0,0.0,0.0,0.0,0.0,0.0,1.0,0.0,0.0,1.0,0.0
5267,0.9629629629629628,0.0,0.0,0.0,0.0,0.75,0.5239878100544288,0.0,1.0,0.0,0.33333333333333337,0.2501948558067042,0.03347280334727998,0.23033325776467922,0.512287334593573,0.0,0.0,0.0,0.0,0.0,1.0,0.0,0.0,0.0,0.0,0.0,0.0,0.0,0.0,0.0,1.0,0.0,0.0,0.0,0.0,0.0,0.0,0.0,1.0,0.0
5268,0.024691358024691357,1.0,0.0,0.0,0.0,1.0,0.56984667205054,0.07894736842105263,1.0,0.0,0.33333333333333337,0.2501948558067042,0.03347280334727998,0.2280661981410111,0.512287334593573,1.0,0.0,0.0,0.0,0.0,0.0,0.0,0.0,1.0,0.0,0.0,0.0,0.0,1.0,0.0,0.0,1.0,0.0,0.0,0.0,0.0,0.0,0.0,1.0,0.0
5269,0.16049382716049382,0.0,0.0,0.0,0.0,1.0,0.6581347094668296,0.10526315789473684,0.01001001001001001,0.2857142857142857,0.33333333333333337,0.2501948558067042,0.03347280334727998,0.2280661981410111,0.512287334593573,1.0,0.0,0.0,0.0,0.0,0.0,0.0,0.0,1.0,0.0,0.0,0.0,0.0,1.0,0.0,0.0,0.0,1.0,0.0,0.0,0.0,0.0,0.0,0.0,0.0
5270,0.13580246913580246,1.0,1.0,0.0,0.0,1.0,0.9448114506240143,0.0,1.0,0.0,0.33333333333333337,0.2501948558067042,0.03347280334727998,0.2280661981410111,0.512287334593573,1.0,0.0,0.0,0.0,0.0,0.0,1.0,0.0,0.0,0.0,0.0,0.0,0.0,1.0,0.0,0.0,0.0,0.0,0.0,0.0,1.0,0.0,0.0,1.0,0.0
5271,0.13580246913580246,0.0,0.0,0.0,0.0,1.0,0.6697830312775754,0.02631578947368421,1.0,0.0,0.33333333333333337,0.2501948558067042,0.03347280334727998,0.2280661981410111,0.512287334593573,1.0,0.0,0.0,0.0,0.0,0.0,1.0,0.0,0.0,0.0,0.0,0.0,0.0,1.0,0.0,0.0,0.0,0.0,0.0,0.0,1.0,0.0,0.0,1.0,0.0
5272,0.13580246913580246,0.0,0.0,0.0,0.0,0.0,0.7027299866892384,0.07894736842105263,1.0,0.0,0.33333333333333337,0.2501948558067042,0.03347280334727998,0.22557243255497622,0.512287334593573,1.0,0.0,0.0,0.0,0.0,0.0,0.0,0.0,0.0,1.0,0.0,0.0,0.0,1.0,0.0,0.0,0.0,0.0,0.0,0.0,1.0,0.0,0.0,1.0,0.0
5273,0.19753086419753085,0.0,0.0,0.0,0.0,0.25,0.7068476372990588,0.02631578947368421,1.0,0.14285714285714285,0.33333333333333337,0.2501948558067042,0.03347280334727998,0.22217184311947408,0.512287334593573,1.0,0.0,0.0,0.0,0.0,0.0,0.0,0.0,0.0,0.0,0.0,0.0,0.0,1.0,0.0,0.0,0.0,0.0,0.0,0.0,1.0,0.0,0.0,0.0,0.0
5274,0.04938271604938271,0.0,0.0,0.0,0.0,0.25,0.635013676339261,0.0,1.0,0.0,0.33333333333333337,0.2501948558067042,0.03347280334727998,0.22217184311947408,0.512287334593573,1.0,0.0,0.0,0.0,0.0,0.0,0.0,0.0,1.0,0.0,0.0,0.0,0.0,1.0,0.0,0.0,0.0,1.0,0.0,0.0,0.0,0.0,0.0,1.0,0.0
5275,0.7407407407407407,1.0,0.0,0.0,0.0,0.25,0.6102189047082401,0.0,1.0,0.0,0.33333333333333337,0.2501948558067042,0.03347280334727998,0.22217184311947408,0.512287334593573,1.0,0.0,0.0,0.0,0.0,1.0,0.0,0.0,0.0,0.0,0.0,0.0,0.0,0.0,0.0,0.0,0.0,0.0,0.0,0.0,0.0,1.0,0.0,1.0,0.0
5276,0.24691358024691357,1.0,0.0,0.0,0.0,0.25,0.6208918069393788,0.0,1.0,0.0,0.33333333333333337,0.2501948558067042,0.03347280334727998,0.22217184311947408,0.512287334593573,1.0,0.0,0.0,0.0,0.0,0.0,0.0,0.0,0.0,0.0,1.0,0.0,1.0,0.0,0.0,0.0,0.0,0.0,0.0,0.0,1.0,0.0,0.0,1.0,0.0
5277,0.19753086419753085,1.0,1.0,0.0,0.0,0.25,0.6159896330688406,0.0,1.0,0.0,0.33333333333333337,0.2501948558067042,0.03347280334727998,0.22217184311947408,0.512287334593573,1.0,0.0,0.0,0.0,0.0,0.0,0.0,0.0,0.0,0.0,0.0,0.0,0.0,1.0,0.0,0.0,0.0,0.0,0.0,0.0,1.0,0.0,0.0,1.0,0.0
5278,0.14814814814814814,0.0,0.0,0.0,0.0,0.25,0.67096530403808,0.02631578947368421,1.0,0.0,0.33333333333333337,0.2501948558067042,0.03347280334727998,0.22217184311947408,0.512287334593573,1.0,0.0,0.0,0.0,0.0,0.0,0.0,0.0,0.0,1.0,0.0,0.0,0.0,1.0,0.0,0.0,0.0,0.0,0.0,1.0,0.0,0.0,0.0,1.0,0.0
5279,0.20987654320987653,0.0,0.0,0.0,0.0,0.25,0.680742538513431,0.02631578947368421,1.0,0.0,0.33333333333333337,0.2501948558067042,0.03347280334727998,0.22217184311947408,0.512287334593573,1.0,0.0,0.0,0.0,0.0,0.0,0.0,0.0,0.0,0.0,0.0,0.0,0.0,1.0,0.0,0.0,0.0,0.0,0.0,0.0,1.0,0.0,0.0,1.0,0.0
5280,0.19753086419753085,0.0,0.0,0.0,0.0,0.5,0.6624284397381989,0.02631578947368421,1.0,0.0,0.33333333333333337,0.2501948558067042,0.03347280334727998,0.21945137157107236,0.512287334593573,1.0,1.0,0.0,0.0,0.0,0.0,0.0,0.0,0.0,0.0,0.0,0.0,0.0,1.0,0.0,0.0,0.0,1.0,0.0,0.0,0.0,0.0,0.0,1.0,0.0
5281,0.5308641975308641,1.0,1.0,0.0,0.0,0.5,0.6202900913078108,0.0,1.0,0.0,0.33333333333333337,0.2501948558067042,0.03347280334727998,0.21945137157107236,0.512287334593573,1.0,0.0,0.0,0.0,1.0,0.0,0.0,0.0,0.0,0.0,0.0,0.0,0.0,1.0,0.0,0.0,0.0,0.0,0.0,0.0,1.0,0.0,0.0,1.0,0.0
5282,0.08641975308641975,1.0,1.0,0.0,0.0,0.5,0.6371237804409605,0.0,1.0,0.0,0.33333333333333337,0.2501948558067042,0.03347280334727998,0.21945137157107236,0.512287334593573,1.0,0.0,0.0,0.0,0.0,0.0,0.0,0.0,0.0,0.0,0.0,0.0,0.0,1.0,0.0,0.0,0.0,1.0,0.0,0.0,0.0,0.0,0.0,1.0,0.0
5283,0.6296296296296295,0.0,0.0,0.0,0.0,0.5,0.6244388640920251,0.0,1.0,0.0,0.33333333333333337,0.2501948558067042,0.03347280334727998,0.21945137157107236,0.512287334593573,1.0,0.0,0.0,0.0,0.0,1.0,0.0,0.0,0.0,0.0,0.0,0.0,1.0,0.0,0.0,0.0,0.0,0.0,0.0,0.0,1.0,0.0,0.0,1.0,0.0
5284,0.19753086419753085,1.0,0.0,0.0,0.0,0.5,0.6255978404568726,0.07894736842105263,1.0,0.14285714285714285,0.33333333333333337,0.2501948558067042,0.03347280334727998,0.21945137157107236,0.512287334593573,1.0,1.0,0.0,0.0,0.0,0.0,0.0,0.0,0.0,0.0,0.0,0.0,0.0,1.0,0.0,0.0,0.0,1.0,0.0,0.0,0.0,0.0,0.0,0.0,0.0
5285,0.18518518518518517,0.0,1.0,0.0,0.0,0.75,0.6027582686746316,0.0,1.0,0.0,0.33333333333333337,0.2501948558067042,0.03347280334727998,0.2153706642484698,0.512287334593573,1.0,0.0,0.0,0.0,1.0,0.0,0.0,0.0,0.0,0.0,0.0,0.0,0.0,1.0,0.0,0.0,0.0,0.0,0.0,0.0,1.0,0.0,0.0,1.0,0.0
5286,0.2345679012345679,1.0,0.0,0.0,0.0,0.75,0.635013676339261,0.05263157894736842,1.0,0.0,0.33333333333333337,0.2501948558067042,0.03347280334727998,0.2153706642484698,0.512287334593573,1.0,0.0,0.0,0.0,0.0,0.0,0.0,0.0,0.0,0.0,0.0,0.0,1.0,0.0,0.0,0.0,0.0,1.0,0.0,0.0,0.0,0.0,0.0,1.0,0.0
5287,0.1728395061728395,0.0,0.0,0.0,0.0,0.0,0.6490463962539821,0.07894736842105263,1.0,0.0,0.33333333333333337,0.2501948558067042,0.03347280334727998,0.2099297211516663,0.512287334593573,1.0,0.0,0.0,0.0,0.0,0.0,0.0,0.0,0.0,0.0,0.0,0.0,0.0,0.0,0.0,0.0,0.0,0.0,0.0,0.0,1.0,0.0,0.0,1.0,0.0
5288,0.4567901234567901,1.0,0.0,0.0,0.0,0.0,0.7094205620899076,0.0,1.0,0.0,0.33333333333333337,0.2501948558067042,0.03347280334727998,0.2099297211516663,0.512287334593573,1.0,0.0,0.0,0.0,0.0,0.0,0.0,0.0,0.0,0.0,0.0,0.0,1.0,0.0,0.0,0.0,0.0,0.0,0.0,0.0,1.0,0.0,0.0,1.0,0.0
5289,0.4567901234567901,1.0,0.0,0.0,0.0,0.0,0.5591892927228724,0.0,1.0,0.0,0.33333333333333337,0.2501948558067042,0.03347280334727998,0.2099297211516663,0.512287334593573,1.0,0.0,0.0,0.0,0.0,0.0,0.0,0.0,0.0,0.0,0.0,0.0,1.0,0.0,0.0,0.0,0.0,0.0,0.0,0.0,1.0,0.0,0.0,1.0,0.0
5290,0.1728395061728395,1.0,1.0,0.0,0.0,0.0,0.6075603701023119,0.02631578947368421,1.0,0.14285714285714285,0.33333333333333337,0.2501948558067042,0.03347280334727998,0.2099297211516663,0.512287334593573,1.0,0.0,0.0,0.0,0.0,0.0,0.0,0.0,0.0,0.0,0.0,0.0,0.0,0.0,0.0,0.0,0.0,0.0,0.0,0.0,1.0,0.0,0.0,0.0,0.0
5291,0.024691358024691357,0.0,0.0,0.0,0.0,0.25,0.5787626916748434,0.0,1.0,0.0,0.33333333333333337,0.2501948558067042,0.03347280334727998,0.20902289730219908,0.512287334593573,1.0,0.0,0.0,0.0,0.0,0.0,0.0,0.0,1.0,0.0,0.0,0.0,0.0,1.0,0.0,1.0,0.0,0.0,0.0,0.0,0.0,0.0,0.0,1.0,0.0
5292,0.18518518518518517,1.0,1.0,0.0,0.0,0.25,0.7215031956410405,0.0,1.0,0.0,0.33333333333333337,0.2501948558067042,0.03347280334727998,0.20902289730219908,0.512287334593573,1.0,0.0,0.0,0.0,0.0,0.0,0.0,0.0,0.0,1.0,0.0,0.0,0.0,0.0,0.0,0.0,0.0,0.0,0.0,1.0,0.0,0.0,0.0,1.0,0.0
5293,0.18518518518518517,1.0,0.0,0.0,0.0,0.25,0.5854388177384106,0.02631578947368421,1.0,0.0,0.33333333333333337,0.2501948558067042,0.03347280334727998,0.20902289730219908,0.512287334593573,1.0,0.0,0.0,0.0,0.0,0.0,0.0,0.0,0.0,1.0,0.0,0.0,0.0,0.0,0.0,0.0,0.0,0.0,0.0,1.0,0.0,0.0,0.0,1.0,0.0
5294,0.1728395061728395,1.0,0.0,0.0,0.0,0.25,0.6048403610725471,0.05263157894736842,1.0,0.0,0.33333333333333337,0.2501948558067042,0.03347280334727998,0.20902289730219908,0.512287334593573,1.0,0.0,0.0,0.0,0.0,0.0,0.0,0.0,0.0,0.0,0.0,0.0,1.0,0.0,0.0,0.0,0.0,0.0,0.0,0.0,1.0,0.0,0.0,1.0,0.0
5295,0.35802469135802467,0.0,0.0,0.0,0.0,0.25,0.6585712040288184,0.05263157894736842,1.0,0.0,0.33333333333333337,0.2501948558067042,0.03347280334727998,0.20902289730219908,0.512287334593573,1.0,0.0,0.0,0.0,0.0,0.0,0.0,0.0,0.0,0.0,0.0,0.0,1.0,0.0,0.0,0.0,0.0,0.0,0.0,0.0,1.0,0.0,0.0,1.0,0.0
5296,0.4074074074074074,0.0,0.0,0.0,0.0,0.5,0.5591892927228724,0.0,1.0,0.0,0.33333333333333337,0.2501948558067042,0.03347280334727998,0.2072092496032646,0.512287334593573,1.0,0.0,0.0,0.0,1.0,0.0,0.0,0.0,0.0,0.0,0.0,0.0,1.0,0.0,0.0,0.0,1.0,0.0,0.0,0.0,0.0,0.0,0.0,1.0,0.0
5297,0.13580246913580246,0.0,0.0,0.0,0.0,0.5,0.7326918229785724,0.02631578947368421,1.0,0.0,0.33333333333333337,0.2501948558067042,0.03347280334727998,0.2072092496032646,0.512287334593573,1.0,0.0,0.0,0.0,0.0,0.0,0.0,0.0,0.0,0.0,0.0,0.0,0.0,1.0,0.0,0.0,0.0,0.0,0.0,0.0,1.0,0.0,0.0,1.0,0.0
5298,0.13580246913580246,0.0,1.0,0.0,0.0,0.5,0.5381468098084997,0.02631578947368421,1.0,0.0,0.33333333333333337,0.2501948558067042,0.03347280334727998,0.2072092496032646,0.512287334593573,1.0,0.0,0.0,0.0,0.0,0.0,0.0,0.0,0.0,0.0,0.0,0.0,0.0,1.0,0.0,0.0,0.0,0.0,0.0,0.0,1.0,0.0,0.0,1.0,0.0
5299,0.19753086419753085,1.0,0.0,0.0,0.0,0.5,0.6624284397381989,0.18421052631578946,1.0,0.0,0.33333333333333337,0.2501948558067042,0.03347280334727998,0.2072092496032646,0.512287334593573,1.0,0.0,0.0,0.0,0.0,0.0,0.0,0.0,0.0,0.0,0.0,0.0,1.0,0.0,0.0,0.0,0.0,0.0,0.0,0.0,1.0,0.0,0.0,1.0,0.0
5300,0.13580246913580246,0.0,0.0,0.0,0.0,0.5,0.7082839817554912,0.02631578947368421,1.0,0.0,0.33333333333333337,0.2501948558067042,0.03347280334727998,0.2072092496032646,0.512287334593573,1.0,0.0,0.0,0.0,0.0,0.0,0.0,0.0,0.0,0.0,0.0,0.0,0.0,1.0,0.0,0.0,0.0,0.0,0.0,0.0,1.0,0.0,0.0,1.0,0.0
5301,0.2222222222222222,1.0,0.0,0.0,0.0,0.75,0.5612001989464611,0.02631578947368421,1.0,0.0,0.33333333333333337,0.2501948558067042,0.03347280334727998,0.2049421899795965,0.512287334593573,1.0,0.0,0.0,0.0,0.0,0.0,0.0,0.0,0.0,0.0,0.0,0.0,1.0,0.0,0.0,0.0,0.0,1.0,0.0,0.0,0.0,0.0,0.0,1.0,0.0
5302,0.2345679012345679,0.0,0.0,0.0,0.0,0.75,0.7723059261610165,0.02631578947368421,1.0,0.0,0.33333333333333337,0.2501948558067042,0.03347280334727998,0.2049421899795965,0.512287334593573,1.0,0.0,0.0,0.0,1.0,0.0,0.0,0.0,0.0,0.0,0.0,0.0,1.0,0.0,0.0,0.0,0.0,0.0,0.0,0.0,1.0,0.0,0.0,1.0,0.0
5303,0.1111111111111111,0.0,0.0,0.0,0.0,0.75,0.6238550656258994,0.0,1.0,0.0,0.33333333333333337,0.2501948558067042,0.03347280334727998,0.2049421899795965,0.512287334593573,1.0,0.0,0.0,0.0,0.0,0.0,0.0,0.0,1.0,0.0,0.0,0.0,0.0,1.0,0.0,0.0,0.0,1.0,0.0,0.0,0.0,0.0,0.0,1.0,0.0
5304,0.037037037037037035,1.0,0.0,0.0,0.0,0.75,0.680742538513431,0.0,1.0,0.0,0.33333333333333337,0.2501948558067042,0.03347280334727998,0.2049421899795965,0.512287334593573,1.0,0.0,0.0,0.0,0.0,0.0,0.0,0.0,1.0,0.0,0.0,0.0,0.0,1.0,0.0,0.0,1.0,0.0,0.0,0.0,0.0,0.0,0.0,1.0,0.0
5305,0.037037037037037035,1.0,0.0,0.0,0.0,0.75,0.6576965892230189,0.02631578947368421,1.0,0.0,0.33333333333333337,0.2501948558067042,0.03347280334727998,0.2049421899795965,0.512287334593573,0.0,0.0,0.0,0.0,0.0,0.0,0.0,0.0,1.0,0.0,0.0,0.0,0.0,1.0,0.0,0.0,1.0,0.0,0.0,0.0,0.0,0.0,0.0,1.0,0.0
5306,0.6296296296296295,0.0,0.0,0.0,0.0,0.75,0.6828879198511015,0.07894736842105263,1.0,0.0,0.33333333333333337,0.2501948558067042,0.03347280334727998,0.2049421899795965,0.512287334593573,1.0,0.0,0.0,0.0,0.0,1.0,0.0,0.0,0.0,0.0,0.0,0.0,1.0,0.0,0.0,0.0,0.0,0.0,0.0,0.0,0.0,0.0,0.0,1.0,0.0
5307,0.2345679012345679,0.5,0.5,0.0,0.0,1.0,0.5369277818064884,0.02631578947368421,1.0,0.14285714285714285,0.33333333333333337,0.2501948558067042,0.03347280334727998,0.2033552482430288,0.512287334593573,1.0,0.0,0.0,0.0,0.0,0.0,0.0,0.0,0.0,0.0,1.0,0.0,1.0,0.0,0.0,0.0,0.0,0.0,0.0,0.0,1.0,0.0,1.0,0.0,0.0
5308,0.13580246913580246,1.0,0.0,1.0,0.0,1.0,0.7347617030588557,0.0,1.0,0.0,0.33333333333333337,0.2501948558067042,0.03347280334727998,0.2033552482430288,0.512287334593573,1.0,0.0,0.0,0.0,0.0,0.0,0.0,0.0,0.0,0.0,0.0,0.0,0.0,1.0,0.0,0.0,0.0,1.0,0.0,0.0,0.0,0.0,0.0,1.0,0.0
5309,0.13580246913580246,1.0,0.0,0.0,0.0,1.0,0.6713567691230875,0.0,1.0,0.0,0.33333333333333337,0.2501948558067042,0.03347280334727998,0.2033552482430288,0.512287334593573,1.0,0.0,0.0,0.0,0.0,0.0,0.0,0.0,0.0,0.0,0.0,0.0,0.0,1.0,0.0,0.0,0.0,1.0,0.0,0.0,0.0,0.0,0.0,1.0,0.0
5310,0.13580246913580246,1.0,0.0,0.0,0.0,1.0,0.686722293807522,0.0,1.0,0.0,0.33333333333333337,0.2501948558067042,0.03347280334727998,0.2033552482430288,0.512287334593573,1.0,0.0,0.0,0.0,0.0,0.0,0.0,0.0,0.0,0.0,0.0,0.0,0.0,1.0,0.0,0.0,0.0,1.0,0.0,0.0,0.0,0.0,0.0,1.0,0.0
5311,0.48148148148148145,1.0,0.0,0.0,0.0,1.0,0.664517928944963,0.0,1.0,0.0,0.33333333333333337,0.2501948558067042,0.03347280334727998,0.2033552482430288,0.512287334593573,1.0,1.0,0.0,0.0,0.0,0.0,0.0,0.0,0.0,0.0,0.0,0.0,1.0,0.0,0.0,0.0,0.0,0.0,0.0,0.0,0.0,0.0,0.0,1.0,0.0
5312,0.29629629629629634,0.0,0.0,0.0,0.0,1.0,0.6397092724183482,0.02631578947368421,1.0,0.0,0.33333333333333337,0.2501948558067042,0.03347280334727998,0.2033552482430288,0.512287334593573,1.0,0.0,0.0,0.0,0.0,0.0,0.0,0.0,0.0,1.0,0.0,0.0,1.0,0.0,0.0,0.0,0.0,0.0,0.0,1.0,0.0,0.0,0.0,1.0,0.0
5313,0.09876543209876543,1.0,0.0,0.0,0.0,1.0,0.6689881961625146,0.0,1.0,0.0,0.33333333333333337,0.2501948558067042,0.03347280334727998,0.2033552482430288,0.512287334593573,1.0,0.0,0.0,0.0,0.0,0.0,0.0,0.0,0.0,0.0,0.0,0.0,1.0,0.0,0.0,0.0,0.0,0.0,0.0,0.0,1.0,0.0,0.0,1.0,0.0
5314,0.09876543209876543,1.0,0.0,0.0,0.0,1.0,0.6620060509558884,0.0,1.0,0.0,0.33333333333333337,0.2501948558067042,0.03347280334727998,0.2033552482430288,0.512287334593573,0.0,0.0,0.0,0.0,0.0,0.0,0.0,0.0,0.0,0.0,0.0,0.0,1.0,0.0,0.0,0.0,0.0,0.0,0.0,0.0,1.0,0.0,0.0,1.0,0.0
5315,0.13580246913580246,0.0,1.0,0.0,0.0,1.0,0.5125020940917573,0.02631578947368421,1.0,0.0,0.33333333333333337,0.2501948558067042,0.03347280334727998,0.2033552482430288,0.512287334593573,0.0,0.0,0.0,0.0,0.0,0.0,0.0,0.0,0.0,0.0,0.0,0.0,0.0,1.0,0.0,0.0,0.0,1.0,0.0,0.0,0.0,0.0,0.0,1.0,0.0
5316,0.691358024691358,1.0,0.0,0.0,0.0,1.0,0.6108742554254224,0.0,1.0,0.0,0.33333333333333337,0.2501948558067042,0.03347280334727998,0.2033552482430288,0.512287334593573,1.0,0.0,0.0,0.0,0.0,1.0,0.0,0.0,0.0,0.0,0.0,0.0,1.0,0.0,0.0,0.0,0.0,0.0,0.0,0.0,1.0,0.0,0.0,1.0,0.0
5317,0.1728395061728395,1.0,0.0,1.0,0.0,1.0,0.6391967001499177,0.02631578947368421,1.0,0.0,0.33333333333333337,0.2501948558067042,0.03347280334727998,0.2033552482430288,0.512287334593573,1.0,0.0,0.0,0.0,0.0,0.0,0.0,0.0,0.0,1.0,0.0,0.0,0.0,1.0,0.0,0.0,0.0,0.0,0.0,0.0,1.0,0.0,0.0,1.0,0.0
5318,0.12345679012345678,1.0,0.0,0.0,0.0,1.0,0.6984629590595263,0.0,1.0,0.0,0.33333333333333337,0.2501948558067042,0.03347280334727998,0.2033552482430288,0.512287334593573,1.0,0.0,0.0,1.0,0.0,0.0,0.0,0.0,0.0,0.0,0.0,0.0,1.0,0.0,0.0,0.0,0.0,1.0,0.0,0.0,0.0,0.0,0.0,1.0,0.0
5319,0.09876543209876543,0.0,0.0,0.0,0.0,1.0,0.646660205928461,0.05263157894736842,1.0,0.0,0.33333333333333337,0.2501948558067042,0.03347280334727998,0.2033552482430288,0.512287334593573,1.0,0.0,0.0,0.0,0.0,0.0,0.0,0.0,0.0,0.0,0.0,0.0,1.0,0.0,0.0,0.0,0.0,0.0,0.0,0.0,1.0,0.0,0.0,1.0,0.0
5320,0.13580246913580246,0.0,0.0,1.0,0.0,1.0,0.6422391580843787,0.02631578947368421,1.0,0.0,0.33333333333333337,0.2501948558067042,0.03347280334727998,0.2033552482430288,0.512287334593573,1.0,0.0,0.0,0.0,0.0,0.0,0.0,0.0,0.0,0.0,0.0,0.0,0.0,1.0,0.0,0.0,0.0,1.0,0.0,0.0,0.0,0.0,0.0,1.0,0.0
5321,0.18518518518518517,1.0,0.0,0.0,0.0,1.0,0.6594393640539922,0.02631578947368421,1.0,0.0,0.33333333333333337,0.2501948558067042,0.03347280334727998,0.2033552482430288,0.512287334593573,1.0,0.0,0.0,0.0,0.0,0.0,0.0,0.0,0.0,0.0,0.0,0.0,0.0,1.0,0.0,0.0,0.0,0.0,0.0,0.0,1.0,0.0,0.0,1.0,0.0
5322,0.13580246913580246,0.0,0.0,0.0,0.0,1.0,0.6884247135267839,0.02631578947368421,1.0,0.0,0.33333333333333337,0.2501948558067042,0.03347280334727998,0.2033552482430288,0.512287334593573,1.0,0.0,0.0,0.0,0.0,0.0,0.0,0.0,0.0,0.0,0.0,0.0,0.0,1.0,0.0,0.0,0.0,1.0,0.0,0.0,0.0,0.0,0.0,1.0,0.0
5323,0.20987654320987653,0.0,0.0,0.0,0.0,0.0,0.6115259753720838,0.02631578947368421,1.0,0.0,0.33333333333333337,0.2501948558067042,0.03347280334727998,0.20086148265699388,0.512287334593573,1.0,0.0,0.0,0.0,0.0,0.0,0.0,0.0,0.0,1.0,0.0,0.0,0.0,1.0,0.0,0.0,0.0,0.0,0.0,0.0,1.0,0.0,0.0,1.0,0.0
5324,0.18518518518518517,1.0,0.0,0.0,0.0,0.0,0.6653434421536871,0.18421052631578946,1.0,0.0,0.33333333333333337,0.2501948558067042,0.03347280334727998,0.20086148265699388,0.512287334593573,1.0,0.0,0.0,0.0,0.0,0.0,0.0,0.0,0.0,0.0,0.0,0.0,0.0,1.0,0.0,0.0,0.0,0.0,0.0,0.0,1.0,0.0,0.0,1.0,0.0
5325,0.18518518518518517,1.0,0.0,0.0,0.0,0.0,0.6940353071368747,0.05263157894736842,1.0,0.0,0.33333333333333337,0.2501948558067042,0.03347280334727998,0.20086148265699388,0.512287334593573,1.0,0.0,0.0,0.0,0.0,0.0,0.0,0.0,0.0,0.0,0.0,0.0,0.0,1.0,0.0,0.0,0.0,0.0,0.0,0.0,1.0,0.0,0.0,1.0,0.0
5326,0.04938271604938271,0.0,0.0,0.0,0.0,0.0,0.5581708002178327,0.02631578947368421,1.0,0.0,0.33333333333333337,0.2501948558067042,0.03347280334727998,0.20086148265699388,0.512287334593573,0.0,0.0,0.0,0.0,0.0,0.0,0.0,0.0,1.0,0.0,0.0,0.0,0.0,1.0,0.0,0.0,0.0,0.0,0.0,0.0,0.0,0.0,0.0,1.0,0.0
5327,0.18518518518518517,1.0,0.0,0.0,0.0,0.0,0.7352167719029069,0.0,1.0,0.0,0.33333333333333337,0.2501948558067042,0.03347280334727998,0.20086148265699388,0.512287334593573,1.0,0.0,0.0,0.0,0.0,0.0,0.0,0.0,0.0,0.0,0.0,0.0,1.0,0.0,0.0,0.0,0.0,0.0,0.0,0.0,1.0,0.0,0.0,1.0,0.0
5328,0.18518518518518517,1.0,0.0,0.0,0.0,0.0,0.6027582686746316,0.02631578947368421,1.0,0.0,0.33333333333333337,0.2501948558067042,0.03347280334727998,0.20086148265699388,0.512287334593573,0.0,0.0,0.0,0.0,0.0,0.0,0.0,0.0,0.0,0.0,0.0,0.0,0.0,1.0,0.0,0.0,0.0,0.0,0.0,0.0,1.0,0.0,0.0,1.0,0.0
5329,0.18518518518518517,1.0,1.0,0.0,0.0,0.0,0.5140006512933829,0.05263157894736842,1.0,0.0,0.33333333333333337,0.2501948558067042,0.03347280334727998,0.20086148265699388,0.512287334593573,0.0,0.0,0.0,0.0,0.0,0.0,0.0,0.0,0.0,0.0,0.0,0.0,1.0,0.0,0.0,0.0,0.0,0.0,0.0,0.0,1.0,0.0,0.0,1.0,0.0
5330,0.5555555555555556,0.0,0.0,1.0,0.0,0.0,0.599923549592398,0.02631578947368421,1.0,0.0,0.33333333333333337,0.2501948558067042,0.03347280334727998,0.20086148265699388,0.512287334593573,1.0,0.0,0.0,0.0,0.0,0.0,0.0,0.0,0.0,0.0,0.0,0.0,1.0,0.0,0.0,0.0,0.0,1.0,0.0,0.0,0.0,0.0,0.0,1.0,0.0
5331,0.5185185185185184,0.0,0.0,0.0,0.0,0.25,0.64373137872162,0.05263157894736842,1.0,0.0,0.33333333333333337,0.2501948558067042,0.03347280334727998,0.1985944230333258,0.512287334593573,1.0,1.0,0.0,0.0,0.0,0.0,0.0,0.0,0.0,0.0,0.0,0.0,1.0,0.0,0.0,0.0,0.0,0.0,0.0,0.0,0.0,0.0,0.0,1.0,0.0
5332,0.7777777777777777,1.0,0.0,0.0,0.0,0.25,0.5962813035550764,0.02631578947368421,1.0,0.0,0.33333333333333337,0.2501948558067042,0.03347280334727998,0.1985944230333258,0.512287334593573,1.0,0.0,0.0,0.0,1.0,0.0,0.0,0.0,0.0,0.0,0.0,0.0,0.0,0.0,0.0,0.0,0.0,0.0,0.0,1.0,0.0,0.0,1.0,1.0,0.0
5333,0.3333333333333333,1.0,0.0,0.0,0.0,0.25,0.8626981190803464,0.02631578947368421,1.0,0.0,0.33333333333333337,0.2501948558067042,0.03347280334727998,0.1985944230333258,0.512287334593573,1.0,1.0,0.0,0.0,0.0,0.0,0.0,0.0,0.0,0.0,0.0,0.0,0.0,1.0,0.0,0.0,0.0,0.0,0.0,0.0,0.0,0.0,0.0,1.0,0.0
5334,0.19753086419753085,1.0,0.0,0.0,0.1111111111111111,0.5,0.6897691298684182,0.05263157894736842,1.0,0.0,0.33333333333333337,0.3406079501169188,0.15481171548117123,0.1958739514849241,0.512287334593573,1.0,1.0,0.0,0.0,0.0,0.0,0.0,0.0,0.0,0.0,0.0,0.0,1.0,0.0,0.0,1.0,0.0,0.0,0.0,0.0,0.0,0.0,0.0,1.0,0.0
5335,0.16049382716049382,1.0,0.0,0.0,0.1111111111111111,0.5,0.6485730147319224,0.02631578947368421,1.0,0.0,0.33333333333333337,0.3406079501169188,0.15481171548117123,0.1958739514849241,0.512287334593573,0.0,0.0,0.0,0.0,0.0,0.0,0.0,1.0,0.0,0.0,0.0,0.0,0.0,1.0,0.0,0.0,0.0,1.0,0.0,0.0,0.0,0.0,0.0,1.0,0.0
5336,0.39506172839506176,1.0,0.0,0.0,0.1111111111111111,0.5,0.787224271418222,0.02631578947368421,1.0,0.14285714285714285,0.33333333333333337,0.3406079501169188,0.15481171548117123,0.1958739514849241,0.512287334593573,1.0,0.0,0.0,0.0,0.0,0.0,0.0,0.0,0.0,0.0,0.0,0.0,1.0,0.0,0.0,1.0,0.0,0.0,0.0,0.0,0.0,0.0,0.0,0.0,0.0
5337,0.19753086419753085,1.0,1.0,0.0,0.1111111111111111,0.5,0.8317656873272035,0.0,1.0,0.0,0.33333333333333337,0.3406079501169188,0.15481171548117123,0.1958739514849241,0.512287334593573,1.0,0.0,0.0,0.0,1.0,0.0,0.0,0.0,0.0,0.0,0.0,0.0,0.0,1.0,0.0,0.0,0.0,0.0,0.0,0.0,1.0,0.0,0.0,1.0,0.0
5338,0.19753086419753085,1.0,0.0,0.0,0.1111111111111111,0.5,0.6013494476505862,0.02631578947368421,1.0,0.0,0.33333333333333337,0.3406079501169188,0.15481171548117123,0.1958739514849241,0.512287334593573,1.0,1.0,0.0,0.0,0.0,0.0,0.0,0.0,0.0,0.0,0.0,0.0,1.0,0.0,0.0,1.0,0.0,0.0,0.0,0.0,0.0,0.0,0.0,1.0,0.0
5339,0.5679012345679011,1.0,0.0,0.0,0.1111111111111111,0.5,0.7012237542095305,0.02631578947368421,1.0,0.0,0.33333333333333337,0.3406079501169188,0.15481171548117123,0.1958739514849241,0.512287334593573,1.0,0.0,0.0,0.0,0.0,1.0,0.0,0.0,0.0,0.0,0.0,0.0,1.0,0.0,0.0,0.0,0.0,0.0,0.0,1.0,0.0,0.0,0.0,1.0,0.0
5340,0.25925925925925924,1.0,0.0,0.0,0.1111111111111111,0.5,0.7308208467673027,0.05263157894736842,1.0,0.0,0.33333333333333337,0.3406079501169188,0.15481171548117123,0.1958739514849241,0.512287334593573,0.0,0.0,0.0,0.0,0.0,0.0,0.0,0.0,0.0,0.0,0.0,0.0,0.0,0.0,0.0,0.0,0.0,0.0,0.0,0.0,1.0,0.0,0.0,1.0,0.0
5341,0.037037037037037035,1.0,0.0,0.0,0.1111111111111111,0.5,0.6140973378497864,0.07894736842105263,1.0,0.0,0.33333333333333337,0.3406079501169188,0.15481171548117123,0.1958739514849241,0.512287334593573,1.0,0.0,0.0,0.0,0.0,0.0,0.0,0.0,1.0,0.0,0.0,0.0,0.0,1.0,0.0,0.0,0.0,0.0,0.0,0.0,0.0,1.0,0.0,1.0,0.0
5342,0.16049382716049382,1.0,1.0,0.0,0.1111111111111111,0.75,0.7771742822508172,0.02631578947368421,1.0,0.0,0.33333333333333337,0.3406079501169188,0.15481171548117123,0.19247336204942195,0.512287334593573,1.0,0.0,0.0,0.0,0.0,0.0,0.0,0.0,0.0,0.0,0.0,0.0,1.0,0.0,0.0,0.0,0.0,0.0,0.0,0.0,1.0,0.0,0.0,1.0,0.0
5343,0.3209876543209876,0.0,0.0,0.0,0.1111111111111111,0.75,0.7247745442978097,0.0,1.0,0.0,0.33333333333333337,0.3406079501169188,0.15481171548117123,0.19247336204942195,0.512287334593573,0.0,0.0,0.0,0.0,0.0,0.0,0.0,1.0,0.0,0.0,0.0,0.0,0.0,0.0,0.0,0.0,0.0,1.0,0.0,0.0,0.0,0.0,1.0,1.0,0.0
5344,0.25925925925925924,1.0,0.0,0.0,0.1111111111111111,0.75,0.5440593682563573,0.0,1.0,0.14285714285714285,0.33333333333333337,0.3406079501169188,0.15481171548117123,0.19247336204942195,0.512287334593573,0.0,0.0,0.0,0.0,0.0,0.0,0.0,1.0,0.0,0.0,0.0,0.0,1.0,0.0,0.0,0.0,1.0,0.0,0.0,0.0,0.0,0.0,0.0,0.0,0.0
5345,0.16049382716049382,1.0,0.0,0.0,0.1111111111111111,0.75,0.646660205928461,0.05263157894736842,1.0,0.0,0.33333333333333337,0.3406079501169188,0.15481171548117123,0.19247336204942195,0.512287334593573,1.0,0.0,0.0,0.0,0.0,0.0,0.0,0.0,0.0,0.0,0.0,0.0,1.0,0.0,0.0,0.0,0.0,0.0,0.0,0.0,1.0,0.0,0.0,1.0,0.0
5346,0.2716049382716049,1.0,0.0,0.0,0.1111111111111111,0.75,0.6860343669962174,0.0,1.0,0.0,0.33333333333333337,0.3406079501169188,0.15481171548117123,0.19247336204942195,0.512287334593573,0.0,1.0,0.0,0.0,0.0,0.0,0.0,0.0,0.0,0.0,0.0,0.0,0.0,1.0,0.0,0.0,1.0,0.0,0.0,0.0,0.0,0.0,0.0,1.0,0.0
5347,0.1111111111111111,0.0,0.0,0.0,0.1111111111111111,0.75,0.6095598825393173,0.0,0.001001001001001001,0.42857142857142855,0.33333333333333337,0.3406079501169188,0.15481171548117123,0.19247336204942195,0.512287334593573,0.0,0.0,0.0,0.0,0.0,0.0,0.0,1.0,0.0,0.0,0.0,0.0,0.0,1.0,0.0,0.0,0.0,1.0,0.0,0.0,0.0,0.0,0.0,0.0,1.0
5348,0.16049382716049382,0.0,0.0,0.0,0.1111111111111111,0.75,0.6763307033473182,0.05263157894736842,1.0,0.0,0.33333333333333337,0.3406079501169188,0.15481171548117123,0.19247336204942195,0.512287334593573,1.0,0.0,0.0,0.0,0.0,0.0,0.0,0.0,0.0,0.0,0.0,0.0,1.0,0.0,0.0,0.0,0.0,0.0,0.0,0.0,1.0,0.0,0.0,1.0,0.0
5349,0.2716049382716049,0.0,0.0,0.0,0.1111111111111111,0.75,0.506309340633733,0.0,1.0,0.14285714285714285,0.33333333333333337,0.3406079501169188,0.15481171548117123,0.19247336204942195,0.512287334593573,0.0,1.0,0.0,0.0,0.0,0.0,0.0,0.0,0.0,0.0,0.0,0.0,1.0,0.0,0.0,0.0,1.0,0.0,0.0,0.0,0.0,0.0,0.0,0.0,0.0
5350,0.2839506172839506,0.0,0.0,0.0,0.1111111111111111,0.75,0.7189233740572085,0.02631578947368421,1.0,0.0,0.33333333333333337,0.3406079501169188,0.15481171548117123,0.19247336204942195,0.512287334593573,0.0,1.0,0.0,0.0,0.0,0.0,0.0,0.0,0.0,0.0,0.0,0.0,1.0,0.0,0.0,0.0,1.0,0.0,0.0,0.0,0.0,0.0,1.0,1.0,0.0
5351,0.3333333333333333,1.0,0.0,0.0,0.1111111111111111,0.75,0.7042171765284851,0.02631578947368421,1.0,0.0,0.33333333333333337,0.3406079501169188,0.15481171548117123,0.19247336204942195,0.512287334593573,1.0,1.0,0.0,0.0,0.0,0.0,0.0,0.0,0.0,0.0,0.0,0.0,1.0,0.0,0.0,0.0,0.0,0.0,0.0,0.0,1.0,0.0,0.0,1.0,0.0
5352,0.13580246913580246,0.0,0.0,0.0,0.1111111111111111,0.75,0.7173478797553707,0.0,1.0,0.0,0.33333333333333337,0.3406079501169188,0.15481171548117123,0.19247336204942195,0.512287334593573,0.0,0.0,0.0,0.0,0.0,0.0,0.0,0.0,0.0,1.0,0.0,0.0,0.0,1.0,0.0,0.0,0.0,0.0,0.0,1.0,0.0,0.0,0.0,1.0,0.0
5353,0.18518518518518517,1.0,0.0,0.0,0.1111111111111111,0.75,0.6685887555427749,0.02631578947368421,1.0,0.14285714285714285,0.33333333333333337,0.3406079501169188,0.15481171548117123,0.19247336204942195,0.512287334593573,0.0,0.0,0.0,0.0,0.0,0.0,0.0,0.0,0.0,1.0,0.0,0.0,0.0,1.0,0.0,0.0,0.0,0.0,0.0,0.0,1.0,0.0,0.0,0.0,0.0
5354,0.13580246913580246,1.0,0.0,1.0,0.1111111111111111,0.75,0.7821542914679217,0.0,1.0,0.0,0.33333333333333337,0.3406079501169188,0.15481171548117123,0.19247336204942195,0.512287334593573,1.0,1.0,0.0,0.0,0.0,0.0,0.0,0.0,0.0,0.0,0.0,0.0,0.0,1.0,0.0,0.0,0.0,1.0,0.0,0.0,0.0,0.0,0.0,1.0,0.0
5355,0.13580246913580246,1.0,1.0,0.0,0.1111111111111111,0.75,0.6581347094668296,0.0,1.0,0.0,0.33333333333333337,0.3406079501169188,0.15481171548117123,0.19247336204942195,0.512287334593573,1.0,1.0,0.0,0.0,0.0,0.0,0.0,0.0,0.0,0.0,0.0,0.0,0.0,1.0,0.0,0.0,0.0,1.0,0.0,0.0,0.0,0.0,0.0,1.0,0.0
5356,0.13580246913580246,1.0,0.0,0.0,0.1111111111111111,0.75,0.6821771312868369,0.02631578947368421,1.0,0.0,0.33333333333333337,0.3406079501169188,0.15481171548117123,0.19247336204942195,0.512287334593573,1.0,1.0,0.0,0.0,0.0,0.0,0.0,0.0,0.0,0.0,0.0,0.0,0.0,1.0,0.0,0.0,0.0,1.0,0.0,0.0,0.0,0.0,0.0,1.0,0.0
5357,0.30864197530864196,1.0,0.0,0.0,0.1111111111111111,1.0,0.5344511608683252,0.02631578947368421,1.0,0.0,0.33333333333333337,0.3406079501169188,0.15481171548117123,0.19156653819995467,0.512287334593573,0.0,0.0,0.0,0.0,0.0,0.0,0.0,0.0,0.0,1.0,0.0,0.0,0.0,0.0,0.0,0.0,0.0,0.0,0.0,1.0,0.0,0.0,0.0,1.0,0.0
5358,0.1111111111111111,1.0,0.0,0.0,0.1111111111111111,1.0,0.7719740919508878,0.0,1.0,0.14285714285714285,0.33333333333333337,0.3406079501169188,0.15481171548117123,0.19156653819995467,0.512287334593573,1.0,0.0,1.0,0.0,0.0,0.0,0.0,0.0,0.0,0.0,0.0,0.0,0.0,1.0,0.0,0.0,0.0,1.0,0.0,0.0,0.0,0.0,0.0,0.0,0.0
5359,0.1728395061728395,0.0,0.0,0.0,0.1111111111111111,1.0,0.6048403610725471,0.0,1.0,0.0,0.33333333333333337,0.3406079501169188,0.15481171548117123,0.19156653819995467,0.512287334593573,0.0,0.0,0.0,0.0,0.0,0.0,0.0,0.0,0.0,0.0,0.0,0.0,1.0,0.0,0.0,0.0,0.0,0.0,0.0,0.0,1.0,0.0,0.0,1.0,0.0
5360,0.16049382716049382,0.0,0.0,0.0,0.1111111111111111,1.0,0.6653434421536871,0.0,1.0,0.0,0.33333333333333337,0.3406079501169188,0.15481171548117123,0.19156653819995467,0.512287334593573,0.0,0.0,0.0,0.0,0.0,0.0,0.0,0.0,0.0,1.0,0.0,0.0,0.0,1.0,0.0,0.0,0.0,1.0,0.0,0.0,0.0,0.0,0.0,1.0,0.0
5361,0.18518518518518517,1.0,1.0,0.0,0.1111111111111111,1.0,0.7269871828743492,0.02631578947368421,1.0,0.0,0.33333333333333337,0.3406079501169188,0.15481171548117123,0.19156653819995467,0.512287334593573,1.0,1.0,0.0,0.0,0.0,0.0,0.0,0.0,0.0,0.0,0.0,0.0,1.0,0.0,0.0,0.0,1.0,0.0,0.0,0.0,0.0,0.0,0.0,1.0,0.0
5362,0.4567901234567901,1.0,0.0,0.0,0.1111111111111111,1.0,0.5612001989464611,0.0,1.0,0.0,0.33333333333333337,0.3406079501169188,0.15481171548117123,0.19156653819995467,0.512287334593573,1.0,0.0,0.0,1.0,0.0,0.0,0.0,0.0,0.0,0.0,0.0,0.0,1.0,0.0,0.0,0.0,0.0,0.0,0.0,0.0,0.0,1.0,0.0,1.0,0.0
5363,0.48148148148148145,0.0,0.0,1.0,0.1111111111111111,1.0,0.6933889585355939,0.02631578947368421,1.0,0.2857142857142857,0.33333333333333337,0.3406079501169188,0.15481171548117123,0.19156653819995467,0.512287334593573,0.0,0.0,0.0,0.0,1.0,0.0,0.0,0.0,0.0,0.0,0.0,0.0,1.0,0.0,0.0,0.0,0.0,0.0,0.0,0.0,1.0,0.0,0.0,0.0,0.0
5364,0.2345679012345679,0.5,0.5,0.0,0.1111111111111111,1.0,0.6821771312868369,0.02631578947368421,1.0,0.0,0.33333333333333337,0.3406079501169188,0.15481171548117123,0.19156653819995467,0.512287334593573,0.0,1.0,0.0,0.0,0.0,0.0,0.0,0.0,0.0,0.0,0.0,0.0,1.0,0.0,0.0,0.0,1.0,0.0,0.0,0.0,0.0,0.0,0.0,1.0,0.0
5365,0.38271604938271603,1.0,0.0,0.0,0.1111111111111111,1.0,0.6178519698461769,0.0,1.0,0.0,0.33333333333333337,0.3406079501169188,0.15481171548117123,0.19156653819995467,0.512287334593573,0.0,0.0,0.0,0.0,0.0,0.0,0.0,0.0,0.0,0.0,0.0,0.0,1.0,0.0,0.0,0.0,0.0,1.0,0.0,0.0,0.0,0.0,0.0,1.0,0.0
5366,0.20987654320987653,0.0,0.0,0.0,0.1111111111111111,1.0,0.6255978404568726,0.0,0.001001001001001001,0.14285714285714285,0.33333333333333337,0.3406079501169188,0.15481171548117123,0.19156653819995467,0.512287334593573,0.0,1.0,0.0,0.0,0.0,0.0,0.0,0.0,0.0,0.0,0.0,0.0,0.0,1.0,0.0,0.0,1.0,0.0,0.0,0.0,0.0,0.0,0.0,0.0,1.0
5367,0.18518518518518517,1.0,1.0,0.0,0.1111111111111111,1.0,0.6267455095549759,0.02631578947368421,1.0,0.14285714285714285,0.33333333333333337,0.3406079501169188,0.15481171548117123,0.19156653819995467,0.512287334593573,0.0,1.0,0.0,0.0,0.0,0.0,0.0,0.0,0.0,0.0,0.0,0.0,1.0,0.0,0.0,1.0,0.0,0.0,0.0,0.0,0.0,0.0,0.0,0.0,0.0
5368,0.3333333333333333,0.0,0.0,0.0,0.1111111111111111,1.0,0.8229479975614468,0.0,1.0,0.14285714285714285,0.33333333333333337,0.3406079501169188,0.15481171548117123,0.19156653819995467,0.512287334593573,0.0,0.0,0.0,0.0,1.0,0.0,0.0,0.0,0.0,0.0,0.0,0.0,0.0,0.0,0.0,0.0,0.0,0.0,0.0,0.0,1.0,0.0,0.0,0.0,0.0
5369,0.29629629629629634,0.0,0.0,0.0,0.1111111111111111,1.0,0.8344337135241183,0.02631578947368421,1.0,0.14285714285714285,0.33333333333333337,0.3406079501169188,0.15481171548117123,0.19156653819995467,0.512287334593573,1.0,0.0,0.0,0.0,0.0,0.0,0.0,0.0,0.0,0.0,0.0,0.0,1.0,0.0,0.0,1.0,0.0,0.0,0.0,0.0,0.0,0.0,0.0,0.0,0.0
5370,0.24691358024691357,1.0,0.0,1.0,0.1111111111111111,1.0,0.6748225397474605,0.07894736842105263,1.0,0.0,0.33333333333333337,0.3406079501169188,0.15481171548117123,0.19156653819995467,0.512287334593573,0.0,0.0,0.0,0.0,0.0,0.0,0.0,0.0,0.0,0.0,0.0,0.0,1.0,0.0,0.0,0.0,0.0,0.0,0.0,0.0,1.0,0.0,0.0,1.0,0.0
5371,0.4074074074074074,0.0,0.0,1.0,0.1111111111111111,0.0,0.7252698509221354,0.13157894736842105,1.0,0.14285714285714285,0.33333333333333337,0.3406079501169188,0.15481171548117123,0.1886193606891861,0.512287334593573,1.0,0.0,0.0,0.0,1.0,0.0,0.0,0.0,0.0,0.0,0.0,0.0,0.0,0.0,0.0,0.0,0.0,0.0,0.0,0.0,1.0,0.0,1.0,0.0,0.0
5372,0.09876543209876543,0.0,1.0,0.0,0.1111111111111111,0.0,0.5561069727294308,0.07894736842105263,1.0,0.0,0.33333333333333337,0.3406079501169188,0.15481171548117123,0.1886193606891861,0.512287334593573,0.0,0.0,0.0,0.0,0.0,0.0,0.0,0.0,0.0,1.0,0.0,0.0,0.0,1.0,0.0,0.0,0.0,0.0,0.0,1.0,0.0,0.0,0.0,1.0,0.0
5373,0.2839506172839506,0.0,0.0,0.0,0.1111111111111111,0.0,0.661156696006206,0.0,1.0,0.0,0.33333333333333337,0.3406079501169188,0.15481171548117123,0.1886193606891861,0.512287334593573,0.0,0.0,0.0,0.0,0.0,0.0,0.0,1.0,0.0,0.0,0.0,0.0,0.0,1.0,0.0,0.0,0.0,1.0,0.0,0.0,0.0,0.0,0.0,1.0,0.0
5374,0.24691358024691357,1.0,0.0,0.0,0.1111111111111111,0.0,0.6485730147319224,0.0,1.0,0.14285714285714285,0.33333333333333337,0.3406079501169188,0.15481171548117123,0.1886193606891861,0.512287334593573,0.0,0.0,0.0,0.0,0.0,0.0,0.0,0.0,0.0,1.0,0.0,0.0,0.0,0.0,0.0,0.0,1.0,0.0,0.0,0.0,0.0,0.0,0.0,0.0,0.0
5375,0.4444444444444445,1.0,0.0,0.0,0.1111111111111111,0.0,0.749324254321852,0.02631578947368421,1.0,0.14285714285714285,0.33333333333333337,0.3406079501169188,0.15481171548117123,0.1886193606891861,0.512287334593573,1.0,1.0,0.0,0.0,0.0,0.0,0.0,0.0,0.0,0.0,0.0,0.0,1.0,0.0,0.0,0.0,0.0,0.0,0.0,0.0,0.0,0.0,1.0,0.0,0.0
5376,0.4691358024691357,1.0,0.0,0.0,0.1111111111111111,0.0,0.5962813035550764,0.0,1.0,0.0,0.33333333333333337,0.3406079501169188,0.15481171548117123,0.1886193606891861,0.512287334593573,1.0,0.0,0.0,0.0,0.0,1.0,0.0,0.0,0.0,0.0,0.0,0.0,1.0,0.0,0.0,0.0,0.0,0.0,0.0,0.0,0.0,0.0,0.0,1.0,0.0
5377,0.4691358024691357,1.0,0.0,0.0,0.1111111111111111,0.0,0.6412337233355714,0.05263157894736842,1.0,0.0,0.33333333333333337,0.3406079501169188,0.15481171548117123,0.1886193606891861,0.512287334593573,0.0,0.0,0.0,0.0,1.0,0.0,0.0,0.0,0.0,0.0,0.0,0.0,0.0,0.0,0.0,0.0,0.0,0.0,0.0,0.0,1.0,0.0,0.0,1.0,0.0
5378,0.35802469135802467,0.0,0.0,0.0,0.1111111111111111,0.0,0.7157509980005988,0.0,1.0,0.0,0.33333333333333337,0.3406079501169188,0.15481171548117123,0.1886193606891861,0.512287334593573,0.0,0.0,0.0,0.0,0.0,0.0,1.0,0.0,0.0,0.0,0.0,0.0,0.0,1.0,0.0,0.0,0.0,0.0,0.0,0.0,1.0,0.0,1.0,1.0,0.0
5379,0.35802469135802467,0.0,0.0,0.0,0.1111111111111111,0.0,0.6301228271521957,0.02631578947368421,1.0,0.14285714285714285,0.33333333333333337,0.3406079501169188,0.15481171548117123,0.1886193606891861,0.512287334593573,0.0,0.0,0.0,0.0,0.0,0.0,0.0,1.0,0.0,0.0,0.0,0.0,0.0,0.0,0.0,0.0,0.0,1.0,0.0,0.0,0.0,0.0,0.0,0.0,0.0
5380,0.08641975308641975,0.0,0.0,0.0,0.1111111111111111,0.0,0.5813108450867737,0.02631578947368421,1.0,0.0,0.33333333333333337,0.3406079501169188,0.15481171548117123,0.1886193606891861,0.512287334593573,0.0,0.0,0.0,0.0,0.0,0.0,0.0,0.0,1.0,0.0,0.0,0.0,0.0,1.0,0.0,0.0,0.0,0.0,0.0,0.0,1.0,0.0,0.0,1.0,0.0
5381,0.4691358024691357,1.0,0.0,0.0,0.1111111111111111,0.0,0.5813108450867737,0.0,1.0,0.0,0.33333333333333337,0.3406079501169188,0.15481171548117123,0.1886193606891861,0.512287334593573,0.0,0.0,0.0,1.0,0.0,0.0,0.0,0.0,0.0,0.0,0.0,0.0,1.0,0.0,0.0,0.0,0.0,0.0,0.0,0.0,0.0,0.0,0.0,1.0,0.0
5382,0.2839506172839506,0.0,0.0,0.0,0.1111111111111111,0.0,0.7048068276351993,0.02631578947368421,1.0,0.0,0.33333333333333337,0.3406079501169188,0.15481171548117123,0.1886193606891861,0.512287334593573,0.0,1.0,0.0,0.0,0.0,0.0,0.0,0.0,0.0,0.0,0.0,0.0,0.0,0.0,0.0,1.0,0.0,0.0,0.0,0.0,0.0,0.0,0.0,1.0,0.0
5383,0.4691358024691357,1.0,0.0,0.0,0.1111111111111111,0.0,0.8551624530413334,0.0,1.0,0.0,0.33333333333333337,0.3406079501169188,0.15481171548117123,0.1886193606891861,0.512287334593573,1.0,0.0,0.0,1.0,0.0,0.0,0.0,0.0,0.0,0.0,0.0,0.0,1.0,0.0,0.0,0.0,0.0,0.0,0.0,0.0,0.0,0.0,0.0,1.0,0.0
5384,0.4691358024691357,1.0,0.0,0.0,0.1111111111111111,0.0,0.6962699633353183,0.05263157894736842,1.0,0.2857142857142857,0.33333333333333337,0.3406079501169188,0.15481171548117123,0.1886193606891861,0.512287334593573,0.0,0.0,0.0,0.0,0.0,0.0,0.0,0.0,0.0,1.0,0.0,0.0,1.0,0.0,0.0,0.0,0.0,0.0,0.0,1.0,0.0,0.0,0.0,0.0,0.0
5385,0.18518518518518517,0.5,0.5,0.0,0.1111111111111111,0.0,0.8198923673354446,0.0,1.0,0.0,0.33333333333333337,0.3406079501169188,0.15481171548117123,0.1886193606891861,0.512287334593573,1.0,1.0,0.0,0.0,0.0,0.0,0.0,0.0,0.0,0.0,0.0,0.0,1.0,0.0,0.0,0.0,1.0,0.0,0.0,0.0,0.0,0.0,0.0,1.0,0.0
5386,0.2222222222222222,1.0,0.0,0.0,0.1111111111111111,0.0,0.6598710531604159,0.0,1.0,0.0,0.33333333333333337,0.3406079501169188,0.15481171548117123,0.1886193606891861,0.512287334593573,0.0,0.0,0.0,0.0,0.0,0.0,0.0,0.0,0.0,1.0,0.0,0.0,1.0,0.0,0.0,0.0,0.0,0.0,0.0,1.0,0.0,0.0,0.0,1.0,0.0
5387,0.4938271604938272,1.0,1.0,0.0,0.1111111111111111,0.0,0.9114404936883287,0.0,1.0,0.0,0.33333333333333337,0.3406079501169188,0.15481171548117123,0.1886193606891861,0.512287334593573,0.0,1.0,0.0,0.0,0.0,0.0,0.0,0.0,0.0,0.0,0.0,0.0,1.0,0.0,0.0,0.0,0.0,1.0,0.0,0.0,0.0,0.0,0.0,1.0,0.0
5388,0.20987654320987653,1.0,0.0,1.0,0.1111111111111111,0.0,0.8482457066858974,0.02631578947368421,0.005005005005005005,0.14285714285714285,0.33333333333333337,0.3406079501169188,0.15481171548117123,0.1886193606891861,0.512287334593573,1.0,1.0,0.0,0.0,0.0,0.0,0.0,0.0,0.0,0.0,0.0,0.0,1.0,0.0,0.0,0.0,1.0,0.0,0.0,0.0,0.0,0.0,1.0,0.0,1.0
5389,0.14814814814814814,1.0,0.0,0.0,0.1111111111111111,0.0,0.7773331413559661,0.05263157894736842,1.0,0.0,0.33333333333333337,0.3406079501169188,0.15481171548117123,0.1886193606891861,0.512287334593573,1.0,0.0,0.0,0.0,0.0,0.0,0.0,0.0,0.0,1.0,0.0,0.0,0.0,1.0,0.0,0.0,0.0,0.0,0.0,1.0,0.0,0.0,0.0,1.0,0.0
5390,0.24691358024691357,1.0,0.0,0.0,0.1111111111111111,0.0,0.8279051200739185,0.02631578947368421,1.0,0.14285714285714285,0.33333333333333337,0.3406079501169188,0.15481171548117123,0.1886193606891861,0.512287334593573,1.0,1.0,0.0,0.0,0.0,0.0,0.0,0.0,0.0,0.0,0.0,0.0,1.0,0.0,0.0,1.0,0.0,0.0,0.0,0.0,0.0,0.0,0.0,0.0,0.0
5391,0.48148148148148145,0.0,0.0,0.0,0.1111111111111111,0.25,0.5047088377203057,0.10526315789473684,1.0,0.0,0.33333333333333337,0.3406079501169188,0.15481171548117123,0.1856721831784176,0.512287334593573,0.0,0.0,0.0,0.0,1.0,0.0,0.0,0.0,0.0,0.0,0.0,0.0,1.0,0.0,0.0,0.0,0.0,0.0,0.0,0.0,1.0,0.0,0.0,1.0,0.0
5392,0.5308641975308641,0.0,0.0,0.0,0.1111111111111111,0.25,0.7227721955360867,0.07894736842105263,1.0,0.0,0.33333333333333337,0.3406079501169188,0.15481171548117123,0.1856721831784176,0.512287334593573,1.0,0.0,0.0,0.0,0.0,1.0,0.0,0.0,0.0,0.0,0.0,0.0,0.0,0.0,0.0,0.0,0.0,0.0,0.0,0.0,0.0,0.0,0.0,1.0,0.0
5393,0.3209876543209876,0.0,0.0,0.0,0.1111111111111111,0.25,0.7542552003949271,0.0,1.0,0.14285714285714285,0.33333333333333337,0.3406079501169188,0.15481171548117123,0.1856721831784176,0.512287334593573,1.0,1.0,0.0,0.0,0.0,0.0,0.0,0.0,0.0,0.0,0.0,0.0,1.0,0.0,0.0,0.0,1.0,0.0,0.0,0.0,0.0,0.0,1.0,0.0,0.0
5394,0.2716049382716049,0.0,0.0,0.0,0.1111111111111111,0.25,0.5319212752022946,0.0,1.0,0.14285714285714285,0.33333333333333337,0.3406079501169188,0.15481171548117123,0.1856721831784176,0.512287334593573,0.0,1.0,0.0,0.0,0.0,0.0,0.0,0.0,0.0,0.0,0.0,0.0,1.0,0.0,0.0,0.0,0.0,0.0,0.0,0.0,0.0,0.0,0.0,0.0,0.0
5395,0.29629629629629634,0.0,0.0,0.0,0.1111111111111111,0.25,0.7222662371239033,0.0,1.0,0.0,0.33333333333333337,0.3406079501169188,0.15481171548117123,0.1856721831784176,0.512287334593573,1.0,0.0,0.0,0.0,0.0,0.0,0.0,0.0,0.0,0.0,0.0,0.0,1.0,0.0,0.0,0.0,0.0,0.0,0.0,0.0,1.0,0.0,0.0,1.0,0.0
5396,0.2839506172839506,0.0,1.0,0.0,0.1111111111111111,0.25,0.7262542512230573,0.0,1.0,0.0,0.33333333333333337,0.3406079501169188,0.15481171548117123,0.1856721831784176,0.512287334593573,0.0,1.0,0.0,0.0,0.0,0.0,0.0,0.0,0.0,0.0,0.0,0.0,1.0,0.0,0.0,0.0,1.0,0.0,0.0,0.0,0.0,0.0,0.0,1.0,0.0
5397,0.34567901234567905,0.0,0.0,0.0,0.1111111111111111,0.25,0.6821771312868369,0.0,1.0,0.14285714285714285,0.33333333333333337,0.3406079501169188,0.15481171548117123,0.1856721831784176,0.512287334593573,0.0,0.0,0.0,0.0,0.0,0.0,0.0,1.0,0.0,0.0,0.0,0.0,1.0,0.0,0.0,0.0,0.0,0.0,0.0,1.0,0.0,0.0,0.0,0.0,0.0
5398,0.20987654320987653,1.0,1.0,0.0,0.1111111111111111,0.25,0.9105742140354325,0.02631578947368421,1.0,0.0,0.33333333333333337,0.3406079501169188,0.15481171548117123,0.1856721831784176,0.512287334593573,1.0,0.0,0.0,0.0,0.0,0.0,0.0,0.0,0.0,0.0,0.0,0.0,0.0,1.0,0.0,0.0,0.0,1.0,0.0,0.0,0.0,0.0,0.0,1.0,0.0
5399,0.18518518518518517,0.0,0.0,0.0,0.1111111111111111,0.25,0.774277511129964,0.07894736842105263,1.0,0.0,0.33333333333333337,0.3406079501169188,0.15481171548117123,0.1856721831784176,0.512287334593573,1.0,0.0,0.0,0.0,0.0,0.0,0.0,0.0,0.0,1.0,0.0,0.0,0.0,1.0,0.0,0.0,0.0,0.0,0.0,0.0,1.0,0.0,0.0,1.0,0.0
5400,0.1728395061728395,1.0,0.0,0.0,0.1111111111111111,0.25,0.6284462883305656,0.0,1.0,0.14285714285714285,0.33333333333333337,0.3406079501169188,0.15481171548117123,0.1856721831784176,0.512287334593573,0.0,1.0,0.0,0.0,0.0,0.0,0.0,0.0,0.0,0.0,0.0,0.0,1.0,0.0,0.0,0.0,1.0,0.0,0.0,0.0,0.0,0.0,1.0,0.0,0.0
5401,0.024691358024691357,1.0,0.0,0.0,0.1111111111111111,0.25,0.67096530403808,0.0,1.0,0.0,0.33333333333333337,0.3406079501169188,0.15481171548117123,0.1856721831784176,0.512287334593573,1.0,0.0,0.0,0.0,0.0,0.0,0.0,0.0,1.0,0.0,0.0,0.0,0.0,1.0,0.0,0.0,1.0,0.0,0.0,0.0,0.0,0.0,0.0,1.0,0.0
5402,0.1728395061728395,0.0,0.0,0.0,0.1111111111111111,0.25,0.5226119446684994,0.0,1.0,0.14285714285714285,0.33333333333333337,0.3406079501169188,0.15481171548117123,0.1856721831784176,0.512287334593573,1.0,1.0,0.0,0.0,0.0,0.0,0.0,0.0,0.0,0.0,0.0,0.0,1.0,0.0,0.0,0.0,1.0,0.0,0.0,0.0,0.0,0.0,0.0,0.0,0.0
5403,0.34567901234567905,0.0,0.0,0.0,0.1111111111111111,0.25,0.5813108450867737,0.0,1.0,0.0,0.33333333333333337,0.3406079501169188,0.15481171548117123,0.1856721831784176,0.512287334593573,0.0,0.0,0.0,0.0,0.0,0.0,0.0,1.0,0.0,0.0,0.0,0.0,1.0,0.0,0.0,0.0,0.0,1.0,0.0,0.0,0.0,0.0,0.0,1.0,0.0
5404,0.09876543209876543,0.0,0.0,0.0,0.1111111111111111,0.25,0.540547610473664,0.02631578947368421,1.0,0.0,0.33333333333333337,0.3406079501169188,0.15481171548117123,0.1856721831784176,0.512287334593573,0.0,0.0,0.0,0.0,0.0,0.0,0.0,0.0,1.0,0.0,0.0,0.0,0.0,1.0,0.0,0.0,0.0,1.0,0.0,0.0,0.0,0.0,0.0,1.0,0.0
5405,0.2839506172839506,1.0,0.0,0.0,0.1111111111111111,0.25,0.5962813035550764,0.02631578947368421,1.0,0.0,0.33333333333333337,0.3406079501169188,0.15481171548117123,0.1856721831784176,0.512287334593573,0.0,0.0,0.0,0.0,0.0,0.0,0.0,1.0,0.0,0.0,0.0,0.0,1.0,0.0,0.0,0.0,0.0,1.0,0.0,0.0,0.0,0.0,0.0,1.0,0.0
5406,0.5185185185185184,1.0,0.0,0.0,0.1111111111111111,0.25,0.740761396175995,0.05263157894736842,1.0,0.14285714285714285,0.33333333333333337,0.3406079501169188,0.15481171548117123,0.1856721831784176,0.512287334593573,0.0,0.0,0.0,0.0,0.0,0.0,0.0,1.0,0.0,0.0,0.0,0.0,1.0,0.0,0.0,0.0,0.0,1.0,0.0,0.0,0.0,0.0,0.0,0.0,0.0
5407,0.3333333333333333,1.0,1.0,0.0,0.1111111111111111,0.25,0.7996767366727818,0.0,1.0,0.0,0.33333333333333337,0.3406079501169188,0.15481171548117123,0.1856721831784176,0.512287334593573,1.0,0.0,0.0,0.0,0.0,0.0,0.0,1.0,0.0,0.0,0.0,0.0,0.0,0.0,0.0,0.0,0.0,1.0,0.0,0.0,0.0,0.0,0.0,1.0,0.0
5408,0.25925925925925924,0.0,0.0,0.0,0.1111111111111111,0.25,0.6620060509558884,0.0,1.0,0.0,0.33333333333333337,0.3406079501169188,0.15481171548117123,0.1856721831784176,0.512287334593573,0.0,1.0,0.0,0.0,0.0,0.0,0.0,0.0,0.0,0.0,0.0,0.0,1.0,0.0,0.0,0.0,0.0,0.0,0.0,0.0,0.0,0.0,0.0,1.0,0.0
5409,0.3209876543209876,0.0,0.0,0.0,0.1111111111111111,0.25,0.6328650293995502,0.02631578947368421,1.0,0.14285714285714285,0.33333333333333337,0.3406079501169188,0.15481171548117123,0.1856721831784176,0.512287334593573,0.0,0.0,0.0,0.0,0.0,0.0,0.0,0.0,0.0,0.0,0.0,0.0,0.0,1.0,0.0,0.0,0.0,1.0,0.0,0.0,0.0,0.0,0.0,0.0,0.0
5410,0.2839506172839506,0.0,0.0,0.0,0.1111111111111111,0.25,0.44515371326687203,0.05263157894736842,1.0,0.14285714285714285,0.33333333333333337,0.3406079501169188,0.15481171548117123,0.1856721831784176,0.512287334593573,0.0,1.0,0.0,0.0,0.0,0.0,0.0,0.0,0.0,0.0,0.0,0.0,1.0,0.0,0.0,0.0,0.0,1.0,0.0,0.0,0.0,0.0,0.0,0.0,0.0
5411,0.12345679012345678,1.0,1.0,0.0,0.1111111111111111,0.5,0.599923549592398,0.05263157894736842,1.0,0.0,0.33333333333333337,0.3406079501169188,0.15481171548117123,0.18385853547948316,0.512287334593573,0.0,0.0,0.0,0.0,0.0,0.0,0.0,0.0,0.0,1.0,0.0,0.0,1.0,0.0,0.0,0.0,0.0,0.0,0.0,1.0,0.0,0.0,0.0,1.0,0.0
5412,0.09876543209876543,1.0,0.0,0.0,0.1111111111111111,0.5,0.6814620217929135,0.0,1.0,0.0,0.33333333333333337,0.3406079501169188,0.15481171548117123,0.18385853547948316,0.512287334593573,1.0,0.0,0.0,0.0,0.0,0.0,0.0,0.0,1.0,0.0,0.0,0.0,0.0,1.0,0.0,0.0,0.0,1.0,0.0,0.0,0.0,0.0,0.0,1.0,0.0
5413,0.09876543209876543,1.0,0.0,0.0,0.1111111111111111,0.5,0.5612001989464611,0.0,1.0,0.0,0.33333333333333337,0.3406079501169188,0.15481171548117123,0.18385853547948316,0.512287334593573,1.0,0.0,0.0,0.0,0.0,0.0,0.0,0.0,1.0,0.0,0.0,0.0,0.0,1.0,0.0,0.0,0.0,1.0,0.0,0.0,0.0,0.0,0.0,1.0,0.0
5414,0.4691358024691357,1.0,0.0,0.0,0.1111111111111111,0.5,0.8069318246032705,0.0,1.0,0.0,0.33333333333333337,0.3406079501169188,0.15481171548117123,0.18385853547948316,0.512287334593573,1.0,0.0,0.0,0.0,0.0,0.0,0.0,0.0,0.0,0.0,0.0,0.0,0.0,0.0,0.0,0.0,0.0,0.0,0.0,0.0,1.0,0.0,0.0,1.0,0.0
5415,0.35802469135802467,0.0,1.0,0.0,0.1111111111111111,0.5,0.800722389330977,0.0,1.0,0.0,0.33333333333333337,0.3406079501169188,0.15481171548117123,0.18385853547948316,0.512287334593573,1.0,1.0,0.0,0.0,0.0,0.0,0.0,0.0,0.0,0.0,0.0,0.0,0.0,0.0,0.0,0.0,1.0,0.0,0.0,0.0,0.0,0.0,0.0,1.0,0.0
5416,0.12345679012345678,1.0,0.0,1.0,0.1111111111111111,0.5,0.7365715102863578,0.02631578947368421,1.0,0.0,0.33333333333333337,0.3406079501169188,0.15481171548117123,0.18385853547948316,0.512287334593573,1.0,0.0,0.0,0.0,0.0,0.0,0.0,0.0,0.0,1.0,0.0,0.0,0.0,1.0,0.0,0.0,1.0,0.0,0.0,0.0,0.0,0.0,0.0,1.0,0.0
5417,0.09876543209876543,0.0,0.0,0.0,0.1111111111111111,0.5,0.6581347094668296,0.0,1.0,0.0,0.33333333333333337,0.3406079501169188,0.15481171548117123,0.18385853547948316,0.512287334593573,0.0,0.0,0.0,0.0,0.0,0.0,0.0,0.0,0.0,0.0,1.0,0.0,0.0,1.0,0.0,0.0,0.0,0.0,0.0,1.0,0.0,0.0,0.0,1.0,0.0
5418,0.39506172839506176,0.0,0.0,0.0,0.1111111111111111,0.5,0.7135875319736221,0.0,1.0,0.0,0.33333333333333337,0.3406079501169188,0.15481171548117123,0.18385853547948316,0.512287334593573,0.0,1.0,0.0,0.0,0.0,0.0,0.0,0.0,0.0,0.0,0.0,0.0,0.0,0.0,0.0,0.0,0.0,0.0,0.0,0.0,0.0,0.0,1.0,1.0,0.0
5419,0.14814814814814814,1.0,1.0,0.0,0.1111111111111111,0.5,0.9015413469649278,0.0,1.0,0.14285714285714285,0.33333333333333337,0.3406079501169188,0.15481171548117123,0.18385853547948316,0.512287334593573,0.0,1.0,0.0,0.0,0.0,0.0,0.0,0.0,0.0,0.0,0.0,0.0,0.0,1.0,0.0,0.0,0.0,1.0,0.0,0.0,0.0,0.0,0.0,0.0,0.0
5420,0.20987654320987653,0.0,0.0,0.0,0.1111111111111111,0.5,0.7220124395076876,0.02631578947368421,1.0,0.0,0.33333333333333337,0.3406079501169188,0.15481171548117123,0.18385853547948316,0.512287334593573,0.0,0.0,0.0,0.0,0.0,0.0,0.0,1.0,0.0,0.0,0.0,0.0,1.0,0.0,0.0,0.0,0.0,1.0,0.0,0.0,0.0,0.0,0.0,1.0,0.0
5421,0.25925925925925924,0.0,1.0,0.0,0.1111111111111111,0.5,0.6649314096852046,0.0,1.0,0.14285714285714285,0.33333333333333337,0.3406079501169188,0.15481171548117123,0.18385853547948316,0.512287334593573,0.0,0.0,0.0,0.0,0.0,0.0,0.0,0.0,0.0,0.0,0.0,0.0,1.0,0.0,0.0,0.0,0.0,1.0,0.0,0.0,0.0,0.0,0.0,0.0,0.0
5422,0.38271604938271603,1.0,0.0,0.0,0.1111111111111111,0.5,0.8164141076164471,0.05263157894736842,1.0,0.2857142857142857,0.33333333333333337,0.3406079501169188,0.15481171548117123,0.18385853547948316,0.512287334593573,1.0,1.0,0.0,0.0,0.0,0.0,0.0,0.0,0.0,0.0,0.0,0.0,1.0,0.0,0.0,0.0,1.0,0.0,0.0,0.0,0.0,0.0,0.0,0.0,0.0
5423,0.2345679012345679,1.0,0.0,0.0,0.1111111111111111,0.5,0.6677857821213365,0.0,1.0,0.14285714285714285,0.33333333333333337,0.3406079501169188,0.15481171548117123,0.18385853547948316,0.512287334593573,0.0,0.0,0.0,1.0,0.0,0.0,0.0,0.0,0.0,0.0,0.0,0.0,1.0,0.0,0.0,0.0,1.0,0.0,0.0,0.0,0.0,0.0,0.0,0.0,0.0
5424,0.5679012345679011,0.0,0.0,0.0,0.1111111111111111,0.5,0.5902084636135368,0.0,1.0,0.14285714285714285,0.33333333333333337,0.3406079501169188,0.15481171548117123,0.18385853547948316,0.512287334593573,1.0,0.0,0.0,0.0,0.0,1.0,0.0,0.0,0.0,0.0,0.0,0.0,1.0,0.0,0.0,0.0,0.0,0.0,0.0,0.0,0.0,1.0,0.0,0.0,0.0
5425,0.5679012345679011,1.0,0.0,1.0,0.1111111111111111,0.5,0.6432360720972943,0.0,1.0,0.0,0.33333333333333337,0.3406079501169188,0.15481171548117123,0.18385853547948316,0.512287334593573,1.0,0.0,0.0,0.0,0.0,1.0,0.0,0.0,0.0,0.0,0.0,0.0,1.0,0.0,0.0,0.0,0.0,0.0,0.0,0.0,0.0,1.0,0.0,1.0,0.0
5426,0.4074074074074074,0.5,0.5,0.0,0.1111111111111111,0.5,0.5440593682563573,0.02631578947368421,1.0,0.0,0.33333333333333337,0.3406079501169188,0.15481171548117123,0.18385853547948316,0.512287334593573,0.0,0.0,0.0,0.0,0.0,0.0,0.0,0.0,0.0,0.0,0.0,0.0,1.0,0.0,0.0,0.0,0.0,0.0,0.0,0.0,1.0,0.0,0.0,1.0,0.0
5427,0.3703703703703703,0.0,0.0,0.0,0.1111111111111111,0.5,0.5689167450775122,0.02631578947368421,1.0,0.0,0.33333333333333337,0.3406079501169188,0.15481171548117123,0.18385853547948316,0.512287334593573,0.0,0.0,0.0,0.0,0.0,0.0,0.0,0.0,0.0,0.0,1.0,0.0,0.0,0.0,0.0,0.0,1.0,0.0,0.0,0.0,0.0,0.0,0.0,1.0,0.0
5428,0.14814814814814814,1.0,1.0,0.0,0.1111111111111111,0.5,0.6476204981957939,0.0,1.0,0.0,0.33333333333333337,0.3406079501169188,0.15481171548117123,0.18385853547948316,0.512287334593573,1.0,0.0,0.0,0.0,0.0,0.0,0.0,0.0,0.0,0.0,0.0,0.0,1.0,0.0,0.0,0.0,0.0,0.0,0.0,0.0,1.0,0.0,0.0,1.0,0.0
5429,0.09876543209876543,1.0,0.0,0.0,0.1111111111111111,0.5,0.5581708002178327,0.0,1.0,0.0,0.33333333333333337,0.3406079501169188,0.15481171548117123,0.18385853547948316,0.512287334593573,1.0,0.0,0.0,0.0,0.0,0.0,0.0,0.0,0.0,0.0,0.0,0.0,0.0,1.0,0.0,0.0,0.0,0.0,0.0,1.0,0.0,0.0,0.0,1.0,0.0
5430,0.8024691358024691,0.0,0.0,0.0,0.1111111111111111,0.5,0.6792902342709533,0.0,1.0,0.0,0.33333333333333337,0.3406079501169188,0.15481171548117123,0.18385853547948316,0.512287334593573,1.0,0.0,0.0,0.0,0.0,1.0,0.0,0.0,0.0,0.0,0.0,0.0,1.0,0.0,0.0,0.0,0.0,0.0,0.0,0.0,0.0,1.0,0.0,1.0,0.0
5431,0.08641975308641975,1.0,0.0,0.0,0.1111111111111111,0.5,0.6290077936901697,0.0,1.0,0.0,0.33333333333333337,0.3406079501169188,0.15481171548117123,0.18385853547948316,0.512287334593573,1.0,0.0,0.0,0.0,0.0,0.0,0.0,1.0,0.0,0.0,0.0,0.0,0.0,1.0,0.0,0.0,0.0,1.0,0.0,0.0,0.0,0.0,0.0,1.0,0.0
5432,0.2222222222222222,1.0,0.0,0.0,0.1111111111111111,0.5,0.8331566596933354,0.0,1.0,0.0,0.33333333333333337,0.3406079501169188,0.15481171548117123,0.18385853547948316,0.512287334593573,1.0,0.0,0.0,0.0,0.0,0.0,0.0,0.0,0.0,0.0,0.0,0.0,1.0,0.0,0.0,0.0,0.0,1.0,0.0,0.0,0.0,0.0,0.0,1.0,0.0
5433,0.5061728395061729,0.5,0.5,0.0,0.1111111111111111,0.5,0.7573058776662754,0.0,1.0,0.0,0.33333333333333337,0.3406079501169188,0.15481171548117123,0.18385853547948316,0.512287334593573,1.0,0.0,0.0,0.0,0.0,1.0,0.0,0.0,0.0,0.0,0.0,0.0,1.0,0.0,0.0,0.0,0.0,0.0,0.0,0.0,1.0,0.0,0.0,1.0,0.0
5434,0.2839506172839506,0.0,0.0,0.0,0.1111111111111111,0.5,0.5846247304098844,0.02631578947368421,1.0,0.0,0.33333333333333337,0.3406079501169188,0.15481171548117123,0.18385853547948316,0.512287334593573,1.0,0.0,0.0,0.0,0.0,0.0,0.0,0.0,0.0,0.0,0.0,0.0,0.0,0.0,0.0,0.0,0.0,0.0,0.0,0.0,1.0,0.0,0.0,1.0,0.0
5435,0.35802469135802467,1.0,0.0,0.0,0.1111111111111111,0.5,0.7477016748109152,0.02631578947368421,1.0,0.0,0.33333333333333337,0.3406079501169188,0.15481171548117123,0.18385853547948316,0.512287334593573,1.0,0.0,0.0,0.0,0.0,0.0,0.0,0.0,0.0,1.0,0.0,0.0,1.0,0.0,0.0,1.0,0.0,0.0,0.0,0.0,0.0,0.0,1.0,1.0,0.0
5436,0.25925925925925924,1.0,0.0,0.0,0.1111111111111111,0.5,0.8726388099907939,0.05263157894736842,1.0,0.0,0.33333333333333337,0.3406079501169188,0.15481171548117123,0.18385853547948316,0.512287334593573,1.0,0.0,0.0,0.0,0.0,0.0,0.0,1.0,0.0,0.0,0.0,0.0,0.0,1.0,0.0,0.0,0.0,1.0,0.0,0.0,0.0,0.0,0.0,1.0,0.0
5437,0.14814814814814814,0.0,0.0,0.0,0.1111111111111111,0.5,0.7420541031352529,0.02631578947368421,1.0,0.0,0.33333333333333337,0.3406079501169188,0.15481171548117123,0.18385853547948316,0.512287334593573,1.0,0.0,0.0,0.0,0.0,0.0,0.0,0.0,0.0,0.0,0.0,0.0,0.0,1.0,0.0,0.0,0.0,0.0,0.0,0.0,1.0,0.0,0.0,1.0,0.0
5438,0.16049382716049382,0.0,0.0,0.0,0.1111111111111111,0.5,0.5838049699531718,0.07894736842105263,1.0,0.0,0.33333333333333337,0.3406079501169188,0.15481171548117123,0.18385853547948316,0.512287334593573,1.0,0.0,0.0,0.0,0.0,0.0,0.0,0.0,0.0,0.0,1.0,0.0,0.0,1.0,0.0,0.0,1.0,0.0,0.0,0.0,0.0,0.0,0.0,1.0,0.0
5439,0.35802469135802467,1.0,0.0,0.0,0.1111111111111111,0.5,0.709984760531081,0.02631578947368421,1.0,0.2857142857142857,0.33333333333333337,0.3406079501169188,0.15481171548117123,0.18385853547948316,0.512287334593573,0.0,0.0,0.0,0.0,0.0,0.0,0.0,1.0,0.0,0.0,0.0,0.0,1.0,0.0,0.0,0.0,0.0,1.0,0.0,0.0,0.0,0.0,0.0,0.0,0.0
5440,0.14814814814814814,1.0,0.0,0.0,0.1111111111111111,0.5,0.6894344634990646,0.02631578947368421,1.0,0.0,0.33333333333333337,0.3406079501169188,0.15481171548117123,0.18385853547948316,0.512287334593573,1.0,0.0,0.0,0.0,0.0,0.0,0.0,0.0,0.0,0.0,0.0,0.0,1.0,0.0,0.0,0.0,0.0,0.0,0.0,0.0,1.0,0.0,0.0,1.0,0.0
5441,0.1728395061728395,1.0,0.0,0.0,0.1111111111111111,0.75,0.5266921854673875,0.0,1.0,0.0,0.33333333333333337,0.3406079501169188,0.15481171548117123,0.18159147585581503,0.512287334593573,0.0,0.0,0.0,0.0,0.0,0.0,0.0,0.0,0.0,0.0,0.0,0.0,0.0,1.0,0.0,0.0,0.0,0.0,0.0,0.0,1.0,0.0,0.0,1.0,0.0
5442,0.04938271604938271,1.0,0.0,0.0,0.1111111111111111,0.75,0.697214829053618,0.05263157894736842,1.0,0.0,0.33333333333333337,0.3406079501169188,0.15481171548117123,0.18159147585581503,0.512287334593573,0.0,0.0,0.0,0.0,0.0,0.0,0.0,1.0,0.0,0.0,0.0,0.0,0.0,1.0,0.0,0.0,0.0,1.0,0.0,0.0,0.0,0.0,0.0,1.0,0.0
5443,0.2345679012345679,1.0,0.0,0.0,0.1111111111111111,0.75,0.7511232976190926,0.07894736842105263,1.0,0.14285714285714285,0.33333333333333337,0.3406079501169188,0.15481171548117123,0.18159147585581503,0.512287334593573,1.0,0.0,0.0,0.0,0.0,0.0,0.0,0.0,0.0,0.0,0.0,0.0,0.0,1.0,0.0,0.0,0.0,0.0,0.0,0.0,1.0,0.0,0.0,0.0,0.0
5444,0.2222222222222222,1.0,0.0,0.0,0.1111111111111111,0.75,0.5902084636135368,0.0,1.0,0.0,0.33333333333333337,0.3406079501169188,0.15481171548117123,0.18159147585581503,0.512287334593573,0.0,0.0,0.0,0.0,0.0,0.0,0.0,1.0,0.0,0.0,0.0,0.0,1.0,0.0,0.0,0.0,1.0,0.0,0.0,0.0,0.0,0.0,0.0,1.0,0.0
5445,0.18518518518518517,0.0,0.0,0.0,0.1111111111111111,0.75,0.7033271207099517,0.0,1.0,0.0,0.33333333333333337,0.3406079501169188,0.15481171548117123,0.18159147585581503,0.512287334593573,1.0,0.0,0.0,0.0,0.0,0.0,1.0,0.0,0.0,0.0,0.0,0.0,0.0,1.0,0.0,0.0,0.0,0.0,0.0,0.0,1.0,0.0,0.0,1.0,0.0
5446,0.3209876543209876,1.0,0.0,0.0,0.1111111111111111,0.75,0.7184005503099906,0.02631578947368421,1.0,0.14285714285714285,0.33333333333333337,0.3406079501169188,0.15481171548117123,0.18159147585581503,0.512287334593573,1.0,0.0,0.0,0.0,0.0,0.0,0.0,0.0,0.0,0.0,0.0,0.0,0.0,0.0,0.0,0.0,0.0,1.0,0.0,0.0,0.0,0.0,0.0,0.0,0.0
5447,0.19753086419753085,0.0,0.0,0.0,0.1111111111111111,0.75,0.7633585921374992,0.0,1.0,0.0,0.33333333333333337,0.3406079501169188,0.15481171548117123,0.18159147585581503,0.512287334593573,1.0,0.0,0.0,0.0,0.0,0.0,0.0,0.0,0.0,1.0,0.0,0.0,0.0,1.0,0.0,0.0,0.0,0.0,0.0,0.0,1.0,0.0,0.0,1.0,0.0
5448,0.19753086419753085,0.5,0.5,0.0,0.1111111111111111,0.75,0.7374660784718142,0.05263157894736842,1.0,0.0,0.33333333333333337,0.3406079501169188,0.15481171548117123,0.18159147585581503,0.512287334593573,1.0,0.0,0.0,0.0,0.0,0.0,0.0,0.0,0.0,1.0,0.0,0.0,0.0,1.0,0.0,0.0,0.0,0.0,0.0,0.0,1.0,0.0,0.0,1.0,0.0
5449,0.19753086419753085,1.0,0.0,0.0,0.1111111111111111,0.75,0.6402196209389266,0.0,1.0,0.0,0.33333333333333337,0.3406079501169188,0.15481171548117123,0.18159147585581503,0.512287334593573,0.0,0.0,0.0,0.0,0.0,0.0,0.0,1.0,0.0,0.0,0.0,0.0,0.0,0.0,0.0,0.0,0.0,0.0,0.0,0.0,1.0,0.0,0.0,1.0,0.0
5450,0.19753086419753085,1.0,0.0,0.0,0.1111111111111111,0.75,0.7381325683537684,0.0,1.0,0.0,0.33333333333333337,0.3406079501169188,0.15481171548117123,0.18159147585581503,0.512287334593573,1.0,0.0,0.0,0.0,0.0,0.0,0.0,0.0,0.0,1.0,0.0,0.0,0.0,1.0,0.0,0.0,0.0,0.0,0.0,0.0,1.0,0.0,0.0,1.0,0.0
5451,0.16049382716049382,1.0,0.0,0.0,0.1111111111111111,0.75,0.6317758072704824,0.0,1.0,0.0,0.33333333333333337,0.3406079501169188,0.15481171548117123,0.18159147585581503,0.512287334593573,1.0,0.0,0.0,0.0,0.0,0.0,1.0,0.0,0.0,0.0,0.0,0.0,0.0,1.0,0.0,0.0,0.0,0.0,0.0,0.0,1.0,0.0,0.0,1.0,0.0
5452,0.16049382716049382,1.0,0.0,0.0,0.1111111111111111,0.75,0.6828879198511015,0.0,1.0,0.14285714285714285,0.33333333333333337,0.3406079501169188,0.15481171548117123,0.18159147585581503,0.512287334593573,1.0,0.0,0.0,0.0,0.0,0.0,1.0,0.0,0.0,0.0,0.0,0.0,0.0,1.0,0.0,0.0,0.0,0.0,0.0,0.0,1.0,0.0,0.0,0.0,0.0
5453,0.16049382716049382,0.0,0.0,0.0,0.1111111111111111,0.75,0.7149443538148184,0.0,1.0,0.0,0.33333333333333337,0.3406079501169188,0.15481171548117123,0.18159147585581503,0.512287334593573,1.0,0.0,0.0,0.0,0.0,0.0,1.0,0.0,0.0,0.0,0.0,0.0,0.0,1.0,0.0,0.0,0.0,0.0,0.0,0.0,1.0,0.0,0.0,1.0,0.0
5454,0.16049382716049382,1.0,0.0,0.0,0.1111111111111111,0.75,0.6108742554254224,0.0,1.0,0.0,0.33333333333333337,0.3406079501169188,0.15481171548117123,0.18159147585581503,0.512287334593573,1.0,1.0,0.0,0.0,0.0,0.0,0.0,0.0,0.0,0.0,0.0,0.0,1.0,0.0,0.0,0.0,0.0,0.0,0.0,0.0,0.0,0.0,0.0,1.0,0.0
5455,0.19753086419753085,1.0,0.0,0.0,0.1111111111111111,0.75,0.6417375148956687,0.0,1.0,0.0,0.33333333333333337,0.3406079501169188,0.15481171548117123,0.18159147585581503,0.512287334593573,1.0,0.0,0.0,0.0,0.0,0.0,1.0,0.0,0.0,0.0,0.0,0.0,1.0,0.0,0.0,0.0,0.0,0.0,0.0,0.0,1.0,0.0,0.0,1.0,0.0
5456,0.16049382716049382,0.0,0.0,0.0,0.1111111111111111,0.75,0.6476204981957939,0.05263157894736842,1.0,0.0,0.33333333333333337,0.3406079501169188,0.15481171548117123,0.18159147585581503,0.512287334593573,1.0,0.0,0.0,0.0,0.0,0.0,1.0,0.0,0.0,0.0,0.0,0.0,0.0,1.0,0.0,0.0,0.0,0.0,0.0,0.0,1.0,0.0,0.0,1.0,0.0
5457,0.16049382716049382,1.0,0.0,0.0,0.1111111111111111,0.75,0.5917563168597532,0.02631578947368421,1.0,0.0,0.33333333333333337,0.3406079501169188,0.15481171548117123,0.18159147585581503,0.512287334593573,1.0,0.0,0.0,0.0,0.0,0.0,1.0,0.0,0.0,0.0,0.0,0.0,0.0,1.0,0.0,0.0,0.0,0.0,0.0,0.0,1.0,0.0,0.0,1.0,0.0
5458,0.2345679012345679,1.0,0.0,0.0,0.1111111111111111,0.75,0.540547610473664,0.13157894736842105,1.0,0.0,0.33333333333333337,0.3406079501169188,0.15481171548117123,0.18159147585581503,0.512287334593573,0.0,0.0,0.0,0.0,0.0,1.0,0.0,0.0,0.0,0.0,0.0,0.0,1.0,0.0,0.0,0.0,0.0,1.0,0.0,0.0,0.0,0.0,0.0,1.0,0.0
5459,0.34567901234567905,1.0,1.0,0.0,0.1111111111111111,0.75,0.6778197757555917,0.10526315789473684,1.0,0.0,0.33333333333333337,0.3406079501169188,0.15481171548117123,0.18159147585581503,0.512287334593573,1.0,0.0,0.0,0.0,0.0,0.0,0.0,0.0,0.0,0.0,0.0,0.0,1.0,0.0,0.0,0.0,0.0,0.0,0.0,0.0,1.0,0.0,0.0,1.0,0.0
5460,0.14814814814814814,1.0,0.0,0.0,0.1111111111111111,0.75,0.8175474029857139,0.02631578947368421,1.0,0.0,0.33333333333333337,0.3406079501169188,0.15481171548117123,0.18159147585581503,0.512287334593573,1.0,1.0,0.0,0.0,0.0,0.0,0.0,0.0,0.0,0.0,0.0,0.0,1.0,0.0,0.0,0.0,1.0,0.0,0.0,0.0,0.0,0.0,0.0,1.0,0.0
5461,0.2345679012345679,1.0,0.0,0.0,0.1111111111111111,0.75,0.7289196312507039,0.05263157894736842,1.0,0.2857142857142857,0.33333333333333337,0.3406079501169188,0.15481171548117123,0.18159147585581503,0.512287334593573,1.0,1.0,0.0,0.0,0.0,0.0,0.0,0.0,0.0,0.0,0.0,0.0,1.0,0.0,0.0,0.0,1.0,0.0,0.0,0.0,0.0,0.0,0.0,0.0,0.0
5462,0.19753086419753085,1.0,0.0,0.0,0.1111111111111111,0.75,0.6432360720972943,0.0,1.0,0.14285714285714285,0.33333333333333337,0.3406079501169188,0.15481171548117123,0.18159147585581503,0.512287334593573,0.0,0.0,0.0,0.0,0.0,0.0,0.0,1.0,0.0,0.0,0.0,0.0,1.0,0.0,0.0,0.0,0.0,1.0,0.0,0.0,0.0,0.0,0.0,0.0,0.0
5463,0.29629629629629634,1.0,0.0,0.0,0.1111111111111111,0.25,0.7230243610120375,0.10526315789473684,1.0,0.14285714285714285,0.33333333333333337,0.3406079501169188,0.15481171548117123,0.17887100430741332,0.512287334593573,1.0,0.0,0.0,0.0,0.0,0.0,0.0,0.0,0.0,1.0,0.0,0.0,1.0,0.0,0.0,0.0,0.0,0.0,0.0,1.0,0.0,0.0,0.0,0.0,0.0
5464,0.30864197530864196,0.0,0.0,0.0,0.1111111111111111,0.25,0.6554811725306058,0.0,1.0,0.0,0.33333333333333337,0.3406079501169188,0.15481171548117123,0.17887100430741332,0.512287334593573,0.0,0.0,0.0,0.0,0.0,0.0,0.0,0.0,0.0,0.0,0.0,0.0,0.0,1.0,0.0,0.0,0.0,0.0,0.0,1.0,0.0,0.0,0.0,1.0,0.0
5465,0.691358024691358,0.0,1.0,0.0,0.1111111111111111,0.25,0.686722293807522,0.0,1.0,0.0,0.33333333333333337,0.3406079501169188,0.15481171548117123,0.17887100430741332,0.512287334593573,1.0,0.0,0.0,0.0,0.0,1.0,0.0,0.0,0.0,0.0,0.0,0.0,0.0,0.0,0.0,0.0,0.0,0.0,0.0,0.0,0.0,0.0,0.0,1.0,0.0
5466,0.20987654320987653,1.0,0.0,0.0,0.1111111111111111,0.25,0.7217580931394421,0.0,1.0,0.0,0.33333333333333337,0.3406079501169188,0.15481171548117123,0.17887100430741332,0.512287334593573,1.0,0.0,0.0,0.0,0.0,0.0,0.0,0.0,0.0,0.0,0.0,0.0,0.0,1.0,0.0,0.0,0.0,0.0,0.0,0.0,1.0,0.0,0.0,1.0,0.0
5467,0.20987654320987653,0.0,0.0,0.0,0.1111111111111111,0.25,0.5838049699531718,0.0,1.0,0.0,0.33333333333333337,0.3406079501169188,0.15481171548117123,0.17887100430741332,0.512287334593573,1.0,0.0,0.0,0.0,0.0,0.0,0.0,0.0,0.0,0.0,0.0,0.0,0.0,1.0,0.0,0.0,0.0,0.0,0.0,0.0,1.0,0.0,0.0,1.0,0.0
5468,0.20987654320987653,0.0,0.0,0.0,0.1111111111111111,0.25,0.6874062210217441,0.0,1.0,0.14285714285714285,0.33333333333333337,0.3406079501169188,0.15481171548117123,0.17887100430741332,0.512287334593573,1.0,0.0,0.0,0.0,0.0,0.0,0.0,0.0,0.0,0.0,0.0,0.0,0.0,1.0,0.0,0.0,0.0,0.0,0.0,0.0,1.0,0.0,0.0,0.0,0.0
5469,0.20987654320987653,1.0,0.0,0.0,0.1111111111111111,0.25,0.5689167450775122,0.0,1.0,0.0,0.33333333333333337,0.3406079501169188,0.15481171548117123,0.17887100430741332,0.512287334593573,1.0,0.0,0.0,0.0,0.0,0.0,0.0,0.0,0.0,0.0,1.0,0.0,0.0,1.0,0.0,0.0,0.0,0.0,0.0,0.0,1.0,0.0,0.0,1.0,0.0
5470,0.08641975308641975,1.0,0.0,0.0,0.1111111111111111,0.25,0.7936151992344814,0.02631578947368421,1.0,0.0,0.33333333333333337,0.3406079501169188,0.15481171548117123,0.17887100430741332,0.512287334593573,1.0,0.0,0.0,0.0,0.0,0.0,0.0,1.0,0.0,0.0,0.0,0.0,0.0,1.0,0.0,0.0,0.0,1.0,0.0,0.0,0.0,0.0,0.0,1.0,0.0
5471,0.08641975308641975,1.0,0.0,1.0,0.1111111111111111,0.25,0.5474693214896542,0.0,1.0,0.14285714285714285,0.33333333333333337,0.3406079501169188,0.15481171548117123,0.17887100430741332,0.512287334593573,0.0,0.0,0.0,0.0,0.0,0.0,0.0,1.0,0.0,0.0,0.0,0.0,0.0,1.0,0.0,0.0,0.0,1.0,0.0,0.0,0.0,0.0,0.0,0.0,0.0
5472,0.38271604938271603,1.0,0.0,0.0,0.1111111111111111,0.25,0.6108742554254224,0.0,1.0,0.0,0.33333333333333337,0.3406079501169188,0.15481171548117123,0.17887100430741332,0.512287334593573,0.0,1.0,0.0,0.0,0.0,0.0,0.0,0.0,0.0,0.0,0.0,0.0,0.0,1.0,0.0,0.0,1.0,0.0,0.0,0.0,0.0,0.0,0.0,1.0,0.0
5473,0.08641975308641975,1.0,0.0,0.0,0.1111111111111111,0.25,0.5581708002178327,0.0,1.0,0.0,0.33333333333333337,0.3406079501169188,0.15481171548117123,0.17887100430741332,0.512287334593573,0.0,0.0,0.0,0.0,0.0,0.0,0.0,1.0,0.0,0.0,0.0,0.0,0.0,1.0,0.0,0.0,0.0,1.0,0.0,0.0,0.0,0.0,0.0,1.0,0.0
5474,0.5185185185185184,0.0,0.0,0.0,0.1111111111111111,0.25,0.820992797712667,0.0,1.0,0.0,0.33333333333333337,0.3406079501169188,0.15481171548117123,0.17887100430741332,0.512287334593573,1.0,0.0,0.0,0.0,0.0,1.0,0.0,0.0,0.0,0.0,0.0,0.0,1.0,0.0,0.0,0.0,0.0,0.0,0.0,0.0,1.0,0.0,0.0,1.0,0.0
5475,0.08641975308641975,1.0,0.0,0.0,0.1111111111111111,0.25,0.8675155866042519,0.0,1.0,0.14285714285714285,0.33333333333333337,0.3406079501169188,0.15481171548117123,0.17887100430741332,0.512287334593573,1.0,0.0,0.0,0.0,0.0,0.0,0.0,1.0,0.0,0.0,0.0,0.0,0.0,1.0,0.0,0.0,0.0,1.0,0.0,0.0,0.0,0.0,0.0,0.0,0.0
5476,0.08641975308641975,0.0,0.0,0.0,0.1111111111111111,0.25,0.7189233740572085,0.0,1.0,0.0,0.33333333333333337,0.3406079501169188,0.15481171548117123,0.17887100430741332,0.512287334593573,1.0,0.0,0.0,0.0,0.0,0.0,0.0,1.0,0.0,0.0,0.0,0.0,0.0,1.0,0.0,0.0,0.0,1.0,0.0,0.0,0.0,0.0,0.0,1.0,0.0
5477,0.16049382716049382,0.0,1.0,0.0,0.1111111111111111,0.25,0.7324595718676206,0.0,1.0,0.0,0.33333333333333337,0.3406079501169188,0.15481171548117123,0.17887100430741332,0.512287334593573,1.0,0.0,0.0,0.0,0.0,0.0,0.0,0.0,0.0,0.0,0.0,0.0,0.0,1.0,0.0,0.0,0.0,0.0,0.0,0.0,1.0,0.0,0.0,1.0,0.0
5478,0.30864197530864196,0.0,0.0,0.0,0.1111111111111111,0.25,0.5761581170225034,0.02631578947368421,1.0,0.0,0.33333333333333337,0.3406079501169188,0.15481171548117123,0.17887100430741332,0.512287334593573,1.0,0.0,0.0,0.0,0.0,0.0,1.0,0.0,0.0,0.0,0.0,0.0,1.0,0.0,0.0,0.0,0.0,0.0,0.0,0.0,1.0,0.0,0.0,1.0,0.0
5479,0.1111111111111111,1.0,0.0,0.0,0.1111111111111111,0.25,0.6140973378497864,0.0,1.0,0.0,0.33333333333333337,0.3406079501169188,0.15481171548117123,0.17887100430741332,0.512287334593573,1.0,0.0,0.0,0.0,0.0,0.0,0.0,0.0,0.0,0.0,1.0,0.0,0.0,1.0,0.0,0.0,0.0,0.0,0.0,0.0,1.0,0.0,0.0,1.0,0.0
5480,0.1111111111111111,1.0,0.0,0.0,0.1111111111111111,0.25,0.603456402174661,0.0,1.0,0.0,0.33333333333333337,0.3406079501169188,0.15481171548117123,0.17887100430741332,0.512287334593573,1.0,0.0,0.0,0.0,0.0,0.0,0.0,0.0,0.0,0.0,1.0,0.0,0.0,1.0,0.0,0.0,0.0,0.0,0.0,0.0,1.0,0.0,0.0,1.0,0.0
5481,0.4938271604938272,1.0,0.0,0.0,0.1111111111111111,0.25,0.6803811399204682,0.0,1.0,0.0,0.33333333333333337,0.3406079501169188,0.15481171548117123,0.17887100430741332,0.512287334593573,1.0,0.0,0.0,0.0,0.0,0.0,0.0,0.0,0.0,1.0,0.0,0.0,1.0,0.0,0.0,0.0,0.0,0.0,0.0,1.0,0.0,0.0,0.0,1.0,0.0
5482,0.16049382716049382,0.0,0.0,0.0,0.1111111111111111,0.25,0.5984801554161608,0.0,1.0,0.0,0.33333333333333337,0.3406079501169188,0.15481171548117123,0.17887100430741332,0.512287334593573,1.0,0.0,0.0,0.0,0.0,0.0,0.0,0.0,0.0,0.0,0.0,0.0,1.0,0.0,0.0,0.0,0.0,0.0,0.0,0.0,1.0,0.0,0.0,1.0,0.0
5483,0.16049382716049382,1.0,0.0,0.0,0.1111111111111111,0.25,0.7303484158131063,0.0,1.0,0.0,0.33333333333333337,0.3406079501169188,0.15481171548117123,0.17887100430741332,0.512287334593573,1.0,0.0,0.0,0.0,0.0,0.0,0.0,0.0,0.0,0.0,0.0,0.0,1.0,0.0,0.0,0.0,0.0,0.0,0.0,0.0,1.0,0.0,0.0,1.0,0.0
5484,0.16049382716049382,1.0,1.0,0.0,0.1111111111111111,0.25,0.5550613200712357,0.0,1.0,0.0,0.33333333333333337,0.3406079501169188,0.15481171548117123,0.17887100430741332,0.512287334593573,1.0,0.0,0.0,0.0,0.0,0.0,0.0,0.0,0.0,0.0,0.0,0.0,1.0,0.0,0.0,0.0,0.0,0.0,0.0,0.0,1.0,0.0,0.0,1.0,0.0
5485,0.13580246913580246,0.0,0.0,0.0,0.1111111111111111,0.25,0.5507832068127649,0.05263157894736842,1.0,0.0,0.33333333333333337,0.3406079501169188,0.15481171548117123,0.17887100430741332,0.512287334593573,1.0,1.0,0.0,0.0,0.0,0.0,0.0,0.0,0.0,0.0,0.0,0.0,0.0,1.0,0.0,0.0,0.0,0.0,0.0,0.0,1.0,0.0,0.0,1.0,0.0
5486,0.30864197530864196,1.0,0.0,0.0,0.1111111111111111,0.25,0.6328650293995502,0.0,1.0,0.14285714285714285,0.33333333333333337,0.3406079501169188,0.15481171548117123,0.17887100430741332,0.512287334593573,1.0,0.0,0.0,0.0,0.0,0.0,1.0,0.0,0.0,0.0,0.0,0.0,1.0,0.0,0.0,0.0,0.0,0.0,0.0,0.0,1.0,0.0,0.0,0.0,0.0
5487,0.35802469135802467,0.0,0.0,0.0,0.1111111111111111,0.25,0.6628493172872891,0.0,1.0,0.0,0.33333333333333337,0.3406079501169188,0.15481171548117123,0.17887100430741332,0.512287334593573,1.0,0.0,0.0,0.0,0.0,0.0,0.0,0.0,0.0,1.0,0.0,0.0,1.0,0.0,0.0,0.0,0.0,0.0,0.0,1.0,0.0,0.0,0.0,1.0,0.0
5488,0.4938271604938272,1.0,0.0,0.0,0.1111111111111111,0.25,0.5550613200712357,0.0,1.0,0.0,0.33333333333333337,0.3406079501169188,0.15481171548117123,0.17887100430741332,0.512287334593573,1.0,0.0,0.0,0.0,0.0,0.0,0.0,0.0,0.0,0.0,0.0,0.0,1.0,0.0,0.0,0.0,0.0,1.0,0.0,0.0,0.0,0.0,0.0,1.0,0.0
5489,0.5432098765432098,1.0,0.0,0.0,0.1111111111111111,0.25,0.6328650293995502,0.0,1.0,0.0,0.33333333333333337,0.3406079501169188,0.15481171548117123,0.17887100430741332,0.512287334593573,1.0,0.0,0.0,0.0,0.0,1.0,0.0,0.0,0.0,0.0,0.0,0.0,1.0,0.0,0.0,0.0,0.0,0.0,0.0,0.0,1.0,0.0,0.0,1.0,0.0
5490,0.6419753086419753,1.0,0.0,0.0,0.1111111111111111,0.25,0.6278820898893921,0.02631578947368421,1.0,0.0,0.33333333333333337,0.3406079501169188,0.15481171548117123,0.17887100430741332,0.512287334593573,1.0,0.0,0.0,0.0,0.0,1.0,0.0,0.0,0.0,0.0,0.0,0.0,0.0,0.0,0.0,0.0,0.0,0.0,0.0,0.0,1.0,0.0,0.0,1.0,0.0
5491,0.1111111111111111,1.0,0.0,1.0,0.1111111111111111,0.25,0.6713567691230875,0.05263157894736842,1.0,0.0,0.33333333333333337,0.3406079501169188,0.15481171548117123,0.17887100430741332,0.512287334593573,1.0,0.0,0.0,0.0,0.0,0.0,0.0,0.0,0.0,0.0,1.0,0.0,0.0,1.0,0.0,0.0,0.0,0.0,0.0,0.0,1.0,0.0,0.0,1.0,0.0
5492,0.13580246913580246,1.0,0.0,0.0,0.1111111111111111,0.25,0.6693862850347637,0.10526315789473684,1.0,0.0,0.33333333333333337,0.3406079501169188,0.15481171548117123,0.17887100430741332,0.512287334593573,1.0,0.0,0.0,0.0,0.0,0.0,0.0,0.0,0.0,0.0,0.0,0.0,0.0,1.0,0.0,0.0,0.0,0.0,0.0,0.0,1.0,0.0,0.0,1.0,0.0
5493,0.654320987654321,1.0,0.0,0.0,0.1111111111111111,0.5,0.636599792271751,0.02631578947368421,1.0,0.0,0.33333333333333337,0.3406079501169188,0.15481171548117123,0.17705735660847882,0.512287334593573,1.0,0.0,0.0,0.0,0.0,1.0,0.0,0.0,0.0,0.0,0.0,0.0,1.0,0.0,0.0,0.0,0.0,0.0,0.0,0.0,0.0,0.0,0.0,1.0,0.0
5494,0.2716049382716049,1.0,0.0,0.0,0.1111111111111111,0.5,0.6381648062569562,0.02631578947368421,1.0,0.0,0.33333333333333337,0.3406079501169188,0.15481171548117123,0.17705735660847882,0.512287334593573,0.0,0.0,0.0,0.0,0.0,0.0,0.0,0.0,0.0,1.0,0.0,0.0,0.0,1.0,0.0,0.0,0.0,0.0,0.0,1.0,0.0,0.0,0.0,1.0,0.0
5495,0.18518518518518517,1.0,0.0,1.0,0.1111111111111111,0.5,0.6013494476505862,0.02631578947368421,1.0,0.14285714285714285,0.33333333333333337,0.3406079501169188,0.15481171548117123,0.17705735660847882,0.512287334593573,1.0,0.0,0.0,0.0,0.0,0.0,0.0,0.0,0.0,0.0,1.0,0.0,0.0,1.0,0.0,0.0,0.0,0.0,0.0,0.0,1.0,0.0,0.0,0.0,0.0
5496,0.654320987654321,0.0,0.0,0.0,0.1111111111111111,0.5,0.6027582686746316,0.02631578947368421,1.0,0.14285714285714285,0.33333333333333337,0.3406079501169188,0.15481171548117123,0.17705735660847882,0.512287334593573,1.0,0.0,0.0,0.0,0.0,1.0,0.0,0.0,0.0,0.0,0.0,0.0,1.0,0.0,0.0,0.0,0.0,0.0,0.0,0.0,0.0,0.0,0.0,0.0,0.0
5497,0.3209876543209876,0.0,0.0,0.0,0.1111111111111111,0.5,0.8060645789202702,0.0,1.0,0.14285714285714285,0.33333333333333337,0.3406079501169188,0.15481171548117123,0.17705735660847882,0.512287334593573,1.0,0.0,0.0,0.0,1.0,0.0,0.0,0.0,0.0,0.0,0.0,0.0,1.0,0.0,0.0,1.0,0.0,0.0,0.0,0.0,0.0,0.0,0.0,0.0,0.0
5498,0.09876543209876543,1.0,1.0,0.0,0.1111111111111111,0.5,0.5198109754500708,0.0,1.0,0.0,0.33333333333333337,0.3406079501169188,0.15481171548117123,0.17705735660847882,0.512287334593573,1.0,0.0,0.0,0.0,0.0,0.0,0.0,0.0,1.0,0.0,0.0,0.0,0.0,1.0,0.0,0.0,0.0,1.0,0.0,0.0,0.0,0.0,0.0,1.0,0.0
5499,0.3703703703703703,1.0,0.0,0.0,0.1111111111111111,0.5,0.800722389330977,0.02631578947368421,1.0,0.14285714285714285,0.33333333333333337,0.3406079501169188,0.15481171548117123,0.17705735660847882,0.512287334593573,1.0,0.0,0.0,0.0,0.0,0.0,0.0,0.0,0.0,0.0,0.0,0.0,1.0,0.0,0.0,0.0,0.0,1.0,0.0,0.0,0.0,0.0,0.0,0.0,0.0
5500,0.5061728395061729,1.0,0.0,0.0,0.1111111111111111,0.5,0.664102989715846,0.02631578947368421,1.0,0.0,0.33333333333333337,0.3406079501169188,0.15481171548117123,0.17705735660847882,0.512287334593573,1.0,0.0,0.0,0.0,0.0,1.0,0.0,0.0,0.0,0.0,0.0,0.0,0.0,0.0,0.0,0.0,0.0,0.0,0.0,0.0,1.0,0.0,0.0,1.0,0.0
5501,0.29629629629629634,1.0,0.0,0.0,0.1111111111111111,0.5,0.5463436176888766,0.02631578947368421,1.0,0.0,0.33333333333333337,0.3406079501169188,0.15481171548117123,0.17705735660847882,0.512287334593573,0.0,0.0,1.0,0.0,0.0,0.0,0.0,0.0,0.0,0.0,0.0,0.0,0.0,1.0,0.0,0.0,0.0,0.0,0.0,1.0,0.0,0.0,0.0,1.0,0.0
5502,0.29629629629629634,1.0,1.0,0.0,0.1111111111111111,0.5,0.6717469358140523,0.0,1.0,0.14285714285714285,0.33333333333333337,0.3406079501169188,0.15481171548117123,0.17705735660847882,0.512287334593573,0.0,0.0,0.0,0.0,0.0,0.0,0.0,1.0,0.0,0.0,0.0,0.0,1.0,0.0,0.0,0.0,0.0,1.0,0.0,0.0,0.0,0.0,0.0,0.0,0.0
5503,0.18518518518518517,1.0,0.0,0.0,0.1111111111111111,0.5,0.6095598825393173,0.0,1.0,0.0,0.33333333333333337,0.3406079501169188,0.15481171548117123,0.17705735660847882,0.512287334593573,0.0,0.0,0.0,0.0,0.0,0.0,0.0,0.0,0.0,0.0,0.0,0.0,1.0,0.0,0.0,0.0,0.0,0.0,0.0,0.0,1.0,0.0,0.0,1.0,0.0
5504,0.43209876543209874,1.0,0.0,0.0,0.1111111111111111,0.5,0.56984667205054,0.0,1.0,0.2857142857142857,0.33333333333333337,0.3406079501169188,0.15481171548117123,0.17705735660847882,0.512287334593573,0.0,0.0,1.0,0.0,0.0,0.0,0.0,0.0,0.0,0.0,0.0,0.0,1.0,0.0,0.0,0.0,0.0,0.0,0.0,0.0,1.0,0.0,0.0,0.0,0.0
5505,0.39506172839506176,0.0,0.0,0.0,0.1111111111111111,0.5,0.8355035734361257,0.0,1.0,0.0,0.33333333333333337,0.3406079501169188,0.15481171548117123,0.17705735660847882,0.512287334593573,1.0,0.0,0.0,0.0,1.0,0.0,0.0,0.0,0.0,0.0,0.0,0.0,1.0,0.0,0.0,0.0,0.0,0.0,0.0,0.0,1.0,0.0,0.0,1.0,0.0
5506,0.18518518518518517,0.0,0.0,0.0,0.1111111111111111,0.5,0.5540062892371289,0.0,1.0,0.0,0.33333333333333337,0.3406079501169188,0.15481171548117123,0.17705735660847882,0.512287334593573,1.0,0.0,0.0,0.0,0.0,0.0,0.0,0.0,0.0,0.0,1.0,0.0,0.0,1.0,0.0,0.0,0.0,0.0,0.0,0.0,1.0,0.0,0.0,1.0,0.0
5507,0.30864197530864196,0.0,0.0,0.0,0.1111111111111111,0.5,0.8357936725954426,0.05263157894736842,1.0,0.0,0.33333333333333337,0.3406079501169188,0.15481171548117123,0.17705735660847882,0.512287334593573,1.0,1.0,0.0,0.0,0.0,0.0,0.0,0.0,0.0,0.0,0.0,0.0,1.0,0.0,0.0,0.0,0.0,0.0,0.0,0.0,0.0,0.0,0.0,1.0,0.0
5508,0.14814814814814814,1.0,0.0,0.0,0.1111111111111111,0.5,0.7018285635083261,0.02631578947368421,1.0,0.0,0.33333333333333337,0.3406079501169188,0.15481171548117123,0.17705735660847882,0.512287334593573,1.0,0.0,0.0,0.0,0.0,0.0,0.0,0.0,0.0,1.0,0.0,0.0,0.0,1.0,0.0,0.0,0.0,0.0,0.0,0.0,1.0,0.0,0.0,1.0,0.0
5509,0.1111111111111111,0.0,0.0,0.0,0.1111111111111111,0.5,0.6055262822549443,0.0,1.0,0.0,0.33333333333333337,0.3406079501169188,0.15481171548117123,0.17705735660847882,0.512287334593573,1.0,0.0,0.0,0.0,0.0,0.0,0.0,0.0,0.0,0.0,0.0,0.0,0.0,1.0,0.0,0.0,0.0,1.0,0.0,0.0,0.0,0.0,0.0,1.0,0.0
5510,0.6049382716049383,1.0,0.0,0.0,0.1111111111111111,0.5,0.7340757818764584,0.26315789473684215,1.0,0.0,0.33333333333333337,0.3406079501169188,0.15481171548117123,0.17705735660847882,0.512287334593573,1.0,0.0,0.0,0.0,0.0,1.0,0.0,0.0,0.0,0.0,0.0,0.0,1.0,0.0,0.0,0.0,0.0,0.0,0.0,0.0,0.0,0.0,0.0,1.0,0.0
5511,0.6172839506172838,1.0,0.0,0.0,0.1111111111111111,0.5,0.5821481094717212,0.0,1.0,0.0,0.33333333333333337,0.3406079501169188,0.15481171548117123,0.17705735660847882,0.512287334593573,1.0,0.0,0.0,0.0,0.0,1.0,0.0,0.0,0.0,0.0,0.0,0.0,1.0,0.0,0.0,0.0,0.0,0.0,0.0,1.0,0.0,0.0,0.0,1.0,0.0
5512,0.24691358024691357,1.0,0.0,0.0,0.1111111111111111,0.5,0.5779008918534767,0.0,1.0,0.0,0.33333333333333337,0.3406079501169188,0.15481171548117123,0.17705735660847882,0.512287334593573,1.0,0.0,0.0,0.0,0.0,0.0,0.0,0.0,0.0,0.0,0.0,0.0,1.0,0.0,0.0,0.0,0.0,0.0,0.0,0.0,1.0,0.0,0.0,1.0,0.0
5513,0.19753086419753085,0.0,0.0,0.0,0.1111111111111111,0.5,0.7165521485397763,0.0,1.0,0.0,0.33333333333333337,0.3406079501169188,0.15481171548117123,0.17705735660847882,0.512287334593573,1.0,0.0,0.0,0.0,0.0,0.0,0.0,0.0,0.0,0.0,0.0,0.0,1.0,0.0,0.0,0.0,0.0,0.0,0.0,0.0,1.0,0.0,0.0,1.0,0.0
5514,0.19753086419753085,1.0,0.0,0.0,0.1111111111111111,0.5,0.6910983547398326,0.0,1.0,0.0,0.33333333333333337,0.3406079501169188,0.15481171548117123,0.17705735660847882,0.512287334593573,1.0,0.0,0.0,0.0,0.0,0.0,0.0,0.0,0.0,0.0,0.0,0.0,1.0,0.0,0.0,0.0,0.0,0.0,0.0,0.0,1.0,0.0,0.0,1.0,0.0
5515,0.4938271604938272,1.0,0.0,0.0,0.1111111111111111,0.5,0.5198109754500708,0.0,1.0,0.14285714285714285,0.33333333333333337,0.3406079501169188,0.15481171548117123,0.17705735660847882,0.512287334593573,0.0,0.0,0.0,0.0,0.0,0.0,0.0,0.0,0.0,1.0,0.0,0.0,1.0,0.0,0.0,0.0,0.0,1.0,0.0,0.0,0.0,0.0,0.0,0.0,0.0
5516,0.1111111111111111,1.0,0.0,1.0,0.1111111111111111,0.5,0.6048403610725471,0.05263157894736842,1.0,0.0,0.33333333333333337,0.3406079501169188,0.15481171548117123,0.17705735660847882,0.512287334593573,1.0,0.0,0.0,0.0,0.0,0.0,0.0,0.0,0.0,0.0,0.0,0.0,0.0,1.0,0.0,0.0,0.0,1.0,0.0,0.0,0.0,0.0,0.0,1.0,0.0
5517,0.5061728395061729,1.0,0.0,0.0,0.1111111111111111,0.5,0.5725931427044147,0.0,1.0,0.0,0.33333333333333337,0.3406079501169188,0.15481171548117123,0.17705735660847882,0.512287334593573,1.0,0.0,0.0,0.0,0.0,1.0,0.0,0.0,0.0,0.0,0.0,0.0,0.0,0.0,0.0,0.0,0.0,0.0,0.0,0.0,1.0,0.0,0.0,1.0,0.0
5518,0.1728395061728395,0.0,0.0,1.0,0.1111111111111111,0.5,0.5621929065211045,0.05263157894736842,1.0,0.0,0.33333333333333337,0.3406079501169188,0.15481171548117123,0.17705735660847882,0.512287334593573,1.0,0.0,0.0,0.0,0.0,0.0,0.0,0.0,0.0,0.0,0.0,0.0,1.0,0.0,0.0,0.0,0.0,0.0,0.0,0.0,1.0,0.0,0.0,1.0,0.0
5519,0.09876543209876543,0.0,0.0,1.0,0.1111111111111111,0.5,0.7065582517915311,0.0,1.0,0.0,0.33333333333333337,0.3406079501169188,0.15481171548117123,0.17705735660847882,0.512287334593573,1.0,0.0,0.0,0.0,0.0,0.0,0.0,0.0,1.0,0.0,0.0,0.0,0.0,1.0,0.0,0.0,0.0,1.0,0.0,0.0,0.0,0.0,0.0,1.0,0.0
5520,0.16049382716049382,0.0,0.0,0.0,0.1111111111111111,0.5,0.8170953941702636,0.02631578947368421,1.0,0.0,0.33333333333333337,0.3406079501169188,0.15481171548117123,0.17705735660847882,0.512287334593573,1.0,0.0,0.0,0.0,0.0,0.0,0.0,0.0,0.0,0.0,0.0,0.0,1.0,0.0,0.0,0.0,0.0,0.0,0.0,0.0,1.0,0.0,0.0,1.0,0.0
5521,0.16049382716049382,0.0,0.0,0.0,0.1111111111111111,0.5,0.7358960913046179,0.05263157894736842,1.0,0.14285714285714285,0.33333333333333337,0.3406079501169188,0.15481171548117123,0.17705735660847882,0.512287334593573,0.0,0.0,0.0,0.0,0.0,0.0,0.0,0.0,0.0,0.0,0.0,0.0,1.0,0.0,0.0,0.0,0.0,0.0,0.0,0.0,1.0,0.0,0.0,0.0,0.0
5522,0.6049382716049383,0.0,1.0,0.0,0.1111111111111111,0.5,0.5813108450867737,0.10526315789473684,1.0,0.14285714285714285,0.33333333333333337,0.3406079501169188,0.15481171548117123,0.17705735660847882,0.512287334593573,1.0,0.0,0.0,0.0,0.0,1.0,0.0,0.0,0.0,0.0,0.0,0.0,1.0,0.0,0.0,0.0,0.0,0.0,0.0,0.0,0.0,0.0,0.0,0.0,0.0
5523,0.4691358024691357,1.0,0.0,0.0,0.1111111111111111,0.5,0.5821481094717212,0.05263157894736842,1.0,0.14285714285714285,0.33333333333333337,0.3406079501169188,0.15481171548117123,0.17705735660847882,0.512287334593573,0.0,0.0,0.0,0.0,0.0,0.0,0.0,0.0,0.0,0.0,0.0,0.0,1.0,0.0,0.0,0.0,0.0,1.0,0.0,0.0,0.0,0.0,0.0,0.0,0.0
5524,0.29629629629629634,1.0,1.0,0.0,0.1111111111111111,0.5,0.6563723521677338,0.02631578947368421,1.0,0.0,0.33333333333333337,0.3406079501169188,0.15481171548117123,0.17705735660847882,0.512287334593573,1.0,0.0,0.0,0.0,0.0,0.0,0.0,1.0,0.0,0.0,0.0,0.0,0.0,1.0,0.0,0.0,0.0,1.0,0.0,0.0,0.0,0.0,0.0,1.0,0.0
5525,0.2345679012345679,0.0,0.0,0.0,0.1111111111111111,0.5,0.6904356197503724,0.02631578947368421,1.0,0.0,0.33333333333333337,0.3406079501169188,0.15481171548117123,0.17705735660847882,0.512287334593573,1.0,0.0,0.0,0.0,1.0,0.0,0.0,0.0,0.0,0.0,0.0,0.0,1.0,0.0,0.0,0.0,0.0,0.0,0.0,0.0,1.0,0.0,0.0,1.0,0.0
5526,0.419753086419753,1.0,0.0,0.0,0.1111111111111111,0.75,0.7919446128221177,0.05263157894736842,1.0,0.0,0.33333333333333337,0.3406079501169188,0.15481171548117123,0.17592382679664476,0.512287334593573,1.0,0.0,1.0,0.0,0.0,0.0,0.0,0.0,0.0,0.0,0.0,0.0,1.0,0.0,0.0,0.0,0.0,0.0,1.0,0.0,0.0,0.0,0.0,1.0,0.0
5527,0.5679012345679011,1.0,0.0,0.0,0.1111111111111111,0.75,0.5854388177384106,0.07894736842105263,1.0,0.0,0.33333333333333337,0.3406079501169188,0.15481171548117123,0.17592382679664476,0.512287334593573,1.0,0.0,0.0,0.0,0.0,1.0,0.0,0.0,0.0,0.0,0.0,0.0,1.0,0.0,0.0,0.0,0.0,0.0,0.0,0.0,0.0,1.0,0.0,1.0,0.0
5528,0.1111111111111111,0.0,0.0,0.0,0.1111111111111111,0.75,0.5140006512933829,0.02631578947368421,1.0,0.0,0.33333333333333337,0.3406079501169188,0.15481171548117123,0.17592382679664476,0.512287334593573,1.0,1.0,0.0,0.0,0.0,0.0,0.0,0.0,0.0,0.0,0.0,0.0,1.0,0.0,0.0,0.0,1.0,0.0,0.0,0.0,0.0,0.0,0.0,1.0,0.0
5529,0.30864197530864196,0.0,0.0,0.0,0.1111111111111111,0.75,0.4735228478707203,0.07894736842105263,1.0,0.0,0.33333333333333337,0.3406079501169188,0.15481171548117123,0.17592382679664476,0.512287334593573,0.0,1.0,0.0,0.0,0.0,0.0,0.0,0.0,0.0,0.0,0.0,0.0,1.0,0.0,0.0,0.0,1.0,0.0,0.0,0.0,0.0,0.0,0.0,1.0,0.0
5530,0.16049382716049382,1.0,0.0,0.0,0.1111111111111111,0.75,0.761738495611787,0.0,1.0,0.0,0.33333333333333337,0.3406079501169188,0.15481171548117123,0.17592382679664476,0.512287334593573,1.0,0.0,0.0,0.0,0.0,0.0,0.0,0.0,0.0,0.0,0.0,0.0,1.0,0.0,0.0,0.0,0.0,1.0,0.0,0.0,0.0,0.0,1.0,1.0,0.0
5531,0.1111111111111111,1.0,1.0,0.0,0.1111111111111111,0.75,0.6504552172780276,0.02631578947368421,1.0,0.0,0.33333333333333337,0.3406079501169188,0.15481171548117123,0.17592382679664476,0.512287334593573,1.0,1.0,0.0,0.0,0.0,0.0,0.0,0.0,0.0,0.0,0.0,0.0,1.0,0.0,0.0,0.0,1.0,0.0,0.0,0.0,0.0,0.0,0.0,1.0,0.0
5532,0.1111111111111111,0.0,0.0,0.0,0.1111111111111111,0.75,0.6839461142385569,0.02631578947368421,1.0,0.0,0.33333333333333337,0.3406079501169188,0.15481171548117123,0.17592382679664476,0.512287334593573,1.0,1.0,0.0,0.0,0.0,0.0,0.0,0.0,0.0,0.0,0.0,0.0,1.0,0.0,0.0,0.0,1.0,0.0,0.0,0.0,0.0,0.0,0.0,1.0,0.0
5533,0.4938271604938272,1.0,0.0,0.0,0.1111111111111111,0.75,0.7916638605421104,0.0,1.0,0.0,0.33333333333333337,0.3406079501169188,0.15481171548117123,0.17592382679664476,0.512287334593573,1.0,0.0,0.0,0.0,0.0,0.0,0.0,0.0,0.0,1.0,0.0,0.0,1.0,0.0,0.0,0.0,0.0,0.0,0.0,0.0,1.0,0.0,0.0,1.0,0.0
5534,0.14814814814814814,0.0,0.0,0.0,0.1111111111111111,0.75,0.6594393640539922,0.02631578947368421,1.0,0.0,0.33333333333333337,0.3406079501169188,0.15481171548117123,0.17592382679664476,0.512287334593573,1.0,0.0,0.0,0.0,0.0,0.0,0.0,0.0,0.0,0.0,0.0,0.0,0.0,1.0,0.0,0.0,0.0,0.0,0.0,0.0,1.0,0.0,0.0,1.0,0.0
5535,0.25925925925925924,1.0,0.0,0.0,0.1111111111111111,0.75,0.6536782997023916,0.0,1.0,0.14285714285714285,0.33333333333333337,0.3406079501169188,0.15481171548117123,0.17592382679664476,0.512287334593573,0.0,1.0,0.0,0.0,0.0,0.0,0.0,0.0,0.0,0.0,0.0,0.0,1.0,0.0,0.0,0.0,0.0,0.0,0.0,0.0,0.0,0.0,1.0,0.0,0.0
5536,0.14814814814814814,0.0,0.0,0.0,0.1111111111111111,0.75,0.5030862582093689,0.02631578947368421,1.0,0.0,0.33333333333333337,0.3406079501169188,0.15481171548117123,0.17592382679664476,0.512287334593573,0.0,0.0,0.0,0.0,0.0,0.0,0.0,0.0,0.0,0.0,0.0,0.0,0.0,1.0,0.0,0.0,0.0,0.0,0.0,0.0,1.0,0.0,0.0,1.0,0.0
5537,0.30864197530864196,1.0,1.0,0.0,0.1111111111111111,0.75,0.646660205928461,0.0,1.0,0.14285714285714285,0.33333333333333337,0.3406079501169188,0.15481171548117123,0.17592382679664476,0.512287334593573,0.0,0.0,0.0,0.0,0.0,0.0,0.0,1.0,0.0,0.0,0.0,0.0,1.0,0.0,0.0,0.0,0.0,1.0,0.0,0.0,0.0,0.0,1.0,0.0,0.0
5538,0.2839506172839506,1.0,0.0,0.0,0.1111111111111111,0.75,0.6803811399204682,0.0,1.0,0.14285714285714285,0.33333333333333337,0.3406079501169188,0.15481171548117123,0.17592382679664476,0.512287334593573,0.0,1.0,0.0,0.0,0.0,0.0,0.0,0.0,0.0,0.0,0.0,0.0,1.0,0.0,0.0,0.0,1.0,0.0,0.0,0.0,0.0,0.0,1.0,0.0,0.0
5539,0.18518518518518517,1.0,0.0,0.0,0.1111111111111111,0.75,0.6166136936809081,0.0,1.0,0.14285714285714285,0.33333333333333337,0.3406079501169188,0.15481171548117123,0.17592382679664476,0.512287334593573,0.0,1.0,0.0,0.0,0.0,0.0,0.0,0.0,0.0,0.0,0.0,0.0,1.0,0.0,0.0,0.0,1.0,0.0,0.0,0.0,0.0,0.0,0.0,0.0,0.0
5540,0.34567901234567905,1.0,0.0,0.0,0.1111111111111111,0.75,0.7561711246597944,0.0,1.0,0.0,0.33333333333333337,0.3406079501169188,0.15481171548117123,0.17592382679664476,0.512287334593573,0.0,0.0,1.0,0.0,0.0,0.0,0.0,0.0,0.0,0.0,0.0,0.0,1.0,0.0,0.0,0.0,0.0,0.0,0.0,0.0,0.0,0.0,1.0,1.0,0.0
5541,0.18518518518518517,0.0,0.0,0.0,0.1111111111111111,0.75,0.749324254321852,0.0,0.005005005005005005,0.14285714285714285,0.33333333333333337,0.3406079501169188,0.15481171548117123,0.17592382679664476,0.512287334593573,1.0,1.0,0.0,0.0,0.0,0.0,0.0,0.0,0.0,0.0,0.0,0.0,1.0,0.0,0.0,0.0,1.0,0.0,0.0,0.0,0.0,0.0,0.0,0.0,1.0
5542,0.08641975308641975,1.0,0.0,0.0,0.1111111111111111,0.75,0.5319212752022946,0.0,1.0,0.0,0.33333333333333337,0.3406079501169188,0.15481171548117123,0.17592382679664476,0.512287334593573,0.0,0.0,0.0,0.0,1.0,0.0,0.0,0.0,0.0,0.0,0.0,0.0,0.0,1.0,0.0,0.0,0.0,0.0,0.0,0.0,1.0,0.0,0.0,1.0,0.0
5543,0.1728395061728395,1.0,0.0,0.0,0.1111111111111111,0.75,0.43394188601811506,0.0,1.0,0.14285714285714285,0.33333333333333337,0.3406079501169188,0.15481171548117123,0.17592382679664476,0.512287334593573,0.0,1.0,0.0,0.0,0.0,0.0,0.0,0.0,0.0,0.0,0.0,0.0,1.0,0.0,0.0,0.0,0.0,0.0,0.0,0.0,0.0,0.0,0.0,0.0,0.0
5544,0.18518518518518517,1.0,0.0,0.0,0.1111111111111111,0.75,0.6930644475725992,0.0,1.0,0.14285714285714285,0.33333333333333337,0.3406079501169188,0.15481171548117123,0.17592382679664476,0.512287334593573,0.0,0.0,0.0,0.0,0.0,0.0,0.0,0.0,0.0,0.0,0.0,0.0,1.0,0.0,0.0,0.0,0.0,0.0,0.0,0.0,1.0,0.0,0.0,0.0,0.0
5545,0.1111111111111111,1.0,0.0,0.0,0.1111111111111111,0.75,0.5125020940917573,0.05263157894736842,1.0,0.0,0.33333333333333337,0.3406079501169188,0.15481171548117123,0.17592382679664476,0.512287334593573,0.0,1.0,0.0,0.0,0.0,0.0,0.0,0.0,0.0,0.0,0.0,0.0,1.0,0.0,0.0,0.0,1.0,0.0,0.0,0.0,0.0,0.0,0.0,1.0,0.0
5546,0.34567901234567905,0.0,1.0,0.0,0.1111111111111111,0.75,0.8664040651109827,0.0,1.0,0.14285714285714285,0.33333333333333337,0.3406079501169188,0.15481171548117123,0.17592382679664476,0.512287334593573,1.0,0.0,0.0,0.0,0.0,0.0,0.0,1.0,0.0,0.0,0.0,0.0,0.0,0.0,0.0,0.0,0.0,0.0,0.0,0.0,0.0,0.0,0.0,0.0,0.0
5547,0.2839506172839506,1.0,0.0,0.0,0.1111111111111111,0.75,0.6391967001499177,0.02631578947368421,1.0,0.0,0.33333333333333337,0.3406079501169188,0.15481171548117123,0.17592382679664476,0.512287334593573,0.0,0.0,0.0,0.0,0.0,0.0,0.0,1.0,0.0,0.0,0.0,0.0,1.0,0.0,0.0,0.0,0.0,1.0,0.0,0.0,0.0,0.0,0.0,1.0,0.0
5548,0.18518518518518517,1.0,0.0,0.0,0.1111111111111111,0.75,0.7301114869324379,0.0,1.0,0.0,0.33333333333333337,0.3406079501169188,0.15481171548117123,0.17592382679664476,0.512287334593573,1.0,0.0,0.0,0.0,0.0,0.0,0.0,0.0,0.0,0.0,0.0,0.0,0.0,1.0,0.0,0.0,0.0,0.0,0.0,0.0,1.0,0.0,0.0,1.0,0.0
5549,0.24691358024691357,0.0,0.0,0.0,0.1111111111111111,0.75,0.7559809303588871,0.0,1.0,0.14285714285714285,0.33333333333333337,0.3406079501169188,0.15481171548117123,0.17592382679664476,0.512287334593573,0.0,0.0,0.0,0.0,0.0,0.0,0.0,0.0,0.0,0.0,0.0,0.0,0.0,1.0,0.0,0.0,0.0,1.0,0.0,0.0,0.0,0.0,0.0,0.0,0.0
5550,0.24691358024691357,1.0,0.0,0.0,0.1111111111111111,0.75,0.6301228271521957,0.0,1.0,0.0,0.33333333333333337,0.3406079501169188,0.15481171548117123,0.17592382679664476,0.512287334593573,0.0,0.0,0.0,0.0,0.0,0.0,0.0,0.0,0.0,1.0,0.0,0.0,0.0,0.0,0.0,0.0,0.0,0.0,0.0,1.0,0.0,0.0,0.0,1.0,0.0
5551,0.5185185185185184,1.0,0.0,0.0,0.1111111111111111,0.75,0.6095598825393173,0.0,1.0,0.0,0.33333333333333337,0.3406079501169188,0.15481171548117123,0.17592382679664476,0.512287334593573,0.0,1.0,0.0,0.0,0.0,0.0,0.0,0.0,0.0,0.0,0.0,0.0,1.0,0.0,0.0,0.0,1.0,0.0,0.0,0.0,0.0,0.0,0.0,1.0,0.0
5552,0.3703703703703703,0.0,0.0,0.0,0.1111111111111111,0.75,0.8156142540769739,0.0,1.0,0.0,0.33333333333333337,0.3406079501169188,0.15481171548117123,0.17592382679664476,0.512287334593573,1.0,0.0,0.0,0.0,0.0,0.0,0.0,0.0,0.0,0.0,0.0,0.0,0.0,1.0,0.0,0.0,0.0,1.0,0.0,0.0,0.0,0.0,0.0,1.0,0.0
5553,0.1111111111111111,0.5,0.5,0.0,0.1111111111111111,0.75,0.608897147549857,0.0,1.0,0.0,0.33333333333333337,0.3406079501169188,0.15481171548117123,0.17592382679664476,0.512287334593573,0.0,0.0,0.0,0.0,0.0,0.0,0.0,0.0,0.0,0.0,0.0,0.0,0.0,1.0,0.0,0.0,0.0,0.0,0.0,0.0,1.0,0.0,0.0,1.0,0.0
5554,0.14814814814814814,0.0,0.0,0.0,0.1111111111111111,0.75,0.6705725318885943,0.07894736842105263,1.0,0.0,0.33333333333333337,0.3406079501169188,0.15481171548117123,0.17592382679664476,0.512287334593573,1.0,0.0,0.0,0.0,0.0,0.0,0.0,0.0,0.0,0.0,0.0,0.0,0.0,1.0,0.0,0.0,0.0,0.0,0.0,0.0,1.0,0.0,0.0,1.0,0.0
5555,0.2345679012345679,0.0,0.0,0.0,0.1111111111111111,0.75,0.8315656275009475,0.0,1.0,0.0,0.33333333333333337,0.3406079501169188,0.15481171548117123,0.17592382679664476,0.512287334593573,1.0,1.0,0.0,0.0,0.0,0.0,0.0,0.0,0.0,0.0,0.0,0.0,1.0,0.0,0.0,0.0,0.0,0.0,0.0,0.0,0.0,1.0,0.0,1.0,0.0
5556,0.3333333333333333,1.0,0.0,1.0,0.1111111111111111,0.75,0.6598710531604159,0.02631578947368421,1.0,0.14285714285714285,0.33333333333333337,0.3406079501169188,0.15481171548117123,0.17592382679664476,0.512287334593573,0.0,1.0,0.0,0.0,0.0,0.0,0.0,0.0,0.0,0.0,0.0,0.0,1.0,0.0,0.0,1.0,0.0,0.0,0.0,0.0,0.0,0.0,0.0,0.0,0.0
5557,0.654320987654321,1.0,0.0,0.0,0.1111111111111111,0.75,0.6880861948773884,0.02631578947368421,1.0,0.0,0.33333333333333337,0.3406079501169188,0.15481171548117123,0.17592382679664476,0.512287334593573,1.0,0.0,0.0,0.0,0.0,1.0,0.0,0.0,0.0,0.0,0.0,0.0,1.0,0.0,0.0,0.0,0.0,0.0,0.0,0.0,0.0,1.0,0.0,1.0,0.0
5558,0.4074074074074074,1.0,0.0,0.0,0.1111111111111111,0.75,0.8574340989328877,0.02631578947368421,1.0,0.0,0.33333333333333337,0.3406079501169188,0.15481171548117123,0.17592382679664476,0.512287334593573,1.0,0.0,0.0,0.0,0.0,0.0,1.0,0.0,0.0,0.0,0.0,0.0,1.0,0.0,0.0,0.0,0.0,0.0,0.0,0.0,1.0,0.0,0.0,1.0,0.0
5559,0.19753086419753085,0.0,0.0,0.0,0.1111111111111111,0.75,0.6653434421536871,0.0,1.0,0.0,0.33333333333333337,0.3406079501169188,0.15481171548117123,0.17592382679664476,0.512287334593573,1.0,0.0,0.0,0.0,0.0,0.0,0.0,0.0,0.0,1.0,0.0,0.0,1.0,0.0,0.0,0.0,0.0,0.0,0.0,1.0,0.0,0.0,0.0,1.0,0.0
5560,0.19753086419753085,0.0,1.0,0.0,0.1111111111111111,0.75,0.7651329115897525,0.0,1.0,0.0,0.33333333333333337,0.3406079501169188,0.15481171548117123,0.17592382679664476,0.512287334593573,1.0,0.0,0.0,0.0,0.0,0.0,0.0,0.0,0.0,1.0,0.0,0.0,1.0,0.0,0.0,0.0,0.0,0.0,0.0,1.0,0.0,0.0,0.0,1.0,0.0
5561,0.08641975308641975,1.0,0.0,0.0,0.1111111111111111,0.75,0.5707693054036078,0.0,1.0,0.0,0.33333333333333337,0.3406079501169188,0.15481171548117123,0.17592382679664476,0.512287334593573,1.0,0.0,0.0,0.0,0.0,0.0,0.0,0.0,0.0,0.0,0.0,0.0,0.0,1.0,0.0,0.0,0.0,0.0,0.0,0.0,1.0,0.0,0.0,1.0,0.0
5562,0.39506172839506176,0.0,0.0,0.0,0.1111111111111111,0.75,0.6669772899389259,0.0,1.0,0.14285714285714285,0.33333333333333337,0.3406079501169188,0.15481171548117123,0.17592382679664476,0.512287334593573,0.0,0.0,0.0,0.0,1.0,0.0,0.0,0.0,0.0,0.0,0.0,0.0,1.0,0.0,0.0,0.0,0.0,0.0,0.0,0.0,1.0,0.0,0.0,0.0,0.0
5563,0.18518518518518517,0.0,0.0,1.0,0.1111111111111111,0.75,0.573494565885327,0.0,1.0,0.0,0.33333333333333337,0.3406079501169188,0.15481171548117123,0.17592382679664476,0.512287334593573,0.0,0.0,0.0,0.0,0.0,0.0,0.0,0.0,0.0,1.0,0.0,0.0,1.0,0.0,0.0,0.0,0.0,0.0,0.0,0.0,1.0,0.0,0.0,1.0,0.0
5564,0.654320987654321,1.0,1.0,0.0,0.1111111111111111,0.75,0.5381468098084997,0.0,1.0,0.0,0.33333333333333337,0.3406079501169188,0.15481171548117123,0.17592382679664476,0.512287334593573,0.0,0.0,0.0,0.0,0.0,1.0,0.0,0.0,0.0,0.0,0.0,0.0,1.0,0.0,0.0,0.0,0.0,0.0,0.0,0.0,0.0,1.0,0.0,1.0,0.0
5565,0.35802469135802467,1.0,1.0,0.0,0.1111111111111111,0.75,0.6653434421536871,0.10526315789473684,1.0,0.0,0.33333333333333337,0.3406079501169188,0.15481171548117123,0.17592382679664476,0.512287334593573,0.0,0.0,1.0,0.0,0.0,0.0,0.0,0.0,0.0,0.0,0.0,0.0,1.0,0.0,0.0,0.0,0.0,0.0,0.0,0.0,1.0,0.0,0.0,1.0,0.0
5566,0.24691358024691357,1.0,1.0,0.0,0.1111111111111111,0.75,0.7708052447952238,0.10526315789473684,1.0,0.0,0.33333333333333337,0.3406079501169188,0.15481171548117123,0.17592382679664476,0.512287334593573,1.0,0.0,0.0,0.0,0.0,0.0,0.0,0.0,0.0,0.0,0.0,0.0,1.0,0.0,0.0,0.0,0.0,0.0,0.0,1.0,0.0,0.0,0.0,1.0,0.0
5567,0.4074074074074074,1.0,0.0,0.0,0.1111111111111111,0.75,0.8492836706214687,0.02631578947368421,1.0,0.14285714285714285,0.33333333333333337,0.3406079501169188,0.15481171548117123,0.17592382679664476,0.512287334593573,1.0,1.0,0.0,0.0,0.0,0.0,0.0,0.0,0.0,0.0,0.0,0.0,1.0,0.0,0.0,0.0,1.0,0.0,0.0,0.0,0.0,0.0,0.0,0.0,0.0
5568,0.1728395061728395,1.0,0.0,0.0,0.1111111111111111,0.75,0.608897147549857,0.05263157894736842,1.0,0.0,0.33333333333333337,0.3406079501169188,0.15481171548117123,0.17592382679664476,0.512287334593573,0.0,1.0,0.0,0.0,0.0,0.0,0.0,0.0,0.0,0.0,0.0,0.0,1.0,0.0,0.0,0.0,1.0,0.0,0.0,0.0,0.0,0.0,1.0,1.0,0.0
5569,0.2345679012345679,0.0,0.0,0.0,0.1111111111111111,0.75,0.6301228271521957,0.02631578947368421,1.0,0.0,0.33333333333333337,0.3406079501169188,0.15481171548117123,0.17592382679664476,0.512287334593573,0.0,0.0,1.0,0.0,0.0,0.0,0.0,0.0,0.0,0.0,0.0,0.0,1.0,0.0,0.0,0.0,0.0,0.0,0.0,0.0,1.0,0.0,0.0,1.0,0.0
5570,0.34567901234567905,0.0,0.0,0.0,0.1111111111111111,0.75,0.695953314020339,0.05263157894736842,1.0,0.14285714285714285,0.33333333333333337,0.3406079501169188,0.15481171548117123,0.17592382679664476,0.512287334593573,0.0,0.0,0.0,0.0,0.0,0.0,0.0,0.0,0.0,1.0,0.0,0.0,0.0,1.0,0.0,0.0,0.0,0.0,0.0,1.0,0.0,0.0,0.0,0.0,0.0
5571,0.48148148148148145,1.0,0.0,0.0,0.1111111111111111,0.75,0.67096530403808,0.02631578947368421,1.0,0.0,0.33333333333333337,0.3406079501169188,0.15481171548117123,0.17592382679664476,0.512287334593573,1.0,0.0,0.0,0.0,0.0,0.0,0.0,0.0,0.0,0.0,0.0,0.0,1.0,0.0,0.0,0.0,1.0,0.0,0.0,0.0,0.0,0.0,0.0,1.0,0.0
5572,0.25925925925925924,1.0,0.0,0.0,0.1111111111111111,0.75,0.7692851714613549,0.0,1.0,0.0,0.33333333333333337,0.3406079501169188,0.15481171548117123,0.17592382679664476,0.512287334593573,0.0,0.0,1.0,0.0,0.0,0.0,0.0,0.0,0.0,0.0,0.0,0.0,1.0,0.0,0.0,0.0,0.0,0.0,0.0,0.0,0.0,0.0,1.0,1.0,0.0
5573,0.16049382716049382,1.0,0.0,1.0,0.1111111111111111,0.75,0.7124906927966042,0.05263157894736842,1.0,0.0,0.33333333333333337,0.3406079501169188,0.15481171548117123,0.17592382679664476,0.512287334593573,1.0,1.0,0.0,0.0,0.0,0.0,0.0,0.0,0.0,0.0,0.0,0.0,1.0,0.0,0.0,0.0,1.0,0.0,0.0,0.0,0.0,0.0,0.0,1.0,0.0
5574,0.2839506172839506,0.0,0.0,0.0,0.1111111111111111,0.75,0.5984801554161608,0.0,1.0,0.0,0.33333333333333337,0.3406079501169188,0.15481171548117123,0.17592382679664476,0.512287334593573,1.0,0.0,0.0,0.0,0.0,0.0,0.0,1.0,0.0,0.0,0.0,0.0,1.0,0.0,0.0,0.0,0.0,1.0,0.0,0.0,0.0,0.0,0.0,1.0,0.0
5575,0.4691358024691357,0.0,0.0,0.0,0.1111111111111111,0.75,0.7515193759376735,0.02631578947368421,1.0,0.0,0.33333333333333337,0.3406079501169188,0.15481171548117123,0.17592382679664476,0.512287334593573,0.0,0.0,0.0,0.0,1.0,0.0,0.0,0.0,0.0,0.0,0.0,0.0,1.0,0.0,0.0,0.0,0.0,0.0,0.0,0.0,0.0,0.0,1.0,1.0,0.0
5576,0.34567901234567905,1.0,0.0,0.0,0.1111111111111111,0.75,0.8059401630974771,0.0,1.0,0.14285714285714285,0.33333333333333337,0.3406079501169188,0.15481171548117123,0.17592382679664476,0.512287334593573,1.0,1.0,0.0,0.0,0.0,0.0,0.0,0.0,0.0,0.0,0.0,0.0,1.0,0.0,0.0,0.0,0.0,0.0,0.0,0.0,0.0,1.0,0.0,0.0,0.0
5577,0.1111111111111111,0.0,1.0,0.0,0.1111111111111111,0.75,0.7426951682067213,0.02631578947368421,1.0,0.0,0.33333333333333337,0.3406079501169188,0.15481171548117123,0.17592382679664476,0.512287334593573,1.0,0.0,0.0,0.0,0.0,0.0,0.0,0.0,1.0,0.0,0.0,0.0,0.0,1.0,0.0,0.0,0.0,0.0,0.0,0.0,1.0,0.0,0.0,1.0,0.0
5578,0.1728395061728395,1.0,0.0,0.0,0.1111111111111111,0.75,0.8297496114261323,0.0,1.0,0.14285714285714285,0.33333333333333337,0.3406079501169188,0.15481171548117123,0.17592382679664476,0.512287334593573,1.0,0.0,0.0,0.0,0.0,0.0,0.0,0.0,1.0,0.0,0.0,0.0,0.0,1.0,0.0,0.0,0.0,0.0,0.0,0.0,0.0,1.0,1.0,0.0,0.0
5579,0.30864197530864196,0.0,0.0,0.0,0.1111111111111111,1.0,0.4529126886678098,0.07894736842105263,1.0,0.0,0.33333333333333337,0.3406079501169188,0.15481171548117123,0.17479029698481074,0.512287334593573,0.0,0.0,1.0,0.0,0.0,0.0,0.0,0.0,0.0,0.0,0.0,0.0,1.0,0.0,0.0,0.0,0.0,0.0,0.0,0.0,1.0,0.0,1.0,1.0,0.0
5580,0.24691358024691357,0.0,1.0,0.0,0.1111111111111111,1.0,0.5689167450775122,0.07894736842105263,1.0,0.0,0.33333333333333337,0.3406079501169188,0.15481171548117123,0.17479029698481074,0.512287334593573,0.0,1.0,0.0,0.0,0.0,0.0,0.0,0.0,0.0,0.0,0.0,0.0,1.0,0.0,0.0,0.0,0.0,0.0,0.0,0.0,0.0,0.0,0.0,1.0,0.0
5581,0.024691358024691357,1.0,0.0,0.0,0.1111111111111111,1.0,0.5947922311468027,0.0,1.0,0.0,0.33333333333333337,0.3406079501169188,0.15481171548117123,0.17479029698481074,0.512287334593573,1.0,0.0,0.0,0.0,0.0,0.0,0.0,0.0,1.0,0.0,0.0,0.0,0.0,1.0,0.0,0.0,0.0,0.0,0.0,0.0,0.0,1.0,0.0,1.0,0.0
5582,0.2222222222222222,1.0,0.0,0.0,0.1111111111111111,1.0,0.6108742554254224,0.0,1.0,0.0,0.33333333333333337,0.3406079501169188,0.15481171548117123,0.17479029698481074,0.512287334593573,0.0,0.0,0.0,0.0,0.0,0.0,0.0,1.0,0.0,0.0,0.0,0.0,0.0,1.0,0.0,0.0,0.0,1.0,0.0,0.0,0.0,0.0,0.0,1.0,0.0
5583,0.4567901234567901,0.0,0.0,0.0,0.1111111111111111,1.0,0.707424281343387,0.0,1.0,0.14285714285714285,0.33333333333333337,0.3406079501169188,0.15481171548117123,0.17479029698481074,0.512287334593573,0.0,0.0,0.0,0.0,0.0,0.0,0.0,1.0,0.0,0.0,0.0,0.0,1.0,0.0,0.0,0.0,0.0,1.0,0.0,0.0,0.0,0.0,1.0,0.0,0.0
5584,0.13580246913580246,0.0,0.0,0.0,0.1111111111111111,1.0,0.6371237804409605,0.0,1.0,0.14285714285714285,0.33333333333333337,0.3406079501169188,0.15481171548117123,0.17479029698481074,0.512287334593573,0.0,0.0,0.0,0.0,0.0,0.0,0.0,0.0,1.0,0.0,0.0,0.0,1.0,0.0,0.0,0.0,0.0,0.0,0.0,0.0,1.0,0.0,1.0,0.0,0.0
5585,0.4691358024691357,0.0,0.0,0.0,0.1111111111111111,1.0,0.6226787043279698,0.0,1.0,0.0,0.33333333333333337,0.3406079501169188,0.15481171548117123,0.17479029698481074,0.512287334593573,0.0,0.0,0.0,0.0,0.0,0.0,0.0,0.0,0.0,0.0,0.0,0.0,1.0,0.0,0.0,0.0,0.0,0.0,0.0,0.0,0.0,0.0,0.0,1.0,0.0
5586,0.18518518518518517,0.0,0.0,0.0,0.1111111111111111,1.0,0.5198109754500708,0.0,1.0,0.14285714285714285,0.33333333333333337,0.3406079501169188,0.15481171548117123,0.17479029698481074,0.512287334593573,0.0,0.0,0.0,0.0,1.0,0.0,0.0,0.0,0.0,0.0,0.0,0.0,0.0,1.0,0.0,0.0,0.0,0.0,0.0,0.0,1.0,0.0,0.0,0.0,0.0
5587,0.14814814814814814,0.0,0.0,0.0,0.1111111111111111,1.0,0.7670542410776737,0.0,1.0,0.0,0.33333333333333337,0.3406079501169188,0.15481171548117123,0.17479029698481074,0.512287334593573,1.0,0.0,0.0,0.0,0.0,0.0,0.0,0.0,0.0,0.0,0.0,0.0,0.0,1.0,0.0,0.0,0.0,0.0,0.0,0.0,1.0,0.0,0.0,1.0,0.0
5588,0.3209876543209876,1.0,0.0,0.0,0.1111111111111111,1.0,0.6965857625840003,0.0,1.0,0.14285714285714285,0.33333333333333337,0.3406079501169188,0.15481171548117123,0.17479029698481074,0.512287334593573,0.0,1.0,0.0,0.0,0.0,0.0,0.0,0.0,0.0,0.0,0.0,0.0,1.0,0.0,0.0,1.0,0.0,0.0,0.0,0.0,0.0,0.0,0.0,0.0,0.0
5589,0.18518518518518517,0.0,0.0,0.0,0.1111111111111111,1.0,0.5779008918534767,0.0,1.0,0.0,0.33333333333333337,0.3406079501169188,0.15481171548117123,0.17479029698481074,0.512287334593573,0.0,1.0,0.0,0.0,0.0,0.0,0.0,0.0,0.0,0.0,0.0,0.0,1.0,0.0,0.0,0.0,1.0,0.0,0.0,0.0,0.0,0.0,0.0,1.0,0.0
5590,0.18518518518518517,1.0,0.0,0.0,0.1111111111111111,1.0,0.7723059261610165,0.0,1.0,0.0,0.33333333333333337,0.3406079501169188,0.15481171548117123,0.17479029698481074,0.512287334593573,1.0,0.0,0.0,0.0,1.0,0.0,0.0,0.0,0.0,0.0,0.0,0.0,0.0,1.0,0.0,0.0,0.0,0.0,0.0,0.0,1.0,0.0,0.0,1.0,0.0
5591,0.24691358024691357,0.0,0.0,0.0,0.1111111111111111,1.0,0.5947922311468027,0.0,1.0,0.14285714285714285,0.33333333333333337,0.3406079501169188,0.15481171548117123,0.17479029698481074,0.512287334593573,0.0,0.0,0.0,0.0,0.0,0.0,0.0,0.0,0.0,0.0,0.0,0.0,0.0,0.0,0.0,0.0,0.0,1.0,0.0,0.0,0.0,0.0,0.0,0.0,0.0
5592,0.19753086419753085,0.0,0.0,0.0,0.1111111111111111,1.0,0.8146934262870854,0.0,1.0,0.0,0.33333333333333337,0.3406079501169188,0.15481171548117123,0.17479029698481074,0.512287334593573,1.0,0.0,0.0,0.0,0.0,0.0,0.0,0.0,0.0,1.0,0.0,0.0,0.0,1.0,0.0,0.0,0.0,1.0,0.0,0.0,0.0,0.0,0.0,1.0,0.0
5593,0.4938271604938272,1.0,0.0,0.0,0.1111111111111111,1.0,0.614731491134803,0.0,1.0,0.0,0.33333333333333337,0.3406079501169188,0.15481171548117123,0.17479029698481074,0.512287334593573,0.0,0.0,0.0,0.0,0.0,0.0,0.0,1.0,0.0,0.0,0.0,0.0,1.0,0.0,0.0,0.0,1.0,0.0,0.0,0.0,0.0,0.0,1.0,1.0,0.0
5594,0.2716049382716049,1.0,0.0,0.0,0.1111111111111111,1.0,0.56984667205054,0.0,1.0,0.0,0.33333333333333337,0.3406079501169188,0.15481171548117123,0.17479029698481074,0.512287334593573,0.0,0.0,0.0,0.0,1.0,0.0,0.0,0.0,0.0,0.0,0.0,0.0,1.0,0.0,0.0,0.0,0.0,0.0,0.0,0.0,1.0,0.0,0.0,1.0,0.0
5595,0.24691358024691357,0.0,0.0,0.0,0.1111111111111111,1.0,0.6681879539642915,0.02631578947368421,1.0,0.0,0.33333333333333337,0.3406079501169188,0.15481171548117123,0.17479029698481074,0.512287334593573,0.0,0.0,0.0,0.0,0.0,0.0,0.0,0.0,0.0,1.0,0.0,0.0,1.0,0.0,0.0,0.0,0.0,0.0,0.0,1.0,0.0,0.0,0.0,1.0,0.0
5596,0.3209876543209876,0.0,0.0,1.0,0.1111111111111111,1.0,0.4648051454883613,0.05263157894736842,1.0,0.0,0.33333333333333337,0.3406079501169188,0.15481171548117123,0.17479029698481074,0.512287334593573,0.0,0.0,0.0,0.0,0.0,0.0,0.0,0.0,0.0,0.0,0.0,0.0,0.0,1.0,0.0,0.0,0.0,1.0,0.0,0.0,0.0,0.0,0.0,1.0,0.0
5597,0.2345679012345679,1.0,0.0,0.0,0.1111111111111111,1.0,0.8233781082763896,0.0,1.0,0.14285714285714285,0.33333333333333337,0.3406079501169188,0.15481171548117123,0.17479029698481074,0.512287334593573,1.0,0.0,0.0,0.0,0.0,0.0,0.0,0.0,0.0,1.0,0.0,0.0,1.0,0.0,0.0,0.0,0.0,0.0,0.0,1.0,0.0,0.0,0.0,0.0,0.0
5598,0.024691358024691357,1.0,0.0,0.0,0.1111111111111111,1.0,0.7194438844174483,0.05263157894736842,1.0,0.0,0.33333333333333337,0.3406079501169188,0.15481171548117123,0.17479029698481074,0.512287334593573,1.0,0.0,0.0,0.0,0.0,0.0,0.0,0.0,1.0,0.0,0.0,0.0,0.0,1.0,0.0,0.0,0.0,0.0,0.0,0.0,0.0,1.0,0.0,1.0,0.0
5599,0.25925925925925924,1.0,0.0,0.0,0.1111111111111111,1.0,0.5846247304098844,0.0,1.0,0.0,0.33333333333333337,0.3406079501169188,0.15481171548117123,0.17479029698481074,0.512287334593573,0.0,0.0,0.0,0.0,1.0,0.0,0.0,0.0,0.0,0.0,0.0,0.0,1.0,0.0,0.0,0.0,0.0,1.0,0.0,0.0,0.0,0.0,1.0,1.0,0.0
5600,0.30864197530864196,0.0,0.0,0.0,0.1111111111111111,1.0,0.8069318246032705,0.0,1.0,0.14285714285714285,0.33333333333333337,0.3406079501169188,0.15481171548117123,0.17479029698481074,0.512287334593573,1.0,0.0,0.0,0.0,0.0,0.0,0.0,0.0,0.0,0.0,0.0,0.0,1.0,0.0,0.0,0.0,0.0,0.0,0.0,0.0,0.0,1.0,0.0,0.0,0.0
5601,0.20987654320987653,1.0,1.0,0.0,0.1111111111111111,1.0,0.506309340633733,0.0,1.0,0.0,0.33333333333333337,0.3406079501169188,0.15481171548117123,0.17479029698481074,0.512287334593573,0.0,0.0,0.0,1.0,0.0,0.0,0.0,0.0,0.0,0.0,0.0,0.0,0.0,0.0,0.0,0.0,0.0,0.0,0.0,0.0,1.0,0.0,0.0,1.0,0.0
5602,0.2222222222222222,1.0,0.0,0.0,0.1111111111111111,1.0,0.5571434124691511,0.0,1.0,0.14285714285714285,0.33333333333333337,0.3406079501169188,0.15481171548117123,0.17479029698481074,0.512287334593573,0.0,1.0,0.0,0.0,0.0,0.0,0.0,0.0,0.0,0.0,0.0,0.0,1.0,0.0,0.0,1.0,0.0,0.0,0.0,0.0,0.0,0.0,0.0,0.0,0.0
5603,0.39506172839506176,1.0,0.0,0.0,0.1111111111111111,1.0,0.4796617267459457,0.0,1.0,0.0,0.33333333333333337,0.3406079501169188,0.15481171548117123,0.17479029698481074,0.512287334593573,0.0,0.0,0.0,0.0,1.0,0.0,0.0,0.0,0.0,0.0,0.0,0.0,1.0,0.0,0.0,0.0,0.0,0.0,0.0,0.0,1.0,0.0,0.0,1.0,0.0
5604,0.29629629629629634,0.0,0.0,0.0,0.1111111111111111,1.0,0.7242771433474918,0.0,1.0,0.0,0.33333333333333337,0.3406079501169188,0.15481171548117123,0.17479029698481074,0.512287334593573,0.0,0.0,0.0,0.0,0.0,0.0,0.0,0.0,0.0,0.0,0.0,0.0,0.0,0.0,0.0,0.0,0.0,1.0,0.0,0.0,0.0,0.0,0.0,1.0,0.0
5605,0.20987654320987653,1.0,0.0,0.0,0.1111111111111111,1.0,0.6134597474028101,0.0,1.0,0.14285714285714285,0.33333333333333337,0.3406079501169188,0.15481171548117123,0.17479029698481074,0.512287334593573,0.0,0.0,0.0,0.0,0.0,0.0,0.0,0.0,0.0,0.0,0.0,0.0,0.0,1.0,0.0,0.0,0.0,1.0,0.0,0.0,0.0,0.0,0.0,0.0,0.0
5606,0.2839506172839506,0.0,0.0,0.0,0.1111111111111111,1.0,0.6669772899389259,0.0,1.0,0.0,0.33333333333333337,0.3406079501169188,0.15481171548117123,0.17479029698481074,0.512287334593573,0.0,1.0,0.0,0.0,0.0,0.0,0.0,0.0,0.0,0.0,0.0,0.0,0.0,1.0,0.0,1.0,0.0,0.0,0.0,0.0,0.0,0.0,1.0,1.0,0.0
5607,0.4567901234567901,1.0,0.0,0.0,0.1111111111111111,1.0,0.7922246966436834,0.05263157894736842,1.0,0.0,0.33333333333333337,0.3406079501169188,0.15481171548117123,0.17479029698481074,0.512287334593573,1.0,0.0,0.0,0.0,0.0,1.0,0.0,0.0,0.0,0.0,0.0,0.0,1.0,0.0,0.0,0.0,0.0,0.0,0.0,0.0,0.0,0.0,0.0,1.0,0.0
5608,0.24691358024691357,1.0,0.0,0.0,0.1111111111111111,1.0,0.8445389661939442,0.02631578947368421,1.0,0.0,0.33333333333333337,0.3406079501169188,0.15481171548117123,0.17479029698481074,0.512287334593573,1.0,0.0,0.0,0.0,0.0,0.0,0.0,0.0,0.0,0.0,0.0,0.0,0.0,0.0,0.0,0.0,0.0,1.0,0.0,0.0,0.0,0.0,0.0,1.0,0.0
5609,0.3209876543209876,0.0,0.0,0.0,0.1111111111111111,1.0,0.8123593189678182,0.0,1.0,0.14285714285714285,0.33333333333333337,0.3406079501169188,0.15481171548117123,0.17479029698481074,0.512287334593573,1.0,1.0,0.0,0.0,0.0,0.0,0.0,0.0,0.0,0.0,0.0,0.0,1.0,0.0,0.0,0.0,0.0,1.0,0.0,0.0,0.0,0.0,0.0,0.0,0.0
5610,0.3333333333333333,1.0,0.0,0.0,0.1111111111111111,1.0,0.7474972696344017,0.0,1.0,0.14285714285714285,0.33333333333333337,0.3406079501169188,0.15481171548117123,0.17479029698481074,0.512287334593573,1.0,1.0,0.0,0.0,0.0,0.0,0.0,0.0,0.0,0.0,0.0,0.0,1.0,0.0,0.0,0.0,1.0,0.0,0.0,0.0,0.0,0.0,1.0,0.0,0.0
5611,0.4691358024691357,0.0,0.0,0.0,0.1111111111111111,1.0,0.7354436478642356,0.05263157894736842,1.0,0.0,0.33333333333333337,0.3406079501169188,0.15481171548117123,0.17479029698481074,0.512287334593573,0.0,0.0,0.0,0.0,0.0,0.0,0.0,0.0,0.0,0.0,0.0,0.0,1.0,0.0,0.0,0.0,0.0,1.0,0.0,0.0,0.0,0.0,0.0,1.0,0.0
5612,0.18518518518518517,1.0,1.0,0.0,0.1111111111111111,1.0,0.6339442585242172,0.0,1.0,0.14285714285714285,0.33333333333333337,0.3406079501169188,0.15481171548117123,0.17479029698481074,0.512287334593573,0.0,0.0,0.0,0.0,0.0,0.0,0.0,0.0,0.0,0.0,0.0,0.0,1.0,0.0,0.0,0.0,0.0,1.0,0.0,0.0,0.0,0.0,0.0,0.0,0.0
5613,0.1111111111111111,0.0,0.0,1.0,0.1111111111111111,1.0,0.467045882751165,0.13157894736842105,1.0,0.0,0.33333333333333337,0.3406079501169188,0.15481171548117123,0.17479029698481074,0.512287334593573,0.0,0.0,0.0,0.0,0.0,0.0,0.0,0.0,0.0,0.0,0.0,0.0,0.0,1.0,0.0,0.0,0.0,0.0,0.0,0.0,1.0,0.0,0.0,1.0,0.0
5614,0.12345679012345678,1.0,0.0,0.0,0.1111111111111111,1.0,0.5947922311468027,0.02631578947368421,1.0,0.0,0.33333333333333337,0.3406079501169188,0.15481171548117123,0.17479029698481074,0.512287334593573,1.0,0.0,0.0,0.0,0.0,0.0,0.0,0.0,0.0,0.0,0.0,0.0,0.0,1.0,0.0,0.0,0.0,0.0,0.0,0.0,1.0,0.0,0.0,1.0,0.0
5615,0.3209876543209876,1.0,0.0,0.0,0.1111111111111111,1.0,0.7979574739807627,0.05263157894736842,1.0,0.0,0.33333333333333337,0.3406079501169188,0.15481171548117123,0.17479029698481074,0.512287334593573,1.0,0.0,0.0,0.0,0.0,0.0,0.0,0.0,0.0,0.0,0.0,0.0,0.0,0.0,0.0,0.0,0.0,0.0,0.0,0.0,1.0,0.0,0.0,1.0,0.0
5616,0.4074074074074074,1.0,0.0,0.0,0.1111111111111111,1.0,0.6821771312868369,0.0,1.0,0.0,0.33333333333333337,0.3406079501169188,0.15481171548117123,0.17479029698481074,0.512287334593573,0.0,0.0,0.0,0.0,1.0,0.0,0.0,0.0,0.0,0.0,0.0,0.0,1.0,0.0,0.0,0.0,1.0,0.0,0.0,0.0,0.0,0.0,0.0,1.0,0.0
5617,0.2222222222222222,1.0,0.0,0.0,0.1111111111111111,1.0,0.8135321616790584,0.02631578947368421,1.0,0.0,0.33333333333333337,0.3406079501169188,0.15481171548117123,0.17479029698481074,0.512287334593573,1.0,0.0,0.0,0.0,0.0,0.0,0.0,0.0,0.0,0.0,0.0,0.0,0.0,1.0,0.0,0.0,0.0,0.0,0.0,0.0,1.0,0.0,0.0,1.0,0.0
5618,0.19753086419753085,1.0,0.0,0.0,0.1111111111111111,1.0,0.6996979850963346,0.02631578947368421,1.0,0.0,0.33333333333333337,0.3406079501169188,0.15481171548117123,0.17479029698481074,0.512287334593573,0.0,0.0,0.0,0.0,0.0,0.0,0.0,0.0,0.0,0.0,0.0,0.0,0.0,1.0,0.0,0.0,0.0,0.0,0.0,0.0,1.0,0.0,0.0,1.0,0.0
5619,0.19753086419753085,0.0,1.0,0.0,0.1111111111111111,1.0,0.7372430733823068,0.0,1.0,0.0,0.33333333333333337,0.3406079501169188,0.15481171548117123,0.17479029698481074,0.512287334593573,1.0,0.0,0.0,0.0,0.0,0.0,0.0,0.0,0.0,0.0,0.0,0.0,0.0,1.0,0.0,0.0,0.0,0.0,0.0,0.0,1.0,0.0,1.0,1.0,0.0
5620,0.4691358024691357,1.0,0.0,0.0,0.1111111111111111,1.0,0.45038280300177924,0.15789473684210525,1.0,0.14285714285714285,0.33333333333333337,0.3406079501169188,0.15481171548117123,0.17479029698481074,0.512287334593573,0.0,0.0,0.0,0.0,0.0,0.0,0.0,1.0,0.0,0.0,0.0,0.0,1.0,0.0,0.0,0.0,0.0,1.0,0.0,0.0,0.0,0.0,1.0,0.0,0.0
5621,0.25925925925925924,0.0,0.0,0.0,0.1111111111111111,1.0,0.8697076093370372,0.0,1.0,0.2857142857142857,0.33333333333333337,0.3406079501169188,0.15481171548117123,0.17479029698481074,0.512287334593573,1.0,0.0,0.0,0.0,0.0,0.0,0.0,0.0,0.0,1.0,0.0,0.0,1.0,0.0,0.0,0.0,0.0,0.0,0.0,1.0,0.0,0.0,1.0,0.0,0.0
5622,0.19753086419753085,0.0,0.0,0.0,0.1111111111111111,1.0,0.5369277818064884,0.05263157894736842,1.0,0.0,0.33333333333333337,0.3406079501169188,0.15481171548117123,0.17479029698481074,0.512287334593573,0.0,1.0,0.0,0.0,0.0,0.0,0.0,0.0,0.0,0.0,0.0,0.0,1.0,0.0,0.0,0.0,0.0,0.0,0.0,0.0,0.0,0.0,0.0,1.0,0.0
5623,0.24691358024691357,0.0,1.0,0.0,0.1111111111111111,1.0,0.6082306576679029,0.0,1.0,0.14285714285714285,0.33333333333333337,0.3406079501169188,0.15481171548117123,0.17479029698481074,0.512287334593573,0.0,0.0,0.0,0.0,0.0,0.0,0.0,1.0,0.0,0.0,0.0,0.0,1.0,0.0,0.0,0.0,0.0,1.0,0.0,0.0,0.0,0.0,0.0,0.0,0.0
5624,0.24691358024691357,1.0,0.0,0.0,0.1111111111111111,1.0,0.6965857625840003,0.0,1.0,0.0,0.33333333333333337,0.3406079501169188,0.15481171548117123,0.17479029698481074,0.512287334593573,0.0,0.0,0.0,0.0,0.0,0.0,0.0,0.0,0.0,1.0,0.0,0.0,1.0,0.0,0.0,0.0,0.0,0.0,0.0,1.0,0.0,0.0,0.0,1.0,0.0
5625,0.34567901234567905,0.0,1.0,0.0,0.1111111111111111,1.0,0.6082306576679029,0.05263157894736842,1.0,0.0,0.33333333333333337,0.3406079501169188,0.15481171548117123,0.17479029698481074,0.512287334593573,0.0,1.0,0.0,0.0,0.0,0.0,0.0,0.0,0.0,0.0,0.0,0.0,1.0,0.0,0.0,0.0,1.0,0.0,0.0,0.0,0.0,0.0,0.0,1.0,0.0
5626,0.19753086419753085,0.0,1.0,0.0,0.1111111111111111,1.0,0.7062681526322143,0.0,1.0,0.14285714285714285,0.33333333333333337,0.3406079501169188,0.15481171548117123,0.17479029698481074,0.512287334593573,1.0,0.0,0.0,0.0,0.0,0.0,0.0,0.0,0.0,1.0,0.0,0.0,1.0,0.0,0.0,0.0,0.0,0.0,0.0,1.0,0.0,0.0,0.0,0.0,0.0
5627,0.4074074074074074,1.0,1.0,0.0,0.1111111111111111,1.0,0.6273151724090865,0.0,1.0,0.0,0.33333333333333337,0.3406079501169188,0.15481171548117123,0.17479029698481074,0.512287334593573,0.0,0.0,0.0,0.0,1.0,0.0,0.0,0.0,0.0,0.0,0.0,0.0,1.0,0.0,0.0,0.0,0.0,0.0,0.0,0.0,1.0,0.0,0.0,1.0,0.0
5628,0.29629629629629634,0.0,0.0,0.0,0.1111111111111111,1.0,0.6949982196033254,0.05263157894736842,1.0,0.14285714285714285,0.33333333333333337,0.3406079501169188,0.15481171548117123,0.17479029698481074,0.512287334593573,1.0,1.0,0.0,0.0,0.0,0.0,0.0,0.0,0.0,0.0,0.0,0.0,1.0,0.0,0.0,0.0,1.0,0.0,0.0,0.0,0.0,0.0,0.0,0.0,0.0
5629,0.12345679012345678,1.0,0.0,0.0,0.1111111111111111,1.0,0.6628493172872891,0.0,1.0,0.0,0.33333333333333337,0.3406079501169188,0.15481171548117123,0.17479029698481074,0.512287334593573,0.0,0.0,0.0,0.0,0.0,0.0,0.0,0.0,0.0,0.0,1.0,0.0,0.0,1.0,0.0,0.0,1.0,0.0,0.0,0.0,0.0,0.0,0.0,1.0,0.0
5630,0.20987654320987653,1.0,0.0,0.0,0.1111111111111111,1.0,0.7619196121209837,0.0,1.0,0.0,0.33333333333333337,0.3406079501169188,0.15481171548117123,0.17479029698481074,0.512287334593573,0.0,0.0,0.0,0.0,0.0,0.0,0.0,0.0,0.0,0.0,0.0,0.0,0.0,0.0,0.0,0.0,0.0,0.0,0.0,0.0,1.0,0.0,0.0,1.0,0.0
5631,0.20987654320987653,0.0,1.0,0.0,0.1111111111111111,1.0,0.5125020940917573,0.05263157894736842,1.0,0.0,0.33333333333333337,0.3406079501169188,0.15481171548117123,0.17479029698481074,0.512287334593573,0.0,0.0,1.0,0.0,0.0,0.0,0.0,0.0,0.0,0.0,0.0,0.0,1.0,0.0,0.0,0.0,0.0,0.0,0.0,0.0,1.0,0.0,0.0,1.0,0.0
5632,0.2716049382716049,1.0,0.0,0.0,0.1111111111111111,1.0,0.7293978235737721,0.0,1.0,0.0,0.33333333333333337,0.3406079501169188,0.15481171548117123,0.17479029698481074,0.512287334593573,0.0,0.0,0.0,0.0,0.0,0.0,0.0,0.0,0.0,1.0,0.0,0.0,1.0,0.0,0.0,0.0,0.0,0.0,0.0,0.0,1.0,0.0,0.0,1.0,0.0
5633,0.20987654320987653,1.0,0.0,0.0,0.1111111111111111,1.0,0.6442246085825132,0.0,1.0,0.14285714285714285,0.33333333333333337,0.3406079501169188,0.15481171548117123,0.17479029698481074,0.512287334593573,0.0,1.0,0.0,0.0,0.0,0.0,0.0,0.0,0.0,0.0,0.0,0.0,1.0,0.0,0.0,0.0,1.0,0.0,0.0,0.0,0.0,0.0,0.0,0.0,0.0
5634,0.20987654320987653,1.0,1.0,1.0,0.1111111111111111,1.0,0.573494565885327,0.0,1.0,0.0,0.33333333333333337,0.3406079501169188,0.15481171548117123,0.17479029698481074,0.512287334593573,1.0,0.0,1.0,0.0,0.0,0.0,0.0,0.0,0.0,0.0,0.0,0.0,1.0,0.0,0.0,0.0,0.0,0.0,0.0,0.0,1.0,0.0,0.0,1.0,0.0
5635,0.2222222222222222,1.0,1.0,0.0,0.1111111111111111,1.0,0.5507832068127649,0.0,1.0,0.0,0.33333333333333337,0.3406079501169188,0.15481171548117123,0.17479029698481074,0.512287334593573,0.0,0.0,0.0,0.0,0.0,0.0,0.0,1.0,0.0,0.0,0.0,0.0,0.0,0.0,0.0,0.0,0.0,1.0,0.0,0.0,0.0,0.0,0.0,1.0,0.0
5636,0.34567901234567905,1.0,0.0,0.0,0.1111111111111111,1.0,0.7628210353018958,0.0,1.0,0.0,0.33333333333333337,0.3406079501169188,0.15481171548117123,0.17479029698481074,0.512287334593573,0.0,1.0,0.0,0.0,0.0,0.0,0.0,0.0,0.0,0.0,0.0,0.0,1.0,0.0,0.0,0.0,1.0,0.0,0.0,0.0,0.0,0.0,0.0,1.0,0.0
5637,0.34567901234567905,0.0,0.0,0.0,0.1111111111111111,1.0,0.6877466992608396,0.0,0.006006006006006006,0.14285714285714285,0.33333333333333337,0.3406079501169188,0.15481171548117123,0.17479029698481074,0.512287334593573,1.0,0.0,0.0,0.0,0.0,0.0,0.0,1.0,0.0,0.0,0.0,0.0,0.0,1.0,0.0,0.0,0.0,0.0,0.0,0.0,0.0,1.0,0.0,0.0,1.0
5638,0.18518518518518517,1.0,0.0,0.0,0.1111111111111111,1.0,0.8217570194690736,0.0,1.0,0.0,0.33333333333333337,0.3406079501169188,0.15481171548117123,0.17479029698481074,0.512287334593573,1.0,1.0,0.0,0.0,0.0,0.0,0.0,0.0,0.0,0.0,0.0,0.0,0.0,1.0,0.0,0.0,0.0,1.0,0.0,0.0,0.0,0.0,0.0,1.0,0.0
5639,0.25925925925925924,1.0,1.0,0.0,0.1111111111111111,1.0,0.773295849109271,0.02631578947368421,1.0,0.14285714285714285,0.33333333333333337,0.3406079501169188,0.15481171548117123,0.17479029698481074,0.512287334593573,1.0,0.0,0.0,0.0,0.0,0.0,0.0,0.0,0.0,0.0,1.0,0.0,0.0,0.0,0.0,0.0,0.0,1.0,0.0,0.0,0.0,0.0,0.0,0.0,0.0
5640,0.2345679012345679,1.0,0.0,0.0,0.1111111111111111,1.0,0.7331549540865699,0.05263157894736842,1.0,0.0,0.33333333333333337,0.3406079501169188,0.15481171548117123,0.17479029698481074,0.512287334593573,0.0,0.0,0.0,0.0,0.0,0.0,0.0,0.0,0.0,0.0,0.0,0.0,0.0,1.0,0.0,0.0,0.0,1.0,0.0,0.0,0.0,0.0,0.0,1.0,0.0
5641,0.2839506172839506,0.0,0.0,0.0,0.1111111111111111,1.0,0.7827622264100459,0.0,1.0,0.0,0.33333333333333337,0.3406079501169188,0.15481171548117123,0.17479029698481074,0.512287334593573,0.0,0.0,0.0,0.0,0.0,0.0,1.0,0.0,0.0,0.0,0.0,0.0,1.0,0.0,0.0,0.0,0.0,0.0,0.0,0.0,1.0,0.0,0.0,1.0,0.0
5642,0.30864197530864196,1.0,0.0,0.0,0.1111111111111111,1.0,0.573494565885327,0.0,1.0,0.14285714285714285,0.33333333333333337,0.3406079501169188,0.15481171548117123,0.17479029698481074,0.512287334593573,0.0,1.0,0.0,0.0,0.0,0.0,0.0,0.0,0.0,0.0,0.0,0.0,0.0,1.0,0.0,0.0,0.0,0.0,0.0,0.0,0.0,1.0,0.0,0.0,0.0
5643,0.2222222222222222,0.0,0.0,0.0,0.1111111111111111,1.0,0.6360734596286551,0.0,1.0,0.0,0.33333333333333337,0.3406079501169188,0.15481171548117123,0.17479029698481074,0.512287334593573,0.0,0.0,0.0,0.0,0.0,0.0,0.0,0.0,0.0,0.0,0.0,0.0,1.0,0.0,0.0,0.0,0.0,0.0,0.0,0.0,1.0,0.0,0.0,1.0,0.0
5644,0.2222222222222222,0.0,0.0,0.0,0.1111111111111111,1.0,0.7056857992177067,0.0,1.0,0.0,0.33333333333333337,0.3406079501169188,0.15481171548117123,0.17479029698481074,0.512287334593573,0.0,1.0,0.0,0.0,0.0,0.0,0.0,0.0,0.0,0.0,0.0,0.0,1.0,0.0,0.0,0.0,1.0,0.0,0.0,0.0,0.0,0.0,0.0,1.0,0.0
5645,0.24691358024691357,1.0,0.0,0.0,0.1111111111111111,1.0,0.6278820898893921,0.0,1.0,0.0,0.33333333333333337,0.3406079501169188,0.15481171548117123,0.17479029698481074,0.512287334593573,0.0,0.0,0.0,0.0,0.0,0.0,0.0,0.0,0.0,0.0,0.0,0.0,1.0,0.0,0.0,0.0,0.0,1.0,0.0,0.0,0.0,0.0,0.0,1.0,0.0
5646,0.29629629629629634,0.0,0.0,0.0,0.1111111111111111,1.0,0.5779008918534767,0.0,1.0,0.14285714285714285,0.33333333333333337,0.3406079501169188,0.15481171548117123,0.17479029698481074,0.512287334593573,0.0,0.0,0.0,0.0,0.0,0.0,0.0,0.0,0.0,0.0,1.0,0.0,1.0,0.0,0.0,0.0,1.0,0.0,0.0,0.0,0.0,0.0,1.0,0.0,0.0
5647,0.25925925925925924,1.0,0.0,0.0,0.1111111111111111,1.0,0.5507832068127649,0.0,1.0,0.0,0.33333333333333337,0.3406079501169188,0.15481171548117123,0.17479029698481074,0.512287334593573,1.0,0.0,0.0,0.0,0.0,0.0,0.0,0.0,0.0,0.0,0.0,0.0,1.0,0.0,0.0,0.0,0.0,0.0,0.0,0.0,1.0,0.0,0.0,1.0,0.0
5648,0.29629629629629634,0.0,0.0,0.0,0.1111111111111111,1.0,0.7255167243589877,0.0,1.0,0.0,0.33333333333333337,0.3406079501169188,0.15481171548117123,0.17479029698481074,0.512287334593573,1.0,0.0,0.0,0.0,0.0,0.0,0.0,0.0,0.0,0.0,0.0,0.0,1.0,0.0,0.0,0.0,0.0,0.0,0.0,0.0,1.0,0.0,0.0,1.0,0.0
5649,0.12345679012345678,1.0,0.0,0.0,0.1111111111111111,1.0,0.5518674094137875,0.0,1.0,0.0,0.33333333333333337,0.3406079501169188,0.15481171548117123,0.17479029698481074,0.512287334593573,1.0,0.0,0.0,0.0,0.0,0.0,0.0,0.0,0.0,0.0,0.0,0.0,0.0,1.0,0.0,0.0,0.0,1.0,0.0,0.0,0.0,0.0,0.0,1.0,0.0
5650,0.34567901234567905,0.0,0.0,0.0,0.1111111111111111,1.0,0.5417298832341686,0.05263157894736842,1.0,0.14285714285714285,0.33333333333333337,0.3406079501169188,0.15481171548117123,0.17479029698481074,0.512287334593573,0.0,1.0,0.0,0.0,0.0,0.0,0.0,0.0,0.0,0.0,0.0,0.0,1.0,0.0,0.0,0.0,1.0,0.0,0.0,0.0,0.0,0.0,0.0,0.0,0.0
5651,0.29629629629629634,0.0,0.0,0.0,0.1111111111111111,1.0,0.634480182683441,0.0,1.0,0.0,0.33333333333333337,0.3406079501169188,0.15481171548117123,0.17479029698481074,0.512287334593573,0.0,0.0,0.0,0.0,0.0,0.0,0.0,0.0,0.0,1.0,0.0,0.0,1.0,0.0,0.0,0.0,0.0,0.0,0.0,1.0,0.0,0.0,0.0,1.0,0.0
5652,0.06172839506172839,0.0,0.0,0.0,0.1111111111111111,1.0,0.5894268318375645,0.0,1.0,0.0,0.33333333333333337,0.3406079501169188,0.15481171548117123,0.17479029698481074,0.512287334593573,1.0,0.0,0.0,0.0,0.0,0.0,0.0,0.0,0.0,0.0,0.0,0.0,0.0,1.0,0.0,0.0,0.0,0.0,0.0,0.0,1.0,0.0,0.0,1.0,0.0
5653,0.419753086419753,0.0,0.0,0.0,0.1111111111111111,1.0,0.5862473099208212,0.02631578947368421,1.0,0.0,0.33333333333333337,0.3406079501169188,0.15481171548117123,0.17479029698481074,0.512287334593573,0.0,0.0,0.0,1.0,0.0,0.0,0.0,0.0,0.0,0.0,0.0,0.0,0.0,0.0,0.0,0.0,0.0,1.0,0.0,0.0,0.0,0.0,1.0,1.0,0.0
5654,0.6666666666666665,1.0,0.0,0.0,0.1111111111111111,1.0,0.6166136936809081,0.05263157894736842,1.0,0.0,0.33333333333333337,0.3406079501169188,0.15481171548117123,0.17479029698481074,0.512287334593573,1.0,0.0,0.0,0.0,0.0,1.0,0.0,0.0,0.0,0.0,0.0,0.0,0.0,1.0,0.0,0.0,0.0,0.0,0.0,0.0,0.0,1.0,0.0,1.0,0.0
5655,0.20987654320987653,0.0,0.0,0.0,0.1111111111111111,1.0,0.7823065699998472,0.0,1.0,0.0,0.33333333333333337,0.3406079501169188,0.15481171548117123,0.17479029698481074,0.512287334593573,1.0,0.0,0.0,0.0,0.0,0.0,0.0,0.0,0.0,1.0,0.0,0.0,1.0,0.0,0.0,0.0,0.0,0.0,0.0,0.0,1.0,0.0,0.0,1.0,0.0
5656,0.3333333333333333,1.0,0.0,0.0,0.1111111111111111,1.0,0.7036245548746948,0.02631578947368421,1.0,0.0,0.33333333333333337,0.3406079501169188,0.15481171548117123,0.17479029698481074,0.512287334593573,0.0,0.0,0.0,0.0,0.0,0.0,0.0,0.0,0.0,0.0,0.0,0.0,0.0,1.0,0.0,0.0,0.0,0.0,0.0,0.0,1.0,0.0,0.0,1.0,0.0
5657,0.19753086419753085,0.0,0.0,0.0,0.1111111111111111,1.0,0.5679794082497067,0.02631578947368421,1.0,0.0,0.33333333333333337,0.3406079501169188,0.15481171548117123,0.17479029698481074,0.512287334593573,0.0,0.0,0.0,0.0,0.0,0.0,0.0,0.0,0.0,1.0,0.0,0.0,0.0,1.0,0.0,0.0,0.0,1.0,0.0,0.0,0.0,0.0,0.0,1.0,0.0
5658,0.2345679012345679,1.0,0.0,0.0,0.1111111111111111,1.0,0.3400093138083381,0.07894736842105263,1.0,0.0,0.33333333333333337,0.3406079501169188,0.15481171548117123,0.17479029698481074,0.512287334593573,0.0,0.0,0.0,0.0,0.0,0.0,0.0,0.0,0.0,1.0,0.0,0.0,1.0,0.0,0.0,0.0,0.0,0.0,0.0,1.0,0.0,0.0,0.0,1.0,0.0
5659,0.25925925925925924,0.0,0.0,0.0,0.1111111111111111,1.0,0.6412337233355714,0.02631578947368421,1.0,0.0,0.33333333333333337,0.3406079501169188,0.15481171548117123,0.17479029698481074,0.512287334593573,0.0,0.0,0.0,0.0,0.0,0.0,0.0,0.0,0.0,1.0,0.0,0.0,1.0,0.0,0.0,0.0,0.0,0.0,0.0,1.0,0.0,0.0,1.0,1.0,0.0
5660,0.14814814814814814,1.0,0.0,0.0,0.1111111111111111,1.0,0.6048403610725471,0.10526315789473684,1.0,0.0,0.33333333333333337,0.3406079501169188,0.15481171548117123,0.17479029698481074,0.512287334593573,1.0,0.0,0.0,0.0,0.0,0.0,0.0,0.0,1.0,0.0,0.0,0.0,0.0,1.0,0.0,0.0,0.0,0.0,0.0,0.0,0.0,1.0,0.0,1.0,0.0
5661,0.20987654320987653,1.0,0.0,0.0,0.1111111111111111,1.0,0.6835944393892373,0.02631578947368421,1.0,0.0,0.33333333333333337,0.3406079501169188,0.15481171548117123,0.17479029698481074,0.512287334593573,0.0,1.0,0.0,0.0,0.0,0.0,0.0,0.0,0.0,0.0,0.0,0.0,1.0,0.0,0.0,0.0,1.0,0.0,0.0,0.0,0.0,0.0,0.0,1.0,0.0
5662,0.13580246913580246,0.0,0.0,0.0,0.1111111111111111,1.0,0.6412337233355714,0.02631578947368421,1.0,0.0,0.33333333333333337,0.3406079501169188,0.15481171548117123,0.17479029698481074,0.512287334593573,0.0,0.0,0.0,0.0,0.0,0.0,0.0,0.0,0.0,1.0,0.0,0.0,0.0,1.0,0.0,0.0,0.0,0.0,0.0,0.0,1.0,0.0,0.0,1.0,0.0
5663,0.20987654320987653,1.0,0.0,0.0,0.1111111111111111,1.0,0.5474693214896542,0.05263157894736842,1.0,0.0,0.33333333333333337,0.3406079501169188,0.15481171548117123,0.17479029698481074,0.512287334593573,1.0,0.0,1.0,0.0,0.0,0.0,0.0,0.0,0.0,0.0,0.0,0.0,1.0,0.0,0.0,0.0,0.0,0.0,0.0,0.0,1.0,0.0,0.0,1.0,0.0
5664,0.3209876543209876,1.0,0.0,0.0,0.1111111111111111,1.0,0.5977517620704379,0.02631578947368421,1.0,0.0,0.33333333333333337,0.3406079501169188,0.15481171548117123,0.17479029698481074,0.512287334593573,0.0,1.0,0.0,0.0,0.0,0.0,0.0,0.0,0.0,0.0,0.0,0.0,1.0,0.0,0.0,1.0,0.0,0.0,0.0,0.0,0.0,0.0,0.0,1.0,0.0
5665,0.4938271604938272,0.0,0.0,0.0,0.1111111111111111,1.0,0.6255978404568726,0.02631578947368421,1.0,0.14285714285714285,0.33333333333333337,0.3406079501169188,0.15481171548117123,0.17479029698481074,0.512287334593573,0.0,0.0,0.0,0.0,0.0,1.0,0.0,0.0,0.0,0.0,0.0,0.0,1.0,0.0,0.0,1.0,0.0,0.0,0.0,0.0,0.0,0.0,1.0,0.0,0.0
5666,0.419753086419753,0.0,0.0,0.0,0.1111111111111111,1.0,0.7405445571293703,0.02631578947368421,1.0,0.14285714285714285,0.33333333333333337,0.3406079501169188,0.15481171548117123,0.17479029698481074,0.512287334593573,0.0,1.0,0.0,0.0,0.0,0.0,0.0,0.0,0.0,0.0,0.0,0.0,1.0,0.0,0.0,0.0,1.0,0.0,0.0,0.0,0.0,0.0,1.0,0.0,0.0
5667,0.39506172839506176,0.0,0.0,0.0,0.1111111111111111,1.0,0.6984629590595263,0.0,1.0,0.0,0.33333333333333337,0.3406079501169188,0.15481171548117123,0.17479029698481074,0.512287334593573,1.0,0.0,0.0,0.0,0.0,0.0,0.0,0.0,0.0,1.0,0.0,0.0,1.0,0.0,0.0,0.0,0.0,0.0,0.0,0.0,0.0,1.0,0.0,1.0,0.0
5668,0.19753086419753085,0.0,0.0,0.0,0.1111111111111111,1.0,0.635013676339261,0.13157894736842105,1.0,0.0,0.33333333333333337,0.3406079501169188,0.15481171548117123,0.17479029698481074,0.512287334593573,0.0,0.0,0.0,0.0,0.0,0.0,0.0,0.0,0.0,0.0,0.0,0.0,1.0,0.0,0.0,0.0,0.0,1.0,0.0,0.0,0.0,0.0,1.0,1.0,0.0
5669,0.1111111111111111,1.0,0.0,0.0,0.1111111111111111,1.0,0.6984629590595263,0.0,1.0,0.0,0.33333333333333337,0.3406079501169188,0.15481171548117123,0.17479029698481074,0.512287334593573,1.0,0.0,0.0,0.0,0.0,0.0,0.0,0.0,0.0,1.0,0.0,0.0,0.0,1.0,0.0,0.0,0.0,0.0,0.0,1.0,0.0,0.0,0.0,1.0,0.0
5670,0.5308641975308641,0.0,0.0,0.0,0.1111111111111111,1.0,0.6480977205520548,0.05263157894736842,1.0,0.0,0.33333333333333337,0.3406079501169188,0.15481171548117123,0.17479029698481074,0.512287334593573,0.0,0.0,0.0,0.0,0.0,0.0,0.0,0.0,0.0,0.0,0.0,0.0,1.0,0.0,0.0,0.0,0.0,0.0,0.0,0.0,1.0,0.0,0.0,1.0,0.0
5671,0.24691358024691357,1.0,0.0,0.0,0.1111111111111111,1.0,0.8270759702130835,0.05263157894736842,1.0,0.0,0.33333333333333337,0.3406079501169188,0.15481171548117123,0.17479029698481074,0.512287334593573,0.0,0.0,1.0,0.0,0.0,0.0,0.0,0.0,0.0,0.0,0.0,0.0,1.0,0.0,0.0,0.0,0.0,0.0,0.0,0.0,0.0,0.0,0.0,1.0,0.0
5672,0.4691358024691357,1.0,0.0,0.0,0.1111111111111111,1.0,0.8065609304983775,0.02631578947368421,1.0,0.0,0.33333333333333337,0.3406079501169188,0.15481171548117123,0.17479029698481074,0.512287334593573,1.0,0.0,0.0,0.0,1.0,0.0,0.0,0.0,0.0,0.0,0.0,0.0,1.0,0.0,0.0,0.0,0.0,0.0,0.0,0.0,1.0,0.0,0.0,1.0,0.0
5673,0.2839506172839506,0.5,0.5,0.0,0.1111111111111111,1.0,0.9389323883321634,0.02631578947368421,1.0,0.0,0.33333333333333337,0.3406079501169188,0.15481171548117123,0.17479029698481074,0.512287334593573,1.0,0.0,0.0,1.0,0.0,0.0,0.0,0.0,0.0,0.0,0.0,0.0,1.0,0.0,0.0,1.0,0.0,0.0,0.0,0.0,0.0,0.0,1.0,1.0,0.0
5674,0.2222222222222222,0.0,0.0,0.0,0.1111111111111111,1.0,0.5870502833422594,0.02631578947368421,0.005005005005005005,0.2857142857142857,0.33333333333333337,0.3406079501169188,0.15481171548117123,0.17479029698481074,0.512287334593573,0.0,0.0,0.0,0.0,0.0,0.0,0.0,0.0,0.0,0.0,0.0,0.0,0.0,1.0,0.0,0.0,0.0,1.0,0.0,0.0,0.0,0.0,0.0,0.0,1.0
5675,0.35802469135802467,0.5,0.5,0.0,0.1111111111111111,1.0,0.599923549592398,0.02631578947368421,1.0,0.14285714285714285,0.33333333333333337,0.3406079501169188,0.15481171548117123,0.17479029698481074,0.512287334593573,0.0,1.0,0.0,0.0,0.0,0.0,0.0,0.0,0.0,0.0,0.0,0.0,0.0,1.0,0.0,0.0,0.0,0.0,0.0,0.0,0.0,0.0,0.0,0.0,0.0
5676,0.34567901234567905,1.0,0.0,0.0,0.1111111111111111,1.0,0.6006386590863215,0.07894736842105263,1.0,0.0,0.33333333333333337,0.3406079501169188,0.15481171548117123,0.17479029698481074,0.512287334593573,1.0,0.0,0.0,0.0,0.0,0.0,0.0,1.0,0.0,0.0,0.0,0.0,0.0,1.0,0.0,0.0,0.0,0.0,0.0,0.0,0.0,1.0,0.0,1.0,0.0
5677,0.18518518518518517,0.0,0.0,0.0,0.1111111111111111,1.0,0.5909849360662706,0.07894736842105263,1.0,0.14285714285714285,0.33333333333333337,0.3406079501169188,0.15481171548117123,0.17479029698481074,0.512287334593573,0.0,1.0,0.0,0.0,0.0,0.0,0.0,0.0,0.0,0.0,0.0,0.0,0.0,1.0,0.0,0.0,0.0,1.0,0.0,0.0,0.0,0.0,0.0,0.0,0.0
5678,0.2345679012345679,0.0,0.0,0.0,0.1111111111111111,1.0,0.7237776302848941,0.05263157894736842,1.0,0.0,0.33333333333333337,0.3406079501169188,0.15481171548117123,0.17479029698481074,0.512287334593573,0.0,0.0,0.0,0.0,0.0,0.0,0.0,1.0,0.0,0.0,0.0,0.0,1.0,0.0,0.0,0.0,0.0,1.0,0.0,0.0,0.0,0.0,0.0,1.0,0.0
5679,0.12345679012345678,0.0,0.0,0.0,0.1111111111111111,1.0,0.4578148625383481,0.02631578947368421,1.0,0.14285714285714285,0.33333333333333337,0.3406079501169188,0.15481171548117123,0.17479029698481074,0.512287334593573,0.0,0.0,0.0,0.0,0.0,0.0,0.0,0.0,0.0,0.0,1.0,0.0,0.0,1.0,0.0,0.0,1.0,0.0,0.0,0.0,0.0,0.0,0.0,0.0,0.0
5680,0.14814814814814814,0.0,0.0,1.0,0.1111111111111111,1.0,0.4578148625383481,0.02631578947368421,1.0,0.0,0.33333333333333337,0.3406079501169188,0.15481171548117123,0.17479029698481074,0.512287334593573,0.0,0.0,0.0,0.0,0.0,0.0,0.0,0.0,0.0,0.0,0.0,0.0,0.0,1.0,0.0,0.0,0.0,0.0,0.0,0.0,1.0,0.0,0.0,1.0,0.0
5681,0.4444444444444445,1.0,0.0,0.0,0.1111111111111111,1.0,0.686722293807522,0.02631578947368421,1.0,0.0,0.33333333333333337,0.3406079501169188,0.15481171548117123,0.17479029698481074,0.512287334593573,0.0,1.0,0.0,0.0,0.0,0.0,0.0,0.0,0.0,0.0,0.0,0.0,1.0,0.0,0.0,0.0,0.0,0.0,0.0,0.0,0.0,0.0,0.0,1.0,0.0
5682,0.19753086419753085,1.0,0.0,0.0,0.1111111111111111,1.0,0.506309340633733,0.02631578947368421,1.0,0.0,0.33333333333333337,0.3406079501169188,0.15481171548117123,0.17479029698481074,0.512287334593573,0.0,0.0,0.0,0.0,0.0,0.0,0.0,1.0,0.0,0.0,0.0,0.0,0.0,1.0,0.0,0.0,0.0,1.0,0.0,0.0,0.0,0.0,0.0,1.0,0.0
5683,0.13580246913580246,0.0,0.0,1.0,0.1111111111111111,1.0,0.7033271207099517,0.02631578947368421,1.0,0.0,0.33333333333333337,0.3406079501169188,0.15481171548117123,0.17479029698481074,0.512287334593573,1.0,0.0,0.0,0.0,0.0,0.0,0.0,0.0,0.0,0.0,0.0,0.0,0.0,1.0,0.0,0.0,0.0,0.0,0.0,0.0,1.0,0.0,0.0,1.0,0.0
5684,0.34567901234567905,1.0,1.0,0.0,0.1111111111111111,1.0,0.7595430636256786,0.05263157894736842,1.0,0.0,0.33333333333333337,0.3406079501169188,0.15481171548117123,0.17479029698481074,0.512287334593573,1.0,0.0,0.0,0.0,0.0,0.0,0.0,0.0,0.0,0.0,0.0,0.0,1.0,0.0,0.0,0.0,0.0,1.0,0.0,0.0,0.0,0.0,0.0,1.0,0.0
5685,0.25925925925925924,0.0,0.0,1.0,0.1111111111111111,1.0,0.6789243392652736,0.05263157894736842,0.006006006006006006,0.14285714285714285,0.33333333333333337,0.3406079501169188,0.15481171548117123,0.17479029698481074,0.512287334593573,1.0,0.0,0.0,0.0,0.0,0.0,0.0,0.0,0.0,1.0,0.0,0.0,0.0,0.0,0.0,0.0,0.0,1.0,0.0,0.0,0.0,0.0,0.0,0.0,1.0
5686,0.2716049382716049,1.0,0.0,0.0,0.1111111111111111,1.0,0.6594393640539922,0.02631578947368421,1.0,0.0,0.33333333333333337,0.3406079501169188,0.15481171548117123,0.17479029698481074,0.512287334593573,1.0,0.0,0.0,0.0,1.0,0.0,0.0,0.0,0.0,0.0,0.0,0.0,0.0,1.0,0.0,0.0,0.0,0.0,0.0,0.0,1.0,0.0,0.0,1.0,0.0
5687,0.38271604938271603,0.0,1.0,0.0,0.1111111111111111,1.0,0.9020923322789619,0.05263157894736842,1.0,0.0,0.33333333333333337,0.3406079501169188,0.15481171548117123,0.17479029698481074,0.512287334593573,1.0,0.0,0.0,0.0,0.0,0.0,0.0,0.0,0.0,0.0,0.0,0.0,0.0,0.0,0.0,0.0,0.0,1.0,0.0,0.0,0.0,0.0,0.0,1.0,0.0
5688,0.5308641975308641,1.0,0.0,0.0,0.1111111111111111,1.0,0.6767047422935657,0.02631578947368421,1.0,0.0,0.33333333333333337,0.3406079501169188,0.15481171548117123,0.17479029698481074,0.512287334593573,1.0,0.0,0.0,0.0,0.0,1.0,0.0,0.0,0.0,0.0,0.0,0.0,1.0,0.0,0.0,0.0,0.0,0.0,0.0,0.0,0.0,0.0,1.0,1.0,0.0
5689,0.1728395061728395,1.0,0.0,0.0,0.1111111111111111,1.0,0.7798461373107751,0.05263157894736842,1.0,0.0,0.33333333333333337,0.3406079501169188,0.15481171548117123,0.17479029698481074,0.512287334593573,0.0,0.0,0.0,0.0,0.0,0.0,0.0,0.0,1.0,0.0,0.0,0.0,0.0,1.0,0.0,0.0,0.0,1.0,0.0,0.0,0.0,0.0,0.0,1.0,0.0
5690,0.2839506172839506,1.0,0.0,0.0,0.1111111111111111,1.0,0.8142302951790878,0.02631578947368421,1.0,0.0,0.33333333333333337,0.3406079501169188,0.15481171548117123,0.17479029698481074,0.512287334593573,0.0,0.0,1.0,0.0,0.0,0.0,0.0,0.0,0.0,0.0,0.0,0.0,1.0,0.0,0.0,0.0,1.0,0.0,0.0,0.0,0.0,0.0,0.0,1.0,0.0
5691,0.20987654320987653,1.0,1.0,0.0,0.1111111111111111,1.0,0.6115259753720838,0.02631578947368421,1.0,0.14285714285714285,0.33333333333333337,0.3406079501169188,0.15481171548117123,0.17479029698481074,0.512287334593573,0.0,0.0,0.0,0.0,0.0,0.0,0.0,0.0,0.0,1.0,0.0,0.0,0.0,0.0,0.0,0.0,0.0,0.0,0.0,1.0,0.0,0.0,0.0,0.0,0.0
5692,0.3209876543209876,0.0,0.0,0.0,0.1111111111111111,1.0,0.6238550656258994,0.02631578947368421,1.0,0.0,0.33333333333333337,0.3406079501169188,0.15481171548117123,0.17479029698481074,0.512287334593573,0.0,1.0,0.0,0.0,0.0,0.0,0.0,0.0,0.0,0.0,0.0,0.0,1.0,0.0,0.0,1.0,0.0,0.0,0.0,0.0,0.0,0.0,0.0,1.0,0.0
5693,0.34567901234567905,0.0,0.0,1.0,0.1111111111111111,1.0,0.7405445571293703,0.0,1.0,0.0,0.33333333333333337,0.3406079501169188,0.15481171548117123,0.17479029698481074,0.512287334593573,1.0,0.0,0.0,0.0,0.0,0.0,0.0,1.0,0.0,0.0,0.0,0.0,0.0,1.0,0.0,0.0,0.0,0.0,0.0,0.0,0.0,1.0,0.0,1.0,0.0
5694,0.34567901234567905,1.0,0.0,0.0,0.1111111111111111,0.0,0.5962813035550764,0.02631578947368421,1.0,0.0,0.33333333333333337,0.3406079501169188,0.15481171548117123,0.17479029698481074,0.512287334593573,1.0,0.0,0.0,1.0,0.0,0.0,0.0,0.0,0.0,0.0,0.0,0.0,1.0,0.0,0.0,0.0,0.0,0.0,0.0,0.0,0.0,0.0,0.0,1.0,0.0
5695,0.024691358024691357,1.0,1.0,0.0,0.1111111111111111,0.0,0.6273151724090865,0.0,1.0,0.0,0.33333333333333337,0.3406079501169188,0.15481171548117123,0.17479029698481074,0.512287334593573,1.0,0.0,0.0,0.0,0.0,0.0,0.0,0.0,1.0,0.0,0.0,0.0,0.0,1.0,0.0,0.0,0.0,0.0,0.0,0.0,0.0,1.0,0.0,1.0,0.0
5696,0.5308641975308641,1.0,1.0,1.0,0.1111111111111111,0.0,0.7003106695515843,0.10526315789473684,1.0,0.0,0.33333333333333337,0.3406079501169188,0.15481171548117123,0.17479029698481074,0.512287334593573,0.0,0.0,0.0,0.0,0.0,1.0,0.0,0.0,0.0,0.0,0.0,0.0,1.0,0.0,0.0,1.0,0.0,0.0,0.0,0.0,0.0,0.0,0.0,1.0,0.0
5697,0.024691358024691357,1.0,0.0,0.0,0.1111111111111111,0.0,0.7157509980005988,0.0,1.0,0.0,0.33333333333333337,0.3406079501169188,0.15481171548117123,0.17479029698481074,0.512287334593573,1.0,0.0,0.0,0.0,0.0,0.0,0.0,0.0,1.0,0.0,0.0,0.0,0.0,1.0,0.0,0.0,0.0,0.0,0.0,0.0,0.0,1.0,0.0,1.0,0.0
5698,0.2839506172839506,0.0,0.0,0.0,0.1111111111111111,0.0,0.8464069359842898,0.02631578947368421,1.0,0.0,0.33333333333333337,0.3406079501169188,0.15481171548117123,0.17479029698481074,0.512287334593573,1.0,0.0,0.0,0.0,0.0,0.0,0.0,1.0,0.0,0.0,0.0,0.0,0.0,1.0,0.0,0.0,0.0,1.0,0.0,0.0,0.0,0.0,0.0,1.0,0.0
5699,0.13580246913580246,0.0,0.0,0.0,0.1111111111111111,0.0,0.782610536963514,0.02631578947368421,1.0,0.0,0.33333333333333337,0.3406079501169188,0.15481171548117123,0.17479029698481074,0.512287334593573,0.0,0.0,1.0,0.0,0.0,0.0,0.0,0.0,0.0,0.0,0.0,0.0,1.0,0.0,0.0,0.0,0.0,0.0,0.0,0.0,1.0,0.0,1.0,1.0,0.0
5700,0.38271604938271603,1.0,0.0,0.0,0.1111111111111111,0.0,0.8343359693145185,0.05263157894736842,1.0,0.0,0.33333333333333337,0.3406079501169188,0.15481171548117123,0.17479029698481074,0.512287334593573,1.0,0.0,0.0,0.0,0.0,0.0,0.0,1.0,0.0,0.0,0.0,0.0,0.0,1.0,0.0,0.0,0.0,1.0,0.0,0.0,0.0,0.0,0.0,1.0,0.0
5701,0.18518518518518517,0.0,0.0,0.0,0.1111111111111111,0.0,0.5485843549516803,0.0,1.0,0.0,0.33333333333333337,0.3406079501169188,0.15481171548117123,0.17479029698481074,0.512287334593573,0.0,0.0,0.0,0.0,0.0,0.0,0.0,0.0,0.0,1.0,0.0,0.0,0.0,0.0,0.0,0.0,1.0,0.0,0.0,0.0,0.0,0.0,0.0,1.0,0.0
5702,0.38271604938271603,0.0,0.0,0.0,0.1111111111111111,0.0,0.8251887348242504,0.05263157894736842,1.0,0.0,0.33333333333333337,0.3406079501169188,0.15481171548117123,0.17479029698481074,0.512287334593573,1.0,0.0,0.0,0.0,0.0,0.0,0.0,1.0,0.0,0.0,0.0,0.0,1.0,0.0,0.0,0.0,0.0,1.0,0.0,0.0,0.0,0.0,0.0,1.0,0.0
5703,0.16049382716049382,0.0,0.0,0.0,0.1111111111111111,0.0,0.7458491144848195,0.0,1.0,0.0,0.33333333333333337,0.3406079501169188,0.15481171548117123,0.17479029698481074,0.512287334593573,0.0,0.0,0.0,0.0,0.0,0.0,0.0,0.0,0.0,0.0,0.0,0.0,1.0,0.0,0.0,0.0,0.0,1.0,0.0,0.0,0.0,0.0,0.0,1.0,0.0
5704,0.09876543209876543,1.0,0.0,0.0,0.1111111111111111,0.0,0.6386818846696665,0.10526315789473684,1.0,0.0,0.33333333333333337,0.3406079501169188,0.15481171548117123,0.17479029698481074,0.512287334593573,1.0,0.0,0.0,0.0,0.0,0.0,1.0,0.0,0.0,0.0,0.0,0.0,0.0,0.0,0.0,0.0,0.0,0.0,0.0,0.0,1.0,0.0,0.0,1.0,0.0
5705,0.5185185185185184,1.0,0.0,0.0,0.1111111111111111,0.0,0.7949894572644526,0.0,1.0,0.0,0.33333333333333337,0.3406079501169188,0.15481171548117123,0.17479029698481074,0.512287334593573,1.0,0.0,0.0,0.0,0.0,0.0,1.0,0.0,0.0,0.0,0.0,0.0,1.0,0.0,0.0,0.0,0.0,0.0,0.0,1.0,0.0,0.0,0.0,1.0,0.0
5706,0.2839506172839506,0.0,0.0,0.0,0.1111111111111111,0.0,0.8642248783375625,0.0,1.0,0.0,0.33333333333333337,0.3406079501169188,0.15481171548117123,0.17479029698481074,0.512287334593573,1.0,1.0,0.0,0.0,0.0,0.0,0.0,0.0,0.0,0.0,0.0,0.0,1.0,0.0,0.0,0.0,0.0,0.0,0.0,0.0,0.0,0.0,0.0,1.0,0.0
5707,0.25925925925925924,0.0,0.0,1.0,0.1111111111111111,0.0,0.5651217337279456,0.07894736842105263,1.0,0.0,0.33333333333333337,0.3406079501169188,0.15481171548117123,0.17479029698481074,0.512287334593573,0.0,0.0,0.0,0.0,0.0,0.0,0.0,0.0,0.0,0.0,0.0,0.0,1.0,0.0,0.0,0.0,0.0,1.0,0.0,0.0,0.0,0.0,1.0,1.0,0.0
5708,0.2222222222222222,1.0,0.0,0.0,0.1111111111111111,0.0,0.614731491134803,0.05263157894736842,1.0,0.14285714285714285,0.33333333333333337,0.3406079501169188,0.15481171548117123,0.17479029698481074,0.512287334593573,0.0,0.0,0.0,0.0,0.0,0.0,0.0,0.0,0.0,1.0,0.0,0.0,1.0,0.0,0.0,0.0,0.0,0.0,0.0,0.0,1.0,0.0,0.0,0.0,0.0
5709,0.3333333333333333,0.0,0.0,0.0,0.1111111111111111,0.0,0.7130403907570831,0.0,1.0,0.0,0.33333333333333337,0.3406079501169188,0.15481171548117123,0.17479029698481074,0.512287334593573,0.0,1.0,0.0,0.0,0.0,0.0,0.0,0.0,0.0,0.0,0.0,0.0,1.0,0.0,0.0,1.0,0.0,0.0,0.0,0.0,0.0,0.0,0.0,1.0,0.0
5710,0.24691358024691357,1.0,0.0,0.0,0.1111111111111111,0.0,0.6729097309439991,0.0,1.0,0.14285714285714285,0.33333333333333337,0.3406079501169188,0.15481171548117123,0.17479029698481074,0.512287334593573,0.0,1.0,0.0,0.0,0.0,0.0,0.0,0.0,0.0,0.0,0.0,0.0,0.0,1.0,0.0,0.0,0.0,0.0,0.0,1.0,0.0,0.0,0.0,0.0,0.0
5711,0.20987654320987653,1.0,0.0,0.0,0.1111111111111111,0.0,0.5660820259952785,0.05263157894736842,1.0,0.0,0.33333333333333337,0.3406079501169188,0.15481171548117123,0.17479029698481074,0.512287334593573,0.0,0.0,0.0,0.0,0.0,0.0,0.0,0.0,0.0,1.0,0.0,0.0,1.0,0.0,0.0,0.0,0.0,0.0,0.0,1.0,0.0,0.0,0.0,1.0,0.0
5712,0.2839506172839506,1.0,0.0,1.0,0.1111111111111111,0.0,0.7390153878779311,0.0,1.0,0.0,0.33333333333333337,0.3406079501169188,0.15481171548117123,0.17479029698481074,0.512287334593573,0.0,1.0,0.0,0.0,0.0,0.0,0.0,0.0,0.0,0.0,0.0,0.0,1.0,0.0,0.0,1.0,0.0,0.0,0.0,0.0,0.0,0.0,1.0,1.0,0.0
5713,0.3209876543209876,1.0,0.0,0.0,0.1111111111111111,0.0,0.7656600303932715,0.07894736842105263,0.011011011011011011,0.14285714285714285,0.33333333333333337,0.3406079501169188,0.15481171548117123,0.17479029698481074,0.512287334593573,1.0,0.0,0.0,0.0,0.0,0.0,0.0,0.0,0.0,0.0,0.0,0.0,0.0,1.0,0.0,0.0,0.0,0.0,0.0,0.0,1.0,0.0,0.0,0.0,1.0
5714,0.19753086419753085,1.0,0.0,0.0,0.1111111111111111,0.0,0.481638834621511,0.0,1.0,0.0,0.33333333333333337,0.3406079501169188,0.15481171548117123,0.17479029698481074,0.512287334593573,0.0,0.0,0.0,0.0,0.0,0.0,0.0,0.0,0.0,1.0,0.0,0.0,1.0,0.0,0.0,0.0,0.0,1.0,0.0,0.0,0.0,0.0,0.0,1.0,0.0
5715,0.30864197530864196,1.0,0.0,0.0,0.1111111111111111,0.0,0.3400093138083381,0.13157894736842105,1.0,0.0,0.33333333333333337,0.3406079501169188,0.15481171548117123,0.17479029698481074,0.512287334593573,0.0,0.0,0.0,0.0,0.0,0.0,0.0,1.0,0.0,0.0,0.0,0.0,1.0,0.0,0.0,0.0,0.0,0.0,0.0,0.0,1.0,0.0,0.0,1.0,0.0
5716,0.2839506172839506,1.0,1.0,0.0,0.1111111111111111,0.0,0.6767047422935657,0.0,1.0,0.0,0.33333333333333337,0.3406079501169188,0.15481171548117123,0.17479029698481074,0.512287334593573,0.0,0.0,0.0,0.0,0.0,0.0,0.0,0.0,0.0,1.0,0.0,0.0,1.0,0.0,0.0,0.0,0.0,0.0,0.0,1.0,0.0,0.0,0.0,1.0,0.0
5717,0.2839506172839506,1.0,0.0,0.0,0.1111111111111111,0.0,0.5761581170225034,0.0,1.0,0.0,0.33333333333333337,0.3406079501169188,0.15481171548117123,0.17479029698481074,0.512287334593573,1.0,0.0,0.0,0.0,0.0,0.0,0.0,0.0,0.0,0.0,0.0,0.0,0.0,1.0,0.0,0.0,0.0,1.0,0.0,0.0,0.0,0.0,0.0,1.0,0.0
5718,0.1111111111111111,1.0,0.0,0.0,0.1111111111111111,0.0,0.6178519698461769,0.0,1.0,0.0,0.33333333333333337,0.3406079501169188,0.15481171548117123,0.17479029698481074,0.512287334593573,1.0,0.0,0.0,0.0,0.0,0.0,0.0,0.0,0.0,0.0,0.0,0.0,0.0,1.0,0.0,0.0,0.0,1.0,0.0,0.0,0.0,0.0,0.0,1.0,0.0
5719,0.24691358024691357,1.0,0.0,0.0,0.1111111111111111,0.0,0.2708649416170843,0.10526315789473684,1.0,0.0,0.33333333333333337,0.3406079501169188,0.15481171548117123,0.17479029698481074,0.512287334593573,0.0,1.0,0.0,0.0,0.0,0.0,0.0,0.0,0.0,0.0,0.0,0.0,1.0,0.0,0.0,0.0,0.0,1.0,0.0,0.0,0.0,0.0,0.0,1.0,0.0
5720,0.1111111111111111,0.0,0.0,0.0,0.1111111111111111,0.0,0.7842684588897537,0.0,1.0,0.0,0.33333333333333337,0.3406079501169188,0.15481171548117123,0.17479029698481074,0.512287334593573,1.0,0.0,0.0,0.0,0.0,0.0,0.0,0.0,0.0,0.0,0.0,0.0,0.0,1.0,0.0,0.0,0.0,1.0,0.0,0.0,0.0,0.0,0.0,1.0,0.0
5721,0.4074074074074074,1.0,0.0,0.0,0.1111111111111111,0.0,0.3017282010873305,0.13157894736842105,1.0,0.0,0.33333333333333337,0.3406079501169188,0.15481171548117123,0.17479029698481074,0.512287334593573,0.0,0.0,0.0,0.0,0.0,0.0,0.0,1.0,0.0,0.0,0.0,0.0,1.0,0.0,0.0,0.0,0.0,1.0,0.0,0.0,0.0,0.0,0.0,1.0,0.0
5722,0.43209876543209874,1.0,1.0,0.0,0.1111111111111111,0.0,0.2708649416170843,0.10526315789473684,1.0,0.14285714285714285,0.33333333333333337,0.3406079501169188,0.15481171548117123,0.17479029698481074,0.512287334593573,0.0,0.0,0.0,0.0,0.0,0.0,0.0,0.0,0.0,0.0,0.0,0.0,0.0,0.0,0.0,0.0,1.0,0.0,0.0,0.0,0.0,0.0,0.0,0.0,0.0
5723,0.18518518518518517,1.0,0.0,0.0,0.1111111111111111,0.0,0.77280192893164,0.07894736842105263,1.0,0.0,0.33333333333333337,0.3406079501169188,0.15481171548117123,0.17479029698481074,0.512287334593573,1.0,0.0,0.0,0.0,0.0,0.0,0.0,0.0,1.0,0.0,0.0,0.0,0.0,1.0,0.0,0.0,0.0,0.0,0.0,0.0,1.0,0.0,0.0,1.0,0.0
5724,0.2839506172839506,1.0,0.0,0.0,0.1111111111111111,0.0,0.5047088377203057,0.0,1.0,0.14285714285714285,0.33333333333333337,0.3406079501169188,0.15481171548117123,0.17479029698481074,0.512287334593573,0.0,0.0,0.0,0.0,0.0,0.0,0.0,1.0,0.0,0.0,0.0,0.0,1.0,0.0,0.0,0.0,0.0,1.0,0.0,0.0,0.0,0.0,0.0,0.0,0.0
5725,0.2222222222222222,1.0,0.0,0.0,0.1111111111111111,0.0,0.35240341381759965,0.10526315789473684,1.0,0.0,0.33333333333333337,0.3406079501169188,0.15481171548117123,0.17479029698481074,0.512287334593573,0.0,1.0,0.0,0.0,0.0,0.0,0.0,0.0,0.0,0.0,0.0,0.0,1.0,0.0,0.0,0.0,0.0,1.0,0.0,0.0,0.0,0.0,1.0,1.0,0.0
5726,0.20987654320987653,1.0,1.0,0.0,0.1111111111111111,0.0,0.5507832068127649,0.0,1.0,0.0,0.33333333333333337,0.3406079501169188,0.15481171548117123,0.17479029698481074,0.512287334593573,1.0,0.0,0.0,0.0,1.0,0.0,0.0,0.0,0.0,0.0,0.0,0.0,1.0,0.0,0.0,0.0,0.0,0.0,0.0,0.0,1.0,0.0,0.0,1.0,0.0
5727,0.6296296296296295,1.0,0.0,0.0,0.1111111111111111,0.0,0.6202900913078108,0.0,1.0,0.0,0.33333333333333337,0.3406079501169188,0.15481171548117123,0.17479029698481074,0.512287334593573,1.0,0.0,0.0,0.0,0.0,1.0,0.0,0.0,0.0,0.0,0.0,0.0,1.0,0.0,0.0,0.0,0.0,1.0,0.0,0.0,0.0,0.0,0.0,1.0,0.0
5728,0.16049382716049382,0.0,0.0,0.0,0.1111111111111111,0.0,0.5381468098084997,0.0,1.0,0.0,0.33333333333333337,0.3406079501169188,0.15481171548117123,0.17479029698481074,0.512287334593573,0.0,0.0,0.0,0.0,0.0,0.0,0.0,0.0,0.0,1.0,0.0,0.0,0.0,0.0,0.0,0.0,0.0,0.0,0.0,0.0,1.0,0.0,0.0,1.0,0.0
5729,0.2839506172839506,1.0,0.0,0.0,0.1111111111111111,0.0,0.6020559671887218,0.07894736842105263,1.0,0.0,0.33333333333333337,0.3406079501169188,0.15481171548117123,0.17479029698481074,0.512287334593573,0.0,0.0,0.0,0.0,0.0,1.0,0.0,0.0,0.0,0.0,0.0,0.0,0.0,1.0,0.0,0.0,0.0,1.0,0.0,0.0,0.0,0.0,0.0,1.0,0.0
5730,0.1111111111111111,0.0,0.0,1.0,0.1111111111111111,0.0,0.6328650293995502,0.02631578947368421,1.0,0.0,0.33333333333333337,0.3406079501169188,0.15481171548117123,0.17479029698481074,0.512287334593573,1.0,0.0,0.0,0.0,0.0,0.0,0.0,0.0,0.0,0.0,0.0,0.0,0.0,1.0,0.0,0.0,0.0,1.0,0.0,0.0,0.0,0.0,0.0,1.0,0.0
5731,0.2222222222222222,0.0,0.0,0.0,0.1111111111111111,0.0,0.6261730746079361,0.05263157894736842,1.0,0.0,0.33333333333333337,0.3406079501169188,0.15481171548117123,0.17479029698481074,0.512287334593573,0.0,0.0,0.0,0.0,0.0,0.0,0.0,1.0,0.0,0.0,0.0,0.0,0.0,1.0,0.0,0.0,0.0,0.0,0.0,1.0,0.0,0.0,1.0,1.0,0.0
5732,0.4938271604938272,1.0,0.0,0.0,0.1111111111111111,0.0,0.7741144686236345,0.0,1.0,0.0,0.33333333333333337,0.3406079501169188,0.15481171548117123,0.17479029698481074,0.512287334593573,1.0,0.0,1.0,0.0,0.0,0.0,0.0,0.0,0.0,0.0,0.0,0.0,0.0,1.0,0.0,0.0,0.0,0.0,0.0,0.0,1.0,0.0,0.0,1.0,0.0
5733,0.14814814814814814,0.0,0.0,0.0,0.1111111111111111,0.0,0.5226119446684994,0.0,1.0,0.0,0.33333333333333337,0.3406079501169188,0.15481171548117123,0.17479029698481074,0.512287334593573,0.0,1.0,0.0,0.0,0.0,0.0,0.0,0.0,0.0,0.0,0.0,0.0,1.0,0.0,0.0,1.0,0.0,0.0,0.0,0.0,0.0,0.0,0.0,1.0,0.0
5734,0.20987654320987653,0.0,0.0,0.0,0.1111111111111111,0.0,0.7559809303588871,0.0,1.0,0.0,0.33333333333333337,0.3406079501169188,0.15481171548117123,0.17479029698481074,0.512287334593573,0.0,0.0,0.0,0.0,0.0,0.0,0.0,0.0,0.0,1.0,0.0,0.0,1.0,0.0,0.0,0.0,1.0,0.0,0.0,0.0,0.0,0.0,0.0,1.0,0.0
5735,0.2345679012345679,0.0,1.0,0.0,0.1111111111111111,0.0,0.5109842001350153,0.10526315789473684,1.0,0.0,0.33333333333333337,0.3406079501169188,0.15481171548117123,0.17479029698481074,0.512287334593573,0.0,0.0,0.0,0.0,0.0,0.0,0.0,1.0,0.0,0.0,0.0,0.0,0.0,1.0,0.0,0.0,0.0,1.0,0.0,0.0,0.0,0.0,1.0,1.0,0.0
5736,0.024691358024691357,0.5,0.5,0.0,0.1111111111111111,0.0,0.6312273906618776,0.05263157894736842,1.0,0.0,0.33333333333333337,0.3406079501169188,0.15481171548117123,0.17479029698481074,0.512287334593573,1.0,0.0,0.0,0.0,0.0,0.0,0.0,0.0,1.0,0.0,0.0,0.0,0.0,1.0,0.0,0.0,0.0,0.0,0.0,0.0,0.0,1.0,0.0,1.0,0.0
5737,0.1111111111111111,0.0,0.0,0.0,0.1111111111111111,0.0,0.7499269976532702,0.0,1.0,0.0,0.33333333333333337,0.3406079501169188,0.15481171548117123,0.17479029698481074,0.512287334593573,1.0,1.0,0.0,0.0,0.0,0.0,0.0,0.0,0.0,0.0,0.0,0.0,0.0,1.0,0.0,0.0,1.0,0.0,0.0,0.0,0.0,0.0,0.0,1.0,0.0
5738,0.38271604938271603,1.0,1.0,0.0,0.1111111111111111,0.0,0.5550613200712357,0.02631578947368421,1.0,0.14285714285714285,0.33333333333333337,0.3406079501169188,0.15481171548117123,0.17479029698481074,0.512287334593573,0.0,0.0,0.0,0.0,0.0,0.0,0.0,1.0,0.0,0.0,0.0,0.0,0.0,0.0,0.0,0.0,0.0,1.0,0.0,0.0,0.0,0.0,0.0,0.0,0.0
5739,0.13580246913580246,1.0,0.0,0.0,0.1111111111111111,0.0,0.49105467050389934,0.0,1.0,0.0,0.33333333333333337,0.3406079501169188,0.15481171548117123,0.17479029698481074,0.512287334593573,0.0,0.0,0.0,0.0,0.0,0.0,1.0,0.0,0.0,0.0,0.0,0.0,0.0,1.0,0.0,0.0,0.0,0.0,0.0,0.0,1.0,0.0,0.0,1.0,0.0
5740,0.35802469135802467,1.0,0.0,0.0,0.1111111111111111,0.0,0.6115259753720838,0.0,1.0,0.0,0.33333333333333337,0.3406079501169188,0.15481171548117123,0.17479029698481074,0.512287334593573,0.0,0.0,0.0,0.0,0.0,0.0,0.0,1.0,0.0,0.0,0.0,0.0,1.0,0.0,0.0,0.0,0.0,1.0,0.0,0.0,0.0,0.0,0.0,1.0,0.0
5741,0.34567901234567905,0.0,0.0,0.0,0.1111111111111111,0.0,0.6685887555427749,0.0,0.001001001001001001,0.14285714285714285,0.33333333333333337,0.3406079501169188,0.15481171548117123,0.17479029698481074,0.512287334593573,0.0,1.0,0.0,0.0,0.0,0.0,0.0,0.0,0.0,0.0,0.0,0.0,1.0,0.0,0.0,1.0,0.0,0.0,0.0,0.0,0.0,0.0,0.0,0.0,1.0
5742,0.4691358024691357,1.0,1.0,0.0,0.1111111111111111,0.0,0.7692851714613549,0.0,1.0,0.0,0.33333333333333337,0.3406079501169188,0.15481171548117123,0.17479029698481074,0.512287334593573,1.0,0.0,0.0,0.0,0.0,0.0,0.0,1.0,0.0,0.0,0.0,0.0,1.0,0.0,0.0,0.0,0.0,1.0,0.0,0.0,0.0,0.0,0.0,1.0,0.0
5743,0.4074074074074074,1.0,0.0,0.0,0.1111111111111111,0.0,0.7460564011454784,0.0,1.0,0.0,0.33333333333333337,0.3406079501169188,0.15481171548117123,0.17479029698481074,0.512287334593573,1.0,1.0,0.0,0.0,0.0,0.0,0.0,0.0,0.0,0.0,0.0,0.0,1.0,0.0,0.0,0.0,1.0,0.0,0.0,0.0,0.0,0.0,0.0,1.0,0.0
5744,0.2716049382716049,1.0,0.0,1.0,0.1111111111111111,0.0,0.36884433080126383,0.0,1.0,0.0,0.33333333333333337,0.3406079501169188,0.15481171548117123,0.17479029698481074,0.512287334593573,0.0,0.0,0.0,0.0,0.0,0.0,0.0,0.0,0.0,0.0,1.0,0.0,0.0,1.0,0.0,0.0,0.0,1.0,0.0,0.0,0.0,0.0,0.0,1.0,0.0
5745,0.20987654320987653,1.0,0.0,0.0,0.1111111111111111,0.0,0.8008524447886526,0.02631578947368421,1.0,0.0,0.33333333333333337,0.3406079501169188,0.15481171548117123,0.17479029698481074,0.512287334593573,1.0,0.0,0.0,0.0,0.0,0.0,0.0,0.0,0.0,1.0,0.0,0.0,1.0,0.0,0.0,0.0,1.0,0.0,0.0,0.0,0.0,0.0,0.0,1.0,0.0
5746,0.43209876543209874,1.0,0.0,0.0,0.1111111111111111,0.0,0.5369277818064884,0.02631578947368421,1.0,0.0,0.33333333333333337,0.3406079501169188,0.15481171548117123,0.17479029698481074,0.512287334593573,0.0,0.0,0.0,0.0,0.0,0.0,0.0,0.0,0.0,0.0,0.0,0.0,1.0,0.0,0.0,0.0,0.0,0.0,0.0,0.0,1.0,0.0,0.0,1.0,0.0
5747,0.3333333333333333,0.0,0.0,0.0,0.1111111111111111,0.0,0.7051005485106072,0.0,1.0,0.0,0.33333333333333337,0.3406079501169188,0.15481171548117123,0.17479029698481074,0.512287334593573,0.0,1.0,0.0,0.0,0.0,0.0,0.0,0.0,0.0,0.0,0.0,0.0,1.0,0.0,0.0,1.0,0.0,0.0,0.0,0.0,0.0,0.0,0.0,1.0,0.0
5748,0.6666666666666665,0.0,0.0,0.0,0.1111111111111111,0.0,0.6890988423028271,0.0,1.0,0.0,0.33333333333333337,0.3406079501169188,0.15481171548117123,0.17479029698481074,0.512287334593573,1.0,0.0,0.0,0.0,0.0,1.0,0.0,0.0,0.0,0.0,0.0,0.0,1.0,0.0,0.0,0.0,0.0,0.0,0.0,0.0,1.0,0.0,0.0,1.0,0.0
5749,0.35802469135802467,0.0,0.0,0.0,0.1111111111111111,0.0,0.5319212752022946,0.0,1.0,0.14285714285714285,0.33333333333333337,0.3406079501169188,0.15481171548117123,0.17479029698481074,0.512287334593573,0.0,0.0,0.0,0.0,0.0,0.0,0.0,1.0,0.0,0.0,0.0,0.0,1.0,0.0,0.0,0.0,0.0,1.0,0.0,0.0,0.0,0.0,0.0,0.0,0.0
5750,0.48148148148148145,1.0,0.0,0.0,0.1111111111111111,0.0,0.680742538513431,0.0,1.0,0.0,0.33333333333333337,0.3406079501169188,0.15481171548117123,0.17479029698481074,0.512287334593573,1.0,0.0,0.0,1.0,0.0,0.0,0.0,0.0,0.0,0.0,0.0,0.0,1.0,0.0,0.0,0.0,0.0,0.0,0.0,0.0,0.0,0.0,0.0,1.0,0.0
5751,0.39506172839506176,1.0,0.0,0.0,0.1111111111111111,0.0,0.6839461142385569,0.0,1.0,0.0,0.33333333333333337,0.3406079501169188,0.15481171548117123,0.17479029698481074,0.512287334593573,0.0,0.0,1.0,0.0,0.0,0.0,0.0,0.0,0.0,0.0,0.0,0.0,1.0,0.0,0.0,0.0,0.0,0.0,0.0,0.0,1.0,0.0,0.0,1.0,0.0
5752,0.35802469135802467,1.0,0.0,0.0,0.1111111111111111,0.0,0.5047088377203057,0.0,1.0,0.0,0.33333333333333337,0.3406079501169188,0.15481171548117123,0.17479029698481074,0.512287334593573,0.0,1.0,0.0,0.0,0.0,0.0,0.0,0.0,0.0,0.0,0.0,0.0,1.0,0.0,0.0,0.0,1.0,0.0,0.0,0.0,0.0,0.0,1.0,1.0,0.0
5753,0.7160493827160492,0.0,0.0,0.0,0.1111111111111111,0.0,0.6386818846696665,0.07894736842105263,1.0,0.0,0.33333333333333337,0.3406079501169188,0.15481171548117123,0.17479029698481074,0.512287334593573,1.0,0.0,0.0,0.0,0.0,1.0,0.0,0.0,0.0,0.0,0.0,0.0,0.0,0.0,0.0,0.0,0.0,0.0,0.0,0.0,0.0,0.0,0.0,1.0,0.0
5754,0.4074074074074074,1.0,0.0,0.0,0.1111111111111111,0.0,0.4309636218912418,0.0,1.0,0.0,0.33333333333333337,0.3406079501169188,0.15481171548117123,0.17479029698481074,0.512287334593573,0.0,0.0,0.0,0.0,0.0,0.0,0.0,0.0,0.0,1.0,0.0,0.0,1.0,0.0,0.0,0.0,0.0,0.0,0.0,1.0,0.0,0.0,0.0,1.0,0.0
5755,0.4444444444444445,0.0,0.0,0.0,0.1111111111111111,0.0,0.481638834621511,0.05263157894736842,1.0,0.0,0.33333333333333337,0.3406079501169188,0.15481171548117123,0.17479029698481074,0.512287334593573,0.0,0.0,0.0,0.0,0.0,0.0,0.0,0.0,0.0,0.0,0.0,0.0,0.0,1.0,0.0,0.0,0.0,0.0,0.0,0.0,1.0,0.0,0.0,1.0,0.0
5756,0.3703703703703703,0.0,0.0,0.0,0.1111111111111111,0.0,0.6360734596286551,0.0,1.0,0.14285714285714285,0.33333333333333337,0.3406079501169188,0.15481171548117123,0.17479029698481074,0.512287334593573,0.0,0.0,0.0,0.0,0.0,0.0,0.0,0.0,0.0,1.0,0.0,0.0,1.0,0.0,0.0,0.0,0.0,1.0,0.0,0.0,0.0,0.0,1.0,0.0,0.0
5757,0.43209876543209874,1.0,0.0,0.0,0.1111111111111111,0.0,0.6121741045570199,0.02631578947368421,1.0,0.14285714285714285,0.33333333333333337,0.3406079501169188,0.15481171548117123,0.17479029698481074,0.512287334593573,0.0,0.0,0.0,0.0,0.0,0.0,0.0,0.0,0.0,0.0,0.0,0.0,1.0,0.0,0.0,0.0,0.0,0.0,0.0,0.0,1.0,0.0,0.0,0.0,0.0
5758,0.19753086419753085,0.0,0.0,0.0,0.1111111111111111,0.0,0.6301228271521957,0.02631578947368421,1.0,0.14285714285714285,0.33333333333333337,0.3406079501169188,0.15481171548117123,0.17479029698481074,0.512287334593573,0.0,0.0,0.0,0.0,0.0,0.0,0.0,0.0,0.0,1.0,0.0,0.0,1.0,0.0,0.0,0.0,0.0,1.0,0.0,0.0,0.0,0.0,0.0,0.0,0.0
5759,0.25925925925925924,0.5,0.5,0.0,0.1111111111111111,0.0,0.5878478128342483,0.02631578947368421,1.0,0.0,0.33333333333333337,0.3406079501169188,0.15481171548117123,0.17479029698481074,0.512287334593573,0.0,0.0,0.0,0.0,0.0,0.0,0.0,0.0,0.0,0.0,0.0,0.0,0.0,1.0,0.0,0.0,0.0,0.0,0.0,0.0,1.0,0.0,0.0,1.0,0.0
5760,0.2345679012345679,1.0,0.0,0.0,0.1111111111111111,0.0,0.7135875319736221,0.0,1.0,0.0,0.33333333333333337,0.3406079501169188,0.15481171548117123,0.17479029698481074,0.512287334593573,0.0,1.0,0.0,0.0,0.0,0.0,0.0,0.0,0.0,0.0,0.0,0.0,1.0,0.0,0.0,0.0,1.0,0.0,0.0,0.0,0.0,0.0,0.0,1.0,0.0
5761,0.024691358024691357,1.0,0.0,0.0,0.1111111111111111,0.0,0.6267455095549759,0.0,1.0,0.14285714285714285,0.33333333333333337,0.3406079501169188,0.15481171548117123,0.17479029698481074,0.512287334593573,1.0,0.0,0.0,0.0,0.0,0.0,0.0,0.0,1.0,0.0,0.0,0.0,0.0,1.0,0.0,0.0,0.0,0.0,0.0,0.0,0.0,1.0,0.0,0.0,0.0
5762,0.2222222222222222,0.0,0.0,0.0,0.1111111111111111,0.0,0.5109842001350153,0.0,1.0,0.0,0.33333333333333337,0.3406079501169188,0.15481171548117123,0.17479029698481074,0.512287334593573,1.0,0.0,1.0,0.0,0.0,0.0,0.0,0.0,0.0,0.0,0.0,0.0,0.0,0.0,0.0,0.0,0.0,0.0,0.0,0.0,1.0,0.0,0.0,1.0,0.0
5763,0.2839506172839506,1.0,0.0,0.0,0.1111111111111111,0.0,0.6381648062569562,0.0,1.0,0.0,0.33333333333333337,0.3406079501169188,0.15481171548117123,0.17479029698481074,0.512287334593573,0.0,0.0,0.0,0.0,0.0,0.0,0.0,1.0,0.0,0.0,0.0,0.0,1.0,0.0,0.0,0.0,0.0,1.0,0.0,0.0,0.0,0.0,1.0,1.0,0.0
5764,0.48148148148148145,1.0,0.0,0.0,0.1111111111111111,0.0,0.5886399717165399,0.0,1.0,0.0,0.33333333333333337,0.3406079501169188,0.15481171548117123,0.17479029698481074,0.512287334593573,1.0,0.0,0.0,1.0,0.0,0.0,0.0,0.0,0.0,0.0,0.0,0.0,1.0,0.0,0.0,0.0,0.0,0.0,0.0,0.0,1.0,0.0,0.0,1.0,0.0
5765,0.24691358024691357,1.0,0.0,0.0,0.1111111111111111,0.0,0.6811028302176989,0.05263157894736842,1.0,0.0,0.33333333333333337,0.3406079501169188,0.15481171548117123,0.17479029698481074,0.512287334593573,0.0,1.0,0.0,0.0,0.0,0.0,0.0,0.0,0.0,0.0,0.0,0.0,0.0,1.0,0.0,0.0,0.0,0.0,0.0,0.0,0.0,0.0,0.0,1.0,0.0
5766,0.08641975308641975,1.0,0.0,0.0,0.1111111111111111,0.0,0.5393533347388635,0.0,1.0,0.0,0.33333333333333337,0.3406079501169188,0.15481171548117123,0.17479029698481074,0.512287334593573,1.0,0.0,0.0,0.0,0.0,0.0,0.0,0.0,0.0,0.0,0.0,0.0,0.0,1.0,0.0,0.0,0.0,0.0,0.0,1.0,0.0,0.0,0.0,1.0,0.0
5767,0.19753086419753085,0.0,0.0,0.0,0.1111111111111111,0.0,0.6278820898893921,0.0,1.0,0.0,0.33333333333333337,0.3406079501169188,0.15481171548117123,0.17479029698481074,0.512287334593573,0.0,1.0,0.0,0.0,0.0,0.0,0.0,0.0,0.0,0.0,0.0,0.0,1.0,0.0,0.0,0.0,0.0,1.0,0.0,0.0,0.0,0.0,0.0,1.0,0.0
5768,0.5185185185185184,0.0,0.0,0.0,0.1111111111111111,0.0,0.614731491134803,0.0,1.0,0.0,0.33333333333333337,0.3406079501169188,0.15481171548117123,0.17479029698481074,0.512287334593573,1.0,0.0,0.0,0.0,0.0,0.0,0.0,0.0,0.0,1.0,0.0,0.0,0.0,0.0,0.0,0.0,0.0,0.0,0.0,1.0,0.0,0.0,0.0,1.0,0.0
5769,0.16049382716049382,0.5,0.5,0.0,0.1111111111111111,0.0,0.5561069727294308,0.0,1.0,0.0,0.33333333333333337,0.3406079501169188,0.15481171548117123,0.17479029698481074,0.512287334593573,1.0,0.0,0.0,0.0,0.0,0.0,0.0,0.0,0.0,1.0,0.0,0.0,0.0,1.0,0.0,0.0,0.0,0.0,0.0,0.0,1.0,0.0,0.0,1.0,0.0
5770,0.3333333333333333,0.0,0.0,0.0,0.1111111111111111,0.0,0.4477973110243916,0.02631578947368421,1.0,0.0,0.33333333333333337,0.3406079501169188,0.15481171548117123,0.17479029698481074,0.512287334593573,0.0,0.0,0.0,0.0,1.0,0.0,0.0,0.0,0.0,0.0,0.0,0.0,1.0,0.0,0.0,0.0,0.0,0.0,0.0,0.0,1.0,0.0,0.0,1.0,0.0
5771,0.09876543209876543,0.0,0.0,0.0,0.1111111111111111,0.0,0.645692009932198,0.0,1.0,0.0,0.33333333333333337,0.3406079501169188,0.15481171548117123,0.17479029698481074,0.512287334593573,1.0,0.0,0.0,0.0,0.0,0.0,1.0,0.0,0.0,0.0,0.0,0.0,0.0,0.0,0.0,0.0,0.0,0.0,0.0,0.0,1.0,0.0,0.0,1.0,0.0
5772,0.09876543209876543,0.0,1.0,0.0,0.1111111111111111,0.0,0.599923549592398,0.0,1.0,0.0,0.33333333333333337,0.3406079501169188,0.15481171548117123,0.17479029698481074,0.512287334593573,1.0,0.0,0.0,0.0,0.0,0.0,1.0,0.0,0.0,0.0,0.0,0.0,0.0,0.0,0.0,0.0,0.0,0.0,0.0,0.0,1.0,0.0,0.0,1.0,0.0
5773,0.4074074074074074,1.0,1.0,0.0,0.1111111111111111,0.0,0.5796182238056906,0.02631578947368421,1.0,0.0,0.33333333333333337,0.3406079501169188,0.15481171548117123,0.17479029698481074,0.512287334593573,0.0,0.0,0.0,0.0,0.0,0.0,0.0,0.0,0.0,0.0,0.0,0.0,0.0,0.0,0.0,0.0,1.0,0.0,0.0,0.0,0.0,0.0,0.0,1.0,0.0
5774,0.3209876543209876,1.0,0.0,0.0,0.1111111111111111,0.0,0.5266921854673875,0.02631578947368421,1.0,0.14285714285714285,0.33333333333333337,0.3406079501169188,0.15481171548117123,0.17479029698481074,0.512287334593573,0.0,0.0,0.0,0.0,1.0,0.0,0.0,0.0,0.0,0.0,0.0,0.0,1.0,0.0,0.0,0.0,0.0,0.0,0.0,0.0,1.0,0.0,0.0,0.0,0.0
5775,0.04938271604938271,1.0,0.0,0.0,0.1111111111111111,0.0,0.6877466992608396,0.0,1.0,0.0,0.33333333333333337,0.3406079501169188,0.15481171548117123,0.17479029698481074,0.512287334593573,1.0,0.0,0.0,0.0,0.0,0.0,1.0,0.0,0.0,0.0,0.0,0.0,0.0,1.0,0.0,0.0,0.0,0.0,0.0,0.0,1.0,0.0,0.0,1.0,0.0
5776,0.20987654320987653,0.0,0.0,0.0,0.1111111111111111,0.0,0.599923549592398,0.0,1.0,0.0,0.33333333333333337,0.3406079501169188,0.15481171548117123,0.17479029698481074,0.512287334593573,1.0,0.0,0.0,0.0,1.0,0.0,0.0,0.0,0.0,0.0,0.0,0.0,1.0,0.0,0.0,0.0,0.0,0.0,0.0,0.0,1.0,0.0,0.0,1.0,0.0
5777,0.25925925925925924,0.0,0.0,0.0,0.1111111111111111,0.0,0.7352167719029069,0.0,1.0,0.0,0.33333333333333337,0.3406079501169188,0.15481171548117123,0.17479029698481074,0.512287334593573,0.0,0.0,0.0,0.0,0.0,0.0,0.0,0.0,0.0,0.0,0.0,0.0,0.0,0.0,1.0,0.0,0.0,0.0,0.0,0.0,1.0,0.0,0.0,1.0,0.0
5778,0.38271604938271603,1.0,0.0,0.0,0.1111111111111111,0.0,0.7152138502659882,0.0,1.0,0.0,0.33333333333333337,0.3406079501169188,0.15481171548117123,0.17479029698481074,0.512287334593573,0.0,0.0,0.0,0.0,0.0,0.0,0.0,1.0,0.0,0.0,0.0,0.0,0.0,0.0,0.0,0.0,0.0,1.0,0.0,0.0,0.0,0.0,0.0,1.0,0.0
5779,0.30864197530864196,1.0,1.0,0.0,0.1111111111111111,0.0,0.6062082270603242,0.0,1.0,0.0,0.33333333333333337,0.3406079501169188,0.15481171548117123,0.17479029698481074,0.512287334593573,0.0,1.0,0.0,0.0,0.0,0.0,0.0,0.0,0.0,0.0,0.0,0.0,1.0,0.0,0.0,0.0,0.0,0.0,0.0,0.0,0.0,0.0,0.0,1.0,0.0
5780,0.2345679012345679,1.0,0.0,0.0,0.1111111111111111,0.0,0.6226787043279698,0.0,1.0,0.0,0.33333333333333337,0.3406079501169188,0.15481171548117123,0.17479029698481074,0.512287334593573,0.0,0.0,0.0,0.0,0.0,0.0,0.0,0.0,0.0,0.0,0.0,0.0,0.0,1.0,0.0,0.0,0.0,0.0,0.0,0.0,1.0,0.0,1.0,1.0,0.0
5781,0.08641975308641975,1.0,0.0,0.0,0.1111111111111111,0.0,0.7030289325921469,0.05263157894736842,1.0,0.0,0.33333333333333337,0.3406079501169188,0.15481171548117123,0.17479029698481074,0.512287334593573,0.0,0.0,0.0,0.0,0.0,0.0,0.0,0.0,0.0,0.0,0.0,0.0,0.0,1.0,0.0,0.0,0.0,0.0,0.0,0.0,1.0,0.0,0.0,1.0,0.0
5782,0.35802469135802467,0.0,0.0,0.0,0.1111111111111111,0.0,0.8540926611680337,0.02631578947368421,1.0,0.0,0.33333333333333337,0.3406079501169188,0.15481171548117123,0.17479029698481074,0.512287334593573,1.0,1.0,0.0,0.0,0.0,0.0,0.0,0.0,0.0,0.0,0.0,0.0,0.0,1.0,0.0,0.0,0.0,0.0,0.0,0.0,1.0,0.0,0.0,1.0,0.0
5783,0.08641975308641975,0.0,0.0,0.0,0.1111111111111111,0.0,0.6576965892230189,0.02631578947368421,1.0,0.0,0.33333333333333337,0.3406079501169188,0.15481171548117123,0.17479029698481074,0.512287334593573,1.0,0.0,0.0,0.0,0.0,0.0,0.0,0.0,0.0,0.0,0.0,0.0,0.0,1.0,0.0,0.0,0.0,0.0,0.0,1.0,0.0,0.0,0.0,1.0,0.0
5784,0.4074074074074074,1.0,1.0,0.0,0.1111111111111111,0.0,0.6391967001499177,0.05263157894736842,1.0,0.14285714285714285,0.33333333333333337,0.3406079501169188,0.15481171548117123,0.17479029698481074,0.512287334593573,0.0,0.0,0.0,0.0,1.0,0.0,0.0,0.0,0.0,0.0,0.0,0.0,1.0,0.0,0.0,0.0,0.0,0.0,0.0,0.0,1.0,0.0,0.0,0.0,0.0
5785,0.3209876543209876,1.0,0.0,0.0,0.1111111111111111,0.0,0.5474693214896542,0.10526315789473684,1.0,0.0,0.33333333333333337,0.3406079501169188,0.15481171548117123,0.17479029698481074,0.512287334593573,0.0,0.0,0.0,0.0,0.0,0.0,0.0,0.0,0.0,1.0,0.0,0.0,0.0,0.0,0.0,0.0,0.0,0.0,0.0,1.0,0.0,0.0,1.0,1.0,0.0
5786,0.14814814814814814,1.0,0.0,0.0,0.1111111111111111,0.0,0.5581708002178327,0.02631578947368421,1.0,0.0,0.33333333333333337,0.3406079501169188,0.15481171548117123,0.17479029698481074,0.512287334593573,1.0,0.0,0.0,0.0,0.0,0.0,0.0,0.0,0.0,1.0,0.0,0.0,0.0,1.0,0.0,0.0,1.0,0.0,0.0,0.0,0.0,0.0,0.0,1.0,0.0
5787,0.04938271604938271,0.0,0.0,0.0,0.1111111111111111,0.0,0.6536782997023916,0.07894736842105263,1.0,0.14285714285714285,0.33333333333333337,0.3406079501169188,0.15481171548117123,0.17479029698481074,0.512287334593573,0.0,0.0,0.0,0.0,0.0,0.0,0.0,0.0,1.0,0.0,0.0,0.0,0.0,1.0,0.0,0.0,0.0,1.0,0.0,0.0,0.0,0.0,0.0,0.0,0.0
5788,0.4074074074074074,1.0,0.0,0.0,0.1111111111111111,0.0,0.5846247304098844,0.07894736842105263,1.0,0.0,0.33333333333333337,0.3406079501169188,0.15481171548117123,0.17479029698481074,0.512287334593573,0.0,0.0,0.0,0.0,1.0,0.0,0.0,0.0,0.0,0.0,0.0,0.0,1.0,0.0,0.0,0.0,0.0,0.0,0.0,0.0,1.0,0.0,0.0,1.0,0.0
5789,0.4567901234567901,0.0,1.0,0.0,0.1111111111111111,0.0,0.8829097056998478,0.05263157894736842,1.0,0.0,0.33333333333333337,0.3406079501169188,0.15481171548117123,0.17479029698481074,0.512287334593573,1.0,0.0,0.0,0.0,1.0,0.0,0.0,0.0,0.0,0.0,0.0,0.0,1.0,0.0,0.0,0.0,0.0,0.0,0.0,0.0,1.0,0.0,1.0,1.0,0.0
5790,0.09876543209876543,0.0,1.0,0.0,0.1111111111111111,0.0,0.5641535377316825,0.0,1.0,0.0,0.33333333333333337,0.3406079501169188,0.15481171548117123,0.17479029698481074,0.512287334593573,1.0,0.0,0.0,0.0,0.0,0.0,0.0,0.0,0.0,0.0,0.0,0.0,0.0,1.0,0.0,0.0,0.0,0.0,0.0,0.0,1.0,0.0,0.0,1.0,0.0
5791,0.1728395061728395,1.0,0.0,0.0,0.1111111111111111,0.0,0.816186132449193,0.05263157894736842,1.0,0.0,0.33333333333333337,0.3406079501169188,0.15481171548117123,0.17479029698481074,0.512287334593573,1.0,0.0,0.0,0.0,0.0,0.0,0.0,1.0,0.0,0.0,0.0,0.0,1.0,0.0,0.0,0.0,1.0,0.0,0.0,0.0,0.0,0.0,0.0,1.0,0.0
5792,0.2222222222222222,1.0,1.0,0.0,0.1111111111111111,0.0,0.5651217337279456,0.0,1.0,0.0,0.33333333333333337,0.3406079501169188,0.15481171548117123,0.17479029698481074,0.512287334593573,1.0,0.0,0.0,0.0,0.0,0.0,0.0,0.0,0.0,0.0,0.0,0.0,0.0,0.0,0.0,0.0,0.0,0.0,0.0,0.0,1.0,0.0,0.0,1.0,0.0
5793,0.1728395061728395,1.0,1.0,0.0,0.1111111111111111,0.0,0.7983564629991614,0.10526315789473684,1.0,0.14285714285714285,0.33333333333333337,0.3406079501169188,0.15481171548117123,0.17479029698481074,0.512287334593573,1.0,0.0,0.0,0.0,0.0,0.0,0.0,0.0,0.0,0.0,0.0,0.0,0.0,1.0,0.0,0.0,0.0,0.0,0.0,0.0,1.0,0.0,0.0,0.0,0.0
5794,0.24691358024691357,1.0,0.0,0.0,0.1111111111111111,0.0,0.7747652871549795,0.02631578947368421,1.0,0.0,0.33333333333333337,0.3406079501169188,0.15481171548117123,0.17479029698481074,0.512287334593573,0.0,1.0,0.0,0.0,0.0,0.0,0.0,0.0,0.0,0.0,0.0,0.0,1.0,0.0,0.0,1.0,0.0,0.0,0.0,0.0,0.0,0.0,0.0,1.0,0.0
5795,0.6419753086419753,1.0,0.0,0.0,0.1111111111111111,0.0,0.7197032784574716,0.0,1.0,0.0,0.33333333333333337,0.3406079501169188,0.15481171548117123,0.17479029698481074,0.512287334593573,1.0,0.0,0.0,0.0,0.0,1.0,0.0,0.0,0.0,0.0,0.0,0.0,0.0,0.0,0.0,0.0,0.0,0.0,0.0,0.0,0.0,0.0,0.0,1.0,0.0
5796,0.35802469135802467,0.0,0.0,0.0,0.1111111111111111,0.0,0.6590060849288549,0.02631578947368421,1.0,0.14285714285714285,0.33333333333333337,0.3406079501169188,0.15481171548117123,0.17479029698481074,0.512287334593573,0.0,0.0,0.0,0.0,0.0,0.0,0.0,1.0,0.0,0.0,0.0,0.0,1.0,0.0,0.0,0.0,0.0,1.0,0.0,0.0,0.0,0.0,1.0,0.0,0.0
5797,0.19753086419753085,1.0,0.0,0.0,0.1111111111111111,0.0,0.5518674094137875,0.02631578947368421,1.0,0.0,0.33333333333333337,0.3406079501169188,0.15481171548117123,0.17479029698481074,0.512287334593573,0.0,1.0,0.0,0.0,0.0,0.0,0.0,0.0,0.0,0.0,0.0,0.0,0.0,1.0,0.0,0.0,0.0,0.0,0.0,0.0,0.0,0.0,0.0,1.0,0.0
5798,0.1728395061728395,1.0,0.0,0.0,0.1111111111111111,0.0,0.28207676886584127,0.05263157894736842,1.0,0.0,0.33333333333333337,0.3406079501169188,0.15481171548117123,0.17479029698481074,0.512287334593573,0.0,0.0,0.0,0.0,0.0,0.0,0.0,0.0,0.0,0.0,0.0,0.0,0.0,1.0,0.0,0.0,0.0,0.0,0.0,0.0,1.0,0.0,0.0,1.0,0.0
5799,0.19753086419753085,1.0,0.0,0.0,0.1111111111111111,0.0,0.25847084160782274,0.05263157894736842,1.0,0.0,0.33333333333333337,0.3406079501169188,0.15481171548117123,0.17479029698481074,0.512287334593573,0.0,0.0,0.0,1.0,0.0,0.0,0.0,0.0,0.0,0.0,0.0,0.0,1.0,0.0,0.0,0.0,0.0,0.0,0.0,0.0,0.0,0.0,0.0,1.0,0.0
5800,0.07407407407407407,0.0,0.0,0.0,0.1111111111111111,0.0,0.7051005485106072,0.02631578947368421,1.0,0.0,0.33333333333333337,0.3406079501169188,0.15481171548117123,0.17479029698481074,0.512287334593573,0.0,0.0,0.0,0.0,0.0,0.0,0.0,0.0,1.0,0.0,0.0,0.0,0.0,1.0,0.0,0.0,0.0,1.0,0.0,0.0,0.0,0.0,0.0,1.0,0.0
5801,0.16049382716049382,1.0,0.0,0.0,0.1111111111111111,0.0,0.5862473099208212,0.07894736842105263,1.0,0.0,0.33333333333333337,0.3406079501169188,0.15481171548117123,0.17479029698481074,0.512287334593573,0.0,1.0,0.0,0.0,0.0,0.0,0.0,0.0,0.0,0.0,0.0,0.0,0.0,1.0,0.0,0.0,1.0,0.0,0.0,0.0,0.0,0.0,1.0,1.0,0.0
5802,0.2222222222222222,1.0,0.0,1.0,0.1111111111111111,0.0,0.3877062624117341,0.07894736842105263,1.0,0.2857142857142857,0.33333333333333337,0.3406079501169188,0.15481171548117123,0.17479029698481074,0.512287334593573,0.0,0.0,0.0,0.0,0.0,0.0,0.0,1.0,0.0,0.0,0.0,0.0,1.0,0.0,0.0,0.0,1.0,0.0,0.0,0.0,0.0,0.0,0.0,0.0,0.0
5803,0.25925925925925924,1.0,0.0,0.0,0.1111111111111111,0.0,0.3104459034696894,0.07894736842105263,1.0,0.14285714285714285,0.33333333333333337,0.3406079501169188,0.15481171548117123,0.17479029698481074,0.512287334593573,0.0,0.0,1.0,0.0,0.0,0.0,0.0,0.0,0.0,0.0,0.0,0.0,1.0,0.0,0.0,0.0,1.0,0.0,0.0,0.0,0.0,0.0,0.0,0.0,0.0
5804,0.39506172839506176,1.0,0.0,0.0,0.1111111111111111,0.0,0.7062681526322143,0.13157894736842105,1.0,0.14285714285714285,0.33333333333333337,0.3406079501169188,0.15481171548117123,0.17479029698481074,0.512287334593573,0.0,0.0,0.0,0.0,0.0,0.0,0.0,0.0,0.0,0.0,0.0,0.0,1.0,0.0,0.0,0.0,0.0,0.0,0.0,0.0,1.0,0.0,0.0,0.0,0.0
5805,0.35802469135802467,0.0,0.0,0.0,0.1111111111111111,0.0,0.6620060509558884,0.02631578947368421,1.0,0.0,0.33333333333333337,0.3406079501169188,0.15481171548117123,0.17479029698481074,0.512287334593573,0.0,0.0,0.0,0.0,0.0,0.0,0.0,0.0,0.0,0.0,0.0,0.0,0.0,1.0,0.0,0.0,0.0,0.0,0.0,0.0,1.0,0.0,0.0,1.0,0.0
5806,0.29629629629629634,0.0,0.0,0.0,0.1111111111111111,0.0,0.6417375148956687,0.05263157894736842,1.0,0.0,0.33333333333333337,0.3406079501169188,0.15481171548117123,0.17479029698481074,0.512287334593573,0.0,1.0,0.0,0.0,0.0,0.0,0.0,0.0,0.0,0.0,0.0,0.0,1.0,0.0,0.0,0.0,0.0,0.0,0.0,1.0,0.0,0.0,0.0,1.0,0.0
5807,0.13580246913580246,0.0,0.0,0.0,0.1111111111111111,0.0,0.8464951513236209,0.10526315789473684,1.0,0.0,0.33333333333333337,0.3406079501169188,0.15481171548117123,0.17479029698481074,0.512287334593573,1.0,0.0,0.0,0.0,0.0,0.0,0.0,0.0,0.0,0.0,0.0,0.0,0.0,1.0,0.0,0.0,0.0,1.0,0.0,0.0,0.0,0.0,0.0,1.0,0.0
5808,0.1728395061728395,0.0,0.0,0.0,0.1111111111111111,0.0,0.6006386590863215,0.13157894736842105,1.0,0.0,0.33333333333333337,0.3406079501169188,0.15481171548117123,0.17479029698481074,0.512287334593573,0.0,0.0,0.0,0.0,0.0,0.0,0.0,0.0,0.0,0.0,0.0,0.0,0.0,1.0,0.0,0.0,0.0,0.0,0.0,0.0,1.0,0.0,0.0,1.0,0.0
5809,0.2345679012345679,1.0,0.0,0.0,0.1111111111111111,0.0,0.4776508205223571,0.05263157894736842,1.0,0.0,0.33333333333333337,0.3406079501169188,0.15481171548117123,0.17479029698481074,0.512287334593573,0.0,1.0,0.0,0.0,0.0,0.0,0.0,0.0,0.0,0.0,0.0,0.0,1.0,0.0,0.0,0.0,1.0,0.0,0.0,0.0,0.0,0.0,0.0,1.0,0.0
5810,0.3209876543209876,1.0,0.0,0.0,0.1111111111111111,0.0,0.6904356197503724,0.07894736842105263,1.0,0.0,0.33333333333333337,0.3406079501169188,0.15481171548117123,0.17479029698481074,0.512287334593573,0.0,1.0,0.0,0.0,0.0,0.0,0.0,0.0,0.0,0.0,0.0,0.0,1.0,0.0,0.0,1.0,0.0,0.0,0.0,0.0,0.0,0.0,1.0,1.0,0.0
5811,0.19753086419753085,0.0,1.0,0.0,0.1111111111111111,0.0,0.4182339006857429,0.02631578947368421,1.0,0.0,0.33333333333333337,0.3406079501169188,0.15481171548117123,0.17479029698481074,0.512287334593573,0.0,1.0,0.0,0.0,0.0,0.0,0.0,0.0,0.0,0.0,0.0,0.0,0.0,0.0,0.0,0.0,1.0,0.0,0.0,0.0,0.0,0.0,0.0,1.0,0.0
5812,0.30864197530864196,0.0,1.0,0.0,0.1111111111111111,0.0,0.6102189047082401,0.10526315789473684,1.0,0.14285714285714285,0.33333333333333337,0.3406079501169188,0.15481171548117123,0.17479029698481074,0.512287334593573,0.0,1.0,0.0,0.0,0.0,0.0,0.0,0.0,0.0,0.0,0.0,0.0,1.0,0.0,0.0,0.0,0.0,1.0,0.0,0.0,0.0,0.0,0.0,0.0,0.0
5813,0.4444444444444445,1.0,1.0,0.0,0.1111111111111111,0.0,0.6284462883305656,0.02631578947368421,1.0,0.0,0.33333333333333337,0.3406079501169188,0.15481171548117123,0.17479029698481074,0.512287334593573,0.0,1.0,0.0,0.0,0.0,0.0,0.0,0.0,0.0,0.0,0.0,0.0,1.0,0.0,0.0,1.0,0.0,0.0,0.0,0.0,0.0,0.0,0.0,1.0,0.0
5814,0.24691358024691357,0.0,0.0,0.0,0.1111111111111111,0.0,0.8058156155480072,0.05263157894736842,1.0,0.0,0.33333333333333337,0.3406079501169188,0.15481171548117123,0.17479029698481074,0.512287334593573,1.0,1.0,0.0,0.0,0.0,0.0,0.0,0.0,0.0,0.0,0.0,0.0,1.0,0.0,0.0,0.0,0.0,1.0,0.0,0.0,0.0,0.0,0.0,1.0,0.0
5815,0.4567901234567901,1.0,1.0,0.0,0.1111111111111111,0.25,0.6427386711469765,0.02631578947368421,1.0,0.0,0.33333333333333337,0.3406079501169188,0.15481171548117123,0.17479029698481074,0.512287334593573,1.0,0.0,0.0,0.0,0.0,0.0,0.0,0.0,0.0,0.0,0.0,0.0,1.0,0.0,0.0,0.0,0.0,0.0,0.0,0.0,1.0,0.0,0.0,1.0,0.0
5816,0.5802469135802468,1.0,0.0,0.0,0.1111111111111111,0.25,0.5870502833422594,0.07894736842105263,1.0,0.0,0.33333333333333337,0.3406079501169188,0.15481171548117123,0.17479029698481074,0.512287334593573,1.0,0.0,0.0,0.0,0.0,1.0,0.0,0.0,0.0,0.0,0.0,0.0,1.0,0.0,0.0,0.0,0.0,0.0,0.0,0.0,1.0,0.0,0.0,1.0,0.0
5817,0.1728395061728395,0.0,1.0,0.0,0.1111111111111111,0.25,0.6835944393892373,0.05263157894736842,1.0,0.0,0.33333333333333337,0.3406079501169188,0.15481171548117123,0.17479029698481074,0.512287334593573,1.0,0.0,0.0,0.0,0.0,0.0,0.0,0.0,0.0,1.0,0.0,0.0,0.0,1.0,0.0,0.0,0.0,0.0,0.0,0.0,1.0,0.0,0.0,1.0,0.0
5818,0.48148148148148145,0.0,0.0,0.0,0.1111111111111111,0.25,0.5540062892371289,0.02631578947368421,1.0,0.0,0.33333333333333337,0.3406079501169188,0.15481171548117123,0.17479029698481074,0.512287334593573,1.0,0.0,0.0,0.0,0.0,0.0,1.0,0.0,0.0,0.0,0.0,0.0,1.0,0.0,0.0,0.0,0.0,0.0,0.0,0.0,1.0,0.0,0.0,1.0,0.0
5819,0.7530864197530864,1.0,0.0,0.0,0.1111111111111111,0.25,0.6607297076989791,0.0,1.0,0.0,0.33333333333333337,0.3406079501169188,0.15481171548117123,0.17479029698481074,0.512287334593573,1.0,0.0,0.0,0.0,0.0,1.0,0.0,0.0,0.0,0.0,0.0,0.0,1.0,0.0,0.0,0.0,0.0,0.0,0.0,0.0,0.0,0.0,0.0,1.0,0.0
5820,0.4938271604938272,1.0,1.0,1.0,0.1111111111111111,0.25,0.8478105040086564,0.07894736842105263,1.0,0.0,0.33333333333333337,0.3406079501169188,0.15481171548117123,0.17479029698481074,0.512287334593573,1.0,0.0,0.0,0.0,0.0,1.0,0.0,0.0,0.0,0.0,0.0,0.0,1.0,0.0,0.0,0.0,0.0,0.0,0.0,0.0,0.0,0.0,0.0,1.0,0.0
5821,0.024691358024691357,1.0,0.0,1.0,0.1111111111111111,0.25,0.703921238889424,0.05263157894736842,1.0,0.0,0.33333333333333337,0.3406079501169188,0.15481171548117123,0.17479029698481074,0.512287334593573,1.0,0.0,0.0,0.0,0.0,0.0,0.0,0.0,1.0,0.0,0.0,0.0,0.0,1.0,0.0,0.0,0.0,0.0,0.0,0.0,0.0,1.0,0.0,1.0,0.0
5822,0.1728395061728395,0.0,0.0,1.0,0.1111111111111111,0.25,0.6278820898893921,0.42105263157894735,1.0,0.0,0.33333333333333337,0.3406079501169188,0.15481171548117123,0.17479029698481074,0.512287334593573,1.0,0.0,0.0,0.0,0.0,0.0,0.0,0.0,0.0,1.0,0.0,0.0,0.0,1.0,0.0,0.0,0.0,0.0,0.0,0.0,1.0,0.0,0.0,1.0,0.0
5823,0.7160493827160492,0.0,0.0,0.0,0.1111111111111111,0.25,0.5529417104829256,0.0,1.0,0.14285714285714285,0.33333333333333337,0.3406079501169188,0.15481171548117123,0.17479029698481074,0.512287334593573,1.0,0.0,0.0,0.0,0.0,1.0,0.0,0.0,0.0,0.0,0.0,0.0,1.0,0.0,0.0,0.0,0.0,0.0,0.0,0.0,0.0,0.0,0.0,0.0,0.0
5824,0.29629629629629634,0.0,0.0,0.0,0.1111111111111111,0.25,0.634480182683441,0.0,1.0,0.0,0.33333333333333337,0.3406079501169188,0.15481171548117123,0.17479029698481074,0.512287334593573,0.0,0.0,0.0,0.0,0.0,0.0,0.0,0.0,0.0,1.0,0.0,0.0,1.0,0.0,0.0,0.0,0.0,0.0,0.0,0.0,1.0,0.0,0.0,1.0,0.0
5825,0.3703703703703703,1.0,0.0,0.0,0.1111111111111111,0.25,0.5429003918915096,0.0,1.0,0.0,0.33333333333333337,0.3406079501169188,0.15481171548117123,0.17479029698481074,0.512287334593573,1.0,0.0,0.0,1.0,0.0,0.0,0.0,0.0,0.0,0.0,0.0,0.0,0.0,1.0,0.0,0.0,0.0,0.0,0.0,1.0,0.0,0.0,0.0,1.0,0.0
5826,0.5432098765432098,0.5,0.5,0.0,0.1111111111111111,0.25,0.6006386590863215,0.0,1.0,0.0,0.33333333333333337,0.3406079501169188,0.15481171548117123,0.17479029698481074,0.512287334593573,1.0,0.0,0.0,0.0,0.0,1.0,0.0,0.0,0.0,0.0,0.0,0.0,1.0,0.0,0.0,0.0,0.0,0.0,0.0,1.0,0.0,0.0,0.0,1.0,0.0
5827,0.4567901234567901,1.0,0.0,0.0,0.1111111111111111,0.25,0.6301228271521957,0.0,1.0,0.0,0.33333333333333337,0.3406079501169188,0.15481171548117123,0.17479029698481074,0.512287334593573,1.0,0.0,0.0,0.0,1.0,0.0,0.0,0.0,0.0,0.0,0.0,0.0,1.0,0.0,0.0,0.0,0.0,0.0,0.0,0.0,1.0,0.0,0.0,1.0,0.0
5828,0.4567901234567901,0.0,0.0,0.0,0.1111111111111111,0.25,0.646660205928461,0.0,1.0,0.0,0.33333333333333337,0.3406079501169188,0.15481171548117123,0.17479029698481074,0.512287334593573,1.0,0.0,0.0,0.0,1.0,0.0,0.0,0.0,0.0,0.0,0.0,0.0,1.0,0.0,0.0,0.0,0.0,0.0,0.0,0.0,1.0,0.0,0.0,1.0,0.0
5829,0.5925925925925926,0.5,0.5,0.0,0.1111111111111111,0.25,0.5496889184613623,0.0,1.0,0.0,0.33333333333333337,0.3406079501169188,0.15481171548117123,0.17479029698481074,0.512287334593573,1.0,0.0,0.0,0.0,0.0,1.0,0.0,0.0,0.0,0.0,0.0,0.0,1.0,0.0,0.0,0.0,0.0,0.0,0.0,0.0,0.0,0.0,0.0,1.0,0.0
5830,0.20987654320987653,1.0,0.0,0.0,0.1111111111111111,0.25,0.5651217337279456,0.0,1.0,0.0,0.33333333333333337,0.3406079501169188,0.15481171548117123,0.17479029698481074,0.512287334593573,1.0,0.0,0.0,0.0,0.0,0.0,0.0,0.0,0.0,0.0,0.0,0.0,0.0,0.0,0.0,0.0,0.0,1.0,0.0,0.0,0.0,0.0,0.0,1.0,0.0
5831,0.7160493827160492,0.0,0.0,0.0,0.1111111111111111,0.25,0.6914283273250159,0.02631578947368421,1.0,0.14285714285714285,0.33333333333333337,0.3406079501169188,0.15481171548117123,0.17479029698481074,0.512287334593573,1.0,0.0,0.0,0.0,0.0,1.0,0.0,0.0,0.0,0.0,0.0,0.0,1.0,0.0,0.0,0.0,0.0,0.0,0.0,0.0,0.0,0.0,0.0,0.0,0.0
5832,0.4444444444444445,1.0,0.0,0.0,0.1111111111111111,0.25,0.5962813035550764,0.02631578947368421,0.006006006006006006,0.14285714285714285,0.33333333333333337,0.3406079501169188,0.15481171548117123,0.17479029698481074,0.512287334593573,1.0,0.0,0.0,0.0,0.0,0.0,0.0,0.0,0.0,0.0,0.0,0.0,1.0,0.0,0.0,0.0,0.0,0.0,0.0,0.0,1.0,0.0,0.0,0.0,1.0
5833,0.1728395061728395,1.0,0.0,1.0,0.1111111111111111,0.25,0.7931997715532266,0.02631578947368421,1.0,0.0,0.33333333333333337,0.3406079501169188,0.15481171548117123,0.17479029698481074,0.512287334593573,1.0,0.0,0.0,0.0,0.0,0.0,0.0,0.0,0.0,1.0,0.0,0.0,0.0,1.0,0.0,0.0,0.0,0.0,0.0,0.0,1.0,0.0,0.0,1.0,0.0
5834,0.3703703703703703,1.0,0.0,0.0,0.1111111111111111,0.25,0.6461771040195569,0.02631578947368421,1.0,0.0,0.33333333333333337,0.3406079501169188,0.15481171548117123,0.17479029698481074,0.512287334593573,1.0,0.0,0.0,1.0,0.0,0.0,0.0,0.0,0.0,0.0,0.0,0.0,0.0,1.0,0.0,0.0,0.0,0.0,0.0,1.0,0.0,0.0,0.0,1.0,0.0
5835,0.7530864197530864,1.0,0.0,1.0,0.1111111111111111,0.25,0.5796182238056906,0.02631578947368421,1.0,0.0,0.33333333333333337,0.3406079501169188,0.15481171548117123,0.17479029698481074,0.512287334593573,1.0,0.0,0.0,0.0,0.0,1.0,0.0,0.0,0.0,0.0,0.0,0.0,1.0,0.0,0.0,0.0,0.0,0.0,0.0,0.0,0.0,0.0,0.0,1.0,0.0
5836,0.024691358024691357,1.0,1.0,0.0,0.1111111111111111,0.25,0.6624284397381989,0.05263157894736842,1.0,0.0,0.33333333333333337,0.3406079501169188,0.15481171548117123,0.17479029698481074,0.512287334593573,1.0,0.0,0.0,0.0,0.0,0.0,0.0,0.0,1.0,0.0,0.0,0.0,0.0,1.0,0.0,0.0,0.0,0.0,0.0,0.0,0.0,1.0,0.0,1.0,0.0
5837,0.8395061728395061,1.0,0.0,0.0,0.1111111111111111,0.25,0.5725931427044147,0.05263157894736842,1.0,0.0,0.33333333333333337,0.3406079501169188,0.15481171548117123,0.17479029698481074,0.512287334593573,1.0,0.0,0.0,0.0,0.0,1.0,0.0,0.0,0.0,0.0,0.0,0.0,1.0,0.0,0.0,0.0,0.0,0.0,0.0,0.0,0.0,0.0,1.0,1.0,0.0
5838,0.5802469135802468,0.0,0.0,0.0,0.1111111111111111,0.25,0.5955391234938983,0.07894736842105263,1.0,0.0,0.33333333333333337,0.3406079501169188,0.15481171548117123,0.17479029698481074,0.512287334593573,1.0,0.0,0.0,0.0,0.0,1.0,0.0,0.0,0.0,0.0,0.0,0.0,1.0,0.0,0.0,0.0,0.0,0.0,0.0,0.0,1.0,0.0,0.0,1.0,0.0
5839,0.12345679012345678,1.0,0.0,0.0,0.1111111111111111,0.25,0.6261730746079361,0.0,1.0,0.0,0.33333333333333337,0.3406079501169188,0.15481171548117123,0.17479029698481074,0.512287334593573,1.0,0.0,0.0,0.0,0.0,0.0,0.0,1.0,0.0,0.0,0.0,0.0,0.0,1.0,0.0,0.0,0.0,1.0,0.0,0.0,0.0,0.0,0.0,1.0,0.0
5840,0.19753086419753085,1.0,0.0,1.0,0.1111111111111111,0.5,0.635013676339261,0.0,1.0,0.0,0.33333333333333337,0.3406079501169188,0.15481171548117123,0.17479029698481074,0.512287334593573,0.0,0.0,0.0,0.0,0.0,0.0,0.0,0.0,0.0,0.0,0.0,0.0,0.0,1.0,0.0,0.0,0.0,0.0,0.0,0.0,1.0,0.0,0.0,1.0,0.0
5841,0.07407407407407407,0.0,0.0,0.0,0.1111111111111111,0.5,0.6863788332730624,0.02631578947368421,1.0,0.0,0.33333333333333337,0.3406079501169188,0.15481171548117123,0.17479029698481074,0.512287334593573,1.0,0.0,0.0,0.0,0.0,0.0,0.0,0.0,0.0,0.0,0.0,0.0,0.0,1.0,0.0,0.0,0.0,0.0,0.0,0.0,1.0,0.0,0.0,1.0,0.0
5842,0.16049382716049382,1.0,0.0,0.0,0.1111111111111111,0.5,0.7051005485106072,0.0,1.0,0.0,0.33333333333333337,0.3406079501169188,0.15481171548117123,0.17479029698481074,0.512287334593573,1.0,0.0,0.0,0.0,0.0,0.0,0.0,0.0,0.0,0.0,1.0,0.0,0.0,1.0,0.0,0.0,0.0,0.0,0.0,0.0,1.0,0.0,0.0,1.0,0.0
5843,0.07407407407407407,1.0,0.0,0.0,0.1111111111111111,0.5,0.75673986943965,0.0,1.0,0.0,0.33333333333333337,0.3406079501169188,0.15481171548117123,0.17479029698481074,0.512287334593573,1.0,0.0,0.0,0.0,0.0,0.0,0.0,0.0,0.0,0.0,0.0,0.0,0.0,1.0,0.0,0.0,0.0,0.0,0.0,0.0,1.0,0.0,0.0,1.0,0.0
5844,0.07407407407407407,1.0,0.0,0.0,0.1111111111111111,0.5,0.634480182683441,0.0,1.0,0.0,0.33333333333333337,0.3406079501169188,0.15481171548117123,0.17479029698481074,0.512287334593573,1.0,0.0,0.0,0.0,0.0,0.0,0.0,0.0,0.0,0.0,0.0,0.0,0.0,1.0,0.0,0.0,0.0,0.0,0.0,0.0,1.0,0.0,0.0,1.0,0.0
5845,0.43209876543209874,1.0,0.0,0.0,0.1111111111111111,0.5,0.6770775956944137,0.0,1.0,0.0,0.33333333333333337,0.3406079501169188,0.15481171548117123,0.17479029698481074,0.512287334593573,1.0,1.0,0.0,0.0,0.0,0.0,0.0,0.0,0.0,0.0,0.0,0.0,1.0,0.0,0.0,0.0,0.0,0.0,0.0,0.0,0.0,0.0,0.0,1.0,0.0
5846,0.07407407407407407,0.0,0.0,0.0,0.1111111111111111,0.5,0.6767047422935657,0.0,1.0,0.14285714285714285,0.33333333333333337,0.3406079501169188,0.15481171548117123,0.17479029698481074,0.512287334593573,1.0,0.0,0.0,0.0,0.0,0.0,0.0,0.0,0.0,0.0,0.0,0.0,0.0,1.0,0.0,0.0,0.0,0.0,0.0,0.0,1.0,0.0,0.0,0.0,0.0
5847,0.14814814814814814,0.0,1.0,0.0,0.1111111111111111,0.5,0.6785573026196613,0.0,0.006006006006006006,0.14285714285714285,0.33333333333333337,0.3406079501169188,0.15481171548117123,0.17479029698481074,0.512287334593573,1.0,0.0,0.0,0.0,0.0,0.0,0.0,0.0,0.0,0.0,0.0,0.0,0.0,1.0,0.0,0.0,0.0,1.0,0.0,0.0,0.0,0.0,0.0,0.0,1.0
5848,0.5802469135802468,1.0,0.0,0.0,0.1111111111111111,0.5,0.5474693214896542,0.0,1.0,0.2857142857142857,0.33333333333333337,0.3406079501169188,0.15481171548117123,0.17479029698481074,0.512287334593573,1.0,0.0,0.0,0.0,0.0,1.0,0.0,0.0,0.0,0.0,0.0,0.0,1.0,0.0,0.0,0.0,0.0,0.0,0.0,0.0,0.0,0.0,0.0,0.0,0.0
5849,0.14814814814814814,1.0,0.0,0.0,0.1111111111111111,0.5,0.5862473099208212,0.0,1.0,0.0,0.33333333333333337,0.3406079501169188,0.15481171548117123,0.17479029698481074,0.512287334593573,1.0,0.0,0.0,0.0,0.0,0.0,0.0,0.0,0.0,0.0,0.0,0.0,0.0,1.0,0.0,0.0,0.0,0.0,0.0,0.0,1.0,0.0,0.0,1.0,0.0
5850,0.2716049382716049,0.0,0.0,0.0,0.1111111111111111,0.5,0.5356959888812932,0.0,1.0,0.0,0.33333333333333337,0.3406079501169188,0.15481171548117123,0.17479029698481074,0.512287334593573,1.0,0.0,0.0,0.0,0.0,0.0,0.0,0.0,0.0,0.0,0.0,0.0,1.0,0.0,0.0,0.0,0.0,0.0,0.0,0.0,1.0,0.0,0.0,1.0,0.0
5851,0.24691358024691357,1.0,0.0,0.0,0.1111111111111111,0.5,0.6013494476505862,0.0,1.0,0.0,0.33333333333333337,0.3406079501169188,0.15481171548117123,0.17479029698481074,0.512287334593573,1.0,0.0,0.0,0.0,0.0,0.0,0.0,1.0,0.0,0.0,0.0,0.0,0.0,1.0,0.0,0.0,0.0,1.0,0.0,0.0,0.0,0.0,0.0,1.0,0.0
5852,0.09876543209876543,1.0,0.0,0.0,0.1111111111111111,0.5,0.7097029995592844,0.0,1.0,0.0,0.33333333333333337,0.3406079501169188,0.15481171548117123,0.17479029698481074,0.512287334593573,1.0,0.0,0.0,0.0,0.0,0.0,0.0,0.0,0.0,0.0,0.0,0.0,0.0,1.0,0.0,0.0,0.0,1.0,0.0,0.0,0.0,0.0,0.0,1.0,0.0
5853,0.4691358024691357,0.0,1.0,0.0,0.1111111111111111,0.5,0.674061144536046,0.0,1.0,0.14285714285714285,0.33333333333333337,0.3406079501169188,0.15481171548117123,0.17479029698481074,0.512287334593573,1.0,0.0,0.0,0.0,0.0,0.0,0.0,0.0,0.0,0.0,0.0,0.0,1.0,0.0,0.0,0.0,0.0,1.0,0.0,0.0,0.0,0.0,0.0,0.0,0.0
5854,0.4567901234567901,1.0,0.0,0.0,0.1111111111111111,0.5,0.580467578755373,0.02631578947368421,1.0,0.0,0.33333333333333337,0.3406079501169188,0.15481171548117123,0.17479029698481074,0.512287334593573,1.0,0.0,0.0,0.0,0.0,0.0,0.0,0.0,0.0,1.0,0.0,0.0,1.0,0.0,0.0,0.0,0.0,0.0,0.0,1.0,0.0,0.0,0.0,1.0,0.0
5855,0.4938271604938272,0.0,0.0,0.0,0.1111111111111111,0.5,0.6628493172872891,0.02631578947368421,1.0,0.0,0.33333333333333337,0.3406079501169188,0.15481171548117123,0.17479029698481074,0.512287334593573,1.0,0.0,0.0,0.0,1.0,0.0,0.0,0.0,0.0,0.0,0.0,0.0,0.0,0.0,0.0,0.0,0.0,0.0,0.0,0.0,0.0,1.0,0.0,1.0,0.0
5856,0.5432098765432098,1.0,0.0,0.0,0.1111111111111111,0.5,0.6476204981957939,0.07894736842105263,1.0,0.14285714285714285,0.33333333333333337,0.3406079501169188,0.15481171548117123,0.17479029698481074,0.512287334593573,1.0,0.0,0.0,0.0,0.0,1.0,0.0,0.0,0.0,0.0,0.0,0.0,1.0,0.0,0.0,0.0,0.0,0.0,0.0,0.0,0.0,0.0,0.0,0.0,0.0
5857,0.5925925925925926,0.0,0.0,0.0,0.1111111111111111,0.5,0.5679794082497067,0.02631578947368421,1.0,0.0,0.33333333333333337,0.3406079501169188,0.15481171548117123,0.17479029698481074,0.512287334593573,1.0,0.0,0.0,0.0,0.0,1.0,0.0,0.0,0.0,0.0,0.0,0.0,1.0,0.0,0.0,0.0,0.0,0.0,0.0,0.0,1.0,0.0,0.0,1.0,0.0
5858,0.5308641975308641,0.0,0.0,0.0,0.1111111111111111,0.5,0.5507832068127649,0.02631578947368421,1.0,0.0,0.33333333333333337,0.3406079501169188,0.15481171548117123,0.17479029698481074,0.512287334593573,1.0,0.0,0.0,0.0,0.0,0.0,0.0,0.0,0.0,1.0,0.0,0.0,1.0,0.0,0.0,0.0,0.0,0.0,0.0,1.0,0.0,0.0,0.0,1.0,0.0
5859,0.43209876543209874,1.0,0.0,0.0,0.1111111111111111,0.5,0.6397092724183482,0.10526315789473684,1.0,0.0,0.33333333333333337,0.3406079501169188,0.15481171548117123,0.17479029698481074,0.512287334593573,1.0,1.0,0.0,0.0,0.0,0.0,0.0,0.0,0.0,0.0,0.0,0.0,1.0,0.0,0.0,0.0,0.0,0.0,0.0,0.0,0.0,0.0,0.0,1.0,0.0
5860,0.5061728395061729,1.0,0.0,0.0,0.1111111111111111,0.5,0.8424584748732955,0.05263157894736842,1.0,0.0,0.33333333333333337,0.3406079501169188,0.15481171548117123,0.17479029698481074,0.512287334593573,1.0,0.0,0.0,0.0,0.0,1.0,0.0,0.0,0.0,0.0,0.0,0.0,0.0,1.0,0.0,0.0,0.0,0.0,0.0,1.0,0.0,0.0,0.0,1.0,0.0
5861,0.5308641975308641,1.0,0.0,0.0,0.1111111111111111,0.5,0.7414095253609313,0.0,1.0,0.0,0.33333333333333337,0.3406079501169188,0.15481171548117123,0.17479029698481074,0.512287334593573,1.0,1.0,0.0,0.0,0.0,0.0,0.0,0.0,0.0,0.0,0.0,0.0,1.0,0.0,0.0,0.0,0.0,0.0,0.0,1.0,0.0,0.0,0.0,1.0,0.0
5862,0.024691358024691357,0.0,1.0,0.0,0.1111111111111111,0.5,0.6962699633353183,0.02631578947368421,1.0,0.0,0.33333333333333337,0.3406079501169188,0.15481171548117123,0.17479029698481074,0.512287334593573,1.0,0.0,0.0,0.0,0.0,0.0,0.0,0.0,1.0,0.0,0.0,0.0,0.0,1.0,0.0,0.0,0.0,0.0,0.0,0.0,0.0,0.0,0.0,1.0,0.0
5863,0.09876543209876543,1.0,0.0,0.0,0.1111111111111111,0.75,0.6397092724183482,0.02631578947368421,1.0,0.0,0.33333333333333337,0.3406079501169188,0.15481171548117123,0.17501700294717748,0.512287334593573,1.0,0.0,0.0,0.0,0.0,0.0,0.0,0.0,0.0,0.0,0.0,0.0,0.0,1.0,0.0,0.0,0.0,0.0,0.0,0.0,1.0,0.0,0.0,1.0,0.0
5864,0.20987654320987653,1.0,0.0,0.0,0.1111111111111111,0.75,0.6818201199369839,0.0,1.0,0.0,0.33333333333333337,0.3406079501169188,0.15481171548117123,0.17501700294717748,0.512287334593573,1.0,0.0,0.0,0.0,0.0,0.0,0.0,0.0,0.0,0.0,0.0,1.0,1.0,0.0,0.0,0.0,0.0,0.0,0.0,0.0,0.0,0.0,0.0,1.0,0.0
5865,0.5432098765432098,1.0,1.0,0.0,0.1111111111111111,0.75,0.6572568311427133,0.10526315789473684,1.0,0.0,0.33333333333333337,0.3406079501169188,0.15481171548117123,0.17501700294717748,0.512287334593573,1.0,0.0,0.0,0.0,0.0,0.0,0.0,0.0,0.0,0.0,0.0,0.0,1.0,0.0,0.0,0.0,0.0,0.0,0.0,0.0,1.0,0.0,0.0,1.0,0.0
5866,0.43209876543209874,0.0,0.0,0.0,0.1111111111111111,0.75,0.6485730147319224,0.10526315789473684,1.0,0.0,0.33333333333333337,0.3406079501169188,0.15481171548117123,0.17501700294717748,0.512287334593573,1.0,1.0,0.0,0.0,0.0,0.0,0.0,0.0,0.0,0.0,0.0,0.0,1.0,0.0,0.0,1.0,0.0,0.0,0.0,0.0,0.0,0.0,0.0,1.0,0.0
5867,0.3333333333333333,0.0,0.0,0.0,0.1111111111111111,0.75,0.6062082270603242,0.0,1.0,0.0,0.33333333333333337,0.3406079501169188,0.15481171548117123,0.17501700294717748,0.512287334593573,1.0,0.0,0.0,0.0,0.0,0.0,0.0,0.0,0.0,0.0,0.0,0.0,1.0,0.0,0.0,0.0,0.0,0.0,0.0,0.0,1.0,0.0,0.0,1.0,0.0
5868,0.2222222222222222,0.0,0.0,0.0,0.1111111111111111,0.75,0.6590060849288549,0.02631578947368421,1.0,0.0,0.33333333333333337,0.3406079501169188,0.15481171548117123,0.17501700294717748,0.512287334593573,1.0,0.0,0.0,0.0,0.0,0.0,0.0,0.0,0.0,1.0,0.0,0.0,1.0,0.0,0.0,0.0,0.0,0.0,0.0,0.0,1.0,0.0,0.0,1.0,0.0
5869,0.4074074074074074,1.0,1.0,1.0,0.1111111111111111,0.75,0.708853644609602,0.05263157894736842,1.0,0.0,0.33333333333333337,0.3406079501169188,0.15481171548117123,0.17501700294717748,0.512287334593573,1.0,0.0,0.0,0.0,0.0,0.0,0.0,0.0,0.0,0.0,0.0,0.0,1.0,0.0,0.0,0.0,0.0,0.0,0.0,0.0,1.0,0.0,0.0,1.0,0.0
5870,0.12345679012345678,0.0,0.0,1.0,0.1111111111111111,0.75,0.5829794567444476,0.0,1.0,0.0,0.33333333333333337,0.3406079501169188,0.15481171548117123,0.17501700294717748,0.512287334593573,0.0,0.0,0.0,0.0,0.0,0.0,0.0,0.0,1.0,0.0,0.0,0.0,0.0,1.0,0.0,0.0,0.0,0.0,0.0,0.0,1.0,0.0,0.0,1.0,0.0
5871,0.30864197530864196,1.0,0.0,0.0,0.1111111111111111,0.75,0.599923549592398,0.0,1.0,0.0,0.33333333333333337,0.3406079501169188,0.15481171548117123,0.17501700294717748,0.512287334593573,1.0,0.0,0.0,0.0,0.0,0.0,0.0,0.0,0.0,1.0,0.0,0.0,1.0,0.0,0.0,0.0,0.0,1.0,0.0,0.0,0.0,0.0,0.0,1.0,0.0
5872,0.19753086419753085,0.0,0.0,1.0,0.1111111111111111,0.75,0.5940405662922726,0.0,1.0,0.0,0.33333333333333337,0.3406079501169188,0.15481171548117123,0.17501700294717748,0.512287334593573,0.0,0.0,0.0,0.0,0.0,0.0,1.0,0.0,0.0,0.0,0.0,0.0,1.0,0.0,0.0,0.0,0.0,0.0,0.0,0.0,1.0,0.0,0.0,1.0,0.0
5873,0.3209876543209876,0.0,0.0,0.0,0.1111111111111111,0.75,0.7363468012409793,0.07894736842105263,1.0,0.0,0.33333333333333337,0.3406079501169188,0.15481171548117123,0.17501700294717748,0.512287334593573,1.0,0.0,0.0,0.0,0.0,0.0,0.0,0.0,0.0,0.0,0.0,0.0,1.0,0.0,0.0,0.0,0.0,0.0,0.0,0.0,1.0,0.0,0.0,1.0,0.0
5874,0.1111111111111111,1.0,0.0,0.0,0.1111111111111111,0.75,0.5601990426951532,0.07894736842105263,1.0,0.0,0.33333333333333337,0.3406079501169188,0.15481171548117123,0.17501700294717748,0.512287334593573,1.0,0.0,0.0,0.0,0.0,0.0,0.0,0.0,1.0,0.0,0.0,0.0,0.0,1.0,0.0,0.0,0.0,1.0,0.0,0.0,0.0,0.0,0.0,1.0,0.0
5875,0.4074074074074074,1.0,0.0,0.0,0.1111111111111111,1.0,0.5977517620704379,0.0,1.0,0.0,0.33333333333333337,0.3406079501169188,0.15481171548117123,0.17365676717297662,0.512287334593573,1.0,0.0,0.0,0.0,0.0,0.0,0.0,0.0,0.0,0.0,0.0,0.0,1.0,0.0,0.0,0.0,0.0,0.0,0.0,0.0,1.0,0.0,0.0,1.0,0.0
5876,0.5802469135802468,1.0,0.0,0.0,0.1111111111111111,1.0,0.7696246670779038,0.02631578947368421,1.0,0.0,0.33333333333333337,0.3406079501169188,0.15481171548117123,0.17365676717297662,0.512287334593573,1.0,0.0,0.0,0.0,1.0,0.0,0.0,0.0,0.0,0.0,0.0,0.0,1.0,0.0,0.0,0.0,0.0,1.0,0.0,0.0,0.0,0.0,0.0,1.0,0.0
5877,0.12345679012345678,0.0,0.0,0.0,0.1111111111111111,1.0,0.6386818846696665,0.0,1.0,0.14285714285714285,0.33333333333333337,0.3406079501169188,0.15481171548117123,0.17365676717297662,0.512287334593573,1.0,0.0,0.0,0.0,0.0,0.0,0.0,0.0,1.0,0.0,0.0,0.0,0.0,1.0,0.0,0.0,0.0,0.0,0.0,0.0,1.0,0.0,0.0,0.0,0.0
5878,0.25925925925925924,0.0,0.0,0.0,0.1111111111111111,1.0,0.6250197795910157,0.10526315789473684,1.0,0.14285714285714285,0.33333333333333337,0.3406079501169188,0.15481171548117123,0.17365676717297662,0.512287334593573,1.0,0.0,0.0,0.0,0.0,0.0,0.0,0.0,0.0,1.0,0.0,0.0,0.0,1.0,0.0,0.0,0.0,0.0,0.0,0.0,1.0,0.0,0.0,0.0,0.0
5879,0.6666666666666665,1.0,1.0,1.0,0.1111111111111111,0.0,0.529335783224907,0.2894736842105263,1.0,0.0,0.33333333333333337,0.3406079501169188,0.15481171548117123,0.17184311947404218,0.512287334593573,0.0,0.0,0.0,0.0,0.0,1.0,0.0,0.0,0.0,0.0,0.0,0.0,1.0,0.0,0.0,0.0,0.0,0.0,0.0,0.0,1.0,0.0,0.0,1.0,0.0
5880,0.25925925925925924,0.5,0.5,0.0,0.1111111111111111,0.0,0.5679794082497067,0.0,1.0,0.0,0.33333333333333337,0.3406079501169188,0.15481171548117123,0.17184311947404218,0.512287334593573,1.0,0.0,0.0,0.0,0.0,0.0,0.0,0.0,0.0,0.0,0.0,0.0,1.0,0.0,0.0,0.0,0.0,0.0,0.0,0.0,1.0,0.0,0.0,1.0,0.0
5881,0.13580246913580246,0.0,0.0,0.0,0.1111111111111111,0.0,0.5393533347388635,0.0,1.0,0.0,0.33333333333333337,0.3406079501169188,0.15481171548117123,0.17184311947404218,0.512287334593573,1.0,0.0,0.0,0.0,0.0,0.0,0.0,0.0,0.0,0.0,1.0,0.0,0.0,1.0,0.0,0.0,0.0,1.0,0.0,0.0,0.0,0.0,0.0,1.0,0.0
5882,0.12345679012345678,1.0,0.0,0.0,0.1111111111111111,0.0,0.5886399717165399,0.0,1.0,0.0,0.33333333333333337,0.3406079501169188,0.15481171548117123,0.17184311947404218,0.512287334593573,1.0,0.0,0.0,0.0,0.0,0.0,0.0,0.0,0.0,0.0,0.0,0.0,0.0,1.0,0.0,0.0,0.0,0.0,0.0,0.0,1.0,0.0,0.0,1.0,0.0
5883,0.12345679012345678,0.0,0.0,0.0,0.1111111111111111,0.0,0.7173478797553707,0.0,1.0,0.0,0.33333333333333337,0.3406079501169188,0.15481171548117123,0.17184311947404218,0.512287334593573,1.0,0.0,0.0,0.0,1.0,0.0,0.0,0.0,0.0,0.0,0.0,0.0,1.0,0.0,0.0,0.0,0.0,0.0,0.0,0.0,1.0,0.0,0.0,1.0,0.0
5884,0.25925925925925924,0.0,0.0,0.0,0.1111111111111111,0.0,0.6927390389294485,0.0,1.0,0.0,0.33333333333333337,0.3406079501169188,0.15481171548117123,0.17184311947404218,0.512287334593573,1.0,0.0,0.0,0.0,0.0,0.0,0.0,0.0,0.0,0.0,0.0,0.0,0.0,0.0,0.0,0.0,0.0,0.0,0.0,0.0,1.0,0.0,0.0,1.0,0.0
5885,0.5555555555555556,0.0,0.0,0.0,0.1111111111111111,0.0,0.494619644821988,0.0,1.0,0.0,0.33333333333333337,0.3406079501169188,0.15481171548117123,0.17184311947404218,0.512287334593573,0.0,0.0,0.0,0.0,0.0,0.0,1.0,0.0,0.0,0.0,0.0,0.0,1.0,0.0,0.0,0.0,0.0,0.0,0.0,0.0,1.0,0.0,0.0,1.0,0.0
5886,0.07407407407407407,1.0,0.0,0.0,0.1111111111111111,0.0,0.5660820259952785,0.0,1.0,0.0,0.33333333333333337,0.3406079501169188,0.15481171548117123,0.17184311947404218,0.512287334593573,1.0,0.0,0.0,0.0,1.0,0.0,0.0,0.0,0.0,0.0,0.0,0.0,0.0,1.0,0.0,0.0,0.0,0.0,0.0,0.0,1.0,0.0,0.0,1.0,0.0
5887,0.25925925925925924,1.0,0.0,0.0,0.1111111111111111,0.25,0.6095598825393173,0.02631578947368421,1.0,0.0,0.33333333333333337,0.3406079501169188,0.15481171548117123,0.1700294717751077,0.512287334593573,1.0,0.0,0.0,0.0,0.0,0.0,0.0,0.0,0.0,0.0,0.0,0.0,0.0,0.0,0.0,0.0,0.0,0.0,0.0,0.0,1.0,0.0,0.0,1.0,0.0
5888,0.19753086419753085,1.0,0.0,0.0,0.1111111111111111,0.5,0.7329236164515708,0.05263157894736842,1.0,0.0,0.33333333333333337,0.3406079501169188,0.15481171548117123,0.16730900022670597,0.512287334593573,1.0,0.0,0.0,0.0,0.0,0.0,0.0,0.0,0.0,0.0,0.0,0.0,0.0,1.0,0.0,0.0,0.0,1.0,0.0,0.0,0.0,0.0,0.0,1.0,0.0
5889,0.3703703703703703,1.0,0.0,0.0,0.1111111111111111,0.5,0.7595430636256786,0.02631578947368421,1.0,0.0,0.33333333333333337,0.3406079501169188,0.15481171548117123,0.16730900022670597,0.512287334593573,1.0,0.0,0.0,0.0,0.0,0.0,0.0,1.0,0.0,0.0,0.0,0.0,1.0,0.0,0.0,0.0,0.0,1.0,0.0,0.0,0.0,0.0,0.0,1.0,0.0
5890,0.19753086419753085,1.0,0.0,0.0,0.1111111111111111,0.5,0.8080375417210635,0.02631578947368421,1.0,0.14285714285714285,0.33333333333333337,0.3406079501169188,0.15481171548117123,0.16730900022670597,0.512287334593573,1.0,0.0,0.0,0.0,0.0,0.0,0.0,0.0,0.0,0.0,0.0,0.0,0.0,1.0,0.0,0.0,0.0,1.0,0.0,0.0,0.0,0.0,0.0,0.0,0.0
5891,0.08641975308641975,1.0,0.0,0.0,0.1111111111111111,0.75,0.6190773470668909,0.0,1.0,0.0,0.33333333333333337,0.3406079501169188,0.15481171548117123,0.16572205849013832,0.512287334593573,0.0,0.0,0.0,0.0,0.0,0.0,0.0,0.0,0.0,1.0,0.0,0.0,0.0,1.0,0.0,0.0,0.0,0.0,0.0,0.0,1.0,0.0,0.0,1.0,0.0
5892,0.2222222222222222,1.0,1.0,0.0,0.1111111111111111,0.75,0.6920855086403026,0.0,1.0,0.0,0.33333333333333337,0.3406079501169188,0.15481171548117123,0.16572205849013832,0.512287334593573,0.0,0.0,0.0,0.0,0.0,0.0,0.0,0.0,0.0,0.0,0.0,0.0,0.0,1.0,0.0,0.0,0.0,0.0,0.0,0.0,1.0,0.0,0.0,1.0,0.0
5893,0.12345679012345678,0.0,0.0,0.0,0.1111111111111111,0.75,0.7365715102863578,0.0,1.0,0.0,0.33333333333333337,0.3406079501169188,0.15481171548117123,0.16572205849013832,0.512287334593573,1.0,0.0,0.0,0.0,0.0,0.0,0.0,0.0,0.0,0.0,0.0,0.0,0.0,1.0,0.0,0.0,0.0,0.0,0.0,0.0,1.0,0.0,0.0,1.0,0.0
5894,0.765432098765432,1.0,0.0,0.0,0.1111111111111111,0.75,0.7336162689894798,0.0,1.0,0.0,0.33333333333333337,0.3406079501169188,0.15481171548117123,0.16572205849013832,0.512287334593573,1.0,0.0,0.0,0.0,0.0,1.0,0.0,0.0,0.0,0.0,0.0,0.0,1.0,0.0,0.0,0.0,1.0,0.0,0.0,0.0,0.0,0.0,0.0,1.0,0.0
5895,0.5308641975308641,1.0,0.0,0.0,0.1111111111111111,0.75,0.7468819143542026,0.0,1.0,0.0,0.33333333333333337,0.3406079501169188,0.15481171548117123,0.16572205849013832,0.512287334593573,1.0,0.0,0.0,0.0,0.0,0.0,0.0,0.0,0.0,0.0,0.0,0.0,1.0,0.0,0.0,0.0,0.0,0.0,0.0,1.0,0.0,0.0,0.0,1.0,0.0
5896,0.5308641975308641,0.0,0.0,0.0,0.1111111111111111,0.75,0.7051005485106072,0.0,1.0,0.0,0.33333333333333337,0.3406079501169188,0.15481171548117123,0.16572205849013832,0.512287334593573,1.0,0.0,0.0,0.0,0.0,1.0,0.0,0.0,0.0,0.0,0.0,0.0,1.0,0.0,0.0,0.0,0.0,1.0,0.0,0.0,0.0,0.0,0.0,1.0,0.0
5897,0.5308641975308641,1.0,0.0,0.0,0.1111111111111111,0.75,0.8088904155205662,0.0,0.005005005005005005,0.2857142857142857,0.33333333333333337,0.3406079501169188,0.15481171548117123,0.16572205849013832,0.512287334593573,1.0,0.0,0.0,0.0,0.0,1.0,0.0,0.0,0.0,0.0,0.0,0.0,0.0,0.0,0.0,0.0,0.0,0.0,0.0,1.0,0.0,0.0,0.0,0.0,0.0
5898,0.1728395061728395,1.0,0.0,0.0,0.1111111111111111,0.75,0.7709729356995799,0.0,0.005005005005005005,0.14285714285714285,0.33333333333333337,0.3406079501169188,0.15481171548117123,0.16572205849013832,0.512287334593573,1.0,0.0,0.0,0.0,0.0,0.0,0.0,0.0,0.0,1.0,0.0,0.0,0.0,1.0,0.0,0.0,0.0,0.0,0.0,0.0,1.0,0.0,0.0,0.0,1.0
5899,0.2716049382716049,1.0,0.0,0.0,0.1111111111111111,0.75,0.6993904420466923,0.0,1.0,0.14285714285714285,0.33333333333333337,0.3406079501169188,0.15481171548117123,0.16572205849013832,0.512287334593573,1.0,0.0,0.0,0.0,0.0,0.0,0.0,0.0,0.0,1.0,0.0,0.0,1.0,0.0,0.0,0.0,0.0,0.0,0.0,1.0,0.0,0.0,0.0,0.0,0.0
5900,0.13580246913580246,0.0,0.0,0.0,0.1111111111111111,0.75,0.7468819143542026,0.0,1.0,0.0,0.33333333333333337,0.3406079501169188,0.15481171548117123,0.16572205849013832,0.512287334593573,1.0,0.0,0.0,0.0,0.0,0.0,0.0,0.0,0.0,0.0,0.0,0.0,0.0,1.0,0.0,0.0,0.0,1.0,0.0,0.0,0.0,0.0,0.0,1.0,0.0
5901,0.012345679012345678,0.0,0.0,0.0,0.1111111111111111,0.75,0.5518674094137875,0.0,1.0,0.0,0.33333333333333337,0.3406079501169188,0.15481171548117123,0.16572205849013832,0.512287334593573,0.0,0.0,0.0,0.0,0.0,0.0,0.0,0.0,1.0,0.0,0.0,0.0,0.0,1.0,0.0,0.0,0.0,0.0,0.0,0.0,0.0,0.0,0.0,1.0,0.0
5902,0.1111111111111111,1.0,0.0,0.0,0.1111111111111111,0.75,0.6447157790225418,0.0,1.0,0.0,0.33333333333333337,0.3406079501169188,0.15481171548117123,0.16572205849013832,0.512287334593573,1.0,0.0,0.0,0.0,0.0,0.0,0.0,0.0,0.0,0.0,0.0,0.0,0.0,1.0,0.0,0.0,0.0,0.0,0.0,0.0,1.0,0.0,0.0,1.0,0.0
5903,0.16049382716049382,0.0,0.0,0.0,0.1111111111111111,0.75,0.6371237804409605,0.0,1.0,0.0,0.33333333333333337,0.3406079501169188,0.15481171548117123,0.16572205849013832,0.512287334593573,1.0,0.0,0.0,0.0,0.0,0.0,0.0,0.0,0.0,0.0,0.0,0.0,0.0,1.0,0.0,0.0,0.0,0.0,0.0,0.0,1.0,0.0,0.0,1.0,0.0
5904,0.16049382716049382,0.0,0.0,0.0,0.1111111111111111,0.75,0.7642490971431724,0.0,1.0,0.0,0.33333333333333337,0.3406079501169188,0.15481171548117123,0.16572205849013832,0.512287334593573,1.0,0.0,0.0,0.0,0.0,0.0,0.0,0.0,0.0,0.0,0.0,0.0,0.0,1.0,0.0,0.0,0.0,0.0,0.0,0.0,1.0,0.0,0.0,1.0,0.0
5905,0.4444444444444445,0.0,0.0,0.0,0.1111111111111111,0.75,0.7298740798902329,0.0,0.002002002002002002,0.14285714285714285,0.33333333333333337,0.3406079501169188,0.15481171548117123,0.16572205849013832,0.512287334593573,1.0,0.0,0.0,0.0,0.0,0.0,0.0,0.0,0.0,0.0,0.0,0.0,0.0,1.0,0.0,0.0,0.0,0.0,0.0,0.0,1.0,0.0,0.0,0.0,1.0
5906,0.35802469135802467,0.0,0.0,0.0,0.1111111111111111,0.75,0.646660205928461,0.0,1.0,0.0,0.33333333333333337,0.3406079501169188,0.15481171548117123,0.16572205849013832,0.512287334593573,0.0,0.0,0.0,0.0,0.0,0.0,0.0,0.0,0.0,0.0,0.0,0.0,1.0,0.0,0.0,0.0,0.0,1.0,0.0,0.0,0.0,0.0,0.0,1.0,0.0
5907,0.2222222222222222,1.0,0.0,0.0,0.1111111111111111,0.75,0.7085691580151198,0.0,0.005005005005005005,0.14285714285714285,0.33333333333333337,0.3406079501169188,0.15481171548117123,0.16572205849013832,0.512287334593573,1.0,0.0,0.0,0.0,0.0,0.0,0.0,1.0,0.0,0.0,0.0,0.0,1.0,0.0,0.0,0.0,0.0,1.0,0.0,0.0,0.0,0.0,0.0,0.0,1.0
5908,0.5308641975308641,0.5,0.5,0.0,0.1111111111111111,0.75,0.6284462883305656,0.0,0.002002002002002002,0.14285714285714285,0.33333333333333337,0.3406079501169188,0.15481171548117123,0.16572205849013832,0.512287334593573,1.0,0.0,0.0,0.0,0.0,0.0,0.0,0.0,0.0,0.0,0.0,0.0,1.0,0.0,0.0,0.0,0.0,1.0,0.0,0.0,0.0,0.0,0.0,0.0,1.0
5909,0.2839506172839506,0.0,1.0,0.0,0.1111111111111111,0.75,0.7310563526507374,0.0,1.0,0.0,0.33333333333333337,0.3406079501169188,0.15481171548117123,0.16572205849013832,0.512287334593573,1.0,0.0,0.0,0.0,0.0,0.0,0.0,0.0,0.0,0.0,0.0,0.0,1.0,0.0,0.0,0.0,0.0,0.0,0.0,0.0,1.0,0.0,0.0,1.0,0.0
5910,0.419753086419753,0.0,0.0,0.0,0.1111111111111111,0.75,0.7071363126573881,0.0,0.002002002002002002,0.14285714285714285,0.33333333333333337,0.3406079501169188,0.15481171548117123,0.16572205849013832,0.512287334593573,1.0,0.0,0.0,0.0,0.0,0.0,0.0,1.0,0.0,0.0,0.0,0.0,1.0,0.0,0.0,1.0,0.0,0.0,0.0,0.0,0.0,0.0,0.0,0.0,1.0
5911,0.5308641975308641,0.0,0.0,0.0,0.1111111111111111,0.75,0.7181382644722665,0.0,0.002002002002002002,0.14285714285714285,0.33333333333333337,0.3406079501169188,0.15481171548117123,0.16572205849013832,0.512287334593573,1.0,0.0,0.0,0.0,0.0,0.0,0.0,0.0,0.0,0.0,0.0,0.0,1.0,0.0,0.0,0.0,0.0,1.0,0.0,0.0,0.0,0.0,0.0,0.0,1.0
5912,0.38271604938271603,0.0,0.0,0.0,0.1111111111111111,0.75,0.7563610119479759,0.0,1.0,0.0,0.33333333333333337,0.3406079501169188,0.15481171548117123,0.16572205849013832,0.512287334593573,1.0,0.0,1.0,0.0,0.0,0.0,0.0,0.0,0.0,0.0,0.0,0.0,1.0,0.0,0.0,0.0,0.0,0.0,0.0,0.0,1.0,0.0,0.0,1.0,0.0
5913,0.39506172839506176,1.0,0.0,0.0,0.1111111111111111,0.75,0.7012237542095305,0.0,1.0,0.0,0.33333333333333337,0.3406079501169188,0.15481171548117123,0.16572205849013832,0.512287334593573,1.0,0.0,0.0,0.0,1.0,0.0,0.0,0.0,0.0,0.0,0.0,0.0,1.0,0.0,0.0,0.0,0.0,0.0,0.0,0.0,1.0,0.0,0.0,1.0,0.0
5914,0.20987654320987653,1.0,0.0,0.0,0.1111111111111111,0.75,0.6763307033473182,0.0,1.0,0.0,0.33333333333333337,0.3406079501169188,0.15481171548117123,0.16572205849013832,0.512287334593573,1.0,0.0,0.0,0.0,0.0,0.0,0.0,0.0,0.0,1.0,0.0,0.0,0.0,1.0,0.0,0.0,0.0,0.0,0.0,1.0,0.0,0.0,0.0,1.0,0.0
5915,0.38271604938271603,1.0,0.0,0.0,0.1111111111111111,0.75,0.7964828260153337,0.0,1.0,0.0,0.33333333333333337,0.3406079501169188,0.15481171548117123,0.16572205849013832,0.512287334593573,1.0,0.0,1.0,0.0,0.0,0.0,0.0,0.0,0.0,0.0,0.0,0.0,1.0,0.0,0.0,0.0,0.0,0.0,0.0,0.0,1.0,0.0,0.0,1.0,0.0
5916,0.4444444444444445,1.0,0.0,0.0,0.1111111111111111,0.75,0.6701784439170553,0.0,0.002002002002002002,0.14285714285714285,0.33333333333333337,0.3406079501169188,0.15481171548117123,0.16572205849013832,0.512287334593573,1.0,0.0,0.0,0.0,1.0,0.0,0.0,0.0,0.0,0.0,0.0,0.0,0.0,0.0,0.0,0.0,0.0,0.0,0.0,0.0,1.0,0.0,0.0,0.0,1.0
5917,0.08641975308641975,1.0,0.0,0.0,0.1111111111111111,0.75,0.708853644609602,0.0,1.0,0.0,0.33333333333333337,0.3406079501169188,0.15481171548117123,0.16572205849013832,0.512287334593573,1.0,0.0,0.0,0.0,0.0,0.0,0.0,0.0,1.0,0.0,0.0,0.0,0.0,1.0,0.0,0.0,0.0,0.0,0.0,1.0,0.0,0.0,0.0,1.0,0.0
5918,0.35802469135802467,1.0,0.0,0.0,0.1111111111111111,0.75,0.6407277649233879,0.0,1.0,0.0,0.33333333333333337,0.3406079501169188,0.15481171548117123,0.16572205849013832,0.512287334593573,1.0,0.0,0.0,0.0,0.0,0.0,0.0,0.0,0.0,0.0,0.0,0.0,1.0,0.0,0.0,0.0,0.0,1.0,0.0,0.0,0.0,0.0,0.0,1.0,0.0
5919,0.2839506172839506,0.0,0.0,0.0,0.1111111111111111,0.75,0.6818201199369839,0.0,1.0,0.0,0.33333333333333337,0.3406079501169188,0.15481171548117123,0.16572205849013832,0.512287334593573,1.0,1.0,0.0,0.0,0.0,0.0,0.0,0.0,0.0,0.0,0.0,0.0,1.0,0.0,0.0,0.0,1.0,0.0,0.0,0.0,0.0,0.0,0.0,1.0,0.0
5920,0.29629629629629634,0.0,0.0,0.0,0.1111111111111111,0.75,0.6636865816722366,0.0,1.0,0.0,0.33333333333333337,0.3406079501169188,0.15481171548117123,0.16572205849013832,0.512287334593573,1.0,0.0,0.0,0.0,1.0,0.0,0.0,0.0,0.0,0.0,0.0,0.0,1.0,0.0,0.0,1.0,0.0,0.0,0.0,0.0,0.0,0.0,0.0,1.0,0.0
5921,0.14814814814814814,1.0,0.0,0.0,0.1111111111111111,0.75,0.7762165959614749,0.0,1.0,0.0,0.33333333333333337,0.3406079501169188,0.15481171548117123,0.16572205849013832,0.512287334593573,1.0,0.0,0.0,0.0,0.0,0.0,0.0,0.0,0.0,0.0,0.0,0.0,0.0,1.0,0.0,0.0,0.0,1.0,0.0,0.0,0.0,0.0,0.0,1.0,0.0
5922,0.2839506172839506,1.0,0.0,0.0,0.1111111111111111,0.75,0.684296740875147,0.0,1.0,0.0,0.33333333333333337,0.3406079501169188,0.15481171548117123,0.16572205849013832,0.512287334593573,1.0,0.0,0.0,0.0,0.0,0.0,0.0,0.0,0.0,1.0,0.0,0.0,0.0,0.0,0.0,0.0,0.0,0.0,0.0,0.0,1.0,0.0,0.0,1.0,0.0
5923,0.1728395061728395,0.0,0.0,0.0,0.1111111111111111,0.75,0.6509210996671051,0.0,0.005005005005005005,0.14285714285714285,0.33333333333333337,0.3406079501169188,0.15481171548117123,0.16572205849013832,0.512287334593573,1.0,0.0,0.0,0.0,0.0,0.0,0.0,0.0,0.0,0.0,0.0,0.0,0.0,1.0,0.0,0.0,0.0,1.0,0.0,0.0,0.0,0.0,0.0,0.0,1.0
5924,0.2839506172839506,0.0,0.0,0.0,0.1111111111111111,0.75,0.7886747848579034,0.0,1.0,0.0,0.33333333333333337,0.3406079501169188,0.15481171548117123,0.16572205849013832,0.512287334593573,1.0,0.0,0.0,0.0,0.0,0.0,0.0,0.0,0.0,0.0,0.0,0.0,1.0,0.0,0.0,0.0,0.0,0.0,0.0,0.0,1.0,0.0,0.0,1.0,0.0
5925,0.2716049382716049,1.0,0.0,0.0,0.1111111111111111,0.75,0.7565505932129979,0.0,1.0,0.0,0.33333333333333337,0.3406079501169188,0.15481171548117123,0.16572205849013832,0.512287334593573,1.0,0.0,0.0,0.0,0.0,0.0,0.0,0.0,0.0,1.0,0.0,0.0,1.0,0.0,0.0,0.0,1.0,0.0,0.0,0.0,0.0,0.0,0.0,1.0,0.0
5926,0.34567901234567905,1.0,0.0,0.0,0.1111111111111111,0.75,0.6907674539605011,0.0,0.002002002002002002,0.14285714285714285,0.33333333333333337,0.3406079501169188,0.15481171548117123,0.16572205849013832,0.512287334593573,1.0,0.0,0.0,0.0,0.0,0.0,0.0,0.0,0.0,0.0,0.0,0.0,0.0,1.0,0.0,0.0,0.0,1.0,0.0,0.0,0.0,0.0,0.0,0.0,1.0
5927,0.29629629629629634,0.5,0.5,0.0,0.1111111111111111,0.75,0.6884247135267839,0.0,1.0,0.0,0.33333333333333337,0.3406079501169188,0.15481171548117123,0.16572205849013832,0.512287334593573,1.0,0.0,0.0,0.0,0.0,0.0,0.0,0.0,0.0,1.0,0.0,0.0,0.0,0.0,0.0,0.0,0.0,0.0,0.0,1.0,0.0,0.0,0.0,1.0,0.0
5928,0.16049382716049382,1.0,0.0,0.0,0.1111111111111111,0.75,0.6594393640539922,0.0,0.002002002002002002,0.14285714285714285,0.33333333333333337,0.3406079501169188,0.15481171548117123,0.16572205849013832,0.512287334593573,1.0,0.0,0.0,0.0,1.0,0.0,0.0,0.0,0.0,0.0,0.0,0.0,1.0,0.0,0.0,0.0,0.0,0.0,0.0,0.0,1.0,0.0,0.0,0.0,1.0
5929,0.38271604938271603,0.0,0.0,0.0,0.1111111111111111,0.75,0.6689881961625146,0.02631578947368421,0.002002002002002002,0.14285714285714285,0.33333333333333337,0.3406079501169188,0.15481171548117123,0.16572205849013832,0.512287334593573,1.0,0.0,1.0,0.0,0.0,0.0,0.0,0.0,0.0,0.0,0.0,0.0,1.0,0.0,0.0,0.0,0.0,0.0,0.0,0.0,1.0,0.0,0.0,0.0,1.0
5930,0.1728395061728395,1.0,0.0,0.0,0.1111111111111111,0.75,0.7000047262075192,0.0,1.0,0.0,0.33333333333333337,0.3406079501169188,0.15481171548117123,0.16572205849013832,0.512287334593573,1.0,0.0,0.0,0.0,0.0,0.0,1.0,0.0,0.0,0.0,0.0,0.0,0.0,1.0,0.0,0.0,0.0,0.0,0.0,0.0,1.0,0.0,0.0,1.0,0.0
5931,0.20987654320987653,1.0,1.0,0.0,0.1111111111111111,0.75,0.6095598825393173,0.02631578947368421,1.0,0.0,0.33333333333333337,0.3406079501169188,0.15481171548117123,0.16572205849013832,0.512287334593573,1.0,0.0,0.0,0.0,0.0,0.0,0.0,0.0,0.0,0.0,0.0,0.0,1.0,0.0,0.0,0.0,0.0,0.0,0.0,0.0,1.0,0.0,0.0,1.0,0.0
5932,0.16049382716049382,0.0,0.0,0.0,0.1111111111111111,0.75,0.6953174467991899,0.0,1.0,0.0,0.33333333333333337,0.3406079501169188,0.15481171548117123,0.16572205849013832,0.512287334593573,1.0,0.0,0.0,0.0,0.0,0.0,0.0,0.0,0.0,0.0,0.0,0.0,0.0,1.0,0.0,0.0,0.0,0.0,0.0,0.0,1.0,0.0,0.0,1.0,0.0
5933,0.29629629629629634,0.5,0.5,0.0,0.1111111111111111,0.75,0.8414502983522703,0.0,1.0,0.0,0.33333333333333337,0.3406079501169188,0.15481171548117123,0.16572205849013832,0.512287334593573,1.0,0.0,0.0,0.0,0.0,0.0,0.0,0.0,0.0,0.0,0.0,0.0,0.0,1.0,0.0,0.0,0.0,0.0,0.0,0.0,1.0,0.0,0.0,1.0,0.0
5934,0.25925925925925924,1.0,1.0,0.0,0.1111111111111111,0.75,0.7021298060531943,0.0,1.0,0.0,0.33333333333333337,0.3406079501169188,0.15481171548117123,0.16572205849013832,0.512287334593573,1.0,0.0,0.0,0.0,0.0,0.0,0.0,0.0,0.0,0.0,0.0,0.0,1.0,0.0,0.0,0.0,0.0,1.0,0.0,0.0,0.0,0.0,0.0,1.0,0.0
5935,0.4567901234567901,0.0,0.0,0.0,0.1111111111111111,0.75,0.6993904420466923,0.0,1.0,0.0,0.33333333333333337,0.3406079501169188,0.15481171548117123,0.16572205849013832,0.512287334593573,1.0,0.0,0.0,1.0,0.0,0.0,0.0,0.0,0.0,0.0,0.0,0.0,1.0,0.0,0.0,0.0,0.0,1.0,0.0,0.0,0.0,0.0,0.0,1.0,0.0
5936,0.2839506172839506,0.0,0.0,0.0,0.1111111111111111,0.75,0.6159896330688406,0.23684210526315788,1.0,0.0,0.33333333333333337,0.3406079501169188,0.15481171548117123,0.16572205849013832,0.512287334593573,0.0,0.0,0.0,0.0,0.0,0.0,1.0,0.0,0.0,0.0,0.0,0.0,1.0,0.0,0.0,0.0,0.0,0.0,0.0,0.0,1.0,0.0,0.0,1.0,0.0
5937,0.2345679012345679,1.0,0.0,0.0,0.1111111111111111,0.75,0.6339442585242172,0.0,0.002002002002002002,0.2857142857142857,0.33333333333333337,0.3406079501169188,0.15481171548117123,0.16572205849013832,0.512287334593573,1.0,0.0,0.0,0.0,0.0,0.0,0.0,0.0,0.0,1.0,0.0,0.0,0.0,1.0,0.0,0.0,0.0,0.0,0.0,1.0,0.0,0.0,0.0,0.0,1.0
5938,0.24691358024691357,1.0,0.0,0.0,0.1111111111111111,0.75,0.7227721955360867,0.0,1.0,0.0,0.33333333333333337,0.3406079501169188,0.15481171548117123,0.16572205849013832,0.512287334593573,1.0,0.0,0.0,0.0,0.0,0.0,1.0,0.0,0.0,0.0,0.0,0.0,0.0,1.0,0.0,0.0,0.0,0.0,0.0,0.0,1.0,0.0,0.0,1.0,0.0
5939,0.19753086419753085,1.0,0.0,0.0,0.1111111111111111,0.75,0.8003313580030954,0.02631578947368421,1.0,0.2857142857142857,0.33333333333333337,0.3406079501169188,0.15481171548117123,0.16572205849013832,0.512287334593573,1.0,0.0,0.0,0.0,0.0,0.0,0.0,1.0,0.0,0.0,0.0,0.0,1.0,0.0,0.0,0.0,0.0,1.0,0.0,0.0,0.0,0.0,0.0,0.0,0.0
5940,0.18518518518518517,1.0,0.0,0.0,0.1111111111111111,0.75,0.7033271207099517,0.0,1.0,0.0,0.33333333333333337,0.3406079501169188,0.15481171548117123,0.16572205849013832,0.512287334593573,1.0,0.0,0.0,0.0,0.0,0.0,0.0,0.0,0.0,0.0,0.0,0.0,1.0,0.0,0.0,0.0,0.0,0.0,0.0,0.0,1.0,0.0,0.0,1.0,0.0
5941,0.2222222222222222,0.0,0.0,0.0,0.1111111111111111,0.75,0.5707693054036078,0.0,1.0,0.0,0.33333333333333337,0.3406079501169188,0.15481171548117123,0.16572205849013832,0.512287334593573,0.0,0.0,0.0,0.0,1.0,0.0,0.0,0.0,0.0,0.0,0.0,0.0,1.0,0.0,0.0,0.0,0.0,0.0,0.0,0.0,1.0,0.0,0.0,1.0,0.0
5942,0.5185185185185184,1.0,0.0,0.0,0.1111111111111111,0.75,0.6993904420466923,0.0,1.0,0.14285714285714285,0.33333333333333337,0.3406079501169188,0.15481171548117123,0.16572205849013832,0.512287334593573,1.0,0.0,0.0,0.0,0.0,1.0,0.0,0.0,0.0,0.0,0.0,0.0,1.0,0.0,0.0,0.0,0.0,0.0,0.0,0.0,0.0,0.0,0.0,0.0,0.0
5943,0.16049382716049382,0.0,0.0,0.0,0.1111111111111111,0.75,0.6250197795910157,0.0,1.0,0.0,0.33333333333333337,0.3406079501169188,0.15481171548117123,0.16572205849013832,0.512287334593573,1.0,0.0,1.0,0.0,0.0,0.0,0.0,0.0,0.0,0.0,0.0,0.0,0.0,1.0,0.0,0.0,0.0,0.0,0.0,0.0,1.0,0.0,0.0,1.0,0.0
5944,0.2222222222222222,0.0,0.0,0.0,0.1111111111111111,0.75,0.697528105269356,0.0,1.0,0.0,0.33333333333333337,0.3406079501169188,0.15481171548117123,0.16572205849013832,0.512287334593573,1.0,0.0,0.0,0.0,1.0,0.0,0.0,0.0,0.0,0.0,0.0,0.0,1.0,0.0,0.0,0.0,0.0,0.0,0.0,0.0,1.0,0.0,0.0,1.0,0.0
5945,0.25925925925925924,1.0,0.0,0.0,0.1111111111111111,0.75,0.7833670357088416,0.02631578947368421,1.0,0.0,0.33333333333333337,0.3406079501169188,0.15481171548117123,0.16572205849013832,0.512287334593573,1.0,0.0,0.0,0.0,0.0,0.0,1.0,0.0,0.0,0.0,0.0,0.0,1.0,0.0,0.0,0.0,0.0,0.0,0.0,1.0,0.0,0.0,0.0,1.0,0.0
5946,0.12345679012345678,1.0,0.0,0.0,0.1111111111111111,0.75,0.6480977205520548,0.02631578947368421,1.0,0.0,0.33333333333333337,0.3406079501169188,0.15481171548117123,0.16572205849013832,0.512287334593573,1.0,1.0,0.0,0.0,0.0,0.0,0.0,0.0,0.0,0.0,0.0,0.0,0.0,1.0,0.0,0.0,0.0,0.0,0.0,0.0,1.0,0.0,0.0,1.0,0.0
5947,0.3333333333333333,1.0,1.0,0.0,0.1111111111111111,0.75,0.7322268613080786,0.02631578947368421,1.0,0.0,0.33333333333333337,0.3406079501169188,0.15481171548117123,0.16572205849013832,0.512287334593573,1.0,0.0,0.0,0.0,0.0,0.0,0.0,0.0,0.0,1.0,0.0,0.0,1.0,0.0,0.0,0.0,0.0,0.0,0.0,0.0,1.0,0.0,0.0,1.0,0.0
5948,0.6666666666666665,1.0,0.0,0.0,0.1111111111111111,0.75,0.5140006512933829,0.02631578947368421,0.005005005005005005,0.14285714285714285,0.33333333333333337,0.3406079501169188,0.15481171548117123,0.16572205849013832,0.512287334593573,0.0,0.0,0.0,0.0,0.0,0.0,1.0,0.0,0.0,0.0,0.0,0.0,1.0,0.0,0.0,0.0,0.0,0.0,0.0,0.0,1.0,0.0,0.0,0.0,1.0
5949,0.2222222222222222,0.0,0.0,0.0,0.1111111111111111,0.75,0.6849948743751764,0.02631578947368421,0.005005005005005005,0.14285714285714285,0.33333333333333337,0.3406079501169188,0.15481171548117123,0.16572205849013832,0.512287334593573,1.0,0.0,0.0,0.0,0.0,0.0,0.0,0.0,0.0,1.0,0.0,0.0,1.0,0.0,0.0,0.0,0.0,0.0,0.0,1.0,0.0,0.0,0.0,0.0,1.0
5950,0.419753086419753,1.0,1.0,0.0,0.1111111111111111,0.75,0.6238550656258994,0.0,1.0,0.0,0.33333333333333337,0.3406079501169188,0.15481171548117123,0.16572205849013832,0.512287334593573,1.0,0.0,0.0,0.0,0.0,0.0,0.0,0.0,0.0,1.0,0.0,0.0,1.0,0.0,0.0,0.0,0.0,0.0,0.0,1.0,0.0,0.0,0.0,1.0,0.0
5951,0.419753086419753,1.0,0.0,0.0,0.1111111111111111,0.75,0.5591892927228724,0.0,1.0,0.0,0.33333333333333337,0.3406079501169188,0.15481171548117123,0.16572205849013832,0.512287334593573,0.0,0.0,0.0,0.0,0.0,0.0,0.0,0.0,0.0,1.0,0.0,0.0,1.0,0.0,0.0,0.0,0.0,0.0,0.0,1.0,0.0,0.0,0.0,1.0,0.0
5952,0.35802469135802467,1.0,0.0,0.0,0.1111111111111111,0.75,0.6956358100503017,0.02631578947368421,1.0,0.0,0.33333333333333337,0.3406079501169188,0.15481171548117123,0.16572205849013832,0.512287334593573,1.0,0.0,0.0,0.0,0.0,0.0,0.0,0.0,0.0,1.0,0.0,0.0,1.0,0.0,0.0,0.0,0.0,0.0,0.0,1.0,0.0,0.0,0.0,1.0,0.0
5953,0.419753086419753,1.0,0.0,0.0,0.1111111111111111,0.75,0.6863788332730624,0.0,1.0,0.0,0.33333333333333337,0.3406079501169188,0.15481171548117123,0.16572205849013832,0.512287334593573,1.0,0.0,0.0,0.0,0.0,0.0,0.0,0.0,0.0,1.0,0.0,0.0,1.0,0.0,0.0,0.0,0.0,0.0,0.0,1.0,0.0,0.0,0.0,1.0,0.0
5954,0.419753086419753,1.0,1.0,0.0,0.1111111111111111,0.75,0.6701784439170553,0.0,0.002002002002002002,0.2857142857142857,0.33333333333333337,0.3406079501169188,0.15481171548117123,0.16572205849013832,0.512287334593573,1.0,0.0,0.0,0.0,0.0,0.0,0.0,0.0,0.0,1.0,0.0,0.0,1.0,0.0,0.0,0.0,0.0,0.0,0.0,1.0,0.0,0.0,0.0,0.0,1.0
5955,0.2716049382716049,0.0,0.0,0.0,0.1111111111111111,0.75,0.64373137872162,0.0,1.0,0.0,0.33333333333333337,0.3406079501169188,0.15481171548117123,0.16572205849013832,0.512287334593573,1.0,0.0,0.0,0.0,0.0,0.0,0.0,1.0,0.0,0.0,0.0,0.0,1.0,0.0,0.0,0.0,0.0,0.0,0.0,0.0,1.0,0.0,0.0,1.0,0.0
5956,0.419753086419753,1.0,0.0,0.0,0.1111111111111111,0.75,0.7686032266559751,0.0,0.0,0.14285714285714285,0.33333333333333337,0.3406079501169188,0.15481171548117123,0.16572205849013832,0.512287334593573,1.0,0.0,0.0,0.0,0.0,0.0,0.0,0.0,0.0,1.0,0.0,0.0,1.0,0.0,0.0,0.0,0.0,0.0,0.0,1.0,0.0,0.0,0.0,0.0,1.0
5957,0.12345679012345678,1.0,0.0,0.0,0.1111111111111111,0.75,0.6196852820090151,0.0,1.0,0.14285714285714285,0.33333333333333337,0.3406079501169188,0.15481171548117123,0.16572205849013832,0.512287334593573,0.0,0.0,0.0,0.0,0.0,0.0,0.0,0.0,0.0,0.0,0.0,0.0,0.0,1.0,0.0,0.0,0.0,0.0,0.0,0.0,1.0,0.0,0.0,0.0,0.0
5958,0.2345679012345679,1.0,1.0,0.0,0.1111111111111111,0.75,0.6572568311427133,0.02631578947368421,0.002002002002002002,0.2857142857142857,0.33333333333333337,0.3406079501169188,0.15481171548117123,0.16572205849013832,0.512287334593573,1.0,0.0,0.0,0.0,0.0,0.0,0.0,0.0,0.0,1.0,0.0,0.0,1.0,0.0,0.0,0.0,0.0,0.0,0.0,1.0,0.0,0.0,0.0,0.0,1.0
5959,0.3703703703703703,1.0,0.0,0.0,0.1111111111111111,0.75,0.4692447346122495,0.0,1.0,0.14285714285714285,0.33333333333333337,0.3406079501169188,0.15481171548117123,0.16572205849013832,0.512287334593573,0.0,0.0,0.0,0.0,0.0,0.0,0.0,0.0,0.0,0.0,0.0,0.0,1.0,0.0,0.0,0.0,0.0,0.0,0.0,0.0,1.0,0.0,0.0,0.0,0.0
5960,0.2716049382716049,0.0,0.0,0.0,0.1111111111111111,0.75,0.6376454449299462,0.0,0.002002002002002002,0.14285714285714285,0.33333333333333337,0.3406079501169188,0.15481171548117123,0.16572205849013832,0.512287334593573,1.0,0.0,0.0,0.0,0.0,0.0,0.0,0.0,0.0,1.0,0.0,0.0,1.0,0.0,0.0,0.0,0.0,0.0,0.0,1.0,0.0,0.0,0.0,0.0,1.0
5961,0.30864197530864196,1.0,0.0,0.0,0.1111111111111111,0.75,0.6874062210217441,0.0,1.0,0.0,0.33333333333333337,0.3406079501169188,0.15481171548117123,0.16572205849013832,0.512287334593573,1.0,0.0,0.0,0.0,0.0,0.0,0.0,1.0,0.0,0.0,0.0,0.0,1.0,0.0,0.0,0.0,0.0,1.0,0.0,0.0,0.0,0.0,0.0,1.0,0.0
5962,0.38271604938271603,1.0,0.0,0.0,0.1111111111111111,0.75,0.7051005485106072,0.0,1.0,0.14285714285714285,0.33333333333333337,0.3406079501169188,0.15481171548117123,0.16572205849013832,0.512287334593573,1.0,0.0,0.0,0.0,0.0,0.0,0.0,0.0,0.0,1.0,0.0,0.0,0.0,0.0,0.0,0.0,0.0,1.0,0.0,0.0,0.0,0.0,0.0,0.0,0.0
5963,0.08641975308641975,1.0,0.0,0.0,0.1111111111111111,0.75,0.5463436176888766,0.05263157894736842,1.0,0.0,0.33333333333333337,0.3406079501169188,0.15481171548117123,0.16572205849013832,0.512287334593573,0.0,0.0,0.0,0.0,0.0,0.0,0.0,0.0,0.0,0.0,0.0,0.0,0.0,1.0,0.0,0.0,0.0,0.0,0.0,0.0,1.0,0.0,0.0,1.0,0.0
5964,0.48148148148148145,0.0,0.0,0.0,0.1111111111111111,0.75,0.3786529388331377,0.0,1.0,0.0,0.33333333333333337,0.3406079501169188,0.15481171548117123,0.16572205849013832,0.512287334593573,0.0,0.0,1.0,0.0,0.0,0.0,0.0,0.0,0.0,0.0,0.0,0.0,1.0,0.0,0.0,0.0,0.0,0.0,0.0,0.0,1.0,0.0,0.0,1.0,0.0
5965,0.14814814814814814,0.0,0.0,0.0,0.1111111111111111,0.75,0.7864922519466246,0.0,1.0,0.0,0.33333333333333337,0.3406079501169188,0.15481171548117123,0.16572205849013832,0.512287334593573,1.0,0.0,0.0,0.0,0.0,0.0,0.0,0.0,0.0,0.0,0.0,0.0,0.0,1.0,0.0,0.0,0.0,0.0,0.0,0.0,1.0,0.0,0.0,1.0,0.0
5966,0.34567901234567905,1.0,0.0,0.0,0.1111111111111111,0.75,0.7194438844174483,0.02631578947368421,1.0,0.0,0.33333333333333337,0.3406079501169188,0.15481171548117123,0.16572205849013832,0.512287334593573,0.0,0.0,0.0,0.0,1.0,0.0,0.0,0.0,0.0,0.0,0.0,0.0,1.0,0.0,0.0,0.0,0.0,0.0,0.0,0.0,1.0,0.0,1.0,1.0,0.0
5967,0.16049382716049382,1.0,0.0,0.0,0.1111111111111111,0.75,0.6774492710414791,0.0,1.0,0.14285714285714285,0.33333333333333337,0.3406079501169188,0.15481171548117123,0.16572205849013832,0.512287334593573,1.0,0.0,0.0,0.0,0.0,0.0,0.0,0.0,0.0,0.0,0.0,0.0,1.0,0.0,0.0,0.0,0.0,0.0,0.0,0.0,1.0,0.0,0.0,0.0,0.0
5968,0.24691358024691357,1.0,0.0,0.0,0.1111111111111111,0.75,0.6590060849288549,0.02631578947368421,1.0,0.14285714285714285,0.33333333333333337,0.3406079501169188,0.15481171548117123,0.16572205849013832,0.512287334593573,0.0,0.0,0.0,0.0,0.0,0.0,1.0,0.0,0.0,0.0,0.0,0.0,0.0,1.0,0.0,0.0,0.0,0.0,0.0,0.0,1.0,0.0,0.0,0.0,0.0
5969,0.16049382716049382,1.0,0.0,0.0,0.1111111111111111,0.75,0.7217580931394421,0.0,1.0,0.0,0.33333333333333337,0.3406079501169188,0.15481171548117123,0.16572205849013832,0.512287334593573,1.0,0.0,0.0,0.0,0.0,0.0,0.0,0.0,0.0,0.0,0.0,0.0,1.0,0.0,0.0,0.0,0.0,0.0,0.0,0.0,1.0,0.0,0.0,1.0,0.0
5970,0.09876543209876543,1.0,0.0,0.0,0.1111111111111111,0.75,0.5571434124691511,0.0,1.0,0.0,0.33333333333333337,0.3406079501169188,0.15481171548117123,0.16572205849013832,0.512287334593573,0.0,0.0,0.0,0.0,0.0,0.0,1.0,0.0,0.0,0.0,0.0,0.0,0.0,1.0,0.0,0.0,0.0,0.0,0.0,0.0,1.0,0.0,0.0,1.0,0.0
5971,0.419753086419753,1.0,0.0,0.0,0.1111111111111111,0.75,0.7372430733823068,0.02631578947368421,1.0,0.14285714285714285,0.33333333333333337,0.3406079501169188,0.15481171548117123,0.16572205849013832,0.512287334593573,1.0,0.0,0.0,0.0,0.0,0.0,0.0,0.0,0.0,1.0,0.0,0.0,1.0,0.0,0.0,0.0,0.0,0.0,0.0,0.0,1.0,0.0,0.0,0.0,0.0
5972,0.13580246913580246,1.0,0.0,0.0,0.1111111111111111,0.75,0.6770775956944137,0.0,0.002002002002002002,0.14285714285714285,0.33333333333333337,0.3406079501169188,0.15481171548117123,0.16572205849013832,0.512287334593573,1.0,1.0,0.0,0.0,0.0,0.0,0.0,0.0,0.0,0.0,0.0,0.0,0.0,1.0,0.0,0.0,1.0,0.0,0.0,0.0,0.0,0.0,0.0,0.0,1.0
5973,0.2716049382716049,1.0,0.0,0.0,0.1111111111111111,0.75,0.7116612993527112,0.02631578947368421,1.0,0.0,0.33333333333333337,0.3406079501169188,0.15481171548117123,0.16572205849013832,0.512287334593573,1.0,0.0,0.0,0.0,0.0,0.0,0.0,0.0,0.0,1.0,0.0,0.0,1.0,0.0,0.0,0.0,0.0,0.0,0.0,1.0,0.0,0.0,0.0,1.0,0.0
5974,0.4567901234567901,1.0,0.0,0.0,0.1111111111111111,0.75,0.6755790384927881,0.0,1.0,0.0,0.33333333333333337,0.3406079501169188,0.15481171548117123,0.16572205849013832,0.512287334593573,0.0,0.0,0.0,0.0,1.0,0.0,0.0,0.0,0.0,0.0,0.0,0.0,1.0,0.0,0.0,0.0,0.0,0.0,0.0,0.0,1.0,0.0,0.0,1.0,0.0
5975,0.037037037037037035,1.0,0.0,0.0,0.1111111111111111,0.75,0.6290077936901697,0.0,1.0,0.0,0.33333333333333337,0.3406079501169188,0.15481171548117123,0.16572205849013832,0.512287334593573,0.0,0.0,0.0,0.0,0.0,0.0,0.0,0.0,1.0,0.0,0.0,0.0,0.0,1.0,0.0,0.0,0.0,0.0,0.0,0.0,0.0,0.0,0.0,1.0,0.0
5976,0.08641975308641975,0.0,1.0,0.0,0.1111111111111111,0.75,0.6290077936901697,0.0,1.0,0.0,0.33333333333333337,0.3406079501169188,0.15481171548117123,0.16572205849013832,0.512287334593573,1.0,0.0,0.0,0.0,0.0,0.0,0.0,0.0,1.0,0.0,0.0,0.0,0.0,1.0,0.0,0.0,0.0,1.0,0.0,0.0,0.0,0.0,0.0,1.0,0.0
5977,0.48148148148148145,0.0,0.0,0.0,0.1111111111111111,0.75,0.7207351723504332,0.0,0.002002002002002002,0.14285714285714285,0.33333333333333337,0.3406079501169188,0.15481171548117123,0.16572205849013832,0.512287334593573,1.0,0.0,1.0,0.0,0.0,0.0,0.0,0.0,0.0,0.0,0.0,0.0,1.0,0.0,0.0,0.0,0.0,0.0,0.0,0.0,1.0,0.0,0.0,0.0,1.0
5978,0.09876543209876543,1.0,0.0,0.0,0.1111111111111111,0.75,0.6545831899296645,0.02631578947368421,1.0,0.0,0.33333333333333337,0.3406079501169188,0.15481171548117123,0.16572205849013832,0.512287334593573,1.0,0.0,0.0,0.0,0.0,0.0,0.0,0.0,0.0,0.0,1.0,0.0,0.0,1.0,0.0,0.0,0.0,0.0,0.0,0.0,1.0,0.0,0.0,1.0,0.0
5979,0.35802469135802467,0.0,0.0,0.0,0.1111111111111111,0.75,0.5870502833422594,0.0,1.0,0.0,0.33333333333333337,0.3406079501169188,0.15481171548117123,0.16572205849013832,0.512287334593573,0.0,0.0,0.0,0.0,0.0,0.0,0.0,1.0,0.0,0.0,0.0,0.0,1.0,0.0,0.0,0.0,0.0,1.0,0.0,0.0,0.0,0.0,0.0,1.0,0.0
5980,0.35802469135802467,1.0,1.0,0.0,0.1111111111111111,0.75,0.6907674539605011,0.0,1.0,0.0,0.33333333333333337,0.3406079501169188,0.15481171548117123,0.16572205849013832,0.512287334593573,1.0,0.0,0.0,0.0,0.0,0.0,0.0,1.0,0.0,0.0,0.0,0.0,1.0,0.0,0.0,0.0,0.0,1.0,0.0,0.0,0.0,0.0,0.0,1.0,0.0
5981,0.5308641975308641,1.0,1.0,0.0,0.1111111111111111,0.75,0.7269871828743492,0.02631578947368421,1.0,0.0,0.33333333333333337,0.3406079501169188,0.15481171548117123,0.16572205849013832,0.512287334593573,1.0,0.0,0.0,0.0,0.0,0.0,0.0,0.0,0.0,0.0,0.0,0.0,1.0,0.0,0.0,0.0,0.0,1.0,0.0,0.0,0.0,0.0,0.0,1.0,0.0
5982,0.3703703703703703,0.0,0.0,0.0,0.1111111111111111,0.75,0.6748225397474605,0.0,1.0,0.0,0.33333333333333337,0.3406079501169188,0.15481171548117123,0.16572205849013832,0.512287334593573,1.0,1.0,0.0,0.0,0.0,0.0,0.0,0.0,0.0,0.0,0.0,0.0,0.0,1.0,0.0,1.0,0.0,0.0,0.0,0.0,0.0,0.0,0.0,1.0,0.0
5983,0.24691358024691357,1.0,0.0,0.0,0.1111111111111111,0.75,0.6550330380858423,0.0,1.0,0.0,0.33333333333333337,0.3406079501169188,0.15481171548117123,0.16572205849013832,0.512287334593573,1.0,0.0,0.0,0.0,0.0,0.0,0.0,0.0,0.0,0.0,0.0,0.0,0.0,1.0,0.0,0.0,0.0,0.0,0.0,0.0,1.0,0.0,0.0,1.0,0.0
5984,0.3703703703703703,0.0,0.0,0.0,0.1111111111111111,0.75,0.7160186548839563,0.02631578947368421,1.0,0.0,0.33333333333333337,0.3406079501169188,0.15481171548117123,0.16572205849013832,0.512287334593573,1.0,1.0,0.0,0.0,0.0,0.0,0.0,0.0,0.0,0.0,0.0,0.0,1.0,0.0,0.0,0.0,0.0,1.0,0.0,0.0,0.0,0.0,0.0,1.0,0.0
5985,0.6419753086419753,1.0,0.0,0.0,0.1111111111111111,0.75,0.7557904280508805,0.0,1.0,0.0,0.33333333333333337,0.3406079501169188,0.15481171548117123,0.16572205849013832,0.512287334593573,1.0,0.0,0.0,0.0,0.0,1.0,0.0,0.0,0.0,0.0,0.0,0.0,1.0,0.0,0.0,0.0,0.0,0.0,0.0,0.0,1.0,0.0,0.0,1.0,0.0
5986,0.5679012345679011,0.0,0.0,0.0,0.1111111111111111,0.75,0.6226787043279698,0.0,1.0,0.14285714285714285,0.33333333333333337,0.3406079501169188,0.15481171548117123,0.16572205849013832,0.512287334593573,0.0,0.0,0.0,0.0,0.0,1.0,0.0,0.0,0.0,0.0,0.0,0.0,1.0,0.0,0.0,0.0,0.0,1.0,0.0,0.0,0.0,0.0,0.0,0.0,0.0
5987,0.35802469135802467,0.0,0.0,0.0,0.1111111111111111,0.75,0.6624284397381989,0.0,1.0,0.0,0.33333333333333337,0.3406079501169188,0.15481171548117123,0.16572205849013832,0.512287334593573,1.0,0.0,0.0,0.0,0.0,0.0,0.0,0.0,0.0,0.0,0.0,0.0,1.0,0.0,0.0,1.0,0.0,0.0,0.0,0.0,0.0,0.0,0.0,1.0,0.0
5988,0.13580246913580246,1.0,0.0,0.0,0.1111111111111111,0.75,0.649517880450222,0.0,1.0,0.0,0.33333333333333337,0.3406079501169188,0.15481171548117123,0.16572205849013832,0.512287334593573,0.0,0.0,0.0,0.0,0.0,0.0,0.0,0.0,0.0,0.0,0.0,0.0,0.0,1.0,0.0,0.0,0.0,0.0,0.0,0.0,1.0,0.0,0.0,1.0,0.0
5989,0.38271604938271603,1.0,1.0,0.0,0.1111111111111111,0.75,0.6585712040288184,0.0,1.0,0.14285714285714285,0.33333333333333337,0.3406079501169188,0.15481171548117123,0.16572205849013832,0.512287334593573,1.0,0.0,0.0,0.0,0.0,0.0,0.0,0.0,0.0,1.0,0.0,0.0,1.0,0.0,0.0,0.0,0.0,0.0,0.0,1.0,0.0,0.0,0.0,0.0,0.0
5990,0.39506172839506176,0.0,0.0,0.0,0.1111111111111111,0.75,0.7385748062786976,0.0,1.0,0.0,0.33333333333333337,0.3406079501169188,0.15481171548117123,0.16572205849013832,0.512287334593573,1.0,0.0,0.0,0.0,0.0,0.0,0.0,0.0,0.0,0.0,0.0,0.0,0.0,0.0,0.0,0.0,0.0,0.0,0.0,0.0,1.0,0.0,0.0,1.0,0.0
5991,0.16049382716049382,1.0,1.0,0.0,0.1111111111111111,0.75,0.8499705931543444,0.02631578947368421,1.0,0.0,0.33333333333333337,0.3406079501169188,0.15481171548117123,0.16572205849013832,0.512287334593573,1.0,0.0,0.0,0.0,0.0,0.0,0.0,0.0,0.0,1.0,0.0,0.0,1.0,0.0,0.0,0.0,0.0,0.0,0.0,0.0,1.0,0.0,0.0,1.0,0.0
5992,0.1728395061728395,1.0,1.0,0.0,0.1111111111111111,0.75,0.5452070373544604,0.0,1.0,0.0,0.33333333333333337,0.3406079501169188,0.15481171548117123,0.16572205849013832,0.512287334593573,0.0,0.0,0.0,0.0,0.0,0.0,0.0,0.0,0.0,0.0,0.0,0.0,0.0,1.0,0.0,0.0,0.0,0.0,0.0,0.0,1.0,0.0,0.0,1.0,0.0
5993,0.24691358024691357,1.0,0.0,0.0,0.1111111111111111,0.75,0.7474972696344017,0.0,1.0,0.0,0.33333333333333337,0.3406079501169188,0.15481171548117123,0.16572205849013832,0.512287334593573,1.0,0.0,0.0,0.0,0.0,0.0,0.0,0.0,0.0,0.0,0.0,0.0,1.0,0.0,0.0,0.0,0.0,1.0,0.0,0.0,0.0,0.0,0.0,1.0,0.0
5994,0.13580246913580246,0.0,1.0,1.0,0.1111111111111111,0.75,0.80253020986418,0.0,1.0,0.0,0.33333333333333337,0.3406079501169188,0.15481171548117123,0.16572205849013832,0.512287334593573,1.0,0.0,0.0,0.0,0.0,0.0,0.0,0.0,0.0,0.0,0.0,0.0,0.0,1.0,0.0,0.0,0.0,0.0,0.0,0.0,1.0,0.0,0.0,1.0,0.0
5995,0.38271604938271603,1.0,0.0,0.0,0.1111111111111111,0.75,0.6461771040195569,0.0,0.002002002002002002,0.14285714285714285,0.33333333333333337,0.3406079501169188,0.15481171548117123,0.16572205849013832,0.512287334593573,1.0,0.0,0.0,0.0,0.0,0.0,0.0,0.0,0.0,0.0,1.0,0.0,0.0,1.0,0.0,0.0,1.0,0.0,0.0,0.0,0.0,0.0,0.0,0.0,1.0
5996,0.5061728395061729,0.0,0.0,0.0,0.1111111111111111,0.75,0.7135875319736221,0.0,1.0,0.0,0.33333333333333337,0.3406079501169188,0.15481171548117123,0.16572205849013832,0.512287334593573,1.0,0.0,0.0,0.0,0.0,1.0,0.0,0.0,0.0,0.0,0.0,0.0,0.0,0.0,0.0,0.0,0.0,0.0,0.0,1.0,0.0,0.0,0.0,1.0,0.0
5997,0.2345679012345679,1.0,0.0,0.0,0.1111111111111111,0.75,0.7272304821327134,0.0,0.0,0.14285714285714285,0.33333333333333337,0.3406079501169188,0.15481171548117123,0.16572205849013832,0.512287334593573,1.0,0.0,0.0,0.0,0.0,0.0,0.0,0.0,0.0,0.0,0.0,0.0,1.0,0.0,0.0,0.0,0.0,0.0,0.0,0.0,1.0,0.0,0.0,0.0,1.0
5998,0.419753086419753,0.0,1.0,0.0,0.1111111111111111,0.75,0.6736785908672379,0.02631578947368421,1.0,0.0,0.33333333333333337,0.3406079501169188,0.15481171548117123,0.16572205849013832,0.512287334593573,1.0,0.0,0.0,0.0,0.0,0.0,0.0,0.0,0.0,1.0,0.0,0.0,0.0,0.0,0.0,0.0,0.0,1.0,0.0,0.0,0.0,0.0,0.0,1.0,0.0
5999,0.20987654320987653,0.0,0.0,1.0,0.1111111111111111,0.75,0.573494565885327,0.0,1.0,0.0,0.33333333333333337,0.3406079501169188,0.15481171548117123,0.16572205849013832,0.512287334593573,0.0,0.0,0.0,0.0,0.0,0.0,0.0,0.0,0.0,0.0,0.0,0.0,0.0,1.0,0.0,0.0,0.0,0.0,0.0,1.0,0.0,0.0,0.0,1.0,0.0
6000,0.19753086419753085,0.0,0.0,0.0,0.1111111111111111,0.75,0.7194438844174483,0.0,1.0,0.0,0.33333333333333337,0.3406079501169188,0.15481171548117123,0.16572205849013832,0.512287334593573,1.0,1.0,0.0,0.0,0.0,0.0,0.0,0.0,0.0,0.0,0.0,0.0,0.0,1.0,0.0,0.0,0.0,0.0,0.0,0.0,0.0,0.0,0.0,1.0,0.0
6001,0.16049382716049382,1.0,0.0,0.0,0.1111111111111111,0.75,0.7649566791231055,0.0,1.0,0.0,0.33333333333333337,0.3406079501169188,0.15481171548117123,0.16572205849013832,0.512287334593573,0.0,0.0,1.0,0.0,0.0,0.0,0.0,0.0,0.0,0.0,0.0,0.0,0.0,1.0,0.0,0.0,0.0,0.0,0.0,0.0,1.0,0.0,0.0,1.0,0.0
6002,0.12345679012345678,1.0,0.0,0.0,0.1111111111111111,0.75,0.7209917376636646,0.0,1.0,0.0,0.33333333333333337,0.3406079501169188,0.15481171548117123,0.16572205849013832,0.512287334593573,1.0,0.0,0.0,0.0,0.0,0.0,0.0,0.0,1.0,0.0,0.0,0.0,0.0,1.0,0.0,0.0,0.0,0.0,0.0,0.0,0.0,1.0,1.0,1.0,0.0
6003,0.5308641975308641,1.0,0.0,0.0,0.1111111111111111,0.75,0.7247745442978097,0.0,1.0,0.14285714285714285,0.33333333333333337,0.3406079501169188,0.15481171548117123,0.16572205849013832,0.512287334593573,1.0,0.0,0.0,0.0,0.0,0.0,0.0,0.0,0.0,0.0,0.0,0.0,1.0,0.0,0.0,0.0,0.0,0.0,0.0,1.0,0.0,0.0,0.0,0.0,0.0
6004,0.19753086419753085,1.0,0.0,0.0,0.1111111111111111,0.75,0.6901028468283567,0.0,1.0,0.0,0.33333333333333337,0.3406079501169188,0.15481171548117123,0.16572205849013832,0.512287334593573,1.0,1.0,0.0,0.0,0.0,0.0,0.0,0.0,0.0,0.0,0.0,0.0,0.0,1.0,0.0,0.0,0.0,0.0,0.0,0.0,0.0,0.0,0.0,1.0,0.0
6005,0.4691358024691357,0.0,0.0,0.0,0.1111111111111111,0.75,0.6545831899296645,0.0,1.0,0.0,0.33333333333333337,0.3406079501169188,0.15481171548117123,0.16572205849013832,0.512287334593573,1.0,0.0,0.0,0.0,0.0,0.0,0.0,0.0,0.0,0.0,0.0,0.0,0.0,0.0,0.0,0.0,0.0,0.0,0.0,0.0,1.0,0.0,0.0,1.0,0.0
6006,0.06172839506172839,0.0,0.0,0.0,0.1111111111111111,0.75,0.7835177534097735,0.0,1.0,0.0,0.33333333333333337,0.3406079501169188,0.15481171548117123,0.16572205849013832,0.512287334593573,1.0,0.0,0.0,0.0,0.0,0.0,0.0,0.0,1.0,0.0,0.0,0.0,0.0,1.0,0.0,0.0,0.0,1.0,0.0,0.0,0.0,0.0,0.0,1.0,0.0
6007,0.2839506172839506,1.0,0.0,0.0,0.1111111111111111,0.75,0.7487184067192447,0.02631578947368421,0.002002002002002002,0.14285714285714285,0.33333333333333337,0.3406079501169188,0.15481171548117123,0.16572205849013832,0.512287334593573,1.0,0.0,0.0,0.0,0.0,0.0,0.0,0.0,0.0,1.0,0.0,0.0,1.0,0.0,0.0,0.0,0.0,0.0,0.0,1.0,0.0,0.0,0.0,0.0,1.0
6008,0.13580246913580246,0.0,0.0,0.0,0.1111111111111111,0.75,0.6536782997023916,0.0,0.002002002002002002,0.2857142857142857,0.33333333333333337,0.3406079501169188,0.15481171548117123,0.16572205849013832,0.512287334593573,1.0,0.0,0.0,0.0,0.0,0.0,0.0,0.0,0.0,0.0,0.0,0.0,1.0,0.0,0.0,0.0,0.0,0.0,0.0,0.0,1.0,0.0,0.0,0.0,1.0
6009,0.29629629629629634,1.0,0.0,0.0,0.1111111111111111,0.75,0.7913824366052906,0.0,1.0,0.0,0.33333333333333337,0.3406079501169188,0.15481171548117123,0.16572205849013832,0.512287334593573,1.0,0.0,0.0,0.0,0.0,0.0,0.0,0.0,0.0,1.0,0.0,0.0,0.0,0.0,0.0,0.0,0.0,0.0,0.0,1.0,0.0,0.0,0.0,1.0,0.0
6010,0.2222222222222222,1.0,1.0,0.0,0.1111111111111111,0.75,0.7149443538148184,0.0,1.0,0.0,0.33333333333333337,0.3406079501169188,0.15481171548117123,0.16572205849013832,0.512287334593573,1.0,0.0,0.0,0.0,1.0,0.0,0.0,0.0,0.0,0.0,0.0,0.0,1.0,0.0,0.0,0.0,0.0,0.0,0.0,0.0,1.0,0.0,0.0,1.0,0.0
6011,0.5061728395061729,0.0,0.0,0.0,0.1111111111111111,0.75,0.6301228271521957,0.0,0.002002002002002002,0.14285714285714285,0.33333333333333337,0.3406079501169188,0.15481171548117123,0.16572205849013832,0.512287334593573,0.0,0.0,0.0,0.0,0.0,1.0,0.0,0.0,0.0,0.0,0.0,0.0,0.0,0.0,0.0,0.0,0.0,0.0,0.0,0.0,1.0,0.0,0.0,0.0,1.0
6012,0.037037037037037035,1.0,0.0,0.0,0.1111111111111111,0.75,0.7555996167365615,0.0,1.0,0.0,0.33333333333333337,0.3406079501169188,0.15481171548117123,0.16572205849013832,0.512287334593573,1.0,0.0,0.0,0.0,0.0,0.0,0.0,0.0,1.0,0.0,0.0,0.0,0.0,1.0,0.0,0.0,0.0,1.0,0.0,0.0,0.0,0.0,0.0,1.0,0.0
6013,0.25925925925925924,1.0,1.0,0.0,0.1111111111111111,0.75,0.7435445231564038,0.02631578947368421,1.0,0.0,0.33333333333333337,0.3406079501169188,0.15481171548117123,0.16572205849013832,0.512287334593573,1.0,0.0,0.0,0.0,0.0,0.0,0.0,0.0,0.0,0.0,0.0,0.0,0.0,1.0,0.0,0.0,0.0,0.0,0.0,0.0,1.0,0.0,0.0,1.0,0.0
6014,0.3703703703703703,1.0,1.0,0.0,0.1111111111111111,0.75,0.5894268318375645,0.0,0.002002002002002002,0.14285714285714285,0.33333333333333337,0.3406079501169188,0.15481171548117123,0.16572205849013832,0.512287334593573,0.0,0.0,0.0,0.0,0.0,0.0,0.0,0.0,0.0,0.0,0.0,0.0,1.0,0.0,0.0,0.0,0.0,0.0,0.0,0.0,1.0,0.0,0.0,0.0,1.0
6015,0.2839506172839506,1.0,0.0,0.0,0.1111111111111111,0.75,0.7003106695515843,0.0,1.0,0.0,0.33333333333333337,0.3406079501169188,0.15481171548117123,0.16572205849013832,0.512287334593573,1.0,0.0,0.0,0.0,0.0,0.0,1.0,0.0,0.0,0.0,0.0,0.0,0.0,1.0,0.0,0.0,0.0,0.0,0.0,0.0,1.0,0.0,1.0,1.0,0.0
6016,0.29629629629629634,0.5,0.5,0.0,0.1111111111111111,0.75,0.7646034201504672,0.02631578947368421,1.0,0.0,0.33333333333333337,0.3406079501169188,0.15481171548117123,0.16572205849013832,0.512287334593573,1.0,0.0,0.0,0.0,0.0,0.0,0.0,0.0,0.0,0.0,0.0,0.0,0.0,1.0,0.0,0.0,0.0,1.0,0.0,0.0,0.0,0.0,0.0,1.0,0.0
6017,0.29629629629629634,1.0,0.0,0.0,0.1111111111111111,0.75,0.7880967239920466,0.02631578947368421,1.0,0.0,0.33333333333333337,0.3406079501169188,0.15481171548117123,0.16572205849013832,0.512287334593573,1.0,0.0,0.0,0.0,0.0,0.0,0.0,0.0,0.0,1.0,0.0,0.0,0.0,0.0,0.0,0.0,0.0,0.0,0.0,1.0,0.0,0.0,0.0,1.0,0.0
6018,0.3703703703703703,0.0,0.0,0.0,0.1111111111111111,0.75,0.5239878100544288,0.0,1.0,0.0,0.33333333333333337,0.3406079501169188,0.15481171548117123,0.16572205849013832,0.512287334593573,0.0,0.0,0.0,0.0,0.0,0.0,0.0,0.0,0.0,0.0,0.0,1.0,1.0,0.0,0.0,0.0,0.0,0.0,0.0,0.0,0.0,1.0,0.0,1.0,0.0
6019,0.3333333333333333,0.0,0.0,0.0,0.1111111111111111,0.75,0.5601990426951532,0.0,1.0,0.0,0.33333333333333337,0.3406079501169188,0.15481171548117123,0.16572205849013832,0.512287334593573,0.0,0.0,0.0,0.0,0.0,0.0,0.0,0.0,0.0,1.0,0.0,0.0,0.0,1.0,0.0,0.0,0.0,0.0,0.0,1.0,0.0,0.0,0.0,1.0,0.0
6020,0.19753086419753085,1.0,1.0,0.0,0.1111111111111111,0.75,0.7215031956410405,0.0,1.0,0.0,0.33333333333333337,0.3406079501169188,0.15481171548117123,0.16572205849013832,0.512287334593573,1.0,1.0,0.0,0.0,0.0,0.0,0.0,0.0,0.0,0.0,0.0,0.0,0.0,1.0,0.0,0.0,0.0,0.0,0.0,0.0,0.0,0.0,0.0,1.0,0.0
6021,0.08641975308641975,1.0,0.0,0.0,0.1111111111111111,0.75,0.7257630807830285,0.0,1.0,0.0,0.33333333333333337,0.3406079501169188,0.15481171548117123,0.16572205849013832,0.512287334593573,1.0,0.0,0.0,0.0,0.0,0.0,0.0,0.0,0.0,1.0,0.0,0.0,0.0,1.0,0.0,0.0,0.0,0.0,0.0,0.0,1.0,0.0,0.0,1.0,0.0
6022,0.2345679012345679,1.0,0.0,0.0,0.1111111111111111,0.75,0.8091329623064633,0.0,1.0,0.14285714285714285,0.33333333333333337,0.3406079501169188,0.15481171548117123,0.16572205849013832,0.512287334593573,1.0,0.0,0.0,0.0,0.0,0.0,0.0,0.0,0.0,0.0,0.0,0.0,1.0,0.0,0.0,0.0,0.0,0.0,0.0,0.0,1.0,0.0,0.0,0.0,0.0
6023,0.5061728395061729,0.0,0.0,0.0,0.1111111111111111,0.75,0.6572568311427133,0.0,1.0,0.14285714285714285,0.33333333333333337,0.3406079501169188,0.15481171548117123,0.16572205849013832,0.512287334593573,1.0,0.0,0.0,0.0,0.0,1.0,0.0,0.0,0.0,0.0,0.0,0.0,1.0,0.0,0.0,0.0,0.0,0.0,0.0,0.0,0.0,0.0,0.0,0.0,0.0
6024,0.39506172839506176,0.0,0.0,0.0,0.1111111111111111,0.75,0.7561711246597944,0.02631578947368421,1.0,0.0,0.33333333333333337,0.3406079501169188,0.15481171548117123,0.16572205849013832,0.512287334593573,1.0,0.0,0.0,0.0,0.0,0.0,0.0,0.0,0.0,1.0,0.0,0.0,1.0,0.0,0.0,0.0,0.0,0.0,0.0,1.0,0.0,0.0,0.0,1.0,0.0
6025,0.29629629629629634,0.0,0.0,0.0,0.1111111111111111,0.75,0.782610536963514,0.02631578947368421,1.0,0.14285714285714285,0.33333333333333337,0.3406079501169188,0.15481171548117123,0.16572205849013832,0.512287334593573,1.0,0.0,0.0,0.0,0.0,0.0,0.0,0.0,0.0,1.0,0.0,0.0,0.0,0.0,0.0,0.0,0.0,0.0,0.0,1.0,0.0,0.0,0.0,0.0,0.0
6026,0.419753086419753,1.0,1.0,0.0,0.1111111111111111,0.75,0.5752769507338984,0.02631578947368421,1.0,0.0,0.33333333333333337,0.3406079501169188,0.15481171548117123,0.16572205849013832,0.512287334593573,0.0,0.0,0.0,1.0,0.0,0.0,0.0,0.0,0.0,0.0,0.0,0.0,1.0,0.0,0.0,0.0,0.0,0.0,0.0,0.0,0.0,1.0,0.0,1.0,0.0
6027,0.34567901234567905,1.0,0.0,0.0,0.1111111111111111,0.75,0.6082306576679029,0.0,1.0,0.0,0.33333333333333337,0.3406079501169188,0.15481171548117123,0.16572205849013832,0.512287334593573,1.0,0.0,0.0,0.0,1.0,0.0,0.0,0.0,0.0,0.0,0.0,0.0,1.0,0.0,0.0,0.0,0.0,0.0,0.0,0.0,1.0,0.0,1.0,1.0,0.0
6028,0.39506172839506176,1.0,0.0,0.0,0.1111111111111111,0.75,0.7951260041741375,0.02631578947368421,1.0,0.0,0.33333333333333337,0.3406079501169188,0.15481171548117123,0.16572205849013832,0.512287334593573,1.0,0.0,0.0,0.0,0.0,0.0,0.0,0.0,0.0,1.0,0.0,0.0,0.0,1.0,0.0,0.0,0.0,0.0,0.0,0.0,1.0,0.0,0.0,1.0,0.0
6029,0.39506172839506176,1.0,0.0,0.0,0.1111111111111111,0.75,0.6452049071679414,0.0,1.0,0.14285714285714285,0.33333333333333337,0.3406079501169188,0.15481171548117123,0.16572205849013832,0.512287334593573,1.0,0.0,0.0,0.0,1.0,0.0,0.0,0.0,0.0,0.0,0.0,0.0,1.0,0.0,0.0,0.0,0.0,0.0,0.0,0.0,1.0,0.0,0.0,0.0,0.0
6030,0.38271604938271603,0.0,0.0,0.0,0.1111111111111111,0.75,0.6814620217929135,0.02631578947368421,1.0,0.0,0.33333333333333337,0.3406079501169188,0.15481171548117123,0.16572205849013832,0.512287334593573,1.0,0.0,1.0,0.0,0.0,0.0,0.0,0.0,0.0,0.0,0.0,0.0,1.0,0.0,0.0,0.0,0.0,0.0,0.0,0.0,1.0,0.0,0.0,1.0,0.0
6031,0.16049382716049382,1.0,1.0,1.0,0.1111111111111111,0.75,0.7968868395188806,0.02631578947368421,1.0,0.0,0.33333333333333337,0.3406079501169188,0.15481171548117123,0.16572205849013832,0.512287334593573,1.0,0.0,0.0,0.0,0.0,0.0,0.0,0.0,0.0,0.0,0.0,0.0,0.0,1.0,0.0,0.0,0.0,0.0,0.0,0.0,1.0,0.0,0.0,1.0,0.0
6032,0.6049382716049383,1.0,0.0,0.0,0.1111111111111111,0.75,0.7097029995592844,0.0,1.0,0.0,0.33333333333333337,0.3406079501169188,0.15481171548117123,0.16572205849013832,0.512287334593573,1.0,0.0,0.0,0.0,0.0,0.0,0.0,0.0,0.0,0.0,1.0,0.0,0.0,1.0,0.0,0.0,0.0,0.0,0.0,0.0,0.0,0.0,0.0,1.0,0.0
6033,0.19753086419753085,1.0,0.0,0.0,0.1111111111111111,0.75,0.7624612945032339,0.02631578947368421,1.0,0.0,0.33333333333333337,0.3406079501169188,0.15481171548117123,0.16572205849013832,0.512287334593573,1.0,1.0,0.0,0.0,0.0,0.0,0.0,0.0,0.0,0.0,0.0,0.0,0.0,1.0,0.0,0.0,0.0,0.0,0.0,1.0,0.0,0.0,0.0,1.0,0.0
6034,0.16049382716049382,1.0,0.0,0.0,0.1111111111111111,0.75,0.7252698509221354,0.02631578947368421,1.0,0.0,0.33333333333333337,0.3406079501169188,0.15481171548117123,0.16572205849013832,0.512287334593573,1.0,0.0,0.0,0.0,0.0,0.0,0.0,0.0,0.0,0.0,0.0,0.0,1.0,0.0,0.0,0.0,0.0,0.0,0.0,0.0,1.0,0.0,0.0,1.0,0.0
6035,0.25925925925925924,1.0,0.0,0.0,0.1111111111111111,0.75,0.7611934669171702,0.0,1.0,0.0,0.33333333333333337,0.3406079501169188,0.15481171548117123,0.16572205849013832,0.512287334593573,1.0,0.0,0.0,0.0,0.0,0.0,0.0,0.0,0.0,0.0,0.0,0.0,0.0,1.0,0.0,0.0,0.0,0.0,0.0,0.0,1.0,0.0,0.0,1.0,0.0
6036,0.08641975308641975,1.0,0.0,0.0,0.1111111111111111,0.75,0.686722293807522,0.05263157894736842,1.0,0.0,0.33333333333333337,0.3406079501169188,0.15481171548117123,0.16572205849013832,0.512287334593573,1.0,0.0,0.0,0.0,0.0,0.0,0.0,0.0,0.0,0.0,0.0,0.0,0.0,1.0,0.0,0.0,0.0,0.0,0.0,0.0,1.0,0.0,0.0,1.0,0.0
6037,0.4444444444444445,1.0,0.0,0.0,0.1111111111111111,0.75,0.6717469358140523,0.0,1.0,0.0,0.33333333333333337,0.3406079501169188,0.15481171548117123,0.16572205849013832,0.512287334593573,1.0,0.0,0.0,0.0,0.0,0.0,0.0,0.0,0.0,1.0,0.0,0.0,1.0,0.0,0.0,0.0,0.0,0.0,0.0,1.0,0.0,0.0,0.0,1.0,0.0
6038,0.18518518518518517,0.0,0.0,0.0,0.1111111111111111,0.75,0.828420386554718,0.0,1.0,0.0,0.33333333333333337,0.3406079501169188,0.15481171548117123,0.16572205849013832,0.512287334593573,1.0,0.0,0.0,0.0,0.0,0.0,0.0,0.0,0.0,0.0,0.0,0.0,0.0,1.0,0.0,0.0,0.0,1.0,0.0,0.0,0.0,0.0,0.0,1.0,0.0
6039,0.19753086419753085,0.0,0.0,0.0,0.1111111111111111,0.75,0.6990820928544513,0.05263157894736842,1.0,0.0,0.33333333333333337,0.3406079501169188,0.15481171548117123,0.16572205849013832,0.512287334593573,1.0,0.0,0.0,0.0,0.0,0.0,0.0,0.0,0.0,0.0,0.0,0.0,0.0,1.0,0.0,0.0,0.0,1.0,0.0,0.0,0.0,0.0,0.0,1.0,0.0
6040,0.14814814814814814,0.0,0.0,0.0,0.1111111111111111,0.75,0.7127658628623931,0.05263157894736842,1.0,0.0,0.33333333333333337,0.3406079501169188,0.15481171548117123,0.16572205849013832,0.512287334593573,1.0,0.0,0.0,0.0,0.0,0.0,0.0,0.0,0.0,0.0,0.0,0.0,0.0,1.0,0.0,0.0,0.0,0.0,0.0,1.0,0.0,0.0,0.0,1.0,0.0
6041,0.1728395061728395,1.0,0.0,0.0,0.1111111111111111,0.75,0.695953314020339,0.05263157894736842,1.0,0.0,0.33333333333333337,0.3406079501169188,0.15481171548117123,0.16572205849013832,0.512287334593573,1.0,0.0,0.0,0.0,0.0,0.0,0.0,0.0,0.0,0.0,0.0,0.0,0.0,1.0,0.0,0.0,0.0,0.0,0.0,0.0,1.0,0.0,0.0,1.0,0.0
6042,0.5432098765432098,0.0,0.0,0.0,0.1111111111111111,0.75,0.8065609304983775,0.02631578947368421,1.0,0.0,0.33333333333333337,0.3406079501169188,0.15481171548117123,0.16572205849013832,0.512287334593573,1.0,0.0,0.0,0.0,0.0,1.0,0.0,0.0,0.0,0.0,0.0,0.0,0.0,0.0,0.0,0.0,0.0,0.0,0.0,0.0,1.0,0.0,0.0,1.0,0.0
6043,0.18518518518518517,1.0,0.0,0.0,0.1111111111111111,0.75,0.7793790216096876,0.0,1.0,0.0,0.33333333333333337,0.3406079501169188,0.15481171548117123,0.16572205849013832,0.512287334593573,1.0,0.0,0.0,0.0,0.0,0.0,0.0,0.0,1.0,0.0,0.0,0.0,1.0,0.0,0.0,0.0,0.0,1.0,0.0,0.0,0.0,0.0,0.0,1.0,0.0
6044,0.5308641975308641,1.0,0.0,0.0,0.1111111111111111,0.75,0.8398750108958303,0.02631578947368421,0.002002002002002002,0.14285714285714285,0.33333333333333337,0.3406079501169188,0.15481171548117123,0.16572205849013832,0.512287334593573,1.0,0.0,0.0,0.0,0.0,0.0,0.0,0.0,0.0,0.0,1.0,0.0,1.0,0.0,0.0,0.0,0.0,1.0,0.0,0.0,0.0,0.0,0.0,0.0,1.0
6045,0.5308641975308641,1.0,0.0,0.0,0.1111111111111111,0.75,0.5518674094137875,0.0,1.0,0.0,0.33333333333333337,0.3406079501169188,0.15481171548117123,0.16572205849013832,0.512287334593573,0.0,0.0,0.0,0.0,0.0,0.0,0.0,0.0,0.0,0.0,0.0,0.0,1.0,0.0,0.0,0.0,0.0,0.0,0.0,1.0,0.0,0.0,0.0,1.0,0.0
6046,0.18518518518518517,1.0,0.0,0.0,0.1111111111111111,0.75,0.7624612945032339,0.02631578947368421,1.0,0.0,0.33333333333333337,0.3406079501169188,0.15481171548117123,0.16572205849013832,0.512287334593573,1.0,1.0,0.0,0.0,0.0,0.0,0.0,0.0,0.0,0.0,0.0,0.0,1.0,0.0,0.0,0.0,0.0,0.0,0.0,1.0,0.0,0.0,0.0,1.0,0.0
6047,0.2222222222222222,0.0,0.0,0.0,0.1111111111111111,0.75,0.8166416418256555,0.02631578947368421,1.0,0.0,0.33333333333333337,0.3406079501169188,0.15481171548117123,0.16572205849013832,0.512287334593573,1.0,0.0,0.0,0.0,0.0,0.0,0.0,1.0,0.0,0.0,0.0,0.0,1.0,0.0,0.0,0.0,0.0,1.0,0.0,0.0,0.0,0.0,0.0,1.0,0.0
6048,0.5802469135802468,0.0,1.0,1.0,0.1111111111111111,0.75,0.7813899278332761,0.05263157894736842,0.002002002002002002,0.14285714285714285,0.33333333333333337,0.3406079501169188,0.15481171548117123,0.16572205849013832,0.512287334593573,1.0,0.0,0.0,0.0,0.0,0.0,0.0,0.0,0.0,0.0,0.0,0.0,1.0,0.0,0.0,0.0,0.0,0.0,0.0,0.0,1.0,0.0,0.0,0.0,1.0
6049,0.48148148148148145,1.0,0.0,0.0,0.1111111111111111,0.75,0.6572568311427133,0.0,1.0,0.0,0.33333333333333337,0.3406079501169188,0.15481171548117123,0.16572205849013832,0.512287334593573,1.0,0.0,1.0,0.0,0.0,0.0,0.0,0.0,0.0,0.0,0.0,0.0,1.0,0.0,0.0,0.0,0.0,0.0,0.0,0.0,1.0,0.0,0.0,1.0,0.0
6050,0.16049382716049382,1.0,0.0,0.0,0.1111111111111111,0.75,0.7317600545467579,0.0,0.0,0.14285714285714285,0.33333333333333337,0.3406079501169188,0.15481171548117123,0.16572205849013832,0.512287334593573,1.0,0.0,0.0,0.0,0.0,0.0,0.0,0.0,0.0,0.0,0.0,0.0,0.0,1.0,0.0,0.0,0.0,0.0,0.0,0.0,1.0,0.0,0.0,0.0,1.0
6051,0.2839506172839506,1.0,1.0,0.0,0.1111111111111111,0.75,0.7333858376729261,0.0,0.002002002002002002,0.14285714285714285,0.33333333333333337,0.3406079501169188,0.15481171548117123,0.16572205849013832,0.512287334593573,1.0,0.0,0.0,0.0,0.0,0.0,1.0,0.0,0.0,0.0,0.0,0.0,0.0,1.0,0.0,0.0,0.0,0.0,0.0,0.0,1.0,0.0,1.0,0.0,1.0
6052,0.18518518518518517,0.0,0.0,0.0,0.1111111111111111,0.75,0.7460564011454784,0.02631578947368421,1.0,0.0,0.33333333333333337,0.3406079501169188,0.15481171548117123,0.16572205849013832,0.512287334593573,1.0,0.0,0.0,0.0,0.0,0.0,0.0,0.0,1.0,0.0,0.0,0.0,1.0,0.0,0.0,0.0,0.0,1.0,0.0,0.0,0.0,0.0,0.0,1.0,0.0
6053,0.30864197530864196,1.0,0.0,0.0,0.1111111111111111,0.75,0.7315259546695282,0.0,1.0,0.0,0.33333333333333337,0.3406079501169188,0.15481171548117123,0.16572205849013832,0.512287334593573,1.0,0.0,0.0,0.0,0.0,0.0,0.0,1.0,0.0,0.0,0.0,0.0,1.0,0.0,0.0,0.0,0.0,1.0,0.0,0.0,0.0,0.0,0.0,1.0,0.0
6054,0.09876543209876543,1.0,0.0,1.0,0.1111111111111111,0.75,0.77280192893164,0.02631578947368421,1.0,0.0,0.33333333333333337,0.3406079501169188,0.15481171548117123,0.16572205849013832,0.512287334593573,1.0,0.0,0.0,0.0,0.0,0.0,0.0,0.0,0.0,0.0,0.0,1.0,0.0,1.0,0.0,0.0,0.0,0.0,0.0,0.0,1.0,0.0,0.0,1.0,0.0
6055,0.48148148148148145,1.0,1.0,0.0,0.1111111111111111,0.75,0.6541316149049302,0.0,1.0,0.0,0.33333333333333337,0.3406079501169188,0.15481171548117123,0.16572205849013832,0.512287334593573,1.0,0.0,1.0,0.0,0.0,0.0,0.0,0.0,0.0,0.0,0.0,0.0,1.0,0.0,0.0,0.0,0.0,0.0,0.0,0.0,1.0,0.0,0.0,1.0,0.0
6056,0.8765432098765431,1.0,0.0,0.0,0.22222222222222227,0.0,0.5631773068220264,0.02631578947368421,1.0,0.0,0.33333333333333337,0.26968043647701023,0.19246861924686165,0.1632282929041034,0.512287334593573,0.0,0.0,0.0,0.0,0.0,1.0,0.0,0.0,0.0,0.0,0.0,0.0,0.0,0.0,0.0,0.0,0.0,1.0,0.0,0.0,0.0,0.0,0.0,1.0,0.0
6057,0.2222222222222222,1.0,0.0,0.0,0.22222222222222227,0.0,0.6568154229344138,0.02631578947368421,0.003003003003003003,0.14285714285714285,0.33333333333333337,0.26968043647701023,0.19246861924686165,0.1632282929041034,0.512287334593573,1.0,1.0,0.0,0.0,0.0,0.0,0.0,0.0,0.0,0.0,0.0,0.0,0.0,1.0,0.0,0.0,1.0,0.0,0.0,0.0,0.0,0.0,0.0,0.0,1.0
6058,0.04938271604938271,1.0,1.0,0.0,0.22222222222222227,0.0,0.697214829053618,0.02631578947368421,1.0,0.0,0.33333333333333337,0.26968043647701023,0.19246861924686165,0.1632282929041034,0.512287334593573,1.0,0.0,0.0,0.0,0.0,0.0,0.0,0.0,1.0,0.0,0.0,0.0,0.0,1.0,0.0,0.0,0.0,0.0,0.0,0.0,0.0,1.0,0.0,1.0,0.0
6059,0.5185185185185184,0.0,0.0,0.0,0.22222222222222227,0.0,0.7665333465756918,0.02631578947368421,1.0,0.0,0.33333333333333337,0.26968043647701023,0.19246861924686165,0.1632282929041034,0.512287334593573,1.0,0.0,0.0,1.0,0.0,0.0,0.0,0.0,0.0,0.0,0.0,0.0,1.0,0.0,0.0,0.0,0.0,0.0,0.0,1.0,0.0,0.0,0.0,1.0,0.0
6060,0.2345679012345679,0.0,0.0,1.0,0.22222222222222227,0.0,0.7079981124787547,0.07894736842105263,1.0,0.0,0.33333333333333337,0.26968043647701023,0.19246861924686165,0.1632282929041034,0.512287334593573,1.0,0.0,1.0,0.0,0.0,0.0,0.0,0.0,0.0,0.0,0.0,0.0,1.0,0.0,0.0,0.0,0.0,0.0,0.0,0.0,1.0,0.0,0.0,1.0,0.0
6061,0.2716049382716049,1.0,0.0,0.0,0.22222222222222227,0.0,0.6725234082667859,0.05263157894736842,1.0,0.0,0.33333333333333337,0.26968043647701023,0.19246861924686165,0.1632282929041034,0.512287334593573,1.0,0.0,0.0,0.0,0.0,0.0,0.0,0.0,0.0,0.0,0.0,0.0,1.0,0.0,0.0,0.0,0.0,1.0,0.0,0.0,0.0,0.0,0.0,1.0,0.0
6062,0.1728395061728395,1.0,0.0,0.0,0.22222222222222227,0.0,0.647141331954917,0.0,1.0,0.0,0.33333333333333337,0.26968043647701023,0.19246861924686165,0.1632282929041034,0.512287334593573,0.0,0.0,0.0,0.0,0.0,0.0,0.0,0.0,0.0,0.0,0.0,0.0,0.0,1.0,0.0,0.0,0.0,0.0,0.0,0.0,1.0,0.0,0.0,1.0,0.0
6063,0.3333333333333333,0.0,0.0,0.0,0.22222222222222227,0.0,0.5078883596370491,0.0,1.0,0.0,0.33333333333333337,0.26968043647701023,0.19246861924686165,0.1632282929041034,0.512287334593573,0.0,0.0,1.0,0.0,0.0,0.0,0.0,0.0,0.0,0.0,0.0,0.0,0.0,1.0,0.0,0.0,0.0,0.0,0.0,1.0,0.0,0.0,0.0,1.0,0.0
6064,0.2222222222222222,0.0,0.0,0.0,0.22222222222222227,0.0,0.7027299866892384,0.02631578947368421,0.003003003003003003,0.2857142857142857,0.33333333333333337,0.26968043647701023,0.19246861924686165,0.1632282929041034,0.512287334593573,1.0,0.0,0.0,0.0,0.0,0.0,0.0,1.0,0.0,0.0,0.0,0.0,1.0,0.0,0.0,1.0,0.0,0.0,0.0,0.0,0.0,0.0,0.0,0.0,1.0
6065,0.13580246913580246,1.0,0.0,0.0,0.22222222222222227,0.0,0.48923083320309235,0.0,1.0,0.0,0.33333333333333337,0.26968043647701023,0.19246861924686165,0.1632282929041034,0.512287334593573,0.0,0.0,0.0,0.0,0.0,0.0,1.0,0.0,0.0,0.0,0.0,0.0,0.0,1.0,0.0,0.0,0.0,0.0,0.0,0.0,1.0,0.0,0.0,1.0,0.0
6066,0.5308641975308641,1.0,0.0,0.0,0.22222222222222227,0.0,0.6196852820090151,0.0,1.0,0.14285714285714285,0.33333333333333337,0.26968043647701023,0.19246861924686165,0.1632282929041034,0.512287334593573,1.0,1.0,0.0,0.0,0.0,0.0,0.0,0.0,0.0,0.0,0.0,0.0,1.0,0.0,0.0,0.0,1.0,0.0,0.0,0.0,0.0,0.0,0.0,0.0,0.0
6067,0.2345679012345679,1.0,0.0,0.0,0.22222222222222227,0.0,0.6576965892230189,0.0,1.0,0.14285714285714285,0.33333333333333337,0.26968043647701023,0.19246861924686165,0.1632282929041034,0.512287334593573,1.0,0.0,0.0,0.0,1.0,0.0,0.0,0.0,0.0,0.0,0.0,0.0,1.0,0.0,0.0,0.0,0.0,0.0,0.0,0.0,1.0,0.0,0.0,0.0,0.0
6068,0.5308641975308641,1.0,0.0,0.0,0.22222222222222227,0.0,0.8681041314190917,0.02631578947368421,1.0,0.0,0.33333333333333337,0.26968043647701023,0.19246861924686165,0.1632282929041034,0.512287334593573,1.0,0.0,0.0,0.0,0.0,0.0,0.0,0.0,0.0,0.0,0.0,0.0,1.0,0.0,0.0,0.0,0.0,0.0,0.0,0.0,1.0,0.0,0.0,1.0,0.0
6069,0.1111111111111111,1.0,0.0,0.0,0.22222222222222227,0.0,0.647141331954917,0.0,1.0,0.0,0.33333333333333337,0.26968043647701023,0.19246861924686165,0.1632282929041034,0.512287334593573,1.0,0.0,0.0,0.0,0.0,0.0,0.0,1.0,0.0,0.0,0.0,0.0,0.0,1.0,0.0,0.0,0.0,1.0,0.0,0.0,0.0,0.0,0.0,1.0,0.0
6070,0.16049382716049382,1.0,1.0,0.0,0.22222222222222227,0.0,0.7181382644722665,0.0,1.0,0.0,0.33333333333333337,0.26968043647701023,0.19246861924686165,0.1632282929041034,0.512287334593573,1.0,0.0,0.0,0.0,1.0,0.0,0.0,0.0,0.0,0.0,0.0,0.0,0.0,1.0,0.0,0.0,0.0,0.0,0.0,0.0,1.0,0.0,0.0,1.0,0.0
6071,0.1728395061728395,1.0,0.0,0.0,0.22222222222222227,0.0,0.6381648062569562,0.0,1.0,0.0,0.33333333333333337,0.26968043647701023,0.19246861924686165,0.1632282929041034,0.512287334593573,1.0,0.0,0.0,0.0,0.0,0.0,0.0,0.0,0.0,0.0,0.0,0.0,0.0,0.0,0.0,0.0,0.0,0.0,0.0,0.0,1.0,0.0,0.0,1.0,0.0
6072,0.7901234567901234,0.0,0.0,0.0,0.22222222222222227,0.0,0.6048403610725471,0.02631578947368421,1.0,0.14285714285714285,0.33333333333333337,0.26968043647701023,0.19246861924686165,0.1632282929041034,0.512287334593573,0.0,0.0,0.0,0.0,0.0,1.0,0.0,0.0,0.0,0.0,0.0,0.0,1.0,0.0,0.0,0.0,1.0,0.0,0.0,0.0,0.0,0.0,0.0,0.0,0.0
6073,0.2716049382716049,0.0,0.0,0.0,0.22222222222222227,0.0,0.7521110040891097,0.0,1.0,0.0,0.33333333333333337,0.26968043647701023,0.19246861924686165,0.1632282929041034,0.512287334593573,1.0,0.0,0.0,0.0,0.0,0.0,0.0,0.0,0.0,0.0,0.0,0.0,1.0,0.0,0.0,0.0,0.0,1.0,0.0,0.0,0.0,0.0,0.0,1.0,0.0
6074,0.29629629629629634,1.0,1.0,0.0,0.22222222222222227,0.0,0.8082818515689723,0.0,0.003003003003003003,0.2857142857142857,0.33333333333333337,0.26968043647701023,0.19246861924686165,0.1632282929041034,0.512287334593573,1.0,0.0,0.0,0.0,0.0,0.0,0.0,0.0,0.0,1.0,0.0,0.0,1.0,0.0,0.0,0.0,0.0,0.0,0.0,0.0,0.0,1.0,0.0,0.0,1.0
6075,0.16049382716049382,0.0,0.0,0.0,0.22222222222222227,0.0,0.709984760531081,0.0,0.003003003003003003,0.14285714285714285,0.33333333333333337,0.26968043647701023,0.19246861924686165,0.1632282929041034,0.512287334593573,1.0,0.0,0.0,0.0,0.0,0.0,0.0,0.0,0.0,0.0,1.0,0.0,1.0,0.0,0.0,0.0,0.0,1.0,0.0,0.0,0.0,0.0,0.0,0.0,1.0
6076,0.2716049382716049,1.0,0.0,0.0,0.22222222222222227,0.0,0.6717469358140523,0.05263157894736842,0.003003003003003003,0.14285714285714285,0.33333333333333337,0.26968043647701023,0.19246861924686165,0.1632282929041034,0.512287334593573,1.0,0.0,0.0,0.0,0.0,0.0,0.0,0.0,0.0,0.0,0.0,0.0,1.0,0.0,0.0,0.0,0.0,1.0,0.0,0.0,0.0,0.0,0.0,0.0,1.0
6077,0.5925925925925926,0.0,0.0,1.0,0.22222222222222227,0.0,0.821320929444214,0.05263157894736842,0.006006006006006006,0.14285714285714285,0.33333333333333337,0.26968043647701023,0.19246861924686165,0.1632282929041034,0.512287334593573,1.0,0.0,0.0,0.0,1.0,0.0,0.0,0.0,0.0,0.0,0.0,0.0,1.0,0.0,0.0,0.0,0.0,0.0,0.0,0.0,1.0,0.0,0.0,0.0,1.0
6078,0.13580246913580246,1.0,0.0,0.0,0.22222222222222227,0.0,0.7608287064714687,0.0,1.0,0.0,0.33333333333333337,0.26968043647701023,0.19246861924686165,0.1632282929041034,0.512287334593573,1.0,0.0,0.0,0.0,0.0,0.0,0.0,0.0,0.0,0.0,0.0,0.0,1.0,0.0,0.0,0.0,0.0,0.0,0.0,0.0,1.0,0.0,0.0,1.0,0.0
6079,0.20987654320987653,1.0,1.0,0.0,0.22222222222222227,0.0,0.661156696006206,0.05263157894736842,1.0,0.0,0.33333333333333337,0.26968043647701023,0.19246861924686165,0.1632282929041034,0.512287334593573,0.0,0.0,0.0,0.0,0.0,0.0,0.0,1.0,0.0,0.0,0.0,0.0,1.0,0.0,0.0,0.0,0.0,0.0,0.0,1.0,0.0,0.0,0.0,1.0,0.0
6080,0.2345679012345679,1.0,0.0,0.0,0.22222222222222227,0.0,0.6504552172780276,0.07894736842105263,1.0,0.0,0.33333333333333337,0.26968043647701023,0.19246861924686165,0.1632282929041034,0.512287334593573,1.0,0.0,0.0,0.0,0.0,0.0,0.0,0.0,0.0,0.0,1.0,0.0,0.0,1.0,0.0,0.0,0.0,0.0,0.0,0.0,1.0,0.0,0.0,1.0,0.0
6081,0.4074074074074074,1.0,0.0,0.0,0.22222222222222227,0.0,0.6685887555427749,0.05263157894736842,0.003003003003003003,0.14285714285714285,0.33333333333333337,0.26968043647701023,0.19246861924686165,0.1632282929041034,0.512287334593573,1.0,1.0,0.0,0.0,0.0,0.0,0.0,0.0,0.0,0.0,0.0,0.0,1.0,0.0,0.0,1.0,0.0,0.0,0.0,0.0,0.0,0.0,0.0,0.0,1.0
6082,0.2222222222222222,0.0,0.0,0.0,0.22222222222222227,0.0,0.7511232976190926,0.0,0.003003003003003003,0.14285714285714285,0.33333333333333337,0.26968043647701023,0.19246861924686165,0.1632282929041034,0.512287334593573,1.0,0.0,0.0,0.0,0.0,0.0,0.0,1.0,0.0,0.0,0.0,0.0,1.0,0.0,0.0,1.0,0.0,0.0,0.0,0.0,0.0,0.0,0.0,0.0,1.0
6083,0.20987654320987653,1.0,0.0,0.0,0.22222222222222227,0.0,0.5440593682563573,0.02631578947368421,1.0,0.0,0.33333333333333337,0.26968043647701023,0.19246861924686165,0.1632282929041034,0.512287334593573,0.0,0.0,0.0,0.0,0.0,0.0,0.0,1.0,0.0,0.0,0.0,0.0,1.0,0.0,0.0,0.0,0.0,0.0,0.0,1.0,0.0,0.0,0.0,1.0,0.0
6084,0.1728395061728395,1.0,0.0,0.0,0.22222222222222227,0.0,0.6607297076989791,0.02631578947368421,1.0,0.0,0.33333333333333337,0.26968043647701023,0.19246861924686165,0.1632282929041034,0.512287334593573,1.0,0.0,0.0,0.0,0.0,0.0,0.0,0.0,0.0,0.0,0.0,0.0,0.0,1.0,0.0,0.0,0.0,0.0,0.0,0.0,1.0,0.0,0.0,1.0,0.0
6085,0.4938271604938272,0.0,1.0,0.0,0.22222222222222227,0.0,0.7385748062786976,0.05263157894736842,1.0,0.0,0.33333333333333337,0.26968043647701023,0.19246861924686165,0.1632282929041034,0.512287334593573,1.0,0.0,0.0,0.0,0.0,0.0,0.0,0.0,0.0,0.0,0.0,0.0,0.0,1.0,0.0,0.0,0.0,0.0,0.0,0.0,1.0,0.0,0.0,1.0,0.0
6086,0.1728395061728395,0.0,1.0,0.0,0.22222222222222227,0.0,0.7392350614235342,0.02631578947368421,1.0,0.0,0.33333333333333337,0.26968043647701023,0.19246861924686165,0.1632282929041034,0.512287334593573,0.0,0.0,0.0,0.0,0.0,0.0,0.0,0.0,1.0,0.0,0.0,0.0,0.0,1.0,0.0,0.0,0.0,0.0,0.0,0.0,0.0,1.0,0.0,1.0,0.0
6087,0.2345679012345679,0.0,1.0,0.0,0.22222222222222227,0.0,0.6661632026103997,0.02631578947368421,1.0,0.14285714285714285,0.33333333333333337,0.26968043647701023,0.19246861924686165,0.1632282929041034,0.512287334593573,1.0,0.0,0.0,0.0,0.0,0.0,0.0,0.0,0.0,1.0,0.0,0.0,1.0,0.0,0.0,0.0,0.0,0.0,0.0,0.0,1.0,0.0,0.0,0.0,0.0
6088,0.30864197530864196,0.0,1.0,0.0,0.22222222222222227,0.0,0.6713567691230875,0.0,1.0,0.0,0.33333333333333337,0.26968043647701023,0.19246861924686165,0.1632282929041034,0.512287334593573,1.0,0.0,0.0,0.0,0.0,0.0,0.0,0.0,0.0,0.0,0.0,0.0,1.0,0.0,0.0,0.0,0.0,0.0,0.0,1.0,0.0,0.0,0.0,1.0,0.0
6089,0.4444444444444445,1.0,0.0,0.0,0.22222222222222227,0.0,0.6949982196033254,0.0,1.0,0.0,0.33333333333333337,0.26968043647701023,0.19246861924686165,0.1632282929041034,0.512287334593573,1.0,0.0,0.0,0.0,0.0,0.0,0.0,0.0,0.0,0.0,0.0,0.0,0.0,0.0,0.0,0.0,0.0,0.0,0.0,0.0,1.0,0.0,0.0,1.0,0.0
6090,0.16049382716049382,1.0,0.0,0.0,0.22222222222222227,0.0,0.6317758072704824,0.05263157894736842,0.003003003003003003,0.14285714285714285,0.33333333333333337,0.26968043647701023,0.19246861924686165,0.1632282929041034,0.512287334593573,1.0,0.0,0.0,0.0,0.0,0.0,0.0,0.0,0.0,0.0,1.0,0.0,1.0,0.0,0.0,0.0,0.0,1.0,0.0,0.0,0.0,0.0,0.0,0.0,1.0
6091,0.5185185185185184,1.0,0.0,0.0,0.22222222222222227,0.0,0.6391967001499177,0.13157894736842105,1.0,0.0,0.33333333333333337,0.26968043647701023,0.19246861924686165,0.1632282929041034,0.512287334593573,1.0,0.0,0.0,0.0,0.0,1.0,0.0,0.0,0.0,0.0,0.0,0.0,1.0,0.0,0.0,1.0,0.0,0.0,0.0,0.0,0.0,0.0,0.0,1.0,0.0
6092,0.19753086419753085,1.0,0.0,0.0,0.22222222222222227,0.0,0.5331930189342876,0.02631578947368421,1.0,0.0,0.33333333333333337,0.26968043647701023,0.19246861924686165,0.1632282929041034,0.512287334593573,0.0,1.0,0.0,0.0,0.0,0.0,0.0,0.0,0.0,0.0,0.0,0.0,1.0,0.0,0.0,0.0,0.0,1.0,0.0,0.0,0.0,0.0,1.0,1.0,0.0
6093,0.20987654320987653,0.0,0.0,0.0,0.22222222222222227,0.0,0.5306356323565045,0.07894736842105263,1.0,0.0,0.33333333333333337,0.26968043647701023,0.19246861924686165,0.1632282929041034,0.512287334593573,0.0,0.0,0.0,0.0,0.0,0.0,0.0,1.0,0.0,0.0,0.0,0.0,1.0,0.0,0.0,0.0,0.0,0.0,0.0,1.0,0.0,0.0,0.0,1.0,0.0
6094,0.1728395061728395,1.0,0.0,0.0,0.22222222222222227,0.0,0.7146742385423219,0.07894736842105263,1.0,0.0,0.33333333333333337,0.26968043647701023,0.19246861924686165,0.1632282929041034,0.512287334593573,1.0,0.0,0.0,0.0,0.0,0.0,0.0,0.0,0.0,0.0,0.0,0.0,0.0,1.0,0.0,0.0,0.0,0.0,0.0,0.0,1.0,0.0,0.0,1.0,0.0
6095,0.34567901234567905,1.0,0.0,0.0,0.22222222222222227,0.0,0.47140323828241015,0.02631578947368421,1.0,0.0,0.33333333333333337,0.26968043647701023,0.19246861924686165,0.1632282929041034,0.512287334593573,0.0,1.0,0.0,0.0,0.0,0.0,0.0,0.0,0.0,0.0,0.0,0.0,1.0,0.0,0.0,0.0,1.0,0.0,0.0,0.0,0.0,0.0,0.0,1.0,0.0
6096,0.1728395061728395,0.0,0.0,0.0,0.22222222222222227,0.0,0.7563610119479759,0.13157894736842105,1.0,0.0,0.33333333333333337,0.26968043647701023,0.19246861924686165,0.1632282929041034,0.512287334593573,1.0,0.0,0.0,0.0,0.0,0.0,0.0,1.0,0.0,0.0,0.0,0.0,1.0,0.0,0.0,0.0,0.0,1.0,0.0,0.0,0.0,0.0,1.0,1.0,0.0
6097,0.2716049382716049,1.0,0.0,0.0,0.22222222222222227,0.0,0.817997681619647,0.05263157894736842,0.011011011011011011,0.14285714285714285,0.33333333333333337,0.26968043647701023,0.19246861924686165,0.1632282929041034,0.512287334593573,1.0,0.0,0.0,0.0,0.0,0.0,0.0,0.0,0.0,1.0,0.0,0.0,1.0,0.0,0.0,0.0,0.0,0.0,0.0,1.0,0.0,0.0,0.0,0.0,1.0
6098,0.037037037037037035,0.0,0.0,0.0,0.22222222222222227,0.0,0.64373137872162,0.10526315789473684,1.0,0.0,0.33333333333333337,0.26968043647701023,0.19246861924686165,0.1632282929041034,0.512287334593573,1.0,0.0,0.0,0.0,0.0,0.0,0.0,0.0,0.0,1.0,0.0,0.0,0.0,1.0,0.0,0.0,0.0,0.0,0.0,0.0,1.0,0.0,0.0,1.0,0.0
6099,0.30864197530864196,1.0,0.0,0.0,0.22222222222222227,0.0,0.7209917376636646,0.05263157894736842,0.009009009009009009,0.2857142857142857,0.33333333333333337,0.26968043647701023,0.19246861924686165,0.1632282929041034,0.512287334593573,1.0,0.0,0.0,0.0,0.0,0.0,0.0,0.0,0.0,0.0,0.0,0.0,1.0,0.0,0.0,0.0,0.0,0.0,0.0,1.0,0.0,0.0,0.0,0.0,0.0
6100,0.2716049382716049,0.0,1.0,0.0,0.22222222222222227,0.0,0.5679794082497067,0.05263157894736842,1.0,0.2857142857142857,0.33333333333333337,0.26968043647701023,0.19246861924686165,0.1632282929041034,0.512287334593573,0.0,1.0,0.0,0.0,0.0,0.0,0.0,0.0,0.0,0.0,0.0,0.0,1.0,0.0,0.0,0.0,1.0,0.0,0.0,0.0,0.0,0.0,0.0,0.0,0.0
6101,0.3333333333333333,1.0,0.0,0.0,0.22222222222222227,0.0,0.8031691856312626,0.07894736842105263,1.0,0.0,0.33333333333333337,0.26968043647701023,0.19246861924686165,0.1632282929041034,0.512287334593573,1.0,0.0,0.0,0.0,0.0,0.0,1.0,0.0,0.0,0.0,0.0,0.0,0.0,1.0,0.0,0.0,0.0,0.0,0.0,1.0,0.0,0.0,0.0,1.0,0.0
6102,0.20987654320987653,0.0,0.0,0.0,0.22222222222222227,0.0,0.5094464638657551,0.10526315789473684,1.0,0.0,0.33333333333333337,0.26968043647701023,0.19246861924686165,0.1632282929041034,0.512287334593573,0.0,0.0,0.0,0.0,0.0,0.0,0.0,0.0,0.0,0.0,0.0,0.0,0.0,1.0,0.0,0.0,0.0,0.0,0.0,0.0,1.0,0.0,0.0,1.0,0.0
6103,0.419753086419753,1.0,0.0,0.0,0.22222222222222227,0.0,0.752895241323603,0.05263157894736842,1.0,0.0,0.33333333333333337,0.26968043647701023,0.19246861924686165,0.1632282929041034,0.512287334593573,1.0,1.0,0.0,0.0,0.0,0.0,0.0,0.0,0.0,0.0,0.0,0.0,1.0,0.0,0.0,0.0,0.0,0.0,0.0,0.0,0.0,0.0,0.0,1.0,0.0
6104,0.2716049382716049,0.0,0.0,0.0,0.22222222222222227,0.0,0.6226787043279698,0.02631578947368421,1.0,0.0,0.33333333333333337,0.26968043647701023,0.19246861924686165,0.1632282929041034,0.512287334593573,0.0,0.0,0.0,0.0,0.0,0.0,0.0,0.0,0.0,0.0,0.0,0.0,0.0,1.0,0.0,0.0,0.0,0.0,0.0,0.0,1.0,0.0,0.0,1.0,0.0
6105,0.2716049382716049,1.0,1.0,0.0,0.22222222222222227,0.0,0.5140006512933829,0.05263157894736842,0.003003003003003003,0.14285714285714285,0.33333333333333337,0.26968043647701023,0.19246861924686165,0.1632282929041034,0.512287334593573,0.0,1.0,0.0,0.0,0.0,0.0,0.0,0.0,0.0,0.0,0.0,0.0,0.0,1.0,0.0,0.0,1.0,0.0,0.0,0.0,0.0,0.0,0.0,0.0,1.0
6106,0.5061728395061729,1.0,1.0,0.0,0.22222222222222227,0.0,0.6904356197503724,0.02631578947368421,1.0,0.0,0.33333333333333337,0.26968043647701023,0.19246861924686165,0.1632282929041034,0.512287334593573,1.0,0.0,0.0,0.0,0.0,0.0,0.0,0.0,0.0,0.0,0.0,0.0,1.0,0.0,0.0,0.0,0.0,0.0,0.0,0.0,1.0,0.0,0.0,1.0,0.0
6107,0.48148148148148145,1.0,1.0,1.0,0.22222222222222227,0.0,0.6673822306124111,0.05263157894736842,1.0,0.14285714285714285,0.33333333333333337,0.26968043647701023,0.19246861924686165,0.1632282929041034,0.512287334593573,0.0,0.0,0.0,1.0,0.0,0.0,0.0,0.0,0.0,0.0,0.0,0.0,1.0,0.0,0.0,0.0,0.0,1.0,0.0,0.0,0.0,0.0,0.0,0.0,0.0
6108,0.4938271604938272,1.0,0.0,0.0,0.22222222222222227,0.0,0.8065609304983775,0.05263157894736842,1.0,0.0,0.33333333333333337,0.26968043647701023,0.19246861924686165,0.1632282929041034,0.512287334593573,1.0,0.0,0.0,0.0,0.0,0.0,1.0,0.0,0.0,0.0,0.0,0.0,1.0,0.0,0.0,0.0,0.0,0.0,0.0,0.0,1.0,0.0,0.0,1.0,0.0
6109,0.16049382716049382,1.0,1.0,0.0,0.22222222222222227,0.0,0.7776502174225604,0.07894736842105263,1.0,0.0,0.33333333333333337,0.26968043647701023,0.19246861924686165,0.1632282929041034,0.512287334593573,1.0,0.0,0.0,0.0,0.0,0.0,0.0,0.0,0.0,0.0,0.0,0.0,1.0,0.0,0.0,0.0,0.0,0.0,0.0,0.0,1.0,0.0,0.0,1.0,0.0
6110,0.06172839506172839,1.0,1.0,0.0,0.22222222222222227,0.0,0.849713467042168,0.05263157894736842,1.0,0.0,0.33333333333333337,0.26968043647701023,0.19246861924686165,0.1632282929041034,0.512287334593573,1.0,0.0,0.0,0.0,0.0,0.0,0.0,0.0,1.0,0.0,0.0,0.0,0.0,1.0,0.0,0.0,0.0,1.0,0.0,0.0,0.0,0.0,0.0,1.0,0.0
6111,0.43209876543209874,0.0,0.0,0.0,0.22222222222222227,0.0,0.7376886616025277,0.05263157894736842,1.0,0.0,0.33333333333333337,0.26968043647701023,0.19246861924686165,0.1632282929041034,0.512287334593573,0.0,1.0,0.0,0.0,0.0,0.0,0.0,0.0,0.0,0.0,0.0,0.0,1.0,0.0,0.0,0.0,0.0,0.0,0.0,0.0,0.0,0.0,1.0,1.0,0.0
6112,0.5432098765432098,1.0,0.0,0.0,0.22222222222222227,0.0,0.6581347094668296,0.05263157894736842,1.0,0.0,0.33333333333333337,0.26968043647701023,0.19246861924686165,0.1632282929041034,0.512287334593573,1.0,0.0,0.0,0.0,0.0,0.0,0.0,0.0,0.0,1.0,0.0,0.0,0.0,0.0,0.0,0.0,0.0,0.0,0.0,1.0,0.0,0.0,0.0,1.0,0.0
6113,0.1111111111111111,0.0,0.0,0.0,0.22222222222222227,0.0,0.7734600293864244,0.05263157894736842,1.0,0.14285714285714285,0.33333333333333337,0.26968043647701023,0.19246861924686165,0.1632282929041034,0.512287334593573,1.0,0.0,0.0,0.0,0.0,0.0,0.0,0.0,1.0,0.0,0.0,0.0,0.0,1.0,0.0,0.0,0.0,1.0,0.0,0.0,0.0,0.0,0.0,0.0,0.0
6114,0.2839506172839506,0.0,0.0,0.0,0.22222222222222227,0.0,0.6943571545318569,0.07894736842105263,1.0,0.0,0.33333333333333337,0.26968043647701023,0.19246861924686165,0.1632282929041034,0.512287334593573,1.0,0.0,0.0,0.0,0.0,0.0,0.0,0.0,0.0,0.0,0.0,0.0,1.0,0.0,0.0,0.0,0.0,0.0,0.0,0.0,1.0,0.0,0.0,1.0,0.0
6115,0.7901234567901234,0.0,0.0,0.0,0.22222222222222227,0.0,0.7559809303588871,0.02631578947368421,1.0,0.0,0.33333333333333337,0.26968043647701023,0.19246861924686165,0.1632282929041034,0.512287334593573,1.0,0.0,0.0,0.0,0.0,1.0,0.0,0.0,0.0,0.0,0.0,0.0,1.0,0.0,0.0,0.0,0.0,0.0,0.0,0.0,0.0,0.0,0.0,1.0,0.0
6116,0.48148148148148145,1.0,1.0,0.0,0.22222222222222227,0.0,0.6835944393892373,0.02631578947368421,1.0,0.0,0.33333333333333337,0.26968043647701023,0.19246861924686165,0.1632282929041034,0.512287334593573,1.0,0.0,0.0,0.0,0.0,0.0,0.0,0.0,0.0,1.0,0.0,0.0,1.0,0.0,0.0,0.0,0.0,0.0,0.0,1.0,0.0,0.0,0.0,1.0,0.0
6117,0.04938271604938271,0.0,0.0,0.0,0.22222222222222227,0.0,0.6665709505038611,0.10526315789473684,1.0,0.0,0.33333333333333337,0.26968043647701023,0.19246861924686165,0.1632282929041034,0.512287334593573,1.0,0.0,0.0,0.0,0.0,0.0,0.0,0.0,1.0,0.0,0.0,0.0,0.0,1.0,0.0,0.0,0.0,0.0,0.0,0.0,0.0,1.0,0.0,1.0,0.0
6118,0.4074074074074074,1.0,0.0,1.0,0.22222222222222227,0.0,0.7272304821327134,0.07894736842105263,0.003003003003003003,0.2857142857142857,0.33333333333333337,0.26968043647701023,0.19246861924686165,0.1632282929041034,0.512287334593573,1.0,1.0,0.0,0.0,0.0,0.0,0.0,0.0,0.0,0.0,0.0,0.0,1.0,0.0,0.0,1.0,0.0,0.0,0.0,0.0,0.0,0.0,0.0,0.0,1.0
6119,0.419753086419753,1.0,0.0,0.0,0.22222222222222227,0.0,0.25847084160782274,0.07894736842105263,1.0,0.0,0.33333333333333337,0.26968043647701023,0.19246861924686165,0.1632282929041034,0.512287334593573,0.0,0.0,0.0,0.0,0.0,0.0,0.0,0.0,0.0,1.0,0.0,0.0,1.0,0.0,0.0,0.0,0.0,0.0,0.0,1.0,0.0,0.0,0.0,1.0,0.0
6120,0.2716049382716049,0.0,0.0,1.0,0.22222222222222227,0.0,0.22890743126917404,0.07894736842105263,1.0,0.0,0.33333333333333337,0.26968043647701023,0.19246861924686165,0.1632282929041034,0.512287334593573,0.0,0.0,0.0,0.0,0.0,0.0,0.0,0.0,0.0,0.0,0.0,0.0,1.0,0.0,0.0,0.0,0.0,1.0,0.0,0.0,0.0,0.0,0.0,1.0,0.0
6121,0.35802469135802467,1.0,0.0,0.0,0.22222222222222227,0.0,0.8229479975614468,0.05263157894736842,1.0,0.0,0.33333333333333337,0.26968043647701023,0.19246861924686165,0.1632282929041034,0.512287334593573,1.0,1.0,0.0,0.0,0.0,0.0,0.0,0.0,0.0,0.0,0.0,0.0,1.0,0.0,0.0,1.0,0.0,0.0,0.0,0.0,0.0,0.0,0.0,1.0,0.0
6122,0.4444444444444445,0.0,0.0,0.0,0.22222222222222227,0.0,0.6273151724090865,0.05263157894736842,1.0,0.0,0.33333333333333337,0.26968043647701023,0.19246861924686165,0.1632282929041034,0.512287334593573,1.0,0.0,0.0,0.0,0.0,0.0,0.0,0.0,0.0,1.0,0.0,0.0,1.0,0.0,0.0,0.0,0.0,0.0,0.0,1.0,0.0,0.0,0.0,1.0,0.0
6123,0.2716049382716049,0.0,0.0,0.0,0.22222222222222227,0.0,0.8198923673354446,0.10526315789473684,1.0,0.0,0.33333333333333337,0.26968043647701023,0.19246861924686165,0.1632282929041034,0.512287334593573,1.0,0.0,0.0,0.0,0.0,0.0,0.0,0.0,0.0,0.0,0.0,0.0,1.0,0.0,0.0,0.0,0.0,1.0,0.0,0.0,0.0,0.0,0.0,1.0,0.0
6124,0.5185185185185184,0.0,0.0,1.0,0.22222222222222227,0.0,0.6860343669962174,0.18421052631578946,1.0,0.0,0.33333333333333337,0.26968043647701023,0.19246861924686165,0.1632282929041034,0.512287334593573,1.0,0.0,0.0,0.0,1.0,0.0,0.0,0.0,0.0,0.0,0.0,0.0,1.0,0.0,0.0,0.0,0.0,0.0,0.0,0.0,1.0,0.0,0.0,1.0,0.0
6125,0.34567901234567905,1.0,0.0,0.0,0.22222222222222227,0.0,0.6518473654724107,0.07894736842105263,1.0,0.0,0.33333333333333337,0.26968043647701023,0.19246861924686165,0.1632282929041034,0.512287334593573,0.0,0.0,0.0,0.0,0.0,0.0,0.0,0.0,0.0,0.0,0.0,0.0,1.0,0.0,0.0,0.0,0.0,0.0,0.0,0.0,1.0,0.0,0.0,1.0,0.0
6126,0.4938271604938272,1.0,0.0,0.0,0.22222222222222227,0.0,0.7133142794709978,0.07894736842105263,1.0,0.14285714285714285,0.33333333333333337,0.26968043647701023,0.19246861924686165,0.1632282929041034,0.512287334593573,1.0,0.0,1.0,0.0,0.0,0.0,0.0,0.0,0.0,0.0,0.0,0.0,1.0,0.0,0.0,0.0,1.0,0.0,0.0,0.0,0.0,0.0,0.0,0.0,0.0
6127,0.4074074074074074,1.0,0.0,1.0,0.22222222222222227,0.0,0.6828879198511015,0.10526315789473684,1.0,0.0,0.33333333333333337,0.26968043647701023,0.19246861924686165,0.1632282929041034,0.512287334593573,1.0,0.0,1.0,0.0,0.0,0.0,0.0,0.0,0.0,0.0,0.0,0.0,1.0,0.0,0.0,0.0,1.0,0.0,0.0,0.0,0.0,0.0,0.0,1.0,0.0
6128,0.3333333333333333,1.0,0.0,0.0,0.22222222222222227,0.0,0.7827622264100459,0.10526315789473684,1.0,0.14285714285714285,0.33333333333333337,0.26968043647701023,0.19246861924686165,0.1632282929041034,0.512287334593573,1.0,0.0,0.0,0.0,0.0,0.0,1.0,0.0,0.0,0.0,0.0,0.0,0.0,1.0,0.0,0.0,0.0,0.0,0.0,1.0,0.0,0.0,0.0,0.0,0.0
6129,0.08641975308641975,1.0,0.0,0.0,0.22222222222222227,0.0,0.7923644888758032,0.07894736842105263,1.0,0.0,0.33333333333333337,0.26968043647701023,0.19246861924686165,0.1632282929041034,0.512287334593573,1.0,0.0,0.0,0.0,0.0,0.0,0.0,0.0,0.0,1.0,0.0,0.0,0.0,1.0,0.0,0.0,0.0,1.0,0.0,0.0,0.0,0.0,0.0,1.0,0.0
6130,0.24691358024691357,1.0,0.0,0.0,0.22222222222222227,0.0,0.3738508374054576,0.10526315789473684,1.0,0.0,0.33333333333333337,0.26968043647701023,0.19246861924686165,0.1632282929041034,0.512287334593573,0.0,0.0,0.0,0.0,0.0,0.0,0.0,0.0,0.0,0.0,0.0,1.0,0.0,1.0,0.0,0.0,0.0,0.0,0.0,0.0,1.0,0.0,0.0,1.0,0.0
6131,0.48148148148148145,0.0,0.0,1.0,0.22222222222222227,0.0,0.7602794362930587,0.15789473684210525,1.0,0.0,0.33333333333333337,0.26968043647701023,0.19246861924686165,0.1632282929041034,0.512287334593573,1.0,0.0,0.0,0.0,0.0,0.0,0.0,1.0,0.0,0.0,0.0,0.0,0.0,0.0,0.0,0.0,0.0,1.0,0.0,0.0,0.0,0.0,0.0,1.0,0.0
6132,0.4074074074074074,1.0,1.0,0.0,0.22222222222222227,0.0,0.7661847977296271,0.13157894736842105,0.003003003003003003,0.14285714285714285,0.33333333333333337,0.26968043647701023,0.19246861924686165,0.1632282929041034,0.512287334593573,1.0,0.0,0.0,0.0,0.0,0.0,1.0,0.0,0.0,0.0,0.0,0.0,1.0,0.0,0.0,0.0,1.0,0.0,0.0,0.0,0.0,0.0,0.0,0.0,1.0
6133,0.5308641975308641,1.0,0.0,0.0,0.22222222222222227,0.0,0.6381648062569562,0.02631578947368421,0.011011011011011011,0.14285714285714285,0.33333333333333337,0.26968043647701023,0.19246861924686165,0.1632282929041034,0.512287334593573,1.0,0.0,0.0,0.0,0.0,0.0,0.0,0.0,0.0,0.0,0.0,0.0,1.0,0.0,0.0,0.0,0.0,0.0,0.0,0.0,1.0,0.0,0.0,0.0,1.0
6134,0.19753086419753085,1.0,0.0,0.0,0.22222222222222227,0.25,0.7807748406829615,0.05263157894736842,1.0,0.0,0.33333333333333337,0.26968043647701023,0.19246861924686165,0.16096123328043532,0.512287334593573,1.0,0.0,0.0,0.0,0.0,1.0,0.0,0.0,0.0,0.0,0.0,0.0,1.0,0.0,0.0,0.0,0.0,1.0,0.0,0.0,0.0,0.0,0.0,1.0,0.0
6135,0.13580246913580246,0.0,0.0,0.0,0.22222222222222227,0.25,0.7230243610120375,0.02631578947368421,1.0,0.14285714285714285,0.33333333333333337,0.26968043647701023,0.19246861924686165,0.16096123328043532,0.512287334593573,0.0,0.0,0.0,0.0,0.0,0.0,0.0,1.0,0.0,0.0,0.0,0.0,0.0,1.0,0.0,0.0,0.0,0.0,0.0,0.0,0.0,1.0,0.0,0.0,0.0
6136,0.2345679012345679,1.0,0.0,0.0,0.22222222222222227,0.25,0.5356959888812932,0.10526315789473684,1.0,0.0,0.33333333333333337,0.26968043647701023,0.19246861924686165,0.16096123328043532,0.512287334593573,0.0,1.0,0.0,0.0,0.0,0.0,0.0,0.0,0.0,0.0,0.0,0.0,1.0,0.0,0.0,1.0,0.0,0.0,0.0,0.0,0.0,0.0,0.0,1.0,0.0
6137,0.2345679012345679,1.0,0.0,0.0,0.22222222222222227,0.25,0.43394188601811506,0.10526315789473684,1.0,0.0,0.33333333333333337,0.26968043647701023,0.19246861924686165,0.16096123328043532,0.512287334593573,0.0,1.0,0.0,0.0,0.0,0.0,0.0,0.0,0.0,0.0,0.0,0.0,1.0,0.0,0.0,0.0,1.0,0.0,0.0,0.0,0.0,0.0,1.0,1.0,0.0
6138,0.3333333333333333,1.0,0.0,1.0,0.22222222222222227,0.25,0.3261538888020616,0.15789473684210525,1.0,0.0,0.33333333333333337,0.26968043647701023,0.19246861924686165,0.16096123328043532,0.512287334593573,0.0,1.0,0.0,0.0,0.0,0.0,0.0,0.0,0.0,0.0,0.0,0.0,1.0,0.0,0.0,0.0,0.0,0.0,0.0,0.0,0.0,0.0,0.0,1.0,0.0
6139,0.14814814814814814,0.0,0.0,0.0,0.22222222222222227,0.25,0.6476204981957939,0.13157894736842105,1.0,0.14285714285714285,0.33333333333333337,0.26968043647701023,0.19246861924686165,0.16096123328043532,0.512287334593573,0.0,0.0,0.0,0.0,0.0,0.0,0.0,0.0,0.0,0.0,0.0,0.0,0.0,1.0,0.0,0.0,0.0,0.0,0.0,0.0,1.0,0.0,0.0,0.0,0.0
6140,0.19753086419753085,1.0,0.0,0.0,0.22222222222222227,0.25,0.5862473099208212,0.0,1.0,0.14285714285714285,0.33333333333333337,0.26968043647701023,0.19246861924686165,0.16096123328043532,0.512287334593573,0.0,0.0,0.0,1.0,0.0,0.0,0.0,0.0,0.0,0.0,0.0,0.0,1.0,0.0,0.0,0.0,1.0,0.0,0.0,0.0,0.0,0.0,1.0,0.0,0.0
6141,0.2345679012345679,1.0,0.0,0.0,0.22222222222222227,0.25,0.6717469358140523,0.0,1.0,0.0,0.33333333333333337,0.26968043647701023,0.19246861924686165,0.16096123328043532,0.512287334593573,0.0,1.0,0.0,0.0,0.0,0.0,0.0,0.0,0.0,0.0,0.0,0.0,1.0,0.0,0.0,0.0,1.0,0.0,0.0,0.0,0.0,0.0,0.0,1.0,0.0
6142,0.29629629629629634,1.0,0.0,0.0,0.22222222222222227,0.25,0.6121741045570199,0.0,1.0,0.14285714285714285,0.33333333333333337,0.26968043647701023,0.19246861924686165,0.16096123328043532,0.512287334593573,0.0,0.0,0.0,0.0,0.0,0.0,0.0,0.0,0.0,0.0,0.0,0.0,1.0,0.0,0.0,0.0,0.0,1.0,0.0,0.0,0.0,0.0,0.0,0.0,0.0
6143,0.29629629629629634,1.0,0.0,0.0,0.22222222222222227,0.25,0.5670345425314071,0.0,1.0,0.0,0.33333333333333337,0.26968043647701023,0.19246861924686165,0.16096123328043532,0.512287334593573,0.0,1.0,0.0,0.0,0.0,0.0,0.0,0.0,0.0,0.0,0.0,0.0,1.0,0.0,0.0,0.0,1.0,0.0,0.0,0.0,0.0,0.0,0.0,1.0,0.0
6144,0.29629629629629634,1.0,0.0,0.0,0.22222222222222227,0.25,0.646660205928461,0.0,1.0,0.2857142857142857,0.33333333333333337,0.26968043647701023,0.19246861924686165,0.16096123328043532,0.512287334593573,0.0,1.0,0.0,0.0,0.0,0.0,0.0,0.0,0.0,0.0,0.0,0.0,1.0,0.0,0.0,0.0,1.0,0.0,0.0,0.0,0.0,0.0,0.0,0.0,0.0
6145,0.39506172839506176,1.0,0.0,0.0,0.22222222222222227,0.25,0.7653088804325666,0.0,1.0,0.14285714285714285,0.33333333333333337,0.26968043647701023,0.19246861924686165,0.16096123328043532,0.512287334593573,1.0,0.0,0.0,0.0,0.0,0.0,0.0,0.0,0.0,0.0,0.0,0.0,1.0,0.0,0.0,0.0,0.0,1.0,0.0,0.0,0.0,0.0,0.0,0.0,0.0
6146,0.2716049382716049,1.0,1.0,0.0,0.22222222222222227,0.25,0.7298740798902329,0.0,1.0,0.0,0.33333333333333337,0.26968043647701023,0.19246861924686165,0.16096123328043532,0.512287334593573,1.0,1.0,0.0,0.0,0.0,0.0,0.0,0.0,0.0,0.0,0.0,0.0,1.0,0.0,0.0,0.0,1.0,0.0,0.0,0.0,0.0,0.0,0.0,1.0,0.0
6147,0.25925925925925924,1.0,0.0,0.0,0.22222222222222227,0.25,0.7024302791398942,0.0,1.0,0.0,0.33333333333333337,0.26968043647701023,0.19246861924686165,0.16096123328043532,0.512287334593573,0.0,1.0,0.0,0.0,0.0,0.0,0.0,0.0,0.0,0.0,0.0,0.0,0.0,0.0,0.0,0.0,1.0,0.0,0.0,0.0,0.0,0.0,0.0,1.0,0.0
6148,0.29629629629629634,0.0,0.0,0.0,0.22222222222222227,0.25,0.8379943129722363,0.0,1.0,0.0,0.33333333333333337,0.26968043647701023,0.19246861924686165,0.16096123328043532,0.512287334593573,1.0,1.0,0.0,0.0,0.0,0.0,0.0,0.0,0.0,0.0,0.0,0.0,1.0,0.0,0.0,0.0,1.0,0.0,0.0,0.0,0.0,0.0,0.0,1.0,0.0
6149,0.2222222222222222,0.0,0.0,0.0,0.22222222222222227,0.25,0.7996767366727818,0.0,1.0,0.0,0.33333333333333337,0.26968043647701023,0.19246861924686165,0.16096123328043532,0.512287334593573,1.0,1.0,0.0,0.0,0.0,0.0,0.0,0.0,0.0,0.0,0.0,0.0,1.0,0.0,0.0,0.0,0.0,1.0,0.0,0.0,0.0,0.0,0.0,1.0,0.0
6150,0.5061728395061729,1.0,0.0,0.0,0.22222222222222227,0.25,0.7937533497488743,0.0,1.0,0.0,0.33333333333333337,0.26968043647701023,0.19246861924686165,0.16096123328043532,0.512287334593573,1.0,0.0,0.0,0.0,0.0,0.0,0.0,0.0,0.0,0.0,0.0,0.0,0.0,1.0,0.0,0.0,0.0,0.0,0.0,0.0,1.0,0.0,0.0,1.0,0.0
6151,0.39506172839506176,0.0,0.0,0.0,0.22222222222222227,0.25,0.5621929065211045,0.0,1.0,0.0,0.33333333333333337,0.26968043647701023,0.19246861924686165,0.16096123328043532,0.512287334593573,0.0,1.0,0.0,0.0,0.0,0.0,0.0,0.0,0.0,0.0,0.0,0.0,1.0,0.0,0.0,0.0,0.0,0.0,0.0,1.0,0.0,0.0,0.0,1.0,0.0
6152,0.4074074074074074,1.0,0.0,0.0,0.22222222222222227,0.25,0.7027299866892384,0.0,1.0,0.0,0.33333333333333337,0.26968043647701023,0.19246861924686165,0.16096123328043532,0.512287334593573,1.0,1.0,0.0,0.0,0.0,0.0,0.0,0.0,0.0,0.0,0.0,0.0,1.0,0.0,0.0,0.0,0.0,0.0,0.0,0.0,0.0,0.0,0.0,1.0,0.0
6153,0.2345679012345679,1.0,1.0,0.0,0.22222222222222227,0.25,0.7758956267323722,0.0,1.0,0.0,0.33333333333333337,0.26968043647701023,0.19246861924686165,0.16096123328043532,0.512287334593573,1.0,0.0,0.0,0.0,0.0,0.0,1.0,0.0,0.0,0.0,0.0,0.0,1.0,0.0,0.0,0.0,1.0,0.0,0.0,0.0,0.0,0.0,0.0,1.0,0.0
6154,0.25925925925925924,1.0,0.0,0.0,0.22222222222222227,0.25,0.4735228478707203,0.0,1.0,0.14285714285714285,0.33333333333333337,0.26968043647701023,0.19246861924686165,0.16096123328043532,0.512287334593573,0.0,0.0,0.0,0.0,0.0,0.0,0.0,0.0,0.0,1.0,0.0,0.0,1.0,0.0,0.0,0.0,0.0,0.0,0.0,0.0,1.0,0.0,0.0,0.0,0.0
6155,0.419753086419753,0.0,0.0,0.0,0.22222222222222227,0.25,0.7349894575336511,0.0,1.0,0.0,0.33333333333333337,0.26968043647701023,0.19246861924686165,0.16096123328043532,0.512287334593573,0.0,0.0,0.0,0.0,0.0,0.0,0.0,0.0,0.0,0.0,0.0,0.0,1.0,0.0,0.0,0.0,0.0,0.0,0.0,0.0,0.0,0.0,1.0,1.0,0.0
6156,0.20987654320987653,1.0,0.0,0.0,0.22222222222222227,0.25,0.7953986234143111,0.0,0.003003003003003003,0.2857142857142857,0.33333333333333337,0.26968043647701023,0.19246861924686165,0.16096123328043532,0.512287334593573,1.0,1.0,0.0,0.0,0.0,0.0,0.0,0.0,0.0,0.0,0.0,0.0,1.0,0.0,0.0,0.0,0.0,1.0,0.0,0.0,0.0,0.0,0.0,0.0,1.0
6157,0.34567901234567905,1.0,0.0,0.0,0.22222222222222227,0.25,0.5743891340707834,0.0,1.0,0.0,0.33333333333333337,0.26968043647701023,0.19246861924686165,0.16096123328043532,0.512287334593573,0.0,1.0,0.0,0.0,0.0,0.0,0.0,0.0,0.0,0.0,0.0,0.0,1.0,0.0,0.0,0.0,0.0,0.0,0.0,0.0,0.0,1.0,1.0,1.0,0.0
6158,0.2222222222222222,0.0,0.0,0.0,0.22222222222222227,0.25,0.8228402237110448,0.0,1.0,0.0,0.33333333333333337,0.26968043647701023,0.19246861924686165,0.16096123328043532,0.512287334593573,1.0,1.0,0.0,0.0,0.0,0.0,0.0,0.0,0.0,0.0,0.0,0.0,0.0,1.0,0.0,0.0,0.0,1.0,0.0,0.0,0.0,0.0,0.0,1.0,0.0
6159,0.2839506172839506,0.5,0.5,0.0,0.22222222222222227,0.25,0.6485730147319224,0.02631578947368421,1.0,0.14285714285714285,0.33333333333333337,0.26968043647701023,0.19246861924686165,0.16096123328043532,0.512287334593573,0.0,0.0,0.0,0.0,1.0,0.0,0.0,0.0,0.0,0.0,0.0,0.0,1.0,0.0,0.0,0.0,0.0,0.0,0.0,1.0,0.0,0.0,0.0,0.0,0.0
6160,0.4074074074074074,1.0,1.0,0.0,0.22222222222222227,0.25,0.7051005485106072,0.0,1.0,0.0,0.33333333333333337,0.26968043647701023,0.19246861924686165,0.16096123328043532,0.512287334593573,1.0,0.0,0.0,0.0,0.0,0.0,0.0,0.0,0.0,1.0,0.0,0.0,1.0,0.0,0.0,0.0,0.0,0.0,0.0,0.0,0.0,1.0,0.0,1.0,0.0
6161,0.4074074074074074,1.0,0.0,0.0,0.22222222222222227,0.25,0.731291387992633,0.0,1.0,0.0,0.33333333333333337,0.26968043647701023,0.19246861924686165,0.16096123328043532,0.512287334593573,0.0,0.0,0.0,0.0,0.0,0.0,0.0,0.0,0.0,1.0,0.0,0.0,1.0,0.0,0.0,0.0,0.0,0.0,0.0,0.0,0.0,1.0,0.0,1.0,0.0
6162,0.2345679012345679,1.0,0.0,0.0,0.22222222222222227,0.25,0.7565505932129979,0.0,1.0,0.0,0.33333333333333337,0.26968043647701023,0.19246861924686165,0.16096123328043532,0.512287334593573,0.0,1.0,0.0,0.0,0.0,0.0,0.0,0.0,0.0,0.0,0.0,0.0,1.0,0.0,0.0,0.0,1.0,0.0,0.0,0.0,0.0,0.0,0.0,1.0,0.0
6163,0.2345679012345679,0.0,1.0,0.0,0.22222222222222227,0.25,0.6447157790225418,0.0,1.0,0.0,0.33333333333333337,0.26968043647701023,0.19246861924686165,0.16096123328043532,0.512287334593573,0.0,1.0,0.0,0.0,0.0,0.0,0.0,0.0,0.0,0.0,0.0,0.0,1.0,0.0,0.0,0.0,1.0,0.0,0.0,0.0,0.0,0.0,0.0,1.0,0.0
6164,0.38271604938271603,0.0,0.0,0.0,0.22222222222222227,0.25,0.8270759702130835,0.07894736842105263,1.0,0.0,0.33333333333333337,0.26968043647701023,0.19246861924686165,0.16096123328043532,0.512287334593573,0.0,0.0,0.0,0.0,0.0,0.0,0.0,1.0,0.0,0.0,0.0,0.0,1.0,0.0,0.0,0.0,0.0,0.0,0.0,0.0,0.0,0.0,0.0,1.0,0.0
6165,0.16049382716049382,0.0,1.0,0.0,0.22222222222222227,0.25,0.7919446128221177,0.0,1.0,0.0,0.33333333333333337,0.26968043647701023,0.19246861924686165,0.16096123328043532,0.512287334593573,1.0,0.0,0.0,0.0,0.0,0.0,0.0,0.0,0.0,0.0,0.0,0.0,1.0,0.0,0.0,0.0,0.0,1.0,0.0,0.0,0.0,0.0,0.0,1.0,0.0
6166,0.3333333333333333,0.0,0.0,0.0,0.22222222222222227,0.25,0.7637156034873523,0.0,1.0,0.14285714285714285,0.33333333333333337,0.26968043647701023,0.19246861924686165,0.16096123328043532,0.512287334593573,0.0,1.0,0.0,0.0,0.0,0.0,0.0,0.0,0.0,0.0,0.0,0.0,1.0,0.0,0.0,0.0,0.0,0.0,0.0,0.0,0.0,0.0,1.0,0.0,0.0
6167,0.19753086419753085,0.0,0.0,0.0,0.22222222222222227,0.25,0.5909849360662706,0.0,1.0,0.0,0.33333333333333337,0.26968043647701023,0.19246861924686165,0.16096123328043532,0.512287334593573,0.0,0.0,0.0,0.0,0.0,0.0,0.0,0.0,0.0,0.0,0.0,0.0,0.0,1.0,0.0,0.0,0.0,1.0,0.0,0.0,0.0,0.0,0.0,1.0,0.0
6168,0.24691358024691357,0.0,0.0,0.0,0.22222222222222227,0.25,0.7077115468084515,0.0,1.0,0.0,0.33333333333333337,0.26968043647701023,0.19246861924686165,0.16096123328043532,0.512287334593573,0.0,1.0,0.0,0.0,0.0,0.0,0.0,0.0,0.0,0.0,0.0,0.0,1.0,0.0,0.0,0.0,0.0,0.0,0.0,0.0,0.0,1.0,1.0,1.0,0.0
6169,0.419753086419753,0.5,0.5,0.0,0.22222222222222227,0.25,0.7880967239920466,0.02631578947368421,1.0,0.0,0.33333333333333337,0.26968043647701023,0.19246861924686165,0.16096123328043532,0.512287334593573,1.0,1.0,0.0,0.0,0.0,0.0,0.0,0.0,0.0,0.0,0.0,0.0,1.0,0.0,0.0,1.0,0.0,0.0,0.0,0.0,0.0,0.0,0.0,1.0,0.0
6170,0.39506172839506176,0.0,0.0,0.0,0.22222222222222227,0.25,0.7462633231856137,0.0,1.0,0.14285714285714285,0.33333333333333337,0.26968043647701023,0.19246861924686165,0.16096123328043532,0.512287334593573,1.0,1.0,0.0,0.0,0.0,0.0,0.0,0.0,0.0,0.0,0.0,0.0,1.0,0.0,0.0,1.0,0.0,0.0,0.0,0.0,0.0,0.0,1.0,0.0,0.0
6171,0.20987654320987653,1.0,1.0,0.0,0.22222222222222227,0.25,0.6541316149049302,0.0,1.0,0.0,0.33333333333333337,0.26968043647701023,0.19246861924686165,0.16096123328043532,0.512287334593573,1.0,0.0,0.0,0.0,0.0,0.0,0.0,0.0,0.0,0.0,0.0,0.0,1.0,0.0,0.0,0.0,0.0,1.0,0.0,0.0,0.0,0.0,0.0,1.0,0.0
6172,0.2345679012345679,1.0,0.0,0.0,0.22222222222222227,0.25,0.635013676339261,0.0,1.0,0.14285714285714285,0.33333333333333337,0.26968043647701023,0.19246861924686165,0.16096123328043532,0.512287334593573,0.0,0.0,0.0,0.0,0.0,0.0,0.0,0.0,0.0,0.0,0.0,0.0,0.0,1.0,0.0,0.0,0.0,1.0,0.0,0.0,0.0,0.0,0.0,0.0,0.0
6173,0.24691358024691357,1.0,0.0,0.0,0.22222222222222227,0.25,0.44244933785391355,0.0,1.0,0.14285714285714285,0.33333333333333337,0.26968043647701023,0.19246861924686165,0.16096123328043532,0.512287334593573,0.0,0.0,0.0,0.0,1.0,0.0,0.0,0.0,0.0,0.0,0.0,0.0,0.0,1.0,0.0,0.0,0.0,0.0,0.0,0.0,1.0,0.0,0.0,0.0,0.0
6174,0.34567901234567905,1.0,0.0,0.0,0.22222222222222227,0.25,0.40010036242099567,0.05263157894736842,1.0,0.0,0.33333333333333337,0.26968043647701023,0.19246861924686165,0.16096123328043532,0.512287334593573,0.0,0.0,1.0,0.0,0.0,0.0,0.0,0.0,0.0,0.0,0.0,0.0,0.0,0.0,0.0,0.0,1.0,0.0,0.0,0.0,0.0,0.0,0.0,1.0,0.0
6175,0.3333333333333333,1.0,0.0,0.0,0.22222222222222227,0.25,0.8073015529835439,0.02631578947368421,1.0,0.0,0.33333333333333337,0.26968043647701023,0.19246861924686165,0.16096123328043532,0.512287334593573,1.0,0.0,1.0,0.0,0.0,0.0,0.0,0.0,0.0,0.0,0.0,0.0,1.0,0.0,0.0,0.0,0.0,0.0,0.0,0.0,0.0,0.0,0.0,1.0,0.0
6176,0.43209876543209874,1.0,0.0,0.0,0.22222222222222227,0.25,0.5955391234938983,0.02631578947368421,1.0,0.14285714285714285,0.33333333333333337,0.26968043647701023,0.19246861924686165,0.16096123328043532,0.512287334593573,0.0,1.0,0.0,0.0,0.0,0.0,0.0,0.0,0.0,0.0,0.0,0.0,1.0,0.0,0.0,1.0,0.0,0.0,0.0,0.0,0.0,0.0,0.0,0.0,0.0
6177,0.19753086419753085,1.0,0.0,0.0,0.22222222222222227,0.25,0.7301114869324379,0.0,1.0,0.14285714285714285,0.33333333333333337,0.26968043647701023,0.19246861924686165,0.16096123328043532,0.512287334593573,0.0,0.0,0.0,0.0,0.0,0.0,0.0,0.0,0.0,0.0,0.0,0.0,1.0,0.0,0.0,0.0,0.0,1.0,0.0,0.0,0.0,0.0,0.0,0.0,0.0
6178,0.24691358024691357,1.0,0.0,0.0,0.22222222222222227,0.25,0.4796617267459457,0.0,1.0,0.0,0.33333333333333337,0.26968043647701023,0.19246861924686165,0.16096123328043532,0.512287334593573,0.0,0.0,0.0,0.0,1.0,0.0,0.0,0.0,0.0,0.0,0.0,0.0,0.0,1.0,0.0,0.0,0.0,0.0,0.0,0.0,1.0,0.0,0.0,1.0,0.0
6179,0.20987654320987653,0.0,0.0,0.0,0.22222222222222227,0.25,0.8361793619556558,0.02631578947368421,1.0,0.14285714285714285,0.33333333333333337,0.26968043647701023,0.19246861924686165,0.16096123328043532,0.512287334593573,1.0,0.0,0.0,0.0,0.0,0.0,0.0,0.0,0.0,1.0,0.0,0.0,0.0,1.0,0.0,0.0,0.0,0.0,0.0,1.0,0.0,0.0,0.0,0.0,0.0
6180,0.16049382716049382,1.0,0.0,0.0,0.22222222222222227,0.25,0.5344511608683252,0.0,1.0,0.0,0.33333333333333337,0.26968043647701023,0.19246861924686165,0.16096123328043532,0.512287334593573,0.0,0.0,0.0,0.0,0.0,0.0,0.0,1.0,0.0,0.0,0.0,0.0,1.0,0.0,0.0,0.0,0.0,1.0,0.0,0.0,0.0,0.0,0.0,1.0,0.0
6181,0.4567901234567901,0.0,0.0,0.0,0.22222222222222227,0.25,0.7310563526507374,0.0,1.0,0.0,0.33333333333333337,0.26968043647701023,0.19246861924686165,0.16096123328043532,0.512287334593573,1.0,0.0,0.0,0.0,0.0,0.0,0.0,1.0,0.0,0.0,0.0,0.0,0.0,0.0,0.0,0.0,0.0,0.0,0.0,0.0,1.0,0.0,0.0,1.0,0.0
6182,0.3333333333333333,1.0,0.0,0.0,0.22222222222222227,0.25,0.5030862582093689,0.0,1.0,0.0,0.33333333333333337,0.26968043647701023,0.19246861924686165,0.16096123328043532,0.512287334593573,0.0,0.0,0.0,0.0,1.0,0.0,0.0,0.0,0.0,0.0,0.0,0.0,1.0,0.0,0.0,0.0,0.0,0.0,0.0,0.0,1.0,0.0,0.0,1.0,0.0
6183,0.12345679012345678,0.0,0.0,0.0,0.22222222222222227,0.25,0.49105467050389934,0.0,1.0,0.0,0.33333333333333337,0.26968043647701023,0.19246861924686165,0.16096123328043532,0.512287334593573,0.0,1.0,0.0,0.0,0.0,0.0,0.0,0.0,0.0,0.0,0.0,0.0,0.0,1.0,0.0,0.0,1.0,0.0,0.0,0.0,0.0,0.0,0.0,1.0,0.0
6184,0.20987654320987653,1.0,0.0,0.0,0.22222222222222227,0.25,0.5992040663129156,0.0,1.0,0.14285714285714285,0.33333333333333337,0.26968043647701023,0.19246861924686165,0.16096123328043532,0.512287334593573,0.0,1.0,0.0,0.0,0.0,0.0,0.0,0.0,0.0,0.0,0.0,0.0,1.0,0.0,0.0,1.0,0.0,0.0,0.0,0.0,0.0,0.0,0.0,0.0,0.0
6185,0.4567901234567901,1.0,1.0,0.0,0.22222222222222227,0.25,0.6226787043279698,0.0,1.0,0.14285714285714285,0.33333333333333337,0.26968043647701023,0.19246861924686165,0.16096123328043532,0.512287334593573,0.0,0.0,0.0,0.0,1.0,0.0,0.0,0.0,0.0,0.0,0.0,0.0,1.0,0.0,0.0,0.0,0.0,0.0,0.0,0.0,1.0,0.0,0.0,0.0,0.0
6186,0.2716049382716049,1.0,1.0,0.0,0.22222222222222227,0.25,0.6238550656258994,0.0,1.0,0.0,0.33333333333333337,0.26968043647701023,0.19246861924686165,0.16096123328043532,0.512287334593573,0.0,0.0,0.0,0.0,0.0,0.0,0.0,1.0,0.0,0.0,0.0,0.0,1.0,0.0,0.0,0.0,0.0,1.0,0.0,0.0,0.0,0.0,0.0,1.0,0.0
6187,0.16049382716049382,0.0,0.0,0.0,0.22222222222222227,0.25,0.636599792271751,0.0,1.0,0.0,0.33333333333333337,0.26968043647701023,0.19246861924686165,0.16096123328043532,0.512287334593573,0.0,0.0,0.0,0.0,1.0,0.0,0.0,0.0,0.0,0.0,0.0,0.0,0.0,1.0,0.0,0.0,0.0,0.0,0.0,0.0,1.0,0.0,0.0,1.0,0.0
6188,0.38271604938271603,1.0,0.0,0.0,0.22222222222222227,0.25,0.5280214103388018,0.02631578947368421,1.0,0.0,0.33333333333333337,0.26968043647701023,0.19246861924686165,0.16096123328043532,0.512287334593573,0.0,1.0,0.0,0.0,0.0,0.0,0.0,0.0,0.0,0.0,0.0,0.0,1.0,0.0,0.0,0.0,1.0,0.0,0.0,0.0,0.0,0.0,0.0,1.0,0.0
6189,0.25925925925925924,1.0,0.0,0.0,0.22222222222222227,0.25,0.784716593334517,0.0,1.0,0.0,0.33333333333333337,0.26968043647701023,0.19246861924686165,0.16096123328043532,0.512287334593573,1.0,1.0,0.0,0.0,0.0,0.0,0.0,0.0,0.0,0.0,0.0,0.0,1.0,0.0,0.0,1.0,0.0,0.0,0.0,0.0,0.0,0.0,0.0,1.0,0.0
6190,0.29629629629629634,1.0,0.0,0.0,0.22222222222222227,0.25,0.7995453741248091,0.0,1.0,0.0,0.33333333333333337,0.26968043647701023,0.19246861924686165,0.16096123328043532,0.512287334593573,1.0,1.0,0.0,0.0,0.0,0.0,0.0,0.0,0.0,0.0,0.0,0.0,1.0,0.0,0.0,0.0,0.0,0.0,0.0,0.0,0.0,0.0,0.0,1.0,0.0
6191,0.29629629629629634,1.0,0.0,0.0,0.22222222222222227,0.25,0.5902084636135368,0.02631578947368421,1.0,0.14285714285714285,0.33333333333333337,0.26968043647701023,0.19246861924686165,0.16096123328043532,0.512287334593573,0.0,1.0,0.0,0.0,0.0,0.0,0.0,0.0,0.0,0.0,0.0,0.0,1.0,0.0,0.0,1.0,0.0,0.0,0.0,0.0,0.0,0.0,0.0,0.0,0.0
6192,0.20987654320987653,1.0,1.0,0.0,0.22222222222222227,0.25,0.6956358100503017,0.02631578947368421,1.0,0.14285714285714285,0.33333333333333337,0.26968043647701023,0.19246861924686165,0.16096123328043532,0.512287334593573,0.0,0.0,0.0,0.0,0.0,0.0,0.0,1.0,0.0,0.0,0.0,0.0,0.0,0.0,1.0,0.0,0.0,1.0,0.0,0.0,0.0,0.0,0.0,0.0,0.0
6193,0.2345679012345679,1.0,0.0,0.0,0.22222222222222227,0.25,0.6701784439170553,0.02631578947368421,1.0,0.14285714285714285,0.33333333333333337,0.26968043647701023,0.19246861924686165,0.16096123328043532,0.512287334593573,0.0,0.0,0.0,0.0,0.0,0.0,0.0,0.0,0.0,1.0,0.0,0.0,1.0,0.0,0.0,0.0,1.0,0.0,0.0,0.0,0.0,0.0,0.0,0.0,0.0
6194,0.18518518518518517,1.0,0.0,0.0,0.22222222222222227,0.25,0.731291387992633,0.02631578947368421,1.0,0.0,0.33333333333333337,0.26968043647701023,0.19246861924686165,0.16096123328043532,0.512287334593573,1.0,0.0,0.0,0.0,0.0,0.0,0.0,0.0,0.0,1.0,0.0,0.0,1.0,0.0,0.0,0.0,1.0,0.0,0.0,0.0,0.0,0.0,0.0,1.0,0.0
6195,0.1111111111111111,0.0,0.0,0.0,0.22222222222222227,0.25,0.6628493172872891,0.02631578947368421,1.0,0.14285714285714285,0.33333333333333337,0.26968043647701023,0.19246861924686165,0.16096123328043532,0.512287334593573,0.0,0.0,0.0,0.0,1.0,0.0,0.0,0.0,0.0,0.0,0.0,0.0,0.0,1.0,0.0,0.0,0.0,0.0,0.0,0.0,1.0,0.0,0.0,0.0,0.0
6196,0.18518518518518517,1.0,0.0,0.0,0.22222222222222227,0.25,0.5183850773918827,0.21052631578947367,1.0,0.0,0.33333333333333337,0.26968043647701023,0.19246861924686165,0.16096123328043532,0.512287334593573,0.0,0.0,0.0,0.0,0.0,0.0,0.0,0.0,0.0,1.0,0.0,0.0,1.0,0.0,0.0,0.0,0.0,0.0,0.0,1.0,0.0,0.0,0.0,1.0,0.0
6197,0.19753086419753085,1.0,0.0,0.0,0.22222222222222227,0.25,0.7656600303932715,0.02631578947368421,1.0,0.14285714285714285,0.33333333333333337,0.26968043647701023,0.19246861924686165,0.16096123328043532,0.512287334593573,1.0,1.0,0.0,0.0,0.0,0.0,0.0,0.0,0.0,0.0,0.0,0.0,1.0,0.0,0.0,1.0,0.0,0.0,0.0,0.0,0.0,0.0,1.0,0.0,0.0
6198,0.2345679012345679,1.0,0.0,1.0,0.22222222222222227,0.25,0.7361216621301798,0.13157894736842105,1.0,0.0,0.33333333333333337,0.26968043647701023,0.19246861924686165,0.16096123328043532,0.512287334593573,1.0,0.0,0.0,0.0,0.0,0.0,0.0,0.0,0.0,0.0,0.0,0.0,0.0,1.0,0.0,0.0,0.0,0.0,0.0,0.0,1.0,0.0,0.0,1.0,0.0
6199,0.38271604938271603,1.0,0.0,0.0,0.22222222222222227,0.25,0.7952623927685294,0.05263157894736842,1.0,0.0,0.33333333333333337,0.26968043647701023,0.19246861924686165,0.16096123328043532,0.512287334593573,1.0,1.0,0.0,0.0,0.0,0.0,0.0,0.0,0.0,0.0,0.0,0.0,1.0,0.0,0.0,1.0,0.0,0.0,0.0,0.0,0.0,0.0,0.0,1.0,0.0
6200,0.20987654320987653,0.0,0.0,0.0,0.22222222222222227,0.25,0.6267455095549759,0.02631578947368421,1.0,0.0,0.33333333333333337,0.26968043647701023,0.19246861924686165,0.16096123328043532,0.512287334593573,0.0,0.0,0.0,0.0,0.0,0.0,0.0,0.0,0.0,0.0,0.0,0.0,1.0,0.0,0.0,0.0,0.0,1.0,0.0,0.0,0.0,0.0,0.0,1.0,0.0
6201,0.3703703703703703,1.0,0.0,0.0,0.22222222222222227,0.25,0.7237776302848941,0.02631578947368421,1.0,0.14285714285714285,0.33333333333333337,0.26968043647701023,0.19246861924686165,0.16096123328043532,0.512287334593573,0.0,0.0,0.0,0.0,1.0,0.0,0.0,0.0,0.0,0.0,0.0,0.0,1.0,0.0,0.0,0.0,0.0,0.0,0.0,0.0,1.0,0.0,0.0,0.0,0.0
6202,0.25925925925925924,0.0,0.0,0.0,0.22222222222222227,0.25,0.6962699633353183,0.02631578947368421,1.0,0.0,0.33333333333333337,0.26968043647701023,0.19246861924686165,0.16096123328043532,0.512287334593573,0.0,0.0,0.0,0.0,0.0,0.0,0.0,0.0,0.0,1.0,0.0,0.0,1.0,0.0,0.0,0.0,0.0,0.0,0.0,1.0,0.0,0.0,0.0,1.0,0.0
6203,0.34567901234567905,1.0,0.0,0.0,0.22222222222222227,0.25,0.7660101352632623,0.02631578947368421,1.0,0.0,0.33333333333333337,0.26968043647701023,0.19246861924686165,0.16096123328043532,0.512287334593573,1.0,1.0,0.0,0.0,0.0,0.0,0.0,0.0,0.0,0.0,0.0,0.0,1.0,0.0,0.0,0.0,1.0,0.0,0.0,0.0,0.0,0.0,0.0,1.0,0.0
6204,0.24691358024691357,0.0,0.0,0.0,0.22222222222222227,0.25,0.8222998683765105,0.05263157894736842,1.0,0.0,0.33333333333333337,0.26968043647701023,0.19246861924686165,0.16096123328043532,0.512287334593573,1.0,1.0,0.0,0.0,0.0,0.0,0.0,0.0,0.0,0.0,0.0,0.0,1.0,0.0,0.0,1.0,0.0,0.0,0.0,0.0,0.0,0.0,0.0,1.0,0.0
6205,0.1728395061728395,0.0,0.0,0.0,0.22222222222222227,0.25,0.6273151724090865,0.0,1.0,0.0,0.33333333333333337,0.26968043647701023,0.19246861924686165,0.16096123328043532,0.512287334593573,0.0,0.0,0.0,0.0,0.0,0.0,0.0,1.0,0.0,0.0,0.0,0.0,0.0,1.0,0.0,0.0,0.0,1.0,0.0,0.0,0.0,0.0,0.0,1.0,0.0
6206,0.24691358024691357,0.0,0.0,0.0,0.22222222222222227,0.25,0.6732947890602686,0.10526315789473684,1.0,0.0,0.33333333333333337,0.26968043647701023,0.19246861924686165,0.16096123328043532,0.512287334593573,0.0,0.0,0.0,0.0,0.0,0.0,0.0,0.0,0.0,0.0,0.0,0.0,1.0,0.0,0.0,0.0,0.0,1.0,0.0,0.0,0.0,0.0,0.0,1.0,0.0
6207,0.1728395061728395,1.0,0.0,1.0,0.22222222222222227,0.25,0.6541316149049302,0.02631578947368421,1.0,0.0,0.33333333333333337,0.26968043647701023,0.19246861924686165,0.16096123328043532,0.512287334593573,0.0,0.0,0.0,0.0,0.0,0.0,0.0,0.0,0.0,0.0,0.0,0.0,0.0,0.0,0.0,0.0,0.0,0.0,0.0,0.0,1.0,0.0,0.0,1.0,0.0
6208,0.1111111111111111,1.0,0.0,0.0,0.22222222222222227,0.25,0.6013494476505862,0.0,1.0,0.0,0.33333333333333337,0.26968043647701023,0.19246861924686165,0.16096123328043532,0.512287334593573,0.0,0.0,0.0,0.0,1.0,0.0,0.0,0.0,0.0,0.0,0.0,0.0,0.0,1.0,0.0,0.0,0.0,0.0,0.0,0.0,1.0,0.0,0.0,1.0,0.0
6209,0.25925925925925924,1.0,0.0,0.0,0.22222222222222227,0.25,0.7102658482382652,0.05263157894736842,1.0,0.0,0.33333333333333337,0.26968043647701023,0.19246861924686165,0.16096123328043532,0.512287334593573,0.0,1.0,0.0,0.0,0.0,0.0,0.0,0.0,0.0,0.0,0.0,0.0,1.0,0.0,0.0,0.0,0.0,0.0,0.0,1.0,0.0,0.0,0.0,1.0,0.0
6210,0.19753086419753085,1.0,0.0,1.0,0.22222222222222227,0.25,0.707424281343387,0.02631578947368421,1.0,0.14285714285714285,0.33333333333333337,0.26968043647701023,0.19246861924686165,0.16096123328043532,0.512287334593573,0.0,1.0,0.0,0.0,0.0,0.0,0.0,0.0,0.0,0.0,0.0,0.0,1.0,0.0,0.0,0.0,1.0,0.0,0.0,0.0,0.0,0.0,1.0,0.0,0.0
6211,0.3333333333333333,1.0,0.0,0.0,0.22222222222222227,0.25,0.6208918069393788,0.0,1.0,0.0,0.33333333333333337,0.26968043647701023,0.19246861924686165,0.16096123328043532,0.512287334593573,0.0,0.0,0.0,0.0,1.0,0.0,0.0,0.0,0.0,0.0,0.0,0.0,0.0,0.0,0.0,0.0,0.0,0.0,0.0,0.0,1.0,0.0,0.0,1.0,0.0
6212,0.1728395061728395,1.0,1.0,0.0,0.22222222222222227,0.5,0.4735228478707203,0.02631578947368421,1.0,0.0,0.33333333333333337,0.26968043647701023,0.19246861924686165,0.1586941736567672,0.512287334593573,0.0,1.0,0.0,0.0,0.0,0.0,0.0,0.0,0.0,0.0,0.0,0.0,0.0,1.0,0.0,0.0,1.0,0.0,0.0,0.0,0.0,0.0,1.0,1.0,0.0
6213,0.19753086419753085,1.0,0.0,0.0,0.22222222222222227,0.5,0.623268355434684,0.15789473684210525,1.0,0.14285714285714285,0.33333333333333337,0.26968043647701023,0.19246861924686165,0.1586941736567672,0.512287334593573,0.0,0.0,0.0,0.0,0.0,0.0,0.0,0.0,0.0,1.0,0.0,0.0,1.0,0.0,0.0,0.0,0.0,0.0,0.0,1.0,0.0,0.0,0.0,0.0,0.0
6214,0.43209876543209874,0.0,0.0,0.0,0.22222222222222227,0.5,0.7191839171304616,0.0,1.0,0.14285714285714285,0.33333333333333337,0.26968043647701023,0.19246861924686165,0.1586941736567672,0.512287334593573,1.0,0.0,0.0,0.0,1.0,0.0,0.0,0.0,0.0,0.0,0.0,0.0,0.0,0.0,0.0,0.0,0.0,0.0,0.0,0.0,1.0,0.0,0.0,0.0,0.0
6215,0.38271604938271603,0.0,0.0,0.0,0.22222222222222227,0.5,0.5140006512933829,0.0,1.0,0.14285714285714285,0.33333333333333337,0.26968043647701023,0.19246861924686165,0.1586941736567672,0.512287334593573,0.0,1.0,0.0,0.0,0.0,0.0,0.0,0.0,0.0,0.0,0.0,0.0,1.0,0.0,0.0,0.0,0.0,0.0,0.0,0.0,0.0,0.0,1.0,0.0,0.0
6216,0.2716049382716049,1.0,0.0,0.0,0.22222222222222227,0.5,0.634480182683441,0.0,1.0,0.0,0.33333333333333337,0.26968043647701023,0.19246861924686165,0.1586941736567672,0.512287334593573,0.0,1.0,0.0,0.0,0.0,0.0,0.0,0.0,0.0,0.0,0.0,0.0,1.0,0.0,0.0,0.0,1.0,0.0,0.0,0.0,0.0,0.0,0.0,1.0,0.0
6217,0.35802469135802467,1.0,0.0,0.0,0.22222222222222227,0.5,0.5571434124691511,0.0,1.0,0.0,0.33333333333333337,0.26968043647701023,0.19246861924686165,0.1586941736567672,0.512287334593573,0.0,1.0,0.0,0.0,0.0,0.0,0.0,0.0,0.0,0.0,0.0,0.0,1.0,0.0,0.0,0.0,1.0,0.0,0.0,0.0,0.0,0.0,0.0,1.0,0.0
6218,0.2345679012345679,1.0,0.0,0.0,0.22222222222222227,0.5,0.645692009932198,0.02631578947368421,1.0,0.0,0.33333333333333337,0.26968043647701023,0.19246861924686165,0.1586941736567672,0.512287334593573,0.0,0.0,0.0,0.0,0.0,0.0,0.0,0.0,0.0,0.0,0.0,0.0,1.0,0.0,0.0,0.0,0.0,0.0,0.0,0.0,1.0,0.0,0.0,1.0,0.0
6219,0.419753086419753,0.0,0.0,0.0,0.22222222222222227,0.5,0.6202900913078108,0.0,1.0,0.14285714285714285,0.33333333333333337,0.26968043647701023,0.19246861924686165,0.1586941736567672,0.512287334593573,0.0,0.0,0.0,0.0,0.0,0.0,0.0,0.0,0.0,0.0,0.0,0.0,0.0,0.0,0.0,0.0,0.0,0.0,0.0,1.0,0.0,0.0,0.0,0.0,0.0
6220,0.3703703703703703,0.0,0.0,0.0,0.22222222222222227,0.5,0.6814620217929135,0.0,1.0,0.14285714285714285,0.33333333333333337,0.26968043647701023,0.19246861924686165,0.1586941736567672,0.512287334593573,0.0,1.0,0.0,0.0,0.0,0.0,0.0,0.0,0.0,0.0,0.0,0.0,1.0,0.0,0.0,0.0,0.0,1.0,0.0,0.0,0.0,0.0,0.0,0.0,0.0
6221,0.20987654320987653,1.0,0.0,0.0,0.22222222222222227,0.5,0.7626413024182143,0.0,0.011011011011011011,0.14285714285714285,0.33333333333333337,0.26968043647701023,0.19246861924686165,0.1586941736567672,0.512287334593573,1.0,0.0,0.0,0.0,0.0,0.0,0.0,0.0,0.0,0.0,0.0,0.0,0.0,1.0,0.0,0.0,0.0,1.0,0.0,0.0,0.0,0.0,0.0,0.0,1.0
6222,0.5061728395061729,0.0,0.0,0.0,0.22222222222222227,0.5,0.6814620217929135,0.0,1.0,0.0,0.33333333333333337,0.26968043647701023,0.19246861924686165,0.1586941736567672,0.512287334593573,0.0,0.0,0.0,0.0,0.0,0.0,0.0,1.0,0.0,0.0,0.0,0.0,1.0,0.0,0.0,1.0,0.0,0.0,0.0,0.0,0.0,0.0,1.0,1.0,0.0
6223,0.29629629629629634,1.0,0.0,0.0,0.22222222222222227,0.5,0.3877062624117341,0.0,1.0,0.0,0.33333333333333337,0.26968043647701023,0.19246861924686165,0.1586941736567672,0.512287334593573,0.0,0.0,1.0,0.0,0.0,0.0,0.0,0.0,0.0,0.0,0.0,0.0,1.0,0.0,0.0,0.0,0.0,0.0,0.0,0.0,0.0,0.0,0.0,1.0,0.0
6224,0.2345679012345679,1.0,0.0,0.0,0.22222222222222227,0.5,0.7758956267323722,0.0,0.01001001001001001,0.14285714285714285,0.33333333333333337,0.26968043647701023,0.19246861924686165,0.1586941736567672,0.512287334593573,1.0,0.0,0.0,0.0,0.0,0.0,0.0,0.0,0.0,1.0,0.0,0.0,1.0,0.0,0.0,0.0,0.0,0.0,0.0,1.0,0.0,0.0,0.0,0.0,1.0
6225,0.29629629629629634,1.0,0.0,0.0,0.22222222222222227,0.5,0.7284394871168269,0.0,1.0,0.0,0.33333333333333337,0.26968043647701023,0.19246861924686165,0.1586941736567672,0.512287334593573,1.0,1.0,0.0,0.0,0.0,0.0,0.0,0.0,0.0,0.0,0.0,0.0,1.0,0.0,0.0,1.0,0.0,0.0,0.0,0.0,0.0,0.0,0.0,1.0,0.0
6226,0.14814814814814814,0.0,0.0,0.0,0.22222222222222227,0.5,0.7053935378264148,0.0,1.0,0.14285714285714285,0.33333333333333337,0.26968043647701023,0.19246861924686165,0.1586941736567672,0.512287334593573,0.0,0.0,0.0,0.0,0.0,0.0,0.0,0.0,0.0,0.0,0.0,0.0,0.0,1.0,0.0,0.0,0.0,0.0,0.0,0.0,1.0,0.0,0.0,0.0,0.0
6227,0.19753086419753085,0.0,0.0,0.0,0.22222222222222227,0.5,0.7247745442978097,0.07894736842105263,1.0,0.0,0.33333333333333337,0.26968043647701023,0.19246861924686165,0.1586941736567672,0.512287334593573,0.0,1.0,0.0,0.0,0.0,0.0,0.0,0.0,0.0,0.0,0.0,0.0,1.0,0.0,0.0,1.0,0.0,0.0,0.0,0.0,0.0,0.0,0.0,1.0,0.0
6228,0.18518518518518517,0.0,0.0,0.0,0.22222222222222227,0.5,0.6933889585355939,0.02631578947368421,1.0,0.0,0.33333333333333337,0.26968043647701023,0.19246861924686165,0.1586941736567672,0.512287334593573,0.0,0.0,0.0,0.0,0.0,0.0,0.0,0.0,0.0,1.0,0.0,0.0,0.0,1.0,0.0,0.0,0.0,0.0,0.0,1.0,0.0,0.0,0.0,1.0,0.0
6229,0.29629629629629634,0.0,1.0,0.0,0.22222222222222227,0.5,0.7815431984080345,0.0,1.0,0.0,0.33333333333333337,0.26968043647701023,0.19246861924686165,0.1586941736567672,0.512287334593573,1.0,0.0,1.0,0.0,0.0,0.0,0.0,0.0,0.0,0.0,0.0,0.0,1.0,0.0,0.0,0.0,0.0,0.0,0.0,0.0,0.0,0.0,0.0,1.0,0.0
6230,0.24691358024691357,1.0,0.0,0.0,0.22222222222222227,0.5,0.7157509980005988,0.02631578947368421,1.0,0.0,0.33333333333333337,0.26968043647701023,0.19246861924686165,0.1586941736567672,0.512287334593573,0.0,1.0,0.0,0.0,0.0,0.0,0.0,0.0,0.0,0.0,0.0,0.0,0.0,0.0,0.0,0.0,1.0,0.0,0.0,0.0,0.0,0.0,0.0,1.0,0.0
6231,0.2839506172839506,1.0,0.0,0.0,0.22222222222222227,0.5,0.8071784392627458,0.0,1.0,0.0,0.33333333333333337,0.26968043647701023,0.19246861924686165,0.1586941736567672,0.512287334593573,1.0,1.0,0.0,0.0,0.0,0.0,0.0,0.0,0.0,0.0,0.0,0.0,1.0,0.0,0.0,0.0,1.0,0.0,0.0,0.0,0.0,0.0,0.0,1.0,0.0
6232,0.16049382716049382,0.0,0.0,0.0,0.22222222222222227,0.5,0.7933384105197575,0.0,1.0,0.14285714285714285,0.33333333333333337,0.26968043647701023,0.19246861924686165,0.1586941736567672,0.512287334593573,1.0,1.0,0.0,0.0,0.0,0.0,0.0,0.0,0.0,0.0,0.0,0.0,0.0,0.0,0.0,0.0,0.0,1.0,0.0,0.0,0.0,0.0,1.0,0.0,0.0
6233,0.2716049382716049,1.0,0.0,0.0,0.22222222222222227,0.5,0.6729097309439991,0.0,1.0,0.0,0.33333333333333337,0.26968043647701023,0.19246861924686165,0.1586941736567672,0.512287334593573,0.0,1.0,0.0,0.0,0.0,0.0,0.0,0.0,0.0,0.0,0.0,0.0,0.0,0.0,0.0,0.0,1.0,0.0,0.0,0.0,0.0,0.0,1.0,1.0,0.0
6234,0.20987654320987653,0.0,1.0,0.0,0.22222222222222227,0.5,0.7160186548839563,0.0,1.0,0.0,0.33333333333333337,0.26968043647701023,0.19246861924686165,0.1586941736567672,0.512287334593573,0.0,1.0,0.0,0.0,0.0,0.0,0.0,0.0,0.0,0.0,0.0,0.0,1.0,0.0,0.0,0.0,1.0,0.0,0.0,0.0,0.0,0.0,0.0,1.0,0.0
6235,0.38271604938271603,0.0,0.0,0.0,0.22222222222222227,0.5,0.5631773068220264,0.0,1.0,0.0,0.33333333333333337,0.26968043647701023,0.19246861924686165,0.1586941736567672,0.512287334593573,0.0,0.0,1.0,0.0,0.0,0.0,0.0,0.0,0.0,0.0,0.0,0.0,1.0,0.0,0.0,1.0,0.0,0.0,0.0,0.0,0.0,0.0,0.0,1.0,0.0
6236,0.2716049382716049,1.0,0.0,0.0,0.22222222222222227,0.5,0.5862473099208212,0.0,1.0,0.0,0.33333333333333337,0.26968043647701023,0.19246861924686165,0.1586941736567672,0.512287334593573,0.0,1.0,0.0,0.0,0.0,0.0,0.0,0.0,0.0,0.0,0.0,0.0,1.0,0.0,0.0,0.0,0.0,0.0,0.0,1.0,0.0,0.0,0.0,1.0,0.0
6237,0.1728395061728395,1.0,0.0,0.0,0.22222222222222227,0.5,0.5689167450775122,0.0,1.0,0.0,0.33333333333333337,0.26968043647701023,0.19246861924686165,0.1586941736567672,0.512287334593573,0.0,1.0,0.0,0.0,0.0,0.0,0.0,0.0,0.0,0.0,0.0,0.0,0.0,1.0,0.0,0.0,0.0,1.0,0.0,0.0,0.0,0.0,0.0,1.0,0.0
6238,0.2345679012345679,1.0,0.0,0.0,0.22222222222222227,0.5,0.7381325683537684,0.0,1.0,0.0,0.33333333333333337,0.26968043647701023,0.19246861924686165,0.1586941736567672,0.512287334593573,1.0,0.0,0.0,0.0,0.0,0.0,0.0,0.0,0.0,0.0,0.0,0.0,0.0,1.0,0.0,0.0,0.0,0.0,0.0,0.0,1.0,0.0,1.0,1.0,0.0
6239,0.29629629629629634,0.0,0.0,0.0,0.22222222222222227,0.5,0.5716847586578249,0.0,1.0,0.0,0.33333333333333337,0.26968043647701023,0.19246861924686165,0.1586941736567672,0.512287334593573,0.0,1.0,0.0,0.0,0.0,0.0,0.0,0.0,0.0,0.0,0.0,0.0,0.0,1.0,0.0,0.0,1.0,0.0,0.0,0.0,0.0,0.0,0.0,1.0,0.0
6240,0.39506172839506176,1.0,0.0,0.0,0.22222222222222227,0.5,0.5591892927228724,0.0,1.0,0.14285714285714285,0.33333333333333337,0.26968043647701023,0.19246861924686165,0.1586941736567672,0.512287334593573,0.0,0.0,0.0,0.0,0.0,0.0,0.0,0.0,0.0,0.0,0.0,0.0,1.0,0.0,0.0,0.0,0.0,1.0,0.0,0.0,0.0,0.0,0.0,0.0,0.0
6241,0.16049382716049382,0.0,0.0,0.0,0.22222222222222227,0.5,0.5725931427044147,0.0,1.0,0.0,0.33333333333333337,0.26968043647701023,0.19246861924686165,0.1586941736567672,0.512287334593573,0.0,1.0,0.0,0.0,0.0,0.0,0.0,0.0,0.0,0.0,0.0,0.0,1.0,0.0,0.0,0.0,1.0,0.0,0.0,0.0,0.0,0.0,0.0,1.0,0.0
6242,0.13580246913580246,1.0,0.0,0.0,0.22222222222222227,0.5,0.7479057254249325,0.02631578947368421,1.0,0.0,0.33333333333333337,0.26968043647701023,0.19246861924686165,0.1586941736567672,0.512287334593573,1.0,0.0,0.0,0.0,0.0,0.0,0.0,0.0,0.0,1.0,0.0,0.0,0.0,1.0,0.0,0.0,0.0,1.0,0.0,0.0,0.0,0.0,0.0,1.0,0.0
6243,0.29629629629629634,1.0,0.0,0.0,0.22222222222222227,0.5,0.7521110040891097,0.0,1.0,0.0,0.33333333333333337,0.26968043647701023,0.19246861924686165,0.1586941736567672,0.512287334593573,1.0,1.0,0.0,0.0,0.0,0.0,0.0,0.0,0.0,0.0,0.0,0.0,0.0,1.0,0.0,0.0,1.0,0.0,0.0,0.0,0.0,0.0,0.0,1.0,0.0
6244,0.2345679012345679,0.0,0.0,0.0,0.22222222222222227,0.5,0.6860343669962174,0.0,1.0,0.0,0.33333333333333337,0.26968043647701023,0.19246861924686165,0.1586941736567672,0.512287334593573,0.0,0.0,0.0,0.0,0.0,0.0,0.0,0.0,0.0,1.0,0.0,0.0,0.0,1.0,0.0,0.0,0.0,0.0,0.0,1.0,0.0,0.0,0.0,1.0,0.0
6245,0.2716049382716049,1.0,0.0,0.0,0.22222222222222227,0.5,0.7521110040891097,0.0,1.0,0.0,0.33333333333333337,0.26968043647701023,0.19246861924686165,0.1586941736567672,0.512287334593573,1.0,0.0,0.0,0.0,0.0,0.0,0.0,0.0,0.0,1.0,0.0,0.0,0.0,0.0,0.0,0.0,0.0,0.0,0.0,1.0,0.0,0.0,0.0,1.0,0.0
6246,0.35802469135802467,0.0,0.0,0.0,0.22222222222222227,0.5,0.8108169298082005,0.0,1.0,0.14285714285714285,0.33333333333333337,0.26968043647701023,0.19246861924686165,0.1586941736567672,0.512287334593573,1.0,0.0,0.0,0.0,0.0,0.0,0.0,1.0,0.0,0.0,0.0,0.0,1.0,0.0,0.0,0.0,1.0,0.0,0.0,0.0,0.0,0.0,0.0,0.0,0.0
6247,0.2222222222222222,1.0,0.0,0.0,0.22222222222222227,0.5,0.5947922311468027,0.0,1.0,0.0,0.33333333333333337,0.26968043647701023,0.19246861924686165,0.1586941736567672,0.512287334593573,0.0,0.0,0.0,0.0,0.0,0.0,0.0,0.0,0.0,1.0,0.0,0.0,1.0,0.0,0.0,0.0,0.0,0.0,0.0,1.0,0.0,0.0,0.0,1.0,0.0
6248,0.3209876543209876,0.0,1.0,0.0,0.22222222222222227,0.5,0.6381648062569562,0.0,1.0,0.0,0.33333333333333337,0.26968043647701023,0.19246861924686165,0.1586941736567672,0.512287334593573,0.0,0.0,0.0,0.0,1.0,0.0,0.0,0.0,0.0,0.0,0.0,0.0,1.0,0.0,0.0,0.0,0.0,0.0,0.0,0.0,1.0,0.0,0.0,1.0,0.0
6249,0.2222222222222222,1.0,0.0,0.0,0.22222222222222227,0.5,0.5846247304098844,0.0,1.0,0.0,0.33333333333333337,0.26968043647701023,0.19246861924686165,0.1586941736567672,0.512287334593573,0.0,1.0,0.0,0.0,0.0,0.0,0.0,0.0,0.0,0.0,0.0,0.0,0.0,1.0,0.0,0.0,1.0,0.0,0.0,0.0,0.0,0.0,0.0,1.0,0.0
6250,0.2716049382716049,0.0,0.0,0.0,0.22222222222222227,0.5,0.5962813035550764,0.02631578947368421,1.0,0.0,0.33333333333333337,0.26968043647701023,0.19246861924686165,0.1586941736567672,0.512287334593573,0.0,0.0,0.0,0.0,0.0,0.0,0.0,0.0,0.0,0.0,0.0,0.0,0.0,1.0,0.0,0.0,0.0,1.0,0.0,0.0,0.0,0.0,0.0,1.0,0.0
6251,0.037037037037037035,1.0,0.0,0.0,0.22222222222222227,0.5,0.5970188304191458,0.0,1.0,0.0,0.33333333333333337,0.26968043647701023,0.19246861924686165,0.1586941736567672,0.512287334593573,0.0,1.0,0.0,0.0,0.0,0.0,0.0,0.0,0.0,0.0,0.0,0.0,0.0,1.0,0.0,0.0,0.0,1.0,0.0,0.0,0.0,0.0,0.0,1.0,0.0
6252,0.13580246913580246,1.0,1.0,0.0,0.22222222222222227,0.5,0.6214904603916316,0.0,1.0,0.0,0.33333333333333337,0.26968043647701023,0.19246861924686165,0.1586941736567672,0.512287334593573,0.0,0.0,0.0,0.0,0.0,0.0,0.0,0.0,0.0,1.0,0.0,0.0,0.0,1.0,0.0,0.0,0.0,0.0,0.0,1.0,0.0,0.0,0.0,1.0,0.0
6253,0.037037037037037035,1.0,0.0,0.0,0.22222222222222227,0.5,0.7079981124787547,0.0,1.0,0.0,0.33333333333333337,0.26968043647701023,0.19246861924686165,0.1586941736567672,0.512287334593573,0.0,1.0,0.0,0.0,0.0,0.0,0.0,0.0,0.0,0.0,0.0,0.0,0.0,1.0,0.0,0.0,0.0,1.0,0.0,0.0,0.0,0.0,0.0,1.0,0.0
6254,0.19753086419753085,1.0,0.0,1.0,0.22222222222222227,0.5,0.6153622441177717,0.0,1.0,0.0,0.33333333333333337,0.26968043647701023,0.19246861924686165,0.1586941736567672,0.512287334593573,0.0,1.0,0.0,0.0,0.0,0.0,0.0,0.0,0.0,0.0,0.0,0.0,1.0,0.0,0.0,0.0,0.0,1.0,0.0,0.0,0.0,0.0,0.0,1.0,0.0
6255,0.25925925925925924,1.0,0.0,0.0,0.22222222222222227,0.5,0.7245261067197548,0.0,1.0,0.0,0.33333333333333337,0.26968043647701023,0.19246861924686165,0.1586941736567672,0.512287334593573,0.0,0.0,0.0,0.0,0.0,0.0,0.0,0.0,0.0,0.0,0.0,0.0,1.0,0.0,0.0,0.0,1.0,0.0,0.0,0.0,0.0,0.0,0.0,1.0,0.0
6256,0.1728395061728395,1.0,0.0,0.0,0.22222222222222227,0.5,0.754833261260784,0.0,1.0,0.14285714285714285,0.33333333333333337,0.26968043647701023,0.19246861924686165,0.1586941736567672,0.512287334593573,1.0,0.0,0.0,0.0,0.0,0.0,0.0,1.0,0.0,0.0,0.0,0.0,1.0,0.0,0.0,0.0,0.0,1.0,0.0,0.0,0.0,0.0,0.0,0.0,0.0
6257,0.14814814814814814,1.0,0.0,0.0,0.22222222222222227,0.5,0.6781891171876829,0.0,1.0,0.0,0.33333333333333337,0.26968043647701023,0.19246861924686165,0.1586941736567672,0.512287334593573,0.0,1.0,0.0,0.0,0.0,0.0,0.0,0.0,0.0,0.0,0.0,0.0,1.0,0.0,0.0,0.0,1.0,0.0,0.0,0.0,0.0,0.0,0.0,1.0,0.0
6258,0.4938271604938272,0.0,0.0,0.0,0.22222222222222227,0.5,0.8346289586303263,0.0,1.0,0.0,0.33333333333333337,0.26968043647701023,0.19246861924686165,0.1586941736567672,0.512287334593573,1.0,0.0,0.0,0.0,1.0,0.0,0.0,0.0,0.0,0.0,0.0,0.0,1.0,0.0,0.0,0.0,0.0,0.0,0.0,0.0,1.0,0.0,0.0,1.0,0.0
6259,0.14814814814814814,0.0,1.0,0.0,0.22222222222222227,0.5,0.7918043204387807,0.0,1.0,0.0,0.33333333333333337,0.26968043647701023,0.19246861924686165,0.1586941736567672,0.512287334593573,1.0,1.0,0.0,0.0,0.0,0.0,0.0,0.0,0.0,0.0,0.0,0.0,1.0,0.0,0.0,0.0,1.0,0.0,0.0,0.0,0.0,0.0,0.0,1.0,0.0
6260,0.25925925925925924,1.0,0.0,0.0,0.22222222222222227,0.5,0.7920847380912005,0.02631578947368421,0.007007007007007007,0.14285714285714285,0.33333333333333337,0.26968043647701023,0.19246861924686165,0.1586941736567672,0.512287334593573,1.0,1.0,0.0,0.0,0.0,0.0,0.0,0.0,0.0,0.0,0.0,0.0,1.0,0.0,0.0,0.0,0.0,1.0,0.0,0.0,0.0,0.0,1.0,0.0,1.0
6261,0.18518518518518517,0.0,1.0,0.0,0.22222222222222227,0.5,0.5886399717165399,0.0,1.0,0.0,0.33333333333333337,0.26968043647701023,0.19246861924686165,0.1586941736567672,0.512287334593573,0.0,0.0,0.0,0.0,0.0,0.0,0.0,1.0,0.0,0.0,0.0,0.0,0.0,1.0,0.0,0.0,1.0,0.0,0.0,0.0,0.0,0.0,0.0,1.0,0.0
6262,0.2345679012345679,1.0,0.0,0.0,0.22222222222222227,0.5,0.6778197757555917,0.0,1.0,0.14285714285714285,0.33333333333333337,0.26968043647701023,0.19246861924686165,0.1586941736567672,0.512287334593573,0.0,0.0,0.0,0.0,0.0,0.0,0.0,0.0,0.0,1.0,0.0,0.0,0.0,1.0,0.0,0.0,0.0,0.0,0.0,0.0,1.0,0.0,0.0,0.0,0.0
6263,0.1728395061728395,1.0,0.0,0.0,0.22222222222222227,0.5,0.5925226723355308,0.0,1.0,0.0,0.33333333333333337,0.26968043647701023,0.19246861924686165,0.1586941736567672,0.512287334593573,0.0,1.0,0.0,0.0,0.0,0.0,0.0,0.0,0.0,0.0,0.0,0.0,1.0,0.0,0.0,1.0,0.0,0.0,0.0,0.0,0.0,0.0,1.0,1.0,0.0
6264,0.24691358024691357,1.0,0.0,0.0,0.22222222222222227,0.5,0.7176119318291706,0.0,1.0,0.14285714285714285,0.33333333333333337,0.26968043647701023,0.19246861924686165,0.1586941736567672,0.512287334593573,1.0,0.0,0.0,0.0,0.0,0.0,0.0,1.0,0.0,0.0,0.0,0.0,0.0,1.0,0.0,0.0,0.0,1.0,0.0,0.0,0.0,0.0,0.0,0.0,0.0
6265,0.29629629629629634,1.0,0.0,0.0,0.22222222222222227,0.5,0.6172344610818086,0.02631578947368421,1.0,0.14285714285714285,0.33333333333333337,0.26968043647701023,0.19246861924686165,0.1586941736567672,0.512287334593573,0.0,1.0,0.0,0.0,0.0,0.0,0.0,0.0,0.0,0.0,0.0,0.0,1.0,0.0,0.0,1.0,0.0,0.0,0.0,0.0,0.0,0.0,0.0,0.0,0.0
6266,0.16049382716049382,1.0,0.0,0.0,0.22222222222222227,0.5,0.8271799341168768,0.02631578947368421,1.0,0.0,0.33333333333333337,0.26968043647701023,0.19246861924686165,0.1586941736567672,0.512287334593573,0.0,1.0,0.0,0.0,0.0,0.0,0.0,0.0,0.0,0.0,0.0,0.0,1.0,0.0,0.0,0.0,1.0,0.0,0.0,0.0,0.0,0.0,0.0,1.0,0.0
6267,0.1728395061728395,1.0,0.0,0.0,0.22222222222222227,0.5,0.5886399717165399,0.02631578947368421,1.0,0.0,0.33333333333333337,0.26968043647701023,0.19246861924686165,0.1586941736567672,0.512287334593573,0.0,1.0,0.0,0.0,0.0,0.0,0.0,0.0,0.0,0.0,0.0,0.0,1.0,0.0,0.0,1.0,0.0,0.0,0.0,0.0,0.0,0.0,1.0,1.0,0.0
6268,0.19753086419753085,1.0,0.0,0.0,0.22222222222222227,0.5,0.7356700871054456,0.02631578947368421,1.0,0.2857142857142857,0.33333333333333337,0.26968043647701023,0.19246861924686165,0.1586941736567672,0.512287334593573,1.0,0.0,0.0,0.0,0.0,0.0,0.0,0.0,0.0,1.0,0.0,0.0,0.0,1.0,0.0,0.0,0.0,0.0,0.0,1.0,0.0,0.0,0.0,0.0,0.0
6269,0.1728395061728395,0.0,0.0,0.0,0.22222222222222227,0.5,0.7212477446188635,0.07894736842105263,1.0,0.0,0.33333333333333337,0.26968043647701023,0.19246861924686165,0.1586941736567672,0.512287334593573,0.0,1.0,0.0,0.0,0.0,0.0,0.0,0.0,0.0,0.0,0.0,0.0,0.0,1.0,0.0,0.0,1.0,0.0,0.0,0.0,0.0,0.0,0.0,1.0,0.0
6270,0.2345679012345679,1.0,0.0,0.0,0.22222222222222227,0.5,0.6220860826741794,0.0,1.0,0.14285714285714285,0.33333333333333337,0.26968043647701023,0.19246861924686165,0.1586941736567672,0.512287334593573,0.0,1.0,0.0,0.0,0.0,0.0,0.0,0.0,0.0,0.0,0.0,0.0,0.0,0.0,0.0,1.0,0.0,0.0,0.0,0.0,0.0,0.0,0.0,0.0,0.0
6271,0.13580246913580246,0.0,0.0,0.0,0.22222222222222227,0.5,0.7686032266559751,0.02631578947368421,1.0,0.14285714285714285,0.33333333333333337,0.26968043647701023,0.19246861924686165,0.1586941736567672,0.512287334593573,1.0,0.0,0.0,0.0,0.0,0.0,0.0,0.0,0.0,1.0,0.0,0.0,0.0,1.0,0.0,0.0,0.0,0.0,0.0,1.0,0.0,0.0,0.0,0.0,0.0
6272,0.29629629629629634,0.0,1.0,0.0,0.22222222222222227,0.5,0.7403273176410653,0.0,1.0,0.0,0.33333333333333337,0.26968043647701023,0.19246861924686165,0.1586941736567672,0.512287334593573,1.0,1.0,0.0,0.0,0.0,0.0,0.0,0.0,0.0,0.0,0.0,0.0,0.0,1.0,0.0,0.0,1.0,0.0,0.0,0.0,0.0,0.0,0.0,1.0,0.0
6273,0.3333333333333333,0.0,0.0,0.0,0.22222222222222227,0.5,0.6665709505038611,0.0,1.0,0.14285714285714285,0.33333333333333337,0.26968043647701023,0.19246861924686165,0.1586941736567672,0.512287334593573,0.0,1.0,0.0,0.0,0.0,0.0,0.0,0.0,0.0,0.0,0.0,0.0,1.0,0.0,0.0,1.0,0.0,0.0,0.0,0.0,0.0,0.0,0.0,0.0,0.0
6274,0.2716049382716049,0.0,0.0,0.0,0.22222222222222227,0.5,0.5540062892371289,0.02631578947368421,1.0,0.14285714285714285,0.33333333333333337,0.26968043647701023,0.19246861924686165,0.1586941736567672,0.512287334593573,0.0,1.0,0.0,0.0,0.0,0.0,0.0,0.0,0.0,0.0,0.0,0.0,1.0,0.0,0.0,1.0,0.0,0.0,0.0,0.0,0.0,0.0,0.0,0.0,0.0
6275,0.19753086419753085,1.0,0.0,0.0,0.22222222222222227,0.5,0.5331930189342876,0.02631578947368421,1.0,0.14285714285714285,0.33333333333333337,0.26968043647701023,0.19246861924686165,0.1586941736567672,0.512287334593573,0.0,0.0,1.0,0.0,0.0,0.0,0.0,0.0,0.0,0.0,0.0,0.0,1.0,0.0,0.0,0.0,0.0,0.0,0.0,0.0,1.0,0.0,1.0,0.0,0.0
6276,0.19753086419753085,1.0,0.0,1.0,0.22222222222222227,0.5,0.4578148625383481,0.02631578947368421,1.0,0.14285714285714285,0.33333333333333337,0.26968043647701023,0.19246861924686165,0.1586941736567672,0.512287334593573,0.0,0.0,0.0,0.0,0.0,0.0,0.0,0.0,0.0,0.0,0.0,0.0,1.0,0.0,0.0,0.0,0.0,1.0,0.0,0.0,0.0,0.0,0.0,0.0,0.0
6277,0.20987654320987653,0.0,0.0,0.0,0.22222222222222227,0.5,0.580467578755373,0.02631578947368421,1.0,0.0,0.33333333333333337,0.26968043647701023,0.19246861924686165,0.1586941736567672,0.512287334593573,0.0,0.0,0.0,0.0,0.0,0.0,0.0,0.0,0.0,0.0,0.0,0.0,1.0,0.0,0.0,0.0,0.0,0.0,0.0,0.0,1.0,0.0,0.0,1.0,0.0
6278,0.13580246913580246,0.0,0.0,0.0,0.22222222222222227,0.5,0.742481867786566,0.0,1.0,0.0,0.33333333333333337,0.26968043647701023,0.19246861924686165,0.1586941736567672,0.512287334593573,1.0,0.0,0.0,0.0,0.0,0.0,0.0,0.0,0.0,1.0,0.0,0.0,1.0,0.0,0.0,0.0,0.0,0.0,0.0,1.0,0.0,0.0,0.0,1.0,0.0
6279,0.19753086419753085,0.0,0.0,0.0,0.22222222222222227,0.5,0.7135875319736221,0.02631578947368421,1.0,0.0,0.33333333333333337,0.26968043647701023,0.19246861924686165,0.1586941736567672,0.512287334593573,1.0,1.0,0.0,0.0,0.0,0.0,0.0,0.0,0.0,0.0,0.0,0.0,1.0,0.0,0.0,0.0,1.0,0.0,0.0,0.0,0.0,0.0,1.0,1.0,0.0
6280,0.14814814814814814,0.0,1.0,0.0,0.22222222222222227,0.5,0.6669772899389259,0.02631578947368421,1.0,0.0,0.33333333333333337,0.26968043647701023,0.19246861924686165,0.1586941736567672,0.512287334593573,0.0,0.0,0.0,0.0,0.0,0.0,0.0,0.0,0.0,1.0,0.0,0.0,0.0,1.0,0.0,0.0,0.0,0.0,0.0,1.0,0.0,0.0,0.0,1.0,0.0
6281,0.29629629629629634,0.0,0.0,0.0,0.22222222222222227,0.5,0.6748225397474605,0.0,1.0,0.14285714285714285,0.33333333333333337,0.26968043647701023,0.19246861924686165,0.1586941736567672,0.512287334593573,0.0,1.0,0.0,0.0,0.0,0.0,0.0,0.0,0.0,0.0,0.0,0.0,1.0,0.0,0.0,0.0,1.0,0.0,0.0,0.0,0.0,0.0,0.0,0.0,0.0
6282,0.4444444444444445,1.0,0.0,0.0,0.22222222222222227,0.5,0.6504552172780276,0.07894736842105263,1.0,0.14285714285714285,0.33333333333333337,0.26968043647701023,0.19246861924686165,0.1586941736567672,0.512287334593573,0.0,1.0,0.0,0.0,0.0,0.0,0.0,0.0,0.0,0.0,0.0,0.0,1.0,0.0,0.0,0.0,0.0,0.0,0.0,1.0,0.0,0.0,1.0,0.0,0.0
6283,0.12345679012345678,1.0,1.0,0.0,0.22222222222222227,0.5,0.7795349330301058,0.0,1.0,0.0,0.33333333333333337,0.26968043647701023,0.19246861924686165,0.1586941736567672,0.512287334593573,1.0,0.0,0.0,0.0,0.0,0.0,0.0,0.0,0.0,1.0,0.0,0.0,0.0,1.0,0.0,0.0,0.0,0.0,0.0,0.0,1.0,0.0,0.0,1.0,0.0
6284,0.19753086419753085,0.0,0.0,0.0,0.22222222222222227,0.5,0.6789243392652736,0.0,1.0,0.0,0.33333333333333337,0.26968043647701023,0.19246861924686165,0.1586941736567672,0.512287334593573,0.0,1.0,0.0,0.0,0.0,0.0,0.0,0.0,0.0,0.0,0.0,0.0,1.0,0.0,0.0,1.0,0.0,0.0,0.0,0.0,0.0,0.0,1.0,1.0,0.0
6285,0.13580246913580246,0.0,0.0,0.0,0.22222222222222227,0.5,0.7433327586536977,0.02631578947368421,1.0,0.0,0.33333333333333337,0.26968043647701023,0.19246861924686165,0.1586941736567672,0.512287334593573,1.0,0.0,0.0,0.0,0.0,0.0,1.0,0.0,0.0,0.0,0.0,0.0,0.0,1.0,0.0,0.0,0.0,0.0,0.0,0.0,1.0,0.0,0.0,1.0,0.0
6286,0.43209876543209874,0.0,0.0,0.0,0.22222222222222227,0.5,0.6447157790225418,0.05263157894736842,1.0,0.0,0.33333333333333337,0.26968043647701023,0.19246861924686165,0.1586941736567672,0.512287334593573,0.0,1.0,0.0,0.0,0.0,0.0,0.0,0.0,0.0,0.0,0.0,0.0,1.0,0.0,0.0,0.0,0.0,0.0,0.0,0.0,0.0,0.0,1.0,1.0,0.0
6287,0.419753086419753,1.0,0.0,0.0,0.22222222222222227,0.5,0.703921238889424,0.05263157894736842,1.0,0.0,0.33333333333333337,0.26968043647701023,0.19246861924686165,0.1586941736567672,0.512287334593573,1.0,0.0,1.0,0.0,0.0,0.0,0.0,0.0,0.0,0.0,0.0,0.0,0.0,1.0,0.0,0.0,1.0,0.0,0.0,0.0,0.0,0.0,0.0,1.0,0.0
6288,0.2839506172839506,1.0,0.0,0.0,0.22222222222222227,0.5,0.5787626916748434,0.05263157894736842,1.0,0.14285714285714285,0.33333333333333337,0.26968043647701023,0.19246861924686165,0.1586941736567672,0.512287334593573,0.0,0.0,0.0,1.0,0.0,0.0,0.0,0.0,0.0,0.0,0.0,0.0,0.0,0.0,0.0,0.0,0.0,1.0,0.0,0.0,0.0,0.0,0.0,0.0,0.0
6289,0.18518518518518517,1.0,0.0,0.0,0.22222222222222227,0.5,0.5393533347388635,0.02631578947368421,1.0,0.0,0.33333333333333337,0.26968043647701023,0.19246861924686165,0.1586941736567672,0.512287334593573,0.0,0.0,0.0,0.0,0.0,0.0,0.0,0.0,0.0,1.0,0.0,0.0,0.0,1.0,0.0,0.0,0.0,0.0,0.0,1.0,0.0,0.0,0.0,1.0,0.0
6290,0.24691358024691357,0.0,0.0,0.0,0.22222222222222227,0.5,0.4648051454883613,0.07894736842105263,1.0,0.0,0.33333333333333337,0.26968043647701023,0.19246861924686165,0.1586941736567672,0.512287334593573,0.0,0.0,0.0,0.0,0.0,0.0,0.0,0.0,0.0,0.0,0.0,0.0,0.0,1.0,0.0,0.0,0.0,0.0,0.0,0.0,1.0,0.0,0.0,1.0,0.0
6291,0.39506172839506176,0.0,0.0,0.0,0.22222222222222227,0.5,0.5940405662922726,0.0,1.0,0.0,0.33333333333333337,0.26968043647701023,0.19246861924686165,0.1586941736567672,0.512287334593573,0.0,0.0,0.0,0.0,0.0,0.0,0.0,0.0,0.0,0.0,0.0,0.0,1.0,0.0,0.0,0.0,0.0,0.0,0.0,0.0,1.0,0.0,0.0,1.0,0.0
6292,0.20987654320987653,1.0,0.0,0.0,0.22222222222222227,0.5,0.6755790384927881,0.05263157894736842,1.0,0.14285714285714285,0.33333333333333337,0.26968043647701023,0.19246861924686165,0.1586941736567672,0.512287334593573,0.0,1.0,0.0,0.0,0.0,0.0,0.0,0.0,0.0,0.0,0.0,0.0,1.0,0.0,0.0,0.0,1.0,0.0,0.0,0.0,0.0,0.0,0.0,0.0,0.0
6293,0.419753086419753,0.0,1.0,0.0,0.22222222222222227,0.5,0.36884433080126383,0.02631578947368421,1.0,0.0,0.33333333333333337,0.26968043647701023,0.19246861924686165,0.1586941736567672,0.512287334593573,0.0,1.0,0.0,0.0,0.0,0.0,0.0,0.0,0.0,0.0,0.0,0.0,1.0,0.0,0.0,0.0,1.0,0.0,0.0,0.0,0.0,0.0,1.0,1.0,0.0
6294,0.2345679012345679,1.0,0.0,0.0,0.22222222222222227,0.5,0.6391967001499177,0.02631578947368421,1.0,0.0,0.33333333333333337,0.26968043647701023,0.19246861924686165,0.1586941736567672,0.512287334593573,0.0,0.0,0.0,0.0,0.0,0.0,0.0,0.0,0.0,1.0,0.0,0.0,0.0,1.0,0.0,0.0,0.0,0.0,0.0,1.0,0.0,0.0,1.0,1.0,0.0
6295,0.35802469135802467,0.0,0.0,0.0,0.22222222222222227,0.5,0.7812364572968501,0.0,1.0,0.14285714285714285,0.33333333333333337,0.26968043647701023,0.19246861924686165,0.1586941736567672,0.512287334593573,1.0,0.0,0.0,0.0,0.0,0.0,0.0,1.0,0.0,0.0,0.0,0.0,1.0,0.0,0.0,0.0,0.0,1.0,0.0,0.0,0.0,0.0,1.0,0.0,0.0
6296,0.2839506172839506,1.0,0.0,0.0,0.22222222222222227,0.5,0.5280214103388018,0.0,1.0,0.14285714285714285,0.33333333333333337,0.26968043647701023,0.19246861924686165,0.1586941736567672,0.512287334593573,0.0,1.0,0.0,0.0,0.0,0.0,0.0,0.0,0.0,0.0,0.0,0.0,1.0,0.0,0.0,0.0,0.0,0.0,0.0,0.0,0.0,1.0,0.0,0.0,0.0
6297,0.29629629629629634,1.0,0.0,0.0,0.22222222222222227,0.5,0.6417375148956687,0.02631578947368421,1.0,0.0,0.33333333333333337,0.26968043647701023,0.19246861924686165,0.1586941736567672,0.512287334593573,0.0,1.0,0.0,0.0,0.0,0.0,0.0,0.0,0.0,0.0,0.0,0.0,1.0,0.0,0.0,0.0,1.0,0.0,0.0,0.0,0.0,0.0,0.0,1.0,0.0
6298,0.5061728395061729,1.0,0.0,0.0,0.22222222222222227,0.5,0.6920855086403026,0.02631578947368421,1.0,0.14285714285714285,0.33333333333333337,0.26968043647701023,0.19246861924686165,0.1586941736567672,0.512287334593573,0.0,0.0,0.0,0.0,0.0,1.0,0.0,0.0,0.0,0.0,0.0,0.0,1.0,0.0,0.0,0.0,0.0,0.0,0.0,0.0,0.0,0.0,0.0,0.0,0.0
6299,0.19753086419753085,0.0,0.0,0.0,0.22222222222222227,0.5,0.8595049133336242,0.05263157894736842,1.0,0.0,0.33333333333333337,0.26968043647701023,0.19246861924686165,0.1586941736567672,0.512287334593573,1.0,0.0,0.0,0.0,0.0,0.0,0.0,0.0,0.0,1.0,0.0,0.0,1.0,0.0,0.0,0.0,0.0,0.0,0.0,0.0,1.0,0.0,0.0,1.0,0.0
6300,0.2345679012345679,0.0,1.0,0.0,0.22222222222222227,0.5,0.8477232699301425,0.02631578947368421,1.0,0.14285714285714285,0.33333333333333337,0.26968043647701023,0.19246861924686165,0.1586941736567672,0.512287334593573,1.0,1.0,0.0,0.0,0.0,0.0,0.0,0.0,0.0,0.0,0.0,0.0,0.0,1.0,0.0,0.0,0.0,1.0,0.0,0.0,0.0,0.0,0.0,0.0,0.0
6301,0.1728395061728395,0.0,0.0,0.0,0.22222222222222227,0.5,0.6461771040195569,0.02631578947368421,1.0,0.2857142857142857,0.33333333333333337,0.26968043647701023,0.19246861924686165,0.1586941736567672,0.512287334593573,0.0,1.0,0.0,0.0,0.0,0.0,0.0,0.0,0.0,0.0,0.0,0.0,1.0,0.0,0.0,0.0,1.0,0.0,0.0,0.0,0.0,0.0,1.0,0.0,0.0
6302,0.19753086419753085,0.0,0.0,0.0,0.22222222222222227,0.5,0.7870782314870067,0.02631578947368421,0.009009009009009009,0.14285714285714285,0.33333333333333337,0.26968043647701023,0.19246861924686165,0.1586941736567672,0.512287334593573,0.0,1.0,0.0,0.0,0.0,0.0,0.0,0.0,0.0,0.0,0.0,0.0,1.0,0.0,0.0,0.0,1.0,0.0,0.0,0.0,0.0,0.0,1.0,0.0,1.0
6303,0.38271604938271603,1.0,0.0,0.0,0.22222222222222227,0.5,0.7538682423174289,0.05263157894736842,1.0,0.0,0.33333333333333337,0.26968043647701023,0.19246861924686165,0.1586941736567672,0.512287334593573,0.0,0.0,1.0,0.0,0.0,0.0,0.0,0.0,0.0,0.0,0.0,0.0,0.0,1.0,0.0,0.0,0.0,0.0,0.0,1.0,0.0,0.0,0.0,1.0,0.0
6304,0.2222222222222222,0.0,0.0,0.0,0.22222222222222227,0.5,0.6550330380858423,0.02631578947368421,1.0,0.0,0.33333333333333337,0.26968043647701023,0.19246861924686165,0.1586941736567672,0.512287334593573,0.0,0.0,0.0,0.0,0.0,0.0,0.0,0.0,0.0,0.0,0.0,0.0,0.0,1.0,0.0,0.0,0.0,0.0,0.0,0.0,1.0,0.0,0.0,1.0,0.0
6305,0.19753086419753085,0.0,0.0,1.0,0.22222222222222227,0.5,0.6027582686746316,0.05263157894736842,1.0,0.0,0.33333333333333337,0.26968043647701023,0.19246861924686165,0.1586941736567672,0.512287334593573,0.0,0.0,0.0,0.0,0.0,0.0,0.0,0.0,0.0,0.0,0.0,0.0,1.0,0.0,0.0,0.0,0.0,1.0,0.0,0.0,0.0,0.0,0.0,1.0,0.0
6306,0.34567901234567905,1.0,0.0,0.0,0.22222222222222227,0.5,0.8211022766870513,0.07894736842105263,1.0,0.14285714285714285,0.33333333333333337,0.26968043647701023,0.19246861924686165,0.1586941736567672,0.512287334593573,1.0,0.0,1.0,0.0,0.0,0.0,0.0,0.0,0.0,0.0,0.0,0.0,1.0,0.0,0.0,0.0,0.0,0.0,0.0,0.0,1.0,0.0,0.0,0.0,0.0
6307,0.19753086419753085,1.0,0.0,0.0,0.22222222222222227,0.5,0.6636865816722366,0.05263157894736842,1.0,0.14285714285714285,0.33333333333333337,0.26968043647701023,0.19246861924686165,0.1586941736567672,0.512287334593573,0.0,0.0,0.0,0.0,0.0,0.0,0.0,0.0,0.0,0.0,0.0,0.0,0.0,1.0,0.0,0.0,0.0,1.0,0.0,0.0,0.0,0.0,0.0,0.0,0.0
6308,0.43209876543209874,0.0,0.0,0.0,0.22222222222222227,0.5,0.7651329115897525,0.02631578947368421,1.0,0.0,0.33333333333333337,0.26968043647701023,0.19246861924686165,0.1586941736567672,0.512287334593573,1.0,1.0,0.0,0.0,0.0,0.0,0.0,0.0,0.0,0.0,0.0,0.0,1.0,0.0,0.0,0.0,0.0,0.0,0.0,0.0,0.0,0.0,0.0,1.0,0.0
6309,0.19753086419753085,1.0,1.0,0.0,0.22222222222222227,0.5,0.7684321209538291,0.02631578947368421,1.0,0.0,0.33333333333333337,0.26968043647701023,0.19246861924686165,0.1586941736567672,0.512287334593573,1.0,1.0,0.0,0.0,0.0,0.0,0.0,0.0,0.0,0.0,0.0,0.0,1.0,0.0,0.0,1.0,0.0,0.0,0.0,0.0,0.0,0.0,0.0,1.0,0.0
6310,0.38271604938271603,0.0,0.0,1.0,0.22222222222222227,0.5,0.36884433080126383,0.13157894736842105,1.0,0.0,0.33333333333333337,0.26968043647701023,0.19246861924686165,0.1586941736567672,0.512287334593573,0.0,1.0,0.0,0.0,0.0,0.0,0.0,0.0,0.0,0.0,0.0,0.0,1.0,0.0,0.0,1.0,0.0,0.0,0.0,0.0,0.0,0.0,1.0,1.0,0.0
6311,0.20987654320987653,0.0,0.0,0.0,0.22222222222222227,0.5,0.6412337233355714,0.13157894736842105,1.0,0.0,0.33333333333333337,0.26968043647701023,0.19246861924686165,0.1586941736567672,0.512287334593573,0.0,1.0,0.0,0.0,0.0,0.0,0.0,0.0,0.0,0.0,0.0,0.0,1.0,0.0,0.0,0.0,0.0,0.0,0.0,0.0,0.0,1.0,0.0,1.0,0.0
6312,0.30864197530864196,1.0,0.0,0.0,0.22222222222222227,0.5,0.6849948743751764,0.02631578947368421,1.0,0.0,0.33333333333333337,0.26968043647701023,0.19246861924686165,0.1586941736567672,0.512287334593573,0.0,0.0,0.0,0.0,0.0,0.0,0.0,1.0,0.0,0.0,0.0,0.0,1.0,0.0,0.0,0.0,0.0,1.0,0.0,0.0,0.0,0.0,0.0,1.0,0.0
6313,0.25925925925925924,1.0,1.0,0.0,0.22222222222222227,0.5,0.7538682423174289,0.05263157894736842,1.0,0.0,0.33333333333333337,0.26968043647701023,0.19246861924686165,0.1586941736567672,0.512287334593573,1.0,0.0,0.0,0.0,0.0,0.0,0.0,0.0,0.0,1.0,0.0,0.0,0.0,1.0,0.0,0.0,0.0,0.0,0.0,0.0,1.0,0.0,0.0,1.0,0.0
6314,0.4938271604938272,1.0,0.0,0.0,0.22222222222222227,0.75,0.4735228478707203,0.10526315789473684,1.0,0.0,0.33333333333333337,0.26968043647701023,0.19246861924686165,0.15710723192019949,0.512287334593573,0.0,0.0,0.0,0.0,0.0,0.0,0.0,0.0,0.0,0.0,0.0,0.0,1.0,0.0,0.0,0.0,0.0,1.0,0.0,0.0,0.0,0.0,1.0,1.0,0.0
6315,0.25925925925925924,0.0,0.0,1.0,0.22222222222222227,0.75,0.3832666732878459,0.10526315789473684,1.0,0.14285714285714285,0.33333333333333337,0.26968043647701023,0.19246861924686165,0.15710723192019949,0.512287334593573,0.0,0.0,0.0,0.0,1.0,0.0,0.0,0.0,0.0,0.0,0.0,0.0,1.0,0.0,0.0,0.0,0.0,0.0,0.0,0.0,0.0,1.0,0.0,0.0,0.0
6316,0.30864197530864196,1.0,0.0,0.0,0.22222222222222227,0.75,0.33328547525193053,0.10526315789473684,1.0,0.0,0.33333333333333337,0.26968043647701023,0.19246861924686165,0.15710723192019949,0.512287334593573,0.0,1.0,0.0,0.0,0.0,0.0,0.0,0.0,0.0,0.0,0.0,0.0,0.0,1.0,0.0,0.0,1.0,0.0,0.0,0.0,0.0,0.0,1.0,1.0,0.0
6317,0.2222222222222222,1.0,0.0,0.0,0.22222222222222227,0.75,0.6159896330688406,0.0,1.0,0.0,0.33333333333333337,0.26968043647701023,0.19246861924686165,0.15710723192019949,0.512287334593573,0.0,0.0,0.0,0.0,0.0,0.0,0.0,0.0,0.0,0.0,0.0,0.0,0.0,1.0,0.0,0.0,0.0,1.0,0.0,0.0,0.0,0.0,0.0,1.0,0.0
6318,0.2222222222222222,0.0,0.0,0.0,0.22222222222222227,0.75,0.695953314020339,0.0,1.0,0.0,0.33333333333333337,0.26968043647701023,0.19246861924686165,0.15710723192019949,0.512287334593573,0.0,0.0,0.0,0.0,1.0,0.0,0.0,0.0,0.0,0.0,0.0,0.0,1.0,0.0,0.0,0.0,0.0,0.0,0.0,0.0,1.0,0.0,0.0,1.0,0.0
6319,0.4074074074074074,1.0,0.0,0.0,0.22222222222222227,0.75,0.4648051454883613,0.0,1.0,0.14285714285714285,0.33333333333333337,0.26968043647701023,0.19246861924686165,0.15710723192019949,0.512287334593573,0.0,1.0,0.0,0.0,0.0,0.0,0.0,0.0,0.0,0.0,0.0,0.0,1.0,0.0,0.0,0.0,0.0,0.0,0.0,1.0,0.0,0.0,1.0,0.0,0.0
6320,0.2222222222222222,0.0,0.0,0.0,0.22222222222222227,0.75,0.8032965653399574,0.0,1.0,0.0,0.33333333333333337,0.26968043647701023,0.19246861924686165,0.15710723192019949,0.512287334593573,1.0,0.0,0.0,0.0,0.0,0.0,0.0,0.0,0.0,0.0,0.0,0.0,0.0,1.0,0.0,0.0,0.0,1.0,0.0,0.0,0.0,0.0,0.0,1.0,0.0
6321,0.2345679012345679,1.0,0.0,0.0,0.22222222222222227,0.75,0.7186622526414759,0.0,1.0,0.0,0.33333333333333337,0.26968043647701023,0.19246861924686165,0.15710723192019949,0.512287334593573,0.0,0.0,0.0,0.0,0.0,0.0,0.0,0.0,0.0,1.0,0.0,0.0,1.0,0.0,0.0,0.0,0.0,0.0,0.0,1.0,0.0,0.0,0.0,1.0,0.0
6322,0.25925925925925924,1.0,0.0,1.0,0.22222222222222227,0.75,0.6371237804409605,0.0,1.0,0.0,0.33333333333333337,0.26968043647701023,0.19246861924686165,0.15710723192019949,0.512287334593573,0.0,0.0,0.0,0.0,1.0,0.0,0.0,0.0,0.0,0.0,0.0,0.0,1.0,0.0,0.0,0.0,0.0,1.0,0.0,0.0,0.0,0.0,0.0,1.0,0.0
6323,0.3209876543209876,1.0,0.0,0.0,0.22222222222222227,0.75,0.6220860826741794,0.0,1.0,0.0,0.33333333333333337,0.26968043647701023,0.19246861924686165,0.15710723192019949,0.512287334593573,0.0,0.0,0.0,0.0,0.0,0.0,0.0,1.0,0.0,0.0,0.0,0.0,1.0,0.0,0.0,0.0,0.0,1.0,0.0,0.0,0.0,0.0,0.0,1.0,0.0
6324,0.16049382716049382,1.0,0.0,0.0,0.22222222222222227,0.75,0.7571175106933035,0.0,0.01001001001001001,0.14285714285714285,0.33333333333333337,0.26968043647701023,0.19246861924686165,0.15710723192019949,0.512287334593573,1.0,1.0,0.0,0.0,0.0,0.0,0.0,0.0,0.0,0.0,0.0,0.0,0.0,1.0,0.0,0.0,1.0,0.0,0.0,0.0,0.0,0.0,0.0,0.0,1.0
6325,0.18518518518518517,1.0,0.0,0.0,0.22222222222222227,0.75,0.5752769507338984,0.0,1.0,0.14285714285714285,0.33333333333333337,0.26968043647701023,0.19246861924686165,0.15710723192019949,0.512287334593573,0.0,0.0,0.0,0.0,0.0,0.0,0.0,0.0,0.0,0.0,0.0,0.0,1.0,0.0,0.0,0.0,0.0,1.0,0.0,0.0,0.0,0.0,0.0,0.0,0.0
6326,0.14814814814814814,1.0,0.0,0.0,0.22222222222222227,0.75,0.48923083320309235,0.0,1.0,0.0,0.33333333333333337,0.26968043647701023,0.19246861924686165,0.15710723192019949,0.512287334593573,0.0,0.0,0.0,0.0,0.0,0.0,0.0,1.0,0.0,0.0,0.0,0.0,1.0,0.0,0.0,0.0,0.0,1.0,0.0,0.0,0.0,0.0,1.0,1.0,0.0
6327,0.20987654320987653,1.0,0.0,0.0,0.22222222222222227,0.75,0.7000047262075192,0.0,1.0,0.0,0.33333333333333337,0.26968043647701023,0.19246861924686165,0.15710723192019949,0.512287334593573,0.0,0.0,0.0,0.0,1.0,0.0,0.0,0.0,0.0,0.0,0.0,0.0,1.0,0.0,0.0,0.0,0.0,0.0,0.0,0.0,1.0,0.0,1.0,1.0,0.0
6328,0.20987654320987653,0.0,0.0,0.0,0.22222222222222227,0.75,0.5014409845439322,0.0,1.0,0.14285714285714285,0.33333333333333337,0.26968043647701023,0.19246861924686165,0.15710723192019949,0.512287334593573,0.0,0.0,0.0,0.0,0.0,0.0,0.0,1.0,0.0,0.0,0.0,0.0,1.0,0.0,0.0,0.0,0.0,0.0,0.0,0.0,1.0,0.0,0.0,0.0,0.0
6329,0.1111111111111111,1.0,0.0,0.0,0.22222222222222227,0.75,0.608897147549857,0.0,1.0,0.0,0.33333333333333337,0.26968043647701023,0.19246861924686165,0.15710723192019949,0.512287334593573,0.0,0.0,0.0,0.0,0.0,0.0,0.0,0.0,0.0,1.0,0.0,0.0,0.0,1.0,0.0,0.0,0.0,0.0,0.0,1.0,0.0,0.0,0.0,1.0,0.0
6330,0.5308641975308641,1.0,1.0,0.0,0.22222222222222227,0.75,0.5507832068127649,0.0,1.0,0.14285714285714285,0.33333333333333337,0.26968043647701023,0.19246861924686165,0.15710723192019949,0.512287334593573,0.0,0.0,0.0,0.0,0.0,0.0,0.0,0.0,0.0,0.0,0.0,0.0,0.0,1.0,0.0,0.0,0.0,0.0,0.0,0.0,1.0,0.0,0.0,0.0,0.0
6331,0.14814814814814814,0.0,0.0,0.0,0.22222222222222227,0.75,0.4578148625383481,0.0,1.0,0.0,0.33333333333333337,0.26968043647701023,0.19246861924686165,0.15710723192019949,0.512287334593573,0.0,0.0,0.0,0.0,0.0,0.0,0.0,1.0,0.0,0.0,0.0,0.0,1.0,0.0,0.0,0.0,0.0,0.0,0.0,1.0,0.0,0.0,0.0,1.0,0.0
6332,0.43209876543209874,1.0,0.0,0.0,0.22222222222222227,0.75,0.6226787043279698,0.0,1.0,0.14285714285714285,0.33333333333333337,0.26968043647701023,0.19246861924686165,0.15710723192019949,0.512287334593573,0.0,0.0,1.0,0.0,0.0,0.0,0.0,0.0,0.0,0.0,0.0,0.0,1.0,0.0,0.0,0.0,0.0,1.0,0.0,0.0,0.0,0.0,0.0,0.0,0.0
6333,0.19753086419753085,1.0,0.0,0.0,0.22222222222222227,0.75,0.7042171765284851,0.0,1.0,0.2857142857142857,0.33333333333333337,0.26968043647701023,0.19246861924686165,0.15710723192019949,0.512287334593573,0.0,0.0,0.0,0.0,0.0,0.0,0.0,1.0,0.0,0.0,0.0,0.0,1.0,0.0,0.0,0.0,0.0,1.0,0.0,0.0,0.0,0.0,0.0,0.0,0.0
6334,0.2345679012345679,0.0,0.0,0.0,0.22222222222222227,0.75,0.6397092724183482,0.02631578947368421,1.0,0.0,0.33333333333333337,0.26968043647701023,0.19246861924686165,0.15710723192019949,0.512287334593573,0.0,0.0,0.0,0.0,0.0,0.0,0.0,0.0,0.0,0.0,0.0,0.0,1.0,0.0,0.0,0.0,0.0,0.0,0.0,1.0,0.0,0.0,0.0,1.0,0.0
6335,0.18518518518518517,1.0,1.0,0.0,0.22222222222222227,0.75,0.817997681619647,0.0,1.0,0.0,0.33333333333333337,0.26968043647701023,0.19246861924686165,0.15710723192019949,0.512287334593573,1.0,0.0,0.0,0.0,0.0,0.0,0.0,0.0,0.0,0.0,0.0,0.0,0.0,1.0,0.0,0.0,0.0,0.0,0.0,1.0,0.0,0.0,0.0,1.0,0.0
6336,0.13580246913580246,1.0,0.0,0.0,0.22222222222222227,0.75,0.8289334059002461,0.0,1.0,0.0,0.33333333333333337,0.26968043647701023,0.19246861924686165,0.15710723192019949,0.512287334593573,1.0,0.0,0.0,0.0,0.0,0.0,0.0,0.0,0.0,0.0,0.0,0.0,0.0,0.0,0.0,0.0,0.0,0.0,0.0,0.0,1.0,0.0,0.0,1.0,0.0
6337,0.25925925925925924,1.0,0.0,0.0,0.22222222222222227,0.75,0.7943043350629084,0.02631578947368421,1.0,0.14285714285714285,0.33333333333333337,0.26968043647701023,0.19246861924686165,0.15710723192019949,0.512287334593573,1.0,0.0,0.0,0.0,0.0,0.0,0.0,0.0,0.0,1.0,0.0,0.0,0.0,1.0,0.0,0.0,0.0,0.0,0.0,1.0,0.0,0.0,0.0,0.0,0.0
6338,0.16049382716049382,1.0,0.0,0.0,0.22222222222222227,0.75,0.740761396175995,0.0,1.0,0.0,0.33333333333333337,0.26968043647701023,0.19246861924686165,0.15710723192019949,0.512287334593573,1.0,1.0,0.0,0.0,0.0,0.0,0.0,0.0,0.0,0.0,0.0,0.0,0.0,1.0,0.0,1.0,0.0,0.0,0.0,0.0,0.0,0.0,0.0,1.0,0.0
6339,0.13580246913580246,1.0,1.0,0.0,0.22222222222222227,0.75,0.7544482031445144,0.0,0.011011011011011011,0.14285714285714285,0.33333333333333337,0.26968043647701023,0.19246861924686165,0.15710723192019949,0.512287334593573,1.0,0.0,0.0,0.0,0.0,0.0,0.0,0.0,0.0,1.0,0.0,0.0,0.0,1.0,0.0,0.0,0.0,1.0,0.0,0.0,0.0,0.0,0.0,0.0,1.0
6340,0.3333333333333333,1.0,0.0,0.0,0.22222222222222227,0.75,0.5452070373544604,0.0,1.0,0.0,0.33333333333333337,0.26968043647701023,0.19246861924686165,0.15710723192019949,0.512287334593573,0.0,1.0,0.0,0.0,0.0,0.0,0.0,0.0,0.0,0.0,0.0,0.0,1.0,0.0,0.0,1.0,0.0,0.0,0.0,0.0,0.0,0.0,0.0,1.0,0.0
6341,0.25925925925925924,0.0,0.0,0.0,0.22222222222222227,0.75,0.6190773470668909,0.0,1.0,0.14285714285714285,0.33333333333333337,0.26968043647701023,0.19246861924686165,0.15710723192019949,0.512287334593573,0.0,1.0,0.0,0.0,0.0,0.0,0.0,0.0,0.0,0.0,0.0,0.0,0.0,0.0,0.0,0.0,0.0,1.0,0.0,0.0,0.0,0.0,0.0,0.0,0.0
6342,0.1728395061728395,0.0,0.0,0.0,0.22222222222222227,0.75,0.5679794082497067,0.0,1.0,0.0,0.33333333333333337,0.26968043647701023,0.19246861924686165,0.15710723192019949,0.512287334593573,0.0,0.0,0.0,0.0,0.0,0.0,0.0,1.0,0.0,0.0,0.0,0.0,0.0,0.0,0.0,0.0,0.0,1.0,0.0,0.0,0.0,0.0,1.0,1.0,0.0
6343,0.2345679012345679,1.0,0.0,0.0,0.22222222222222227,0.75,0.6397092724183482,0.0,1.0,0.0,0.33333333333333337,0.26968043647701023,0.19246861924686165,0.15710723192019949,0.512287334593573,0.0,0.0,0.0,0.0,0.0,0.0,0.0,0.0,0.0,1.0,0.0,0.0,0.0,1.0,0.0,0.0,0.0,1.0,0.0,0.0,0.0,0.0,0.0,1.0,0.0
6344,0.1728395061728395,1.0,0.0,0.0,0.22222222222222227,0.75,0.6432360720972943,0.0,1.0,0.0,0.33333333333333337,0.26968043647701023,0.19246861924686165,0.15710723192019949,0.512287334593573,0.0,0.0,0.0,0.0,0.0,0.0,0.0,1.0,0.0,0.0,0.0,0.0,0.0,0.0,0.0,0.0,0.0,1.0,0.0,0.0,0.0,0.0,1.0,1.0,0.0
6345,0.34567901234567905,0.0,0.0,0.0,0.22222222222222227,0.75,0.7615570998171917,0.0,1.0,0.14285714285714285,0.33333333333333337,0.26968043647701023,0.19246861924686165,0.15710723192019949,0.512287334593573,1.0,0.0,0.0,0.0,1.0,0.0,0.0,0.0,0.0,0.0,0.0,0.0,1.0,0.0,0.0,0.0,0.0,0.0,0.0,0.0,1.0,0.0,0.0,0.0,0.0
6346,0.3209876543209876,1.0,0.0,0.0,0.22222222222222227,0.75,0.7574939434928795,0.0,1.0,0.0,0.33333333333333337,0.26968043647701023,0.19246861924686165,0.15710723192019949,0.512287334593573,1.0,1.0,0.0,0.0,0.0,0.0,0.0,0.0,0.0,0.0,0.0,0.0,1.0,0.0,0.0,0.0,0.0,0.0,0.0,0.0,0.0,0.0,1.0,1.0,0.0
6347,0.419753086419753,0.0,1.0,0.0,0.22222222222222227,0.75,0.5660820259952785,0.0,1.0,0.14285714285714285,0.33333333333333337,0.26968043647701023,0.19246861924686165,0.15710723192019949,0.512287334593573,0.0,0.0,0.0,0.0,0.0,0.0,0.0,1.0,0.0,0.0,0.0,0.0,0.0,0.0,0.0,1.0,0.0,0.0,0.0,0.0,0.0,0.0,0.0,0.0,0.0
6348,0.25925925925925924,1.0,1.0,0.0,0.22222222222222227,0.75,0.7474972696344017,0.0,1.0,0.0,0.33333333333333337,0.26968043647701023,0.19246861924686165,0.15710723192019949,0.512287334593573,1.0,0.0,0.0,0.0,0.0,0.0,0.0,0.0,0.0,0.0,0.0,0.0,1.0,0.0,0.0,0.0,0.0,1.0,0.0,0.0,0.0,0.0,0.0,1.0,0.0
6349,0.1728395061728395,1.0,0.0,0.0,0.22222222222222227,0.75,0.4529126886678098,0.0,1.0,0.0,0.33333333333333337,0.26968043647701023,0.19246861924686165,0.15710723192019949,0.512287334593573,0.0,0.0,0.0,0.0,0.0,0.0,0.0,0.0,0.0,1.0,0.0,0.0,1.0,0.0,0.0,0.0,0.0,0.0,0.0,1.0,0.0,0.0,1.0,1.0,0.0
6350,0.30864197530864196,0.0,0.0,0.0,0.22222222222222227,0.75,0.5716847586578249,0.0,1.0,0.0,0.33333333333333337,0.26968043647701023,0.19246861924686165,0.15710723192019949,0.512287334593573,0.0,1.0,0.0,0.0,0.0,0.0,0.0,0.0,0.0,0.0,0.0,0.0,0.0,1.0,0.0,0.0,0.0,0.0,0.0,0.0,0.0,0.0,0.0,1.0,0.0
6351,0.14814814814814814,1.0,0.0,0.0,0.22222222222222227,0.75,0.8106974425968247,0.07894736842105263,1.0,0.0,0.33333333333333337,0.26968043647701023,0.19246861924686165,0.15710723192019949,0.512287334593573,1.0,0.0,0.0,0.0,0.0,0.0,0.0,0.0,0.0,0.0,0.0,0.0,0.0,1.0,0.0,0.0,1.0,0.0,0.0,0.0,0.0,0.0,1.0,1.0,0.0
6352,0.2716049382716049,1.0,0.0,0.0,0.22222222222222227,0.75,0.6628493172872891,0.0,1.0,0.0,0.33333333333333337,0.26968043647701023,0.19246861924686165,0.15710723192019949,0.512287334593573,0.0,0.0,0.0,0.0,0.0,0.0,0.0,0.0,0.0,0.0,0.0,0.0,1.0,0.0,0.0,0.0,1.0,0.0,0.0,0.0,0.0,0.0,0.0,1.0,0.0
6353,0.2345679012345679,1.0,1.0,0.0,0.22222222222222227,0.75,0.6767047422935657,0.02631578947368421,1.0,0.0,0.33333333333333337,0.26968043647701023,0.19246861924686165,0.15710723192019949,0.512287334593573,0.0,1.0,0.0,0.0,0.0,0.0,0.0,0.0,0.0,0.0,0.0,0.0,1.0,0.0,0.0,0.0,1.0,0.0,0.0,0.0,0.0,0.0,0.0,1.0,0.0
6354,0.2222222222222222,0.0,0.0,0.0,0.22222222222222227,0.75,0.7024302791398942,0.0,1.0,0.0,0.33333333333333337,0.26968043647701023,0.19246861924686165,0.15710723192019949,0.512287334593573,0.0,1.0,0.0,0.0,0.0,0.0,0.0,0.0,0.0,0.0,0.0,0.0,1.0,0.0,0.0,0.0,1.0,0.0,0.0,0.0,0.0,0.0,1.0,1.0,0.0
6355,0.3703703703703703,0.0,0.0,0.0,0.22222222222222227,0.75,0.608897147549857,0.0,1.0,0.0,0.33333333333333337,0.26968043647701023,0.19246861924686165,0.15710723192019949,0.512287334593573,0.0,0.0,0.0,0.0,0.0,0.0,0.0,1.0,0.0,0.0,0.0,0.0,1.0,0.0,0.0,0.0,0.0,1.0,0.0,0.0,0.0,0.0,0.0,1.0,0.0
6356,0.19753086419753085,1.0,0.0,0.0,0.22222222222222227,0.75,0.6789243392652736,0.0,1.0,0.0,0.33333333333333337,0.26968043647701023,0.19246861924686165,0.15710723192019949,0.512287334593573,0.0,0.0,0.0,0.0,0.0,0.0,0.0,0.0,0.0,0.0,0.0,0.0,0.0,1.0,0.0,0.0,0.0,0.0,0.0,0.0,1.0,0.0,0.0,1.0,0.0
6357,0.3333333333333333,0.0,0.0,0.0,0.22222222222222227,0.75,0.74646988188572,0.0,1.0,0.14285714285714285,0.33333333333333337,0.26968043647701023,0.19246861924686165,0.15710723192019949,0.512287334593573,0.0,0.0,0.0,0.0,0.0,0.0,0.0,0.0,0.0,1.0,0.0,0.0,0.0,0.0,0.0,0.0,0.0,0.0,0.0,1.0,0.0,0.0,0.0,0.0,0.0
6358,0.2222222222222222,0.0,0.0,0.0,0.22222222222222227,0.75,0.5770327318283031,0.0,1.0,0.14285714285714285,0.33333333333333337,0.26968043647701023,0.19246861924686165,0.15710723192019949,0.512287334593573,0.0,1.0,0.0,0.0,0.0,0.0,0.0,0.0,0.0,0.0,0.0,0.0,1.0,0.0,0.0,0.0,1.0,0.0,0.0,0.0,0.0,0.0,0.0,0.0,0.0
6359,0.1728395061728395,0.0,1.0,0.0,0.22222222222222227,0.75,0.573494565885327,0.02631578947368421,1.0,0.2857142857142857,0.33333333333333337,0.26968043647701023,0.19246861924686165,0.15710723192019949,0.512287334593573,0.0,0.0,0.0,0.0,1.0,0.0,0.0,0.0,0.0,0.0,0.0,0.0,1.0,0.0,0.0,0.0,0.0,0.0,0.0,0.0,1.0,0.0,0.0,0.0,0.0
6360,0.18518518518518517,1.0,0.0,0.0,0.22222222222222227,0.75,0.826971914346515,0.0,1.0,0.0,0.33333333333333337,0.26968043647701023,0.19246861924686165,0.15710723192019949,0.512287334593573,1.0,0.0,0.0,0.0,0.0,0.0,0.0,1.0,0.0,0.0,0.0,0.0,1.0,0.0,0.0,0.0,0.0,1.0,0.0,0.0,0.0,0.0,0.0,1.0,0.0
6361,0.24691358024691357,0.0,0.0,0.0,0.22222222222222227,0.75,0.608897147549857,0.0,1.0,0.0,0.33333333333333337,0.26968043647701023,0.19246861924686165,0.15710723192019949,0.512287334593573,0.0,0.0,0.0,0.0,0.0,0.0,0.0,0.0,0.0,0.0,0.0,0.0,1.0,0.0,0.0,0.0,0.0,1.0,0.0,0.0,0.0,0.0,0.0,1.0,0.0
6362,0.14814814814814814,0.0,0.0,0.0,0.22222222222222227,0.75,0.7267433793684569,0.02631578947368421,1.0,0.0,0.33333333333333337,0.26968043647701023,0.19246861924686165,0.15710723192019949,0.512287334593573,1.0,1.0,0.0,0.0,0.0,0.0,0.0,0.0,0.0,0.0,0.0,0.0,1.0,0.0,0.0,1.0,0.0,0.0,0.0,0.0,0.0,0.0,0.0,1.0,0.0
6363,0.20987654320987653,1.0,0.0,0.0,0.22222222222222227,0.75,0.6402196209389266,0.0,1.0,0.0,0.33333333333333337,0.26968043647701023,0.19246861924686165,0.15710723192019949,0.512287334593573,0.0,0.0,0.0,0.0,0.0,0.0,0.0,1.0,0.0,0.0,0.0,0.0,0.0,1.0,0.0,0.0,0.0,1.0,0.0,0.0,0.0,0.0,0.0,1.0,0.0
6364,0.20987654320987653,1.0,0.0,1.0,0.22222222222222227,0.75,0.6278820898893921,0.0,1.0,0.0,0.33333333333333337,0.26968043647701023,0.19246861924686165,0.15710723192019949,0.512287334593573,0.0,0.0,0.0,0.0,0.0,0.0,0.0,1.0,0.0,0.0,0.0,0.0,0.0,1.0,0.0,0.0,0.0,1.0,0.0,0.0,0.0,0.0,0.0,1.0,0.0
6365,0.19753086419753085,1.0,1.0,0.0,0.22222222222222227,0.75,0.7235270760911621,0.02631578947368421,1.0,0.14285714285714285,0.33333333333333337,0.26968043647701023,0.19246861924686165,0.15710723192019949,0.512287334593573,0.0,1.0,0.0,0.0,0.0,0.0,0.0,0.0,0.0,0.0,0.0,0.0,0.0,1.0,0.0,0.0,1.0,0.0,0.0,0.0,0.0,0.0,0.0,0.0,0.0
6366,0.07407407407407407,1.0,1.0,0.0,0.22222222222222227,0.75,0.22890743126917404,0.15789473684210525,1.0,0.0,0.33333333333333337,0.26968043647701023,0.19246861924686165,0.15710723192019949,0.512287334593573,0.0,0.0,0.0,0.0,0.0,0.0,0.0,0.0,1.0,0.0,0.0,0.0,0.0,1.0,0.0,0.0,1.0,0.0,0.0,0.0,0.0,0.0,0.0,1.0,0.0
6367,0.1111111111111111,1.0,0.0,0.0,0.22222222222222227,0.75,0.7640715346196701,0.0,1.0,0.0,0.33333333333333337,0.26968043647701023,0.19246861924686165,0.15710723192019949,0.512287334593573,1.0,0.0,0.0,0.0,0.0,0.0,0.0,0.0,0.0,0.0,0.0,0.0,0.0,1.0,0.0,0.0,1.0,0.0,0.0,0.0,0.0,0.0,1.0,1.0,0.0
6368,0.2222222222222222,1.0,0.0,0.0,0.22222222222222227,0.75,0.494619644821988,0.0,1.0,0.14285714285714285,0.33333333333333337,0.26968043647701023,0.19246861924686165,0.15710723192019949,0.512287334593573,0.0,0.0,0.0,0.0,0.0,0.0,0.0,1.0,0.0,0.0,0.0,0.0,0.0,1.0,0.0,0.0,0.0,1.0,0.0,0.0,0.0,0.0,0.0,0.0,0.0
6369,0.2222222222222222,1.0,1.0,0.0,0.22222222222222227,0.75,0.6832417100410403,0.0,1.0,0.0,0.33333333333333337,0.26968043647701023,0.19246861924686165,0.15710723192019949,0.512287334593573,0.0,0.0,0.0,0.0,0.0,0.0,0.0,1.0,0.0,0.0,0.0,0.0,0.0,1.0,0.0,0.0,0.0,1.0,0.0,0.0,0.0,0.0,0.0,1.0,0.0
6370,0.12345679012345678,1.0,1.0,0.0,0.22222222222222227,0.75,0.7571175106933035,0.0,1.0,0.0,0.33333333333333337,0.26968043647701023,0.19246861924686165,0.15710723192019949,0.512287334593573,1.0,1.0,0.0,0.0,0.0,0.0,0.0,0.0,0.0,0.0,0.0,0.0,0.0,1.0,0.0,0.0,1.0,0.0,0.0,0.0,0.0,0.0,1.0,1.0,0.0
6371,0.18518518518518517,0.0,0.0,0.0,0.22222222222222227,0.75,0.6312273906618776,0.02631578947368421,1.0,0.0,0.33333333333333337,0.26968043647701023,0.19246861924686165,0.15710723192019949,0.512287334593573,0.0,0.0,0.0,0.0,0.0,0.0,0.0,1.0,0.0,0.0,0.0,0.0,1.0,0.0,0.0,0.0,0.0,1.0,0.0,0.0,0.0,0.0,0.0,1.0,0.0
6372,0.2716049382716049,1.0,0.0,0.0,0.22222222222222227,0.75,0.7255167243589877,0.0,1.0,0.0,0.33333333333333337,0.26968043647701023,0.19246861924686165,0.15710723192019949,0.512287334593573,1.0,1.0,0.0,0.0,0.0,0.0,0.0,0.0,0.0,0.0,0.0,0.0,1.0,0.0,0.0,1.0,0.0,0.0,0.0,0.0,0.0,0.0,0.0,1.0,0.0
6373,0.2716049382716049,0.0,0.0,0.0,0.22222222222222227,0.75,0.6278820898893921,0.02631578947368421,1.0,0.14285714285714285,0.33333333333333337,0.26968043647701023,0.19246861924686165,0.15710723192019949,0.512287334593573,0.0,1.0,0.0,0.0,0.0,0.0,0.0,0.0,0.0,0.0,0.0,0.0,1.0,0.0,0.0,0.0,0.0,1.0,0.0,0.0,0.0,0.0,1.0,0.0,0.0
6374,0.29629629629629634,0.0,0.0,0.0,0.22222222222222227,0.75,0.6485730147319224,0.0,1.0,0.0,0.33333333333333337,0.26968043647701023,0.19246861924686165,0.15710723192019949,0.512287334593573,0.0,0.0,0.0,0.0,1.0,0.0,0.0,0.0,0.0,0.0,0.0,0.0,1.0,0.0,0.0,0.0,0.0,0.0,0.0,0.0,1.0,0.0,0.0,1.0,0.0
6375,0.12345679012345678,1.0,0.0,0.0,0.22222222222222227,0.75,0.5440593682563573,0.0,1.0,0.14285714285714285,0.33333333333333337,0.26968043647701023,0.19246861924686165,0.15710723192019949,0.512287334593573,0.0,0.0,0.0,0.0,0.0,0.0,0.0,0.0,1.0,0.0,0.0,0.0,0.0,1.0,0.0,0.0,0.0,1.0,0.0,0.0,0.0,0.0,0.0,0.0,0.0
6376,0.20987654320987653,0.0,0.0,0.0,0.22222222222222227,0.75,0.8075473945557486,0.02631578947368421,1.0,0.0,0.33333333333333337,0.26968043647701023,0.19246861924686165,0.15710723192019949,0.512287334593573,1.0,0.0,0.0,0.0,0.0,0.0,0.0,1.0,0.0,0.0,0.0,0.0,0.0,1.0,0.0,0.0,0.0,1.0,0.0,0.0,0.0,0.0,0.0,1.0,0.0
6377,0.20987654320987653,1.0,0.0,0.0,0.22222222222222227,0.75,0.6636865816722366,0.0,1.0,0.0,0.33333333333333337,0.26968043647701023,0.19246861924686165,0.15710723192019949,0.512287334593573,0.0,0.0,0.0,0.0,1.0,0.0,0.0,0.0,0.0,0.0,0.0,0.0,1.0,0.0,0.0,0.0,0.0,0.0,0.0,0.0,1.0,0.0,1.0,1.0,0.0
6378,0.419753086419753,1.0,0.0,0.0,0.22222222222222227,0.75,0.6693862850347637,0.0,1.0,0.14285714285714285,0.33333333333333337,0.26968043647701023,0.19246861924686165,0.15710723192019949,0.512287334593573,0.0,0.0,0.0,0.0,0.0,0.0,0.0,1.0,0.0,0.0,0.0,0.0,0.0,0.0,0.0,0.0,0.0,1.0,0.0,0.0,0.0,0.0,1.0,0.0,0.0
6379,0.19753086419753085,0.0,0.0,0.0,0.22222222222222227,0.75,0.6376454449299462,0.05263157894736842,1.0,0.14285714285714285,0.33333333333333337,0.26968043647701023,0.19246861924686165,0.15710723192019949,0.512287334593573,0.0,0.0,0.0,0.0,0.0,0.0,0.0,1.0,0.0,0.0,0.0,0.0,1.0,0.0,0.0,0.0,1.0,0.0,0.0,0.0,0.0,0.0,0.0,0.0,0.0
6380,0.5061728395061729,0.0,0.0,0.0,0.22222222222222227,0.75,0.5440593682563573,0.0,1.0,0.14285714285714285,0.33333333333333337,0.26968043647701023,0.19246861924686165,0.15710723192019949,0.512287334593573,0.0,0.0,0.0,0.0,0.0,0.0,0.0,0.0,0.0,1.0,0.0,0.0,0.0,0.0,0.0,0.0,0.0,0.0,0.0,0.0,1.0,0.0,0.0,0.0,0.0
6381,0.12345679012345678,0.0,0.0,0.0,0.22222222222222227,0.75,0.6884247135267839,0.02631578947368421,1.0,0.14285714285714285,0.33333333333333337,0.26968043647701023,0.19246861924686165,0.15710723192019949,0.512287334593573,1.0,0.0,0.0,0.0,0.0,0.0,0.0,0.0,0.0,1.0,0.0,0.0,1.0,0.0,0.0,0.0,0.0,0.0,0.0,1.0,0.0,0.0,0.0,0.0,0.0
6382,0.2839506172839506,0.0,0.0,1.0,0.22222222222222227,0.75,0.7135875319736221,0.02631578947368421,1.0,0.14285714285714285,0.33333333333333337,0.26968043647701023,0.19246861924686165,0.15710723192019949,0.512287334593573,0.0,0.0,0.0,0.0,0.0,0.0,0.0,0.0,0.0,1.0,0.0,0.0,0.0,1.0,0.0,0.0,0.0,0.0,0.0,0.0,1.0,0.0,0.0,0.0,0.0
6383,0.18518518518518517,0.0,0.0,0.0,0.22222222222222227,0.75,0.816186132449193,0.0,0.006006006006006006,0.14285714285714285,0.33333333333333337,0.26968043647701023,0.19246861924686165,0.15710723192019949,0.512287334593573,1.0,0.0,0.0,0.0,0.0,0.0,0.0,0.0,0.0,0.0,0.0,0.0,1.0,0.0,0.0,0.0,0.0,0.0,0.0,0.0,1.0,0.0,0.0,0.0,1.0
6384,0.2716049382716049,1.0,0.0,0.0,0.22222222222222227,0.75,0.8393139518855817,0.05263157894736842,1.0,0.14285714285714285,0.33333333333333337,0.26968043647701023,0.19246861924686165,0.15710723192019949,0.512287334593573,0.0,0.0,0.0,0.0,0.0,0.0,0.0,0.0,0.0,1.0,0.0,0.0,1.0,0.0,0.0,0.0,0.0,0.0,0.0,1.0,0.0,0.0,0.0,0.0,0.0
6385,0.4691358024691357,1.0,1.0,0.0,0.22222222222222227,0.75,0.7996767366727818,0.02631578947368421,1.0,0.14285714285714285,0.33333333333333337,0.26968043647701023,0.19246861924686165,0.15710723192019949,0.512287334593573,1.0,0.0,0.0,0.0,0.0,0.0,0.0,0.0,0.0,1.0,0.0,0.0,1.0,0.0,0.0,0.0,0.0,0.0,0.0,0.0,1.0,0.0,0.0,0.0,0.0
6386,0.14814814814814814,1.0,0.0,0.0,0.22222222222222227,0.75,0.7861981639197403,0.02631578947368421,1.0,0.0,0.33333333333333337,0.26968043647701023,0.19246861924686165,0.15710723192019949,0.512287334593573,1.0,0.0,0.0,0.0,0.0,0.0,0.0,0.0,0.0,0.0,0.0,0.0,1.0,0.0,0.0,0.0,0.0,1.0,0.0,0.0,0.0,0.0,0.0,1.0,0.0
6387,0.19753086419753085,0.0,0.0,0.0,0.22222222222222227,0.75,0.5925226723355308,0.02631578947368421,1.0,0.0,0.33333333333333337,0.26968043647701023,0.19246861924686165,0.15710723192019949,0.512287334593573,0.0,1.0,0.0,0.0,0.0,0.0,0.0,0.0,0.0,0.0,0.0,0.0,1.0,0.0,0.0,0.0,0.0,0.0,0.0,1.0,0.0,0.0,1.0,1.0,0.0
6388,0.4567901234567901,1.0,0.0,0.0,0.22222222222222227,0.75,0.7515193759376735,0.0,1.0,0.0,0.33333333333333337,0.26968043647701023,0.19246861924686165,0.15710723192019949,0.512287334593573,1.0,0.0,0.0,0.0,0.0,0.0,0.0,0.0,0.0,0.0,0.0,0.0,1.0,0.0,0.0,0.0,0.0,1.0,0.0,0.0,0.0,0.0,0.0,1.0,0.0
6389,0.2222222222222222,0.0,0.0,0.0,0.22222222222222227,0.75,0.8821957798427035,0.02631578947368421,1.0,0.0,0.33333333333333337,0.26968043647701023,0.19246861924686165,0.15710723192019949,0.512287334593573,1.0,1.0,0.0,0.0,0.0,0.0,0.0,0.0,0.0,0.0,0.0,0.0,0.0,1.0,0.0,0.0,1.0,0.0,0.0,0.0,0.0,0.0,0.0,1.0,0.0
6390,0.4567901234567901,0.0,0.0,0.0,0.22222222222222227,0.75,0.6250197795910157,0.02631578947368421,1.0,0.0,0.33333333333333337,0.26968043647701023,0.19246861924686165,0.15710723192019949,0.512287334593573,0.0,0.0,0.0,0.0,0.0,0.0,0.0,0.0,0.0,0.0,0.0,0.0,1.0,0.0,0.0,0.0,0.0,1.0,0.0,0.0,0.0,0.0,0.0,1.0,0.0
6391,0.13580246913580246,0.0,0.0,0.0,0.22222222222222227,0.75,0.8515016579278147,0.02631578947368421,1.0,0.0,0.33333333333333337,0.26968043647701023,0.19246861924686165,0.15710723192019949,0.512287334593573,1.0,0.0,0.0,0.0,0.0,0.0,0.0,0.0,0.0,0.0,0.0,0.0,0.0,1.0,0.0,0.0,0.0,1.0,0.0,0.0,0.0,0.0,1.0,1.0,0.0
6392,0.2345679012345679,0.0,1.0,0.0,0.22222222222222227,0.75,0.8616174736245846,0.02631578947368421,1.0,0.0,0.33333333333333337,0.26968043647701023,0.19246861924686165,0.15710723192019949,0.512287334593573,1.0,1.0,0.0,0.0,0.0,0.0,0.0,0.0,0.0,0.0,0.0,0.0,0.0,1.0,0.0,0.0,1.0,0.0,0.0,0.0,0.0,0.0,0.0,1.0,0.0
6393,0.2345679012345679,1.0,0.0,0.0,0.22222222222222227,0.75,0.5821481094717212,0.05263157894736842,1.0,0.0,0.33333333333333337,0.26968043647701023,0.19246861924686165,0.15710723192019949,0.512287334593573,0.0,1.0,0.0,0.0,0.0,0.0,0.0,0.0,0.0,0.0,0.0,0.0,1.0,0.0,0.0,0.0,1.0,0.0,0.0,0.0,0.0,0.0,0.0,1.0,0.0
6394,0.2345679012345679,0.0,0.0,0.0,0.22222222222222227,0.75,0.7511232976190926,0.02631578947368421,1.0,0.14285714285714285,0.33333333333333337,0.26968043647701023,0.19246861924686165,0.15710723192019949,0.512287334593573,0.0,1.0,0.0,0.0,0.0,0.0,0.0,0.0,0.0,0.0,0.0,0.0,1.0,0.0,0.0,1.0,0.0,0.0,0.0,0.0,0.0,0.0,0.0,0.0,0.0
6395,0.2839506172839506,0.0,0.0,0.0,0.22222222222222227,0.75,0.7015265475542785,0.02631578947368421,1.0,0.14285714285714285,0.33333333333333337,0.26968043647701023,0.19246861924686165,0.15710723192019949,0.512287334593573,0.0,0.0,0.0,0.0,0.0,0.0,0.0,1.0,0.0,0.0,0.0,0.0,1.0,0.0,0.0,0.0,0.0,1.0,0.0,0.0,0.0,0.0,1.0,0.0,0.0
6396,0.38271604938271603,0.0,1.0,0.0,0.22222222222222227,0.75,0.6677857821213365,0.02631578947368421,1.0,0.0,0.33333333333333337,0.26968043647701023,0.19246861924686165,0.15710723192019949,0.512287334593573,0.0,1.0,0.0,0.0,0.0,0.0,0.0,0.0,0.0,0.0,0.0,0.0,1.0,0.0,0.0,0.0,0.0,0.0,0.0,1.0,0.0,0.0,0.0,1.0,0.0
6397,0.35802469135802467,1.0,0.0,0.0,0.22222222222222227,0.75,0.6940353071368747,0.05263157894736842,1.0,0.0,0.33333333333333337,0.26968043647701023,0.19246861924686165,0.15710723192019949,0.512287334593573,0.0,1.0,0.0,0.0,0.0,0.0,0.0,0.0,0.0,0.0,0.0,0.0,0.0,1.0,0.0,0.0,1.0,0.0,0.0,0.0,0.0,0.0,0.0,1.0,0.0
6398,0.1111111111111111,1.0,1.0,0.0,0.22222222222222227,0.75,0.5984801554161608,0.02631578947368421,1.0,0.0,0.33333333333333337,0.26968043647701023,0.19246861924686165,0.15710723192019949,0.512287334593573,0.0,0.0,0.0,0.0,0.0,0.0,0.0,0.0,0.0,0.0,0.0,0.0,0.0,1.0,0.0,0.0,1.0,0.0,0.0,0.0,0.0,0.0,1.0,1.0,0.0
6399,0.3333333333333333,0.0,0.0,0.0,0.22222222222222227,0.75,0.7972894702011143,0.05263157894736842,1.0,0.0,0.33333333333333337,0.26968043647701023,0.19246861924686165,0.15710723192019949,0.512287334593573,1.0,1.0,0.0,0.0,0.0,0.0,0.0,0.0,0.0,0.0,0.0,0.0,0.0,0.0,0.0,1.0,0.0,0.0,0.0,0.0,0.0,0.0,1.0,1.0,0.0
6400,0.35802469135802467,0.0,0.0,0.0,0.22222222222222227,0.75,0.7853114626147606,0.05263157894736842,1.0,0.0,0.33333333333333337,0.26968043647701023,0.19246861924686165,0.15710723192019949,0.512287334593573,1.0,1.0,0.0,0.0,0.0,0.0,0.0,0.0,0.0,0.0,0.0,0.0,1.0,0.0,0.0,0.0,1.0,0.0,0.0,0.0,0.0,0.0,0.0,1.0,0.0
6401,0.38271604938271603,0.0,0.0,0.0,0.22222222222222227,0.75,0.7431206122490668,0.05263157894736842,1.0,0.0,0.33333333333333337,0.26968043647701023,0.19246861924686165,0.15710723192019949,0.512287334593573,1.0,0.0,0.0,0.0,0.0,0.0,0.0,0.0,0.0,1.0,0.0,0.0,1.0,0.0,0.0,0.0,1.0,0.0,0.0,0.0,0.0,0.0,0.0,1.0,0.0
6402,0.29629629629629634,1.0,0.0,0.0,0.22222222222222227,0.75,0.8275948733459938,0.05263157894736842,1.0,0.14285714285714285,0.33333333333333337,0.26968043647701023,0.19246861924686165,0.15710723192019949,0.512287334593573,1.0,0.0,0.0,0.0,0.0,0.0,1.0,0.0,0.0,0.0,0.0,0.0,1.0,0.0,0.0,0.0,1.0,0.0,0.0,0.0,0.0,0.0,0.0,0.0,0.0
6403,0.1728395061728395,1.0,0.0,0.0,0.22222222222222227,0.75,0.6447157790225418,0.02631578947368421,1.0,0.0,0.33333333333333337,0.26968043647701023,0.19246861924686165,0.15710723192019949,0.512287334593573,0.0,0.0,0.0,0.0,1.0,0.0,0.0,0.0,0.0,0.0,0.0,0.0,0.0,1.0,0.0,0.0,0.0,0.0,0.0,0.0,1.0,0.0,0.0,1.0,0.0
6404,0.4444444444444445,0.0,0.0,1.0,0.22222222222222227,0.75,0.6978405494091722,0.02631578947368421,1.0,0.14285714285714285,0.33333333333333337,0.26968043647701023,0.19246861924686165,0.15710723192019949,0.512287334593573,0.0,1.0,0.0,0.0,0.0,0.0,0.0,0.0,0.0,0.0,0.0,0.0,1.0,0.0,0.0,0.0,1.0,0.0,0.0,0.0,0.0,0.0,0.0,0.0,0.0
6405,0.3209876543209876,0.0,0.0,0.0,0.22222222222222227,0.75,0.6290077936901697,0.02631578947368421,1.0,0.0,0.33333333333333337,0.26968043647701023,0.19246861924686165,0.15710723192019949,0.512287334593573,0.0,0.0,0.0,0.0,0.0,0.0,0.0,0.0,0.0,0.0,0.0,0.0,0.0,1.0,0.0,0.0,0.0,1.0,0.0,0.0,0.0,0.0,0.0,1.0,0.0
6406,0.35802469135802467,1.0,0.0,0.0,0.22222222222222227,0.75,0.7979574739807627,0.02631578947368421,1.0,0.0,0.33333333333333337,0.26968043647701023,0.19246861924686165,0.15710723192019949,0.512287334593573,1.0,1.0,0.0,0.0,0.0,0.0,0.0,0.0,0.0,0.0,0.0,0.0,1.0,0.0,0.0,0.0,0.0,0.0,0.0,0.0,0.0,0.0,1.0,1.0,0.0
6407,0.39506172839506176,1.0,0.0,0.0,0.22222222222222227,0.75,0.7082839817554912,0.0,1.0,0.0,0.33333333333333337,0.26968043647701023,0.19246861924686165,0.15710723192019949,0.512287334593573,0.0,1.0,0.0,0.0,0.0,0.0,0.0,0.0,0.0,0.0,0.0,0.0,1.0,0.0,0.0,0.0,1.0,0.0,0.0,0.0,0.0,0.0,0.0,1.0,0.0
6408,0.30864197530864196,0.5,0.5,0.0,0.22222222222222227,0.75,0.7974233747682028,0.05263157894736842,1.0,0.14285714285714285,0.33333333333333337,0.26968043647701023,0.19246861924686165,0.15710723192019949,0.512287334593573,1.0,0.0,0.0,0.0,0.0,0.0,0.0,0.0,0.0,0.0,0.0,0.0,1.0,0.0,0.0,0.0,0.0,1.0,0.0,0.0,0.0,0.0,0.0,0.0,0.0
6409,0.2222222222222222,1.0,0.0,0.0,0.22222222222222227,0.75,0.8400614374791993,0.05263157894736842,1.0,0.0,0.33333333333333337,0.26968043647701023,0.19246861924686165,0.15710723192019949,0.512287334593573,1.0,1.0,0.0,0.0,0.0,0.0,0.0,0.0,0.0,0.0,0.0,0.0,1.0,0.0,0.0,0.0,0.0,0.0,0.0,0.0,0.0,1.0,0.0,1.0,0.0
6410,0.2222222222222222,0.0,0.0,0.0,0.22222222222222227,0.75,0.7521110040891097,0.05263157894736842,1.0,0.0,0.33333333333333337,0.26968043647701023,0.19246861924686165,0.15710723192019949,0.512287334593573,1.0,0.0,0.0,0.0,1.0,0.0,0.0,0.0,0.0,0.0,0.0,0.0,1.0,0.0,0.0,0.0,0.0,0.0,0.0,0.0,1.0,0.0,0.0,1.0,0.0
6411,0.3209876543209876,0.0,0.0,0.0,0.22222222222222227,0.75,0.7675728391967329,0.10526315789473684,1.0,0.0,0.33333333333333337,0.26968043647701023,0.19246861924686165,0.15710723192019949,0.512287334593573,0.0,0.0,0.0,0.0,0.0,0.0,0.0,0.0,0.0,1.0,0.0,0.0,1.0,0.0,0.0,0.0,0.0,0.0,0.0,1.0,0.0,0.0,1.0,1.0,0.0
6412,0.2345679012345679,0.0,0.0,0.0,0.22222222222222227,0.75,0.44244933785391355,0.02631578947368421,1.0,0.14285714285714285,0.33333333333333337,0.26968043647701023,0.19246861924686165,0.15710723192019949,0.512287334593573,0.0,0.0,0.0,0.0,0.0,0.0,0.0,0.0,0.0,0.0,0.0,0.0,0.0,1.0,0.0,0.0,0.0,1.0,0.0,0.0,0.0,0.0,0.0,0.0,0.0
6413,0.2345679012345679,0.0,0.0,1.0,0.22222222222222227,0.75,0.4735228478707203,0.0,1.0,0.0,0.33333333333333337,0.26968043647701023,0.19246861924686165,0.15710723192019949,0.512287334593573,0.0,1.0,0.0,0.0,0.0,0.0,0.0,0.0,0.0,0.0,0.0,0.0,1.0,0.0,0.0,0.0,0.0,0.0,0.0,0.0,0.0,1.0,0.0,1.0,0.0
6414,0.2345679012345679,0.0,0.0,0.0,0.22222222222222227,0.75,0.6386818846696665,0.02631578947368421,1.0,0.0,0.33333333333333337,0.26968043647701023,0.19246861924686165,0.15710723192019949,0.512287334593573,0.0,1.0,0.0,0.0,0.0,0.0,0.0,0.0,0.0,0.0,0.0,0.0,1.0,0.0,0.0,0.0,0.0,0.0,0.0,0.0,0.0,0.0,0.0,1.0,0.0
6415,0.3209876543209876,0.0,0.0,0.0,0.22222222222222227,0.75,0.8432769678123022,0.02631578947368421,1.0,0.0,0.33333333333333337,0.26968043647701023,0.19246861924686165,0.15710723192019949,0.512287334593573,0.0,1.0,0.0,0.0,0.0,0.0,0.0,0.0,0.0,0.0,0.0,0.0,1.0,0.0,0.0,0.0,1.0,0.0,0.0,0.0,0.0,0.0,0.0,1.0,0.0
6416,0.2716049382716049,0.0,0.0,0.0,0.22222222222222227,0.75,0.5940405662922726,0.0,1.0,0.0,0.33333333333333337,0.26968043647701023,0.19246861924686165,0.15710723192019949,0.512287334593573,0.0,1.0,0.0,0.0,0.0,0.0,0.0,0.0,0.0,0.0,0.0,0.0,1.0,0.0,0.0,0.0,0.0,0.0,0.0,0.0,0.0,0.0,0.0,1.0,0.0
6417,0.5061728395061729,0.0,0.0,0.0,0.22222222222222227,0.75,0.6121741045570199,0.0,1.0,0.0,0.33333333333333337,0.26968043647701023,0.19246861924686165,0.15710723192019949,0.512287334593573,0.0,0.0,0.0,0.0,0.0,0.0,0.0,0.0,0.0,1.0,0.0,0.0,0.0,0.0,0.0,0.0,0.0,0.0,0.0,0.0,1.0,0.0,0.0,1.0,0.0
6418,0.29629629629629634,1.0,1.0,0.0,0.22222222222222227,1.0,0.6048403610725471,0.07894736842105263,1.0,0.0,0.33333333333333337,0.26968043647701023,0.19246861924686165,0.15393334844706413,0.512287334593573,0.0,0.0,0.0,0.0,0.0,0.0,0.0,0.0,0.0,1.0,0.0,0.0,1.0,0.0,0.0,0.0,0.0,0.0,0.0,0.0,1.0,0.0,0.0,1.0,0.0
6419,0.1728395061728395,1.0,0.0,0.0,0.22222222222222227,1.0,0.5947922311468027,0.02631578947368421,1.0,0.0,0.33333333333333337,0.26968043647701023,0.19246861924686165,0.15393334844706413,0.512287334593573,0.0,0.0,0.0,0.0,1.0,0.0,0.0,0.0,0.0,0.0,0.0,0.0,0.0,0.0,0.0,0.0,0.0,0.0,0.0,0.0,1.0,0.0,0.0,1.0,0.0
6420,0.20987654320987653,0.0,1.0,0.0,0.22222222222222227,1.0,0.7642490971431724,0.07894736842105263,1.0,0.0,0.33333333333333337,0.26968043647701023,0.19246861924686165,0.15393334844706413,0.512287334593573,1.0,0.0,0.0,0.0,1.0,0.0,0.0,0.0,0.0,0.0,0.0,0.0,0.0,1.0,0.0,0.0,0.0,0.0,0.0,0.0,1.0,0.0,0.0,1.0,0.0
6421,0.1728395061728395,1.0,1.0,0.0,0.22222222222222227,1.0,0.7162857041461708,0.0,1.0,0.0,0.33333333333333337,0.26968043647701023,0.19246861924686165,0.15393334844706413,0.512287334593573,0.0,0.0,0.0,0.0,0.0,0.0,0.0,0.0,0.0,0.0,0.0,0.0,0.0,1.0,0.0,0.0,0.0,0.0,0.0,0.0,1.0,0.0,1.0,1.0,0.0
6422,0.19753086419753085,1.0,0.0,0.0,0.22222222222222227,1.0,0.6778197757555917,0.02631578947368421,1.0,0.0,0.33333333333333337,0.26968043647701023,0.19246861924686165,0.15393334844706413,0.512287334593573,0.0,0.0,0.0,0.0,0.0,0.0,0.0,0.0,0.0,0.0,0.0,0.0,1.0,0.0,0.0,0.0,0.0,0.0,0.0,0.0,1.0,0.0,0.0,1.0,0.0
6423,0.20987654320987653,0.0,0.0,0.0,0.22222222222222227,1.0,0.49636241965296135,0.02631578947368421,1.0,0.0,0.33333333333333337,0.26968043647701023,0.19246861924686165,0.15393334844706413,0.512287334593573,0.0,0.0,0.0,0.0,0.0,0.0,0.0,0.0,0.0,0.0,0.0,0.0,1.0,0.0,0.0,0.0,0.0,1.0,0.0,0.0,0.0,0.0,1.0,1.0,0.0
6424,0.1728395061728395,0.0,0.0,0.0,0.22222222222222227,1.0,0.540547610473664,0.02631578947368421,1.0,0.0,0.33333333333333337,0.26968043647701023,0.19246861924686165,0.15393334844706413,0.512287334593573,0.0,0.0,0.0,0.0,0.0,0.0,0.0,1.0,0.0,0.0,0.0,0.0,0.0,1.0,0.0,0.0,0.0,1.0,0.0,0.0,0.0,0.0,0.0,1.0,0.0
6425,0.19753086419753085,1.0,0.0,0.0,0.22222222222222227,1.0,0.7755737793373901,0.0,1.0,0.0,0.33333333333333337,0.26968043647701023,0.19246861924686165,0.15393334844706413,0.512287334593573,1.0,0.0,0.0,0.0,0.0,0.0,0.0,1.0,0.0,0.0,0.0,0.0,1.0,0.0,0.0,0.0,0.0,1.0,0.0,0.0,0.0,0.0,0.0,1.0,0.0
6426,0.2716049382716049,0.0,0.0,0.0,0.22222222222222227,1.0,0.580467578755373,0.0,1.0,0.0,0.33333333333333337,0.26968043647701023,0.19246861924686165,0.15393334844706413,0.512287334593573,0.0,1.0,0.0,0.0,0.0,0.0,0.0,0.0,0.0,0.0,0.0,0.0,1.0,0.0,0.0,1.0,0.0,0.0,0.0,0.0,0.0,0.0,0.0,1.0,0.0
6427,0.25925925925925924,1.0,0.0,0.0,0.22222222222222227,1.0,0.4756049402686357,0.0,1.0,0.0,0.33333333333333337,0.26968043647701023,0.19246861924686165,0.15393334844706413,0.512287334593573,0.0,1.0,0.0,0.0,0.0,0.0,0.0,0.0,0.0,0.0,0.0,0.0,0.0,1.0,0.0,0.0,1.0,0.0,0.0,0.0,0.0,0.0,1.0,1.0,0.0
6428,0.19753086419753085,1.0,0.0,0.0,0.22222222222222227,1.0,0.5280214103388018,0.0,1.0,0.0,0.33333333333333337,0.26968043647701023,0.19246861924686165,0.15393334844706413,0.512287334593573,0.0,0.0,0.0,0.0,0.0,0.0,0.0,1.0,0.0,0.0,0.0,0.0,1.0,0.0,0.0,0.0,0.0,1.0,0.0,0.0,0.0,0.0,0.0,1.0,0.0
6429,0.34567901234567905,0.0,1.0,0.0,0.22222222222222227,1.0,0.8214301036047047,0.0,1.0,0.0,0.33333333333333337,0.26968043647701023,0.19246861924686165,0.15393334844706413,0.512287334593573,1.0,0.0,0.0,0.0,0.0,0.0,0.0,0.0,0.0,1.0,0.0,0.0,1.0,0.0,0.0,0.0,1.0,0.0,0.0,0.0,0.0,0.0,0.0,1.0,0.0
6430,0.13580246913580246,1.0,0.0,0.0,0.22222222222222227,1.0,0.56984667205054,0.0,1.0,0.0,0.33333333333333337,0.26968043647701023,0.19246861924686165,0.15393334844706413,0.512287334593573,0.0,0.0,0.0,0.0,0.0,0.0,0.0,0.0,1.0,0.0,0.0,0.0,0.0,1.0,0.0,0.0,0.0,0.0,0.0,0.0,1.0,0.0,0.0,1.0,0.0
6431,0.3209876543209876,1.0,0.0,0.0,0.22222222222222227,1.0,0.5485843549516803,0.0,1.0,0.0,0.33333333333333337,0.26968043647701023,0.19246861924686165,0.15393334844706413,0.512287334593573,0.0,0.0,0.0,0.0,0.0,0.0,0.0,0.0,0.0,0.0,1.0,0.0,1.0,0.0,0.0,0.0,1.0,0.0,0.0,0.0,0.0,0.0,0.0,1.0,0.0
6432,0.24691358024691357,0.0,0.0,0.0,0.22222222222222227,1.0,0.6273151724090865,0.0,1.0,0.0,0.33333333333333337,0.26968043647701023,0.19246861924686165,0.15393334844706413,0.512287334593573,0.0,1.0,0.0,0.0,0.0,0.0,0.0,0.0,0.0,0.0,0.0,0.0,1.0,0.0,0.0,0.0,0.0,0.0,0.0,0.0,0.0,0.0,1.0,1.0,0.0
6433,0.2345679012345679,1.0,0.0,0.0,0.22222222222222227,1.0,0.6653434421536871,0.0,1.0,0.14285714285714285,0.33333333333333337,0.26968043647701023,0.19246861924686165,0.15393334844706413,0.512287334593573,0.0,0.0,0.0,0.0,0.0,0.0,0.0,0.0,0.0,1.0,0.0,0.0,1.0,0.0,0.0,0.0,0.0,0.0,0.0,0.0,1.0,0.0,0.0,0.0,0.0
6434,0.34567901234567905,0.0,0.0,0.0,0.22222222222222227,1.0,0.7829137205063029,0.0,1.0,0.0,0.33333333333333337,0.26968043647701023,0.19246861924686165,0.15393334844706413,0.512287334593573,1.0,0.0,0.0,0.0,0.0,0.0,0.0,0.0,0.0,1.0,0.0,0.0,0.0,0.0,0.0,0.0,0.0,0.0,0.0,0.0,1.0,0.0,1.0,1.0,0.0
6435,0.20987654320987653,0.0,1.0,0.0,0.22222222222222227,1.0,0.7809289142472077,0.0,1.0,0.0,0.33333333333333337,0.26968043647701023,0.19246861924686165,0.15393334844706413,0.512287334593573,1.0,1.0,0.0,0.0,0.0,0.0,0.0,0.0,0.0,0.0,0.0,0.0,1.0,0.0,0.0,0.0,1.0,0.0,0.0,0.0,0.0,0.0,0.0,1.0,0.0
6436,0.18518518518518517,1.0,0.0,0.0,0.22222222222222227,1.0,0.6452049071679414,0.0,1.0,0.0,0.33333333333333337,0.26968043647701023,0.19246861924686165,0.15393334844706413,0.512287334593573,0.0,0.0,0.0,1.0,0.0,0.0,0.0,0.0,0.0,0.0,0.0,0.0,1.0,0.0,0.0,0.0,0.0,0.0,0.0,0.0,0.0,0.0,0.0,1.0,0.0
6437,0.18518518518518517,1.0,1.0,0.0,0.22222222222222227,1.0,0.6860343669962174,0.0,1.0,0.0,0.33333333333333337,0.26968043647701023,0.19246861924686165,0.15393334844706413,0.512287334593573,0.0,0.0,0.0,1.0,0.0,0.0,0.0,0.0,0.0,0.0,0.0,0.0,1.0,0.0,0.0,0.0,0.0,0.0,0.0,0.0,0.0,0.0,0.0,1.0,0.0
6438,0.24691358024691357,1.0,0.0,0.0,0.22222222222222227,1.0,0.6628493172872891,0.0,1.0,0.0,0.33333333333333337,0.26968043647701023,0.19246861924686165,0.15393334844706413,0.512287334593573,0.0,0.0,0.0,0.0,0.0,0.0,1.0,0.0,0.0,0.0,0.0,0.0,1.0,0.0,0.0,0.0,0.0,0.0,0.0,0.0,1.0,0.0,0.0,1.0,0.0
6439,0.19753086419753085,1.0,0.0,0.0,0.22222222222222227,1.0,0.7439669119387143,0.0,1.0,0.14285714285714285,0.33333333333333337,0.26968043647701023,0.19246861924686165,0.15393334844706413,0.512287334593573,0.0,0.0,0.0,0.0,0.0,0.0,0.0,1.0,0.0,0.0,0.0,0.0,0.0,1.0,0.0,0.0,0.0,1.0,0.0,0.0,0.0,0.0,0.0,0.0,0.0
6440,0.35802469135802467,1.0,0.0,0.0,0.22222222222222227,1.0,0.661156696006206,0.0,1.0,0.14285714285714285,0.33333333333333337,0.26968043647701023,0.19246861924686165,0.15393334844706413,0.512287334593573,0.0,0.0,0.0,0.0,0.0,0.0,0.0,0.0,0.0,0.0,0.0,0.0,0.0,0.0,0.0,0.0,1.0,0.0,0.0,0.0,0.0,0.0,0.0,0.0,0.0
6441,0.29629629629629634,1.0,0.0,0.0,0.22222222222222227,1.0,0.5393533347388635,0.0,1.0,0.14285714285714285,0.33333333333333337,0.26968043647701023,0.19246861924686165,0.15393334844706413,0.512287334593573,0.0,0.0,0.0,0.0,0.0,0.0,0.0,1.0,0.0,0.0,0.0,0.0,1.0,0.0,0.0,0.0,0.0,1.0,0.0,0.0,0.0,0.0,0.0,0.0,0.0
6442,0.09876543209876543,1.0,1.0,0.0,0.22222222222222227,1.0,0.5796182238056906,0.07894736842105263,1.0,0.0,0.33333333333333337,0.26968043647701023,0.19246861924686165,0.15393334844706413,0.512287334593573,0.0,0.0,0.0,0.0,0.0,0.0,0.0,0.0,0.0,0.0,0.0,0.0,0.0,1.0,0.0,0.0,0.0,1.0,0.0,0.0,0.0,0.0,0.0,1.0,0.0
6443,0.18518518518518517,1.0,1.0,0.0,0.22222222222222227,1.0,0.5770327318283031,0.0,1.0,0.14285714285714285,0.33333333333333337,0.26968043647701023,0.19246861924686165,0.15393334844706413,0.512287334593573,0.0,0.0,0.0,0.0,0.0,0.0,0.0,0.0,0.0,1.0,0.0,0.0,1.0,0.0,0.0,0.0,0.0,0.0,0.0,1.0,0.0,0.0,0.0,0.0,0.0
6444,0.1728395061728395,0.0,0.0,0.0,0.22222222222222227,1.0,0.7714745788882901,0.0,1.0,0.14285714285714285,0.33333333333333337,0.26968043647701023,0.19246861924686165,0.15393334844706413,0.512287334593573,1.0,0.0,0.0,0.0,0.0,0.0,1.0,0.0,0.0,0.0,0.0,0.0,1.0,0.0,0.0,0.0,0.0,0.0,0.0,0.0,1.0,0.0,0.0,0.0,0.0
6445,0.3333333333333333,0.0,0.0,0.0,0.22222222222222227,1.0,0.6781891171876829,0.0,1.0,0.14285714285714285,0.33333333333333337,0.26968043647701023,0.19246861924686165,0.15393334844706413,0.512287334593573,0.0,0.0,0.0,0.0,0.0,0.0,0.0,1.0,0.0,0.0,0.0,0.0,0.0,1.0,0.0,0.0,0.0,1.0,0.0,0.0,0.0,0.0,0.0,0.0,0.0
6446,0.19753086419753085,0.5,0.5,1.0,0.22222222222222227,1.0,0.7912414717597998,0.0,1.0,0.0,0.33333333333333337,0.26968043647701023,0.19246861924686165,0.15393334844706413,0.512287334593573,1.0,1.0,0.0,0.0,0.0,0.0,0.0,0.0,0.0,0.0,0.0,0.0,0.0,1.0,0.0,1.0,0.0,0.0,0.0,0.0,0.0,0.0,0.0,1.0,0.0
6447,0.4444444444444445,1.0,0.0,0.0,0.22222222222222227,1.0,0.6677857821213365,0.0,1.0,0.0,0.33333333333333337,0.26968043647701023,0.19246861924686165,0.15393334844706413,0.512287334593573,0.0,0.0,0.0,0.0,0.0,0.0,0.0,0.0,0.0,0.0,0.0,0.0,1.0,0.0,0.0,0.0,0.0,1.0,0.0,0.0,0.0,0.0,0.0,1.0,0.0
6448,0.2222222222222222,0.0,0.0,0.0,0.22222222222222227,1.0,0.7883861094995741,0.0,1.0,0.0,0.33333333333333337,0.26968043647701023,0.19246861924686165,0.15393334844706413,0.512287334593573,1.0,1.0,0.0,0.0,0.0,0.0,0.0,0.0,0.0,0.0,0.0,0.0,1.0,0.0,0.0,1.0,0.0,0.0,0.0,0.0,0.0,0.0,1.0,1.0,0.0
6449,0.06172839506172839,0.0,0.0,0.0,0.22222222222222227,1.0,0.675955471292364,0.0,1.0,0.0,0.33333333333333337,0.26968043647701023,0.19246861924686165,0.15393334844706413,0.512287334593573,0.0,0.0,0.0,0.0,0.0,0.0,0.0,0.0,1.0,0.0,0.0,0.0,0.0,1.0,0.0,0.0,0.0,1.0,0.0,0.0,0.0,0.0,0.0,1.0,0.0
6450,0.19753086419753085,0.0,0.0,0.0,0.22222222222222227,1.0,0.6940353071368747,0.0,1.0,0.14285714285714285,0.33333333333333337,0.26968043647701023,0.19246861924686165,0.15393334844706413,0.512287334593573,0.0,0.0,0.0,0.0,1.0,0.0,0.0,0.0,0.0,0.0,0.0,0.0,1.0,0.0,0.0,0.0,0.0,0.0,0.0,0.0,1.0,0.0,0.0,0.0,0.0
6451,0.34567901234567905,0.0,0.0,0.0,0.22222222222222227,1.0,0.7448071665789902,0.0,1.0,0.0,0.33333333333333337,0.26968043647701023,0.19246861924686165,0.15393334844706413,0.512287334593573,0.0,0.0,0.0,0.0,0.0,0.0,0.0,0.0,0.0,1.0,0.0,0.0,0.0,1.0,0.0,0.0,0.0,0.0,0.0,0.0,1.0,0.0,0.0,1.0,0.0
6452,0.34567901234567905,0.0,0.0,0.0,0.22222222222222227,1.0,0.7809289142472077,0.0,1.0,0.0,0.33333333333333337,0.26968043647701023,0.19246861924686165,0.15393334844706413,0.512287334593573,0.0,0.0,0.0,0.0,0.0,0.0,0.0,0.0,0.0,1.0,0.0,0.0,0.0,1.0,0.0,0.0,0.0,0.0,0.0,0.0,1.0,0.0,0.0,1.0,0.0
6453,0.18518518518518517,0.0,0.0,0.0,0.22222222222222227,1.0,0.5770327318283031,0.0,1.0,0.14285714285714285,0.33333333333333337,0.26968043647701023,0.19246861924686165,0.15393334844706413,0.512287334593573,0.0,0.0,0.0,0.0,0.0,0.0,0.0,0.0,0.0,1.0,0.0,0.0,1.0,0.0,0.0,0.0,0.0,1.0,0.0,0.0,0.0,0.0,0.0,0.0,0.0
6454,0.13580246913580246,0.0,1.0,0.0,0.22222222222222227,1.0,0.6870647544554597,0.0,1.0,0.14285714285714285,0.33333333333333337,0.26968043647701023,0.19246861924686165,0.15393334844706413,0.512287334593573,0.0,0.0,0.0,0.0,0.0,0.0,0.0,1.0,0.0,0.0,0.0,0.0,1.0,0.0,0.0,0.0,0.0,1.0,0.0,0.0,0.0,0.0,0.0,0.0,0.0
6455,0.30864197530864196,1.0,0.0,0.0,0.22222222222222227,1.0,0.5641535377316825,0.0,1.0,0.0,0.33333333333333337,0.26968043647701023,0.19246861924686165,0.15393334844706413,0.512287334593573,0.0,0.0,0.0,0.0,0.0,0.0,0.0,1.0,0.0,0.0,0.0,0.0,1.0,0.0,0.0,0.0,0.0,1.0,0.0,0.0,0.0,0.0,0.0,1.0,0.0
6456,0.29629629629629634,1.0,0.0,0.0,0.22222222222222227,1.0,0.5581708002178327,0.02631578947368421,1.0,0.0,0.33333333333333337,0.26968043647701023,0.19246861924686165,0.15393334844706413,0.512287334593573,0.0,0.0,0.0,0.0,0.0,0.0,0.0,0.0,0.0,0.0,0.0,0.0,1.0,0.0,0.0,0.0,0.0,0.0,0.0,0.0,1.0,0.0,1.0,1.0,0.0
6457,0.2222222222222222,0.0,0.0,0.0,0.22222222222222227,1.0,0.44515371326687203,0.0,1.0,0.0,0.33333333333333337,0.26968043647701023,0.19246861924686165,0.15393334844706413,0.512287334593573,0.0,1.0,0.0,0.0,0.0,0.0,0.0,0.0,0.0,0.0,0.0,0.0,1.0,0.0,0.0,1.0,0.0,0.0,0.0,0.0,0.0,0.0,1.0,1.0,0.0
6458,0.3703703703703703,1.0,0.0,0.0,0.22222222222222227,1.0,0.5266921854673875,0.02631578947368421,1.0,0.14285714285714285,0.33333333333333337,0.26968043647701023,0.19246861924686165,0.15393334844706413,0.512287334593573,0.0,1.0,0.0,0.0,0.0,0.0,0.0,0.0,0.0,0.0,0.0,0.0,0.0,1.0,0.0,0.0,0.0,0.0,0.0,0.0,0.0,0.0,0.0,0.0,0.0
6459,0.19753086419753085,1.0,0.0,0.0,0.22222222222222227,1.0,0.43394188601811506,0.05263157894736842,1.0,0.0,0.33333333333333337,0.26968043647701023,0.19246861924686165,0.15393334844706413,0.512287334593573,0.0,1.0,0.0,0.0,0.0,0.0,0.0,0.0,0.0,0.0,0.0,0.0,0.0,1.0,0.0,0.0,0.0,0.0,0.0,0.0,0.0,0.0,0.0,1.0,0.0
6460,0.2345679012345679,1.0,0.0,0.0,0.22222222222222227,1.0,0.7315259546695282,0.02631578947368421,1.0,0.0,0.33333333333333337,0.26968043647701023,0.19246861924686165,0.15393334844706413,0.512287334593573,1.0,0.0,0.0,0.0,0.0,0.0,0.0,1.0,0.0,0.0,0.0,0.0,0.0,1.0,0.0,0.0,1.0,0.0,0.0,0.0,0.0,0.0,0.0,1.0,0.0
6461,0.25925925925925924,1.0,0.0,0.0,0.22222222222222227,1.0,0.8413582160387737,0.0,1.0,0.0,0.33333333333333337,0.26968043647701023,0.19246861924686165,0.15393334844706413,0.512287334593573,1.0,0.0,0.0,0.0,1.0,0.0,0.0,0.0,0.0,0.0,0.0,0.0,1.0,0.0,0.0,0.0,0.0,0.0,0.0,0.0,1.0,0.0,0.0,1.0,0.0
6462,0.2222222222222222,0.0,0.0,0.0,0.22222222222222227,1.0,0.8382783416401655,0.02631578947368421,1.0,0.0,0.33333333333333337,0.26968043647701023,0.19246861924686165,0.15393334844706413,0.512287334593573,0.0,0.0,0.0,0.0,0.0,0.0,1.0,0.0,0.0,0.0,0.0,0.0,0.0,1.0,0.0,0.0,0.0,0.0,0.0,0.0,1.0,0.0,0.0,1.0,0.0
6463,0.2222222222222222,0.5,0.5,0.0,0.22222222222222227,1.0,0.7485157621394414,0.02631578947368421,0.01001001001001001,0.14285714285714285,0.33333333333333337,0.26968043647701023,0.19246861924686165,0.15393334844706413,0.512287334593573,1.0,0.0,0.0,0.0,0.0,0.0,0.0,0.0,0.0,0.0,0.0,0.0,0.0,1.0,0.0,0.0,0.0,1.0,0.0,0.0,0.0,0.0,0.0,0.0,1.0
6464,0.2345679012345679,1.0,0.0,0.0,0.22222222222222227,1.0,0.5014409845439322,0.0,1.0,0.0,0.33333333333333337,0.26968043647701023,0.19246861924686165,0.15393334844706413,0.512287334593573,0.0,0.0,0.0,0.0,0.0,0.0,0.0,0.0,0.0,0.0,0.0,0.0,1.0,0.0,0.0,0.0,0.0,0.0,0.0,0.0,1.0,0.0,0.0,1.0,0.0
6465,0.18518518518518517,0.0,0.0,0.0,0.22222222222222227,1.0,0.5641535377316825,0.02631578947368421,1.0,0.0,0.33333333333333337,0.26968043647701023,0.19246861924686165,0.15393334844706413,0.512287334593573,0.0,1.0,0.0,0.0,0.0,0.0,0.0,0.0,0.0,0.0,0.0,0.0,0.0,1.0,0.0,0.0,1.0,0.0,0.0,0.0,0.0,0.0,0.0,1.0,0.0
6466,0.13580246913580246,1.0,0.0,0.0,0.22222222222222227,1.0,0.6811028302176989,0.0,0.011011011011011011,0.14285714285714285,0.33333333333333337,0.26968043647701023,0.19246861924686165,0.15393334844706413,0.512287334593573,0.0,1.0,0.0,0.0,0.0,0.0,0.0,0.0,0.0,0.0,0.0,0.0,1.0,0.0,0.0,0.0,1.0,0.0,0.0,0.0,0.0,0.0,0.0,0.0,1.0
6467,0.2839506172839506,1.0,0.0,0.0,0.22222222222222227,1.0,0.8217570194690736,0.0,1.0,0.0,0.33333333333333337,0.26968043647701023,0.19246861924686165,0.15393334844706413,0.512287334593573,1.0,1.0,0.0,0.0,0.0,0.0,0.0,0.0,0.0,0.0,0.0,0.0,1.0,0.0,0.0,1.0,0.0,0.0,0.0,0.0,0.0,0.0,1.0,1.0,0.0
6468,0.08641975308641975,0.0,0.0,0.0,0.22222222222222227,1.0,0.5266921854673875,0.05263157894736842,1.0,0.0,0.33333333333333337,0.26968043647701023,0.19246861924686165,0.15393334844706413,0.512287334593573,0.0,0.0,0.0,0.0,0.0,0.0,0.0,0.0,0.0,1.0,0.0,0.0,0.0,1.0,0.0,0.0,1.0,0.0,0.0,0.0,0.0,0.0,0.0,1.0,0.0
6469,0.25925925925925924,1.0,1.0,0.0,0.22222222222222227,1.0,0.5970188304191458,0.0,1.0,0.0,0.33333333333333337,0.26968043647701023,0.19246861924686165,0.15393334844706413,0.512287334593573,0.0,0.0,0.0,0.0,0.0,0.0,0.0,0.0,0.0,0.0,0.0,0.0,1.0,0.0,0.0,0.0,0.0,1.0,0.0,0.0,0.0,0.0,0.0,1.0,0.0
6470,0.30864197530864196,0.0,0.0,0.0,0.22222222222222227,1.0,0.6744424581583719,0.05263157894736842,1.0,0.0,0.33333333333333337,0.26968043647701023,0.19246861924686165,0.15393334844706413,0.512287334593573,1.0,0.0,0.0,0.0,0.0,0.0,0.0,0.0,0.0,0.0,0.0,0.0,0.0,0.0,0.0,0.0,0.0,0.0,0.0,0.0,1.0,0.0,0.0,1.0,0.0
6471,0.2222222222222222,1.0,0.0,0.0,0.22222222222222227,1.0,0.7809289142472077,0.0,1.0,0.0,0.33333333333333337,0.26968043647701023,0.19246861924686165,0.15393334844706413,0.512287334593573,1.0,0.0,0.0,0.0,0.0,0.0,0.0,0.0,0.0,0.0,0.0,0.0,1.0,0.0,0.0,0.0,0.0,0.0,0.0,0.0,1.0,0.0,0.0,1.0,0.0
6472,0.29629629629629634,1.0,0.0,0.0,0.22222222222222227,1.0,0.6550330380858423,0.0,1.0,0.14285714285714285,0.33333333333333337,0.26968043647701023,0.19246861924686165,0.15393334844706413,0.512287334593573,0.0,1.0,0.0,0.0,0.0,0.0,0.0,0.0,0.0,0.0,0.0,0.0,0.0,1.0,0.0,1.0,0.0,0.0,0.0,0.0,0.0,0.0,1.0,0.0,0.0
6473,0.3209876543209876,0.0,0.0,0.0,0.22222222222222227,1.0,0.6518473654724107,0.0,1.0,0.0,0.33333333333333337,0.26968043647701023,0.19246861924686165,0.15393334844706413,0.512287334593573,0.0,1.0,0.0,0.0,0.0,0.0,0.0,0.0,0.0,0.0,0.0,0.0,1.0,0.0,0.0,0.0,1.0,0.0,0.0,0.0,0.0,0.0,0.0,1.0,0.0
6474,0.14814814814814814,1.0,0.0,0.0,0.22222222222222227,1.0,0.7235270760911621,0.02631578947368421,1.0,0.14285714285714285,0.33333333333333337,0.26968043647701023,0.19246861924686165,0.15393334844706413,0.512287334593573,0.0,0.0,0.0,0.0,1.0,0.0,0.0,0.0,0.0,0.0,0.0,0.0,0.0,1.0,0.0,0.0,0.0,0.0,0.0,0.0,1.0,0.0,0.0,0.0,0.0
6475,0.1111111111111111,1.0,1.0,0.0,0.22222222222222227,1.0,0.6184662540070037,0.02631578947368421,1.0,0.14285714285714285,0.33333333333333337,0.26968043647701023,0.19246861924686165,0.15393334844706413,0.512287334593573,0.0,1.0,0.0,0.0,0.0,0.0,0.0,0.0,0.0,0.0,0.0,0.0,0.0,1.0,0.0,1.0,0.0,0.0,0.0,0.0,0.0,0.0,0.0,0.0,0.0
6476,0.39506172839506176,1.0,0.0,0.0,0.22222222222222227,1.0,0.5266921854673875,0.0,1.0,0.0,0.33333333333333337,0.26968043647701023,0.19246861924686165,0.15393334844706413,0.512287334593573,0.0,1.0,0.0,0.0,0.0,0.0,0.0,0.0,0.0,0.0,0.0,0.0,1.0,0.0,0.0,0.0,0.0,0.0,0.0,0.0,0.0,0.0,0.0,1.0,0.0
6477,0.2222222222222222,1.0,0.0,0.0,0.22222222222222227,1.0,0.7642490971431724,0.0,0.012012012012012012,0.14285714285714285,0.33333333333333337,0.26968043647701023,0.19246861924686165,0.15393334844706413,0.512287334593573,1.0,0.0,0.0,0.0,0.0,0.0,0.0,0.0,0.0,0.0,0.0,0.0,0.0,1.0,0.0,0.0,0.0,0.0,0.0,0.0,1.0,0.0,0.0,0.0,1.0
6478,0.2222222222222222,0.0,0.0,0.0,0.22222222222222227,1.0,0.7462633231856137,0.0,1.0,0.0,0.33333333333333337,0.26968043647701023,0.19246861924686165,0.15393334844706413,0.512287334593573,1.0,1.0,0.0,0.0,0.0,0.0,0.0,0.0,0.0,0.0,0.0,0.0,0.0,1.0,0.0,0.0,1.0,0.0,0.0,0.0,0.0,0.0,0.0,1.0,0.0
6479,0.3333333333333333,1.0,0.0,0.0,0.22222222222222227,1.0,0.5984801554161608,0.02631578947368421,1.0,0.0,0.33333333333333337,0.26968043647701023,0.19246861924686165,0.15393334844706413,0.512287334593573,0.0,0.0,0.0,0.0,0.0,0.0,0.0,1.0,0.0,0.0,0.0,0.0,0.0,1.0,0.0,0.0,0.0,1.0,0.0,0.0,0.0,0.0,0.0,1.0,0.0
6480,0.13580246913580246,1.0,0.0,0.0,0.22222222222222227,1.0,0.7485157621394414,0.0,1.0,0.0,0.33333333333333337,0.26968043647701023,0.19246861924686165,0.15393334844706413,0.512287334593573,0.0,0.0,0.0,0.0,0.0,0.0,0.0,0.0,0.0,0.0,0.0,0.0,1.0,0.0,0.0,0.0,0.0,1.0,0.0,0.0,0.0,0.0,0.0,1.0,0.0
6481,0.12345679012345678,1.0,0.0,0.0,0.22222222222222227,1.0,0.8562226036782605,0.02631578947368421,1.0,0.0,0.33333333333333337,0.26968043647701023,0.19246861924686165,0.15393334844706413,0.512287334593573,1.0,0.0,0.0,0.0,0.0,0.0,0.0,0.0,0.0,0.0,0.0,0.0,0.0,1.0,0.0,0.0,0.0,1.0,0.0,0.0,0.0,0.0,0.0,1.0,0.0
6482,0.19753086419753085,1.0,0.0,0.0,0.22222222222222227,1.0,0.7631796793281285,0.0,1.0,0.0,0.33333333333333337,0.26968043647701023,0.19246861924686165,0.15393334844706413,0.512287334593573,1.0,1.0,0.0,0.0,0.0,0.0,0.0,0.0,0.0,0.0,0.0,0.0,1.0,0.0,0.0,0.0,1.0,0.0,0.0,0.0,0.0,0.0,0.0,1.0,0.0
6483,0.19753086419753085,0.0,0.0,0.0,0.22222222222222227,1.0,0.7754125248234682,0.0,1.0,0.0,0.33333333333333337,0.26968043647701023,0.19246861924686165,0.15393334844706413,0.512287334593573,1.0,1.0,0.0,0.0,0.0,0.0,0.0,0.0,0.0,0.0,0.0,0.0,1.0,0.0,0.0,0.0,1.0,0.0,0.0,0.0,0.0,0.0,0.0,1.0,0.0
6484,0.19753086419753085,1.0,0.0,0.0,0.22222222222222227,1.0,0.7741144686236345,0.0,1.0,0.0,0.33333333333333337,0.26968043647701023,0.19246861924686165,0.15393334844706413,0.512287334593573,1.0,1.0,0.0,0.0,0.0,0.0,0.0,0.0,0.0,0.0,0.0,0.0,1.0,0.0,0.0,0.0,1.0,0.0,0.0,0.0,0.0,0.0,0.0,1.0,0.0
6485,0.30864197530864196,1.0,0.0,0.0,0.22222222222222227,1.0,0.646660205928461,0.0,1.0,0.0,0.33333333333333337,0.26968043647701023,0.19246861924686165,0.15393334844706413,0.512287334593573,0.0,0.0,0.0,0.0,0.0,0.0,0.0,0.0,0.0,0.0,0.0,0.0,0.0,0.0,0.0,0.0,0.0,0.0,0.0,0.0,1.0,0.0,0.0,1.0,0.0
6486,0.06172839506172839,0.0,0.0,0.0,0.22222222222222227,1.0,0.5266921854673875,0.02631578947368421,1.0,0.0,0.33333333333333337,0.26968043647701023,0.19246861924686165,0.15393334844706413,0.512287334593573,0.0,0.0,0.0,0.0,0.0,0.0,0.0,0.0,1.0,0.0,0.0,0.0,0.0,1.0,0.0,0.0,0.0,1.0,0.0,0.0,0.0,0.0,0.0,1.0,0.0
6487,0.5061728395061729,1.0,0.0,0.0,0.22222222222222227,1.0,0.49636241965296135,0.0,1.0,0.0,0.33333333333333337,0.26968043647701023,0.19246861924686165,0.15393334844706413,0.512287334593573,0.0,0.0,0.0,0.0,0.0,0.0,0.0,0.0,0.0,0.0,0.0,0.0,1.0,0.0,0.0,0.0,0.0,1.0,0.0,0.0,0.0,0.0,0.0,1.0,0.0
6488,0.19753086419753085,0.0,0.0,0.0,0.22222222222222227,1.0,0.529335783224907,0.13157894736842105,1.0,0.0,0.33333333333333337,0.26968043647701023,0.19246861924686165,0.15393334844706413,0.512287334593573,0.0,0.0,0.0,0.0,0.0,0.0,0.0,0.0,0.0,0.0,0.0,0.0,1.0,0.0,0.0,0.0,0.0,0.0,0.0,0.0,1.0,0.0,0.0,1.0,0.0
6489,0.2222222222222222,0.0,0.0,0.0,0.22222222222222227,1.0,0.6590060849288549,0.02631578947368421,1.0,0.0,0.33333333333333337,0.26968043647701023,0.19246861924686165,0.15393334844706413,0.512287334593573,0.0,0.0,1.0,0.0,0.0,0.0,0.0,0.0,0.0,0.0,0.0,0.0,1.0,0.0,0.0,0.0,0.0,0.0,0.0,0.0,1.0,0.0,0.0,1.0,0.0
6490,0.1728395061728395,0.0,0.0,0.0,0.22222222222222227,1.0,0.6442246085825132,0.0,1.0,0.14285714285714285,0.33333333333333337,0.26968043647701023,0.19246861924686165,0.15393334844706413,0.512287334593573,0.0,0.0,0.0,0.0,1.0,0.0,0.0,0.0,0.0,0.0,0.0,0.0,1.0,0.0,0.0,0.0,0.0,0.0,0.0,0.0,1.0,0.0,0.0,0.0,0.0
6491,0.19753086419753085,0.0,1.0,0.0,0.22222222222222227,1.0,0.6518473654724107,0.02631578947368421,1.0,0.0,0.33333333333333337,0.26968043647701023,0.19246861924686165,0.15393334844706413,0.512287334593573,0.0,0.0,0.0,0.0,0.0,0.0,0.0,0.0,0.0,0.0,0.0,0.0,1.0,0.0,0.0,0.0,0.0,1.0,0.0,0.0,0.0,0.0,0.0,1.0,0.0
6492,0.20987654320987653,0.0,0.0,0.0,0.22222222222222227,1.0,0.6550330380858423,0.02631578947368421,1.0,0.14285714285714285,0.33333333333333337,0.26968043647701023,0.19246861924686165,0.15393334844706413,0.512287334593573,0.0,0.0,0.0,0.0,1.0,0.0,0.0,0.0,0.0,0.0,0.0,0.0,0.0,1.0,0.0,0.0,0.0,0.0,0.0,0.0,1.0,0.0,0.0,0.0,0.0
6493,0.4691358024691357,0.0,0.0,0.0,0.22222222222222227,1.0,0.5369277818064884,0.07894736842105263,1.0,0.0,0.33333333333333337,0.26968043647701023,0.19246861924686165,0.15393334844706413,0.512287334593573,0.0,0.0,0.0,0.0,1.0,0.0,0.0,0.0,0.0,0.0,0.0,0.0,1.0,0.0,0.0,0.0,0.0,0.0,0.0,0.0,0.0,0.0,0.0,1.0,0.0
6494,0.18518518518518517,1.0,0.0,0.0,0.22222222222222227,1.0,0.5796182238056906,0.0,1.0,0.14285714285714285,0.33333333333333337,0.26968043647701023,0.19246861924686165,0.15393334844706413,0.512287334593573,0.0,1.0,0.0,0.0,0.0,0.0,0.0,0.0,0.0,0.0,0.0,0.0,1.0,0.0,0.0,0.0,1.0,0.0,0.0,0.0,0.0,0.0,1.0,0.0,0.0
6495,0.1728395061728395,0.0,0.0,0.0,0.22222222222222227,1.0,0.6689881961625146,0.05263157894736842,1.0,0.0,0.33333333333333337,0.26968043647701023,0.19246861924686165,0.15393334844706413,0.512287334593573,0.0,1.0,0.0,0.0,0.0,0.0,0.0,0.0,0.0,0.0,0.0,0.0,1.0,0.0,0.0,1.0,0.0,0.0,0.0,0.0,0.0,0.0,0.0,1.0,0.0
6496,0.2716049382716049,1.0,0.0,0.0,0.22222222222222227,1.0,0.6603011638753588,0.07894736842105263,1.0,0.14285714285714285,0.33333333333333337,0.26968043647701023,0.19246861924686165,0.15393334844706413,0.512287334593573,0.0,0.0,0.0,0.0,0.0,0.0,0.0,0.0,0.0,0.0,0.0,0.0,0.0,1.0,0.0,0.0,0.0,0.0,0.0,0.0,1.0,0.0,0.0,0.0,0.0
6497,0.3209876543209876,0.0,0.0,0.0,0.22222222222222227,1.0,0.4247708684332175,0.10526315789473684,1.0,0.14285714285714285,0.33333333333333337,0.26968043647701023,0.19246861924686165,0.15393334844706413,0.512287334593573,0.0,1.0,0.0,0.0,0.0,0.0,0.0,0.0,0.0,0.0,0.0,0.0,1.0,0.0,0.0,1.0,0.0,0.0,0.0,0.0,0.0,0.0,0.0,0.0,0.0
6498,0.2839506172839506,0.0,1.0,0.0,0.22222222222222227,1.0,0.6811028302176989,0.07894736842105263,1.0,0.0,0.33333333333333337,0.26968043647701023,0.19246861924686165,0.15393334844706413,0.512287334593573,0.0,0.0,0.0,0.0,0.0,0.0,0.0,0.0,0.0,0.0,0.0,0.0,1.0,0.0,0.0,0.0,0.0,1.0,0.0,0.0,0.0,0.0,1.0,1.0,0.0
6499,0.30864197530864196,0.0,0.0,0.0,0.22222222222222227,1.0,0.6748225397474605,0.02631578947368421,1.0,0.0,0.33333333333333337,0.26968043647701023,0.19246861924686165,0.15393334844706413,0.512287334593573,0.0,1.0,0.0,0.0,0.0,0.0,0.0,0.0,0.0,0.0,0.0,0.0,1.0,0.0,0.0,0.0,0.0,0.0,0.0,0.0,0.0,0.0,0.0,1.0,0.0
6500,0.25925925925925924,1.0,0.0,0.0,0.22222222222222227,1.0,0.6485730147319224,0.07894736842105263,1.0,0.0,0.33333333333333337,0.26968043647701023,0.19246861924686165,0.15393334844706413,0.512287334593573,0.0,0.0,0.0,0.0,0.0,0.0,0.0,0.0,0.0,0.0,0.0,0.0,1.0,0.0,0.0,0.0,0.0,1.0,0.0,0.0,0.0,0.0,0.0,1.0,0.0
6501,0.20987654320987653,1.0,0.0,0.0,0.22222222222222227,1.0,0.455389309605973,0.02631578947368421,1.0,0.14285714285714285,0.33333333333333337,0.26968043647701023,0.19246861924686165,0.15393334844706413,0.512287334593573,0.0,0.0,0.0,0.0,0.0,0.0,0.0,0.0,0.0,1.0,0.0,0.0,1.0,0.0,0.0,0.0,0.0,0.0,0.0,0.0,1.0,0.0,0.0,0.0,0.0
6502,0.19753086419753085,1.0,0.0,1.0,0.22222222222222227,1.0,0.5878478128342483,0.02631578947368421,1.0,0.14285714285714285,0.33333333333333337,0.26968043647701023,0.19246861924686165,0.15393334844706413,0.512287334593573,0.0,0.0,0.0,0.0,0.0,0.0,0.0,0.0,0.0,0.0,0.0,0.0,1.0,0.0,0.0,0.0,1.0,0.0,0.0,0.0,0.0,0.0,0.0,0.0,0.0
6503,0.24691358024691357,1.0,0.0,0.0,0.22222222222222227,1.0,0.731993689478543,0.0,1.0,0.0,0.33333333333333337,0.26968043647701023,0.19246861924686165,0.15393334844706413,0.512287334593573,0.0,0.0,0.0,0.0,0.0,0.0,0.0,0.0,0.0,0.0,0.0,0.0,1.0,0.0,0.0,0.0,0.0,1.0,0.0,0.0,0.0,0.0,1.0,1.0,0.0
6504,0.14814814814814814,0.0,1.0,0.0,0.22222222222222227,1.0,0.6607297076989791,0.02631578947368421,1.0,0.0,0.33333333333333337,0.26968043647701023,0.19246861924686165,0.15393334844706413,0.512287334593573,0.0,0.0,0.0,0.0,0.0,0.0,0.0,1.0,0.0,0.0,0.0,0.0,1.0,0.0,0.0,0.0,1.0,0.0,0.0,0.0,0.0,0.0,0.0,1.0,0.0
6505,0.16049382716049382,0.0,1.0,0.0,0.22222222222222227,1.0,0.5932840675469451,0.02631578947368421,1.0,0.0,0.33333333333333337,0.26968043647701023,0.19246861924686165,0.15393334844706413,0.512287334593573,0.0,0.0,0.0,0.0,0.0,0.0,0.0,0.0,0.0,0.0,0.0,0.0,0.0,1.0,0.0,0.0,0.0,1.0,0.0,0.0,0.0,0.0,0.0,1.0,0.0
6506,0.24691358024691357,1.0,0.0,0.0,0.22222222222222227,1.0,0.6657540364605412,0.02631578947368421,1.0,0.14285714285714285,0.33333333333333337,0.26968043647701023,0.19246861924686165,0.15393334844706413,0.512287334593573,0.0,0.0,0.0,0.0,0.0,0.0,0.0,0.0,0.0,0.0,0.0,0.0,1.0,0.0,0.0,0.0,0.0,0.0,0.0,0.0,1.0,0.0,0.0,0.0,0.0
6507,0.16049382716049382,0.5,0.5,0.0,0.22222222222222227,1.0,0.6153622441177717,0.07894736842105263,1.0,0.14285714285714285,0.33333333333333337,0.26968043647701023,0.19246861924686165,0.15393334844706413,0.512287334593573,0.0,0.0,0.0,0.0,0.0,0.0,0.0,1.0,0.0,0.0,0.0,0.0,0.0,0.0,0.0,0.0,0.0,1.0,0.0,0.0,0.0,0.0,0.0,0.0,0.0
6508,0.3703703703703703,0.0,1.0,0.0,0.22222222222222227,1.0,0.7326918229785724,0.02631578947368421,1.0,0.2857142857142857,0.33333333333333337,0.26968043647701023,0.19246861924686165,0.15393334844706413,0.512287334593573,0.0,0.0,0.0,0.0,0.0,0.0,0.0,1.0,0.0,0.0,0.0,0.0,1.0,0.0,0.0,0.0,0.0,1.0,0.0,0.0,0.0,0.0,0.0,0.0,0.0
6509,0.5061728395061729,1.0,0.0,0.0,0.22222222222222227,1.0,0.7682607660080375,0.02631578947368421,1.0,0.0,0.33333333333333337,0.26968043647701023,0.19246861924686165,0.15393334844706413,0.512287334593573,1.0,0.0,0.0,0.0,1.0,0.0,0.0,0.0,0.0,0.0,0.0,0.0,0.0,1.0,0.0,0.0,0.0,0.0,0.0,0.0,1.0,0.0,0.0,1.0,0.0
6510,0.4567901234567901,0.0,0.0,0.0,0.22222222222222227,1.0,0.6334058816143029,0.15789473684210525,1.0,0.0,0.33333333333333337,0.26968043647701023,0.19246861924686165,0.15393334844706413,0.512287334593573,0.0,0.0,0.0,0.0,0.0,0.0,0.0,0.0,0.0,1.0,0.0,0.0,1.0,0.0,0.0,0.0,0.0,0.0,0.0,0.0,1.0,0.0,1.0,1.0,0.0
6511,0.18518518518518517,0.0,0.0,0.0,0.22222222222222227,1.0,0.6328650293995502,0.02631578947368421,1.0,0.14285714285714285,0.33333333333333337,0.26968043647701023,0.19246861924686165,0.15393334844706413,0.512287334593573,0.0,0.0,0.0,0.0,0.0,0.0,0.0,0.0,0.0,1.0,0.0,0.0,0.0,1.0,0.0,0.0,0.0,0.0,0.0,0.0,1.0,0.0,0.0,0.0,0.0
6512,0.19753086419753085,1.0,1.0,0.0,0.22222222222222227,1.0,0.815499544024505,0.05263157894736842,1.0,0.14285714285714285,0.33333333333333337,0.26968043647701023,0.19246861924686165,0.15393334844706413,0.512287334593573,1.0,0.0,0.0,0.0,0.0,0.0,0.0,0.0,0.0,0.0,0.0,0.0,0.0,1.0,0.0,0.0,0.0,0.0,0.0,0.0,1.0,0.0,0.0,0.0,0.0
6513,0.4938271604938272,0.0,0.0,0.0,0.22222222222222227,1.0,0.7065582517915311,0.05263157894736842,1.0,0.0,0.33333333333333337,0.26968043647701023,0.19246861924686165,0.15393334844706413,0.512287334593573,0.0,0.0,0.0,0.0,0.0,0.0,0.0,1.0,0.0,0.0,0.0,0.0,0.0,0.0,0.0,0.0,0.0,0.0,0.0,0.0,0.0,1.0,0.0,1.0,0.0
6514,0.09876543209876543,0.0,0.0,0.0,0.22222222222222227,1.0,0.7677451984209532,0.05263157894736842,1.0,0.14285714285714285,0.33333333333333337,0.26968043647701023,0.19246861924686165,0.15393334844706413,0.512287334593573,1.0,0.0,0.0,0.0,0.0,0.0,0.0,0.0,0.0,0.0,0.0,0.0,0.0,1.0,0.0,0.0,0.0,1.0,0.0,0.0,0.0,0.0,0.0,0.0,0.0
6515,0.3333333333333333,0.0,0.0,0.0,0.22222222222222227,1.0,0.6930644475725992,0.05263157894736842,1.0,0.0,0.33333333333333337,0.26968043647701023,0.19246861924686165,0.15393334844706413,0.512287334593573,0.0,1.0,0.0,0.0,0.0,0.0,0.0,0.0,0.0,0.0,0.0,0.0,1.0,0.0,0.0,0.0,0.0,0.0,0.0,0.0,0.0,0.0,1.0,1.0,0.0
6516,0.4567901234567901,1.0,0.0,1.0,0.22222222222222227,1.0,0.6568154229344138,0.07894736842105263,1.0,0.14285714285714285,0.33333333333333337,0.26968043647701023,0.19246861924686165,0.15393334844706413,0.512287334593573,0.0,0.0,0.0,0.0,0.0,0.0,0.0,0.0,0.0,1.0,0.0,0.0,1.0,0.0,0.0,0.0,0.0,0.0,0.0,0.0,1.0,0.0,1.0,0.0,0.0
6517,0.14814814814814814,0.0,0.0,0.0,0.22222222222222227,1.0,0.7431206122490668,0.02631578947368421,1.0,0.0,0.33333333333333337,0.26968043647701023,0.19246861924686165,0.15393334844706413,0.512287334593573,0.0,0.0,0.0,0.0,0.0,0.0,0.0,0.0,0.0,0.0,0.0,0.0,0.0,1.0,0.0,0.0,0.0,1.0,0.0,0.0,0.0,0.0,0.0,1.0,0.0
6518,0.3209876543209876,1.0,0.0,0.0,0.22222222222222227,1.0,0.6665709505038611,0.05263157894736842,1.0,0.14285714285714285,0.33333333333333337,0.26968043647701023,0.19246861924686165,0.15393334844706413,0.512287334593573,0.0,1.0,0.0,0.0,0.0,0.0,0.0,0.0,0.0,0.0,0.0,0.0,1.0,0.0,0.0,0.0,1.0,0.0,0.0,0.0,0.0,0.0,1.0,0.0,0.0
6519,0.24691358024691357,1.0,1.0,0.0,0.22222222222222227,1.0,0.5725931427044147,0.07894736842105263,1.0,0.0,0.33333333333333337,0.26968043647701023,0.19246861924686165,0.15393334844706413,0.512287334593573,0.0,0.0,0.0,0.0,0.0,0.0,0.0,0.0,0.0,0.0,1.0,0.0,1.0,0.0,0.0,0.0,1.0,0.0,0.0,0.0,0.0,0.0,0.0,1.0,0.0
6520,0.2345679012345679,0.0,0.0,0.0,0.22222222222222227,1.0,0.529335783224907,0.0,1.0,0.0,0.33333333333333337,0.26968043647701023,0.19246861924686165,0.15393334844706413,0.512287334593573,0.0,0.0,0.0,0.0,0.0,0.0,0.0,1.0,0.0,0.0,0.0,0.0,1.0,0.0,0.0,0.0,0.0,1.0,0.0,0.0,0.0,0.0,1.0,1.0,0.0
6521,0.3333333333333333,0.0,0.0,0.0,0.22222222222222227,1.0,0.623268355434684,0.0,1.0,0.0,0.33333333333333337,0.26968043647701023,0.19246861924686165,0.15393334844706413,0.512287334593573,0.0,1.0,0.0,0.0,0.0,0.0,0.0,0.0,0.0,0.0,0.0,0.0,1.0,0.0,0.0,0.0,1.0,0.0,0.0,0.0,0.0,0.0,0.0,1.0,0.0
6522,0.20987654320987653,0.0,0.0,0.0,0.22222222222222227,1.0,0.7116612993527112,0.0,1.0,0.0,0.33333333333333337,0.26968043647701023,0.19246861924686165,0.15393334844706413,0.512287334593573,1.0,1.0,0.0,0.0,0.0,0.0,0.0,0.0,0.0,0.0,0.0,0.0,1.0,0.0,0.0,0.0,1.0,0.0,0.0,0.0,0.0,0.0,0.0,1.0,0.0
6523,0.4567901234567901,0.0,0.0,0.0,0.22222222222222227,0.0,0.6397092724183482,0.10526315789473684,1.0,0.14285714285714285,0.33333333333333337,0.26968043647701023,0.19246861924686165,0.15075946497392884,0.512287334593573,0.0,0.0,0.0,0.0,1.0,0.0,0.0,0.0,0.0,0.0,0.0,0.0,1.0,0.0,0.0,0.0,0.0,1.0,0.0,0.0,0.0,0.0,1.0,0.0,0.0
6524,0.12345679012345678,0.0,0.0,0.0,0.22222222222222227,0.0,0.5280214103388018,0.02631578947368421,1.0,0.0,0.33333333333333337,0.26968043647701023,0.19246861924686165,0.15075946497392884,0.512287334593573,0.0,0.0,0.0,0.0,0.0,0.0,0.0,0.0,0.0,0.0,0.0,0.0,1.0,0.0,0.0,0.0,0.0,1.0,0.0,0.0,0.0,0.0,0.0,1.0,0.0
6525,0.3333333333333333,1.0,0.0,0.0,0.22222222222222227,0.0,0.46252089605584185,0.10526315789473684,1.0,0.0,0.33333333333333337,0.26968043647701023,0.19246861924686165,0.15075946497392884,0.512287334593573,0.0,0.0,0.0,0.0,0.0,0.0,0.0,1.0,0.0,0.0,0.0,0.0,1.0,0.0,0.0,0.0,1.0,0.0,0.0,0.0,0.0,0.0,0.0,1.0,0.0
6526,0.18518518518518517,0.0,0.0,0.0,0.22222222222222227,0.0,0.5169416832156455,0.0,1.0,0.0,0.33333333333333337,0.26968043647701023,0.19246861924686165,0.15075946497392884,0.512287334593573,0.0,1.0,0.0,0.0,0.0,0.0,0.0,0.0,0.0,0.0,0.0,0.0,0.0,1.0,0.0,0.0,0.0,1.0,0.0,0.0,0.0,0.0,0.0,1.0,0.0
6527,0.3209876543209876,0.5,0.5,0.0,0.22222222222222227,0.0,0.7277155762200722,0.02631578947368421,1.0,0.0,0.33333333333333337,0.26968043647701023,0.19246861924686165,0.15075946497392884,0.512287334593573,0.0,1.0,0.0,0.0,0.0,0.0,0.0,0.0,0.0,0.0,0.0,0.0,1.0,0.0,0.0,0.0,0.0,0.0,0.0,0.0,0.0,0.0,1.0,1.0,0.0
6528,0.19753086419753085,0.0,0.0,0.0,0.22222222222222227,0.0,0.7633585921374992,0.0,1.0,0.0,0.33333333333333337,0.26968043647701023,0.19246861924686165,0.15075946497392884,0.512287334593573,1.0,0.0,0.0,0.0,0.0,0.0,0.0,0.0,0.0,0.0,0.0,0.0,0.0,1.0,0.0,0.0,0.0,0.0,0.0,0.0,1.0,0.0,0.0,1.0,0.0
6529,0.12345679012345678,1.0,0.0,0.0,0.22222222222222227,0.0,0.6295666315558228,0.0,1.0,0.0,0.33333333333333337,0.26968043647701023,0.19246861924686165,0.15075946497392884,0.512287334593573,0.0,1.0,0.0,0.0,0.0,0.0,0.0,0.0,0.0,0.0,0.0,0.0,1.0,0.0,0.0,0.0,1.0,0.0,0.0,0.0,0.0,0.0,0.0,1.0,0.0
6530,0.24691358024691357,0.0,0.0,1.0,0.22222222222222227,0.0,0.5518674094137875,0.02631578947368421,1.0,0.14285714285714285,0.33333333333333337,0.26968043647701023,0.19246861924686165,0.15075946497392884,0.512287334593573,0.0,0.0,0.0,0.0,0.0,0.0,0.0,1.0,0.0,0.0,0.0,0.0,1.0,0.0,0.0,0.0,0.0,1.0,0.0,0.0,0.0,0.0,0.0,0.0,0.0
6531,0.24691358024691357,0.0,0.0,0.0,0.22222222222222227,0.0,0.6620060509558884,0.0,0.009009009009009009,0.14285714285714285,0.33333333333333337,0.26968043647701023,0.19246861924686165,0.15075946497392884,0.512287334593573,0.0,0.0,1.0,0.0,0.0,0.0,0.0,0.0,0.0,0.0,0.0,0.0,1.0,0.0,0.0,0.0,1.0,0.0,0.0,0.0,0.0,0.0,0.0,0.0,1.0
6532,0.16049382716049382,1.0,0.0,0.0,0.22222222222222227,0.0,0.8170953941702636,0.0,1.0,0.14285714285714285,0.33333333333333337,0.26968043647701023,0.19246861924686165,0.15075946497392884,0.512287334593573,1.0,1.0,0.0,0.0,0.0,0.0,0.0,0.0,0.0,0.0,0.0,0.0,1.0,0.0,0.0,0.0,1.0,0.0,0.0,0.0,0.0,0.0,0.0,0.0,0.0
6533,0.07407407407407407,1.0,0.0,0.0,0.22222222222222227,0.0,0.7633585921374992,0.0,1.0,0.0,0.33333333333333337,0.26968043647701023,0.19246861924686165,0.15075946497392884,0.512287334593573,1.0,1.0,0.0,0.0,0.0,0.0,0.0,0.0,0.0,0.0,0.0,0.0,0.0,1.0,0.0,0.0,1.0,0.0,0.0,0.0,0.0,0.0,0.0,1.0,0.0
6534,0.2222222222222222,1.0,0.0,0.0,0.22222222222222227,0.0,0.4368466051913672,0.18421052631578946,0.01001001001001001,0.14285714285714285,0.33333333333333337,0.26968043647701023,0.19246861924686165,0.15075946497392884,0.512287334593573,0.0,1.0,0.0,0.0,0.0,0.0,0.0,0.0,0.0,0.0,0.0,0.0,1.0,0.0,0.0,0.0,0.0,0.0,0.0,0.0,0.0,1.0,0.0,0.0,1.0
6535,0.18518518518518517,1.0,0.0,0.0,0.22222222222222227,0.0,0.7689446932222594,0.0,1.0,0.0,0.33333333333333337,0.26968043647701023,0.19246861924686165,0.15075946497392884,0.512287334593573,1.0,0.0,0.0,0.0,0.0,0.0,0.0,0.0,0.0,0.0,0.0,0.0,1.0,0.0,0.0,0.0,0.0,1.0,0.0,0.0,0.0,0.0,0.0,1.0,0.0
6536,0.18518518518518517,1.0,0.0,0.0,0.22222222222222227,0.0,0.5940405662922726,0.02631578947368421,1.0,0.0,0.33333333333333337,0.26968043647701023,0.19246861924686165,0.15075946497392884,0.512287334593573,0.0,0.0,0.0,0.0,0.0,0.0,0.0,0.0,0.0,0.0,0.0,0.0,1.0,0.0,0.0,0.0,0.0,1.0,0.0,0.0,0.0,0.0,0.0,1.0,0.0
6537,0.1728395061728395,0.0,0.0,0.0,0.22222222222222227,0.0,0.758243214494081,0.0,1.0,0.14285714285714285,0.33333333333333337,0.26968043647701023,0.19246861924686165,0.15075946497392884,0.512287334593573,1.0,0.0,0.0,0.0,0.0,0.0,0.0,0.0,0.0,1.0,0.0,0.0,0.0,1.0,0.0,0.0,0.0,0.0,0.0,0.0,1.0,0.0,0.0,0.0,0.0
6538,0.1111111111111111,0.0,1.0,0.0,0.22222222222222227,0.0,0.786785606586147,0.02631578947368421,1.0,0.0,0.33333333333333337,0.26968043647701023,0.19246861924686165,0.15075946497392884,0.512287334593573,1.0,0.0,0.0,0.0,0.0,0.0,0.0,0.0,1.0,0.0,0.0,0.0,0.0,1.0,0.0,0.0,0.0,0.0,0.0,0.0,0.0,0.0,0.0,1.0,0.0
6539,0.1728395061728395,1.0,0.0,0.0,0.22222222222222227,0.0,0.8614622821119898,0.0,1.0,0.14285714285714285,0.33333333333333337,0.26968043647701023,0.19246861924686165,0.15075946497392884,0.512287334593573,1.0,0.0,0.0,0.0,0.0,0.0,0.0,0.0,0.0,1.0,0.0,0.0,0.0,1.0,0.0,0.0,0.0,0.0,0.0,0.0,1.0,0.0,0.0,0.0,0.0
6540,0.20987654320987653,1.0,0.0,0.0,0.22222222222222227,0.0,0.8046887135343407,0.0,1.0,0.14285714285714285,0.33333333333333337,0.26968043647701023,0.19246861924686165,0.15075946497392884,0.512287334593573,1.0,0.0,0.0,0.0,0.0,0.0,0.0,0.0,0.0,1.0,0.0,0.0,1.0,0.0,0.0,0.0,0.0,0.0,0.0,1.0,0.0,0.0,0.0,0.0,0.0
6541,0.2345679012345679,1.0,0.0,0.0,0.22222222222222227,0.0,0.7113835302756325,0.0,0.012012012012012012,0.14285714285714285,0.33333333333333337,0.26968043647701023,0.19246861924686165,0.15075946497392884,0.512287334593573,0.0,1.0,0.0,0.0,0.0,0.0,0.0,0.0,0.0,0.0,0.0,0.0,0.0,0.0,0.0,0.0,1.0,0.0,0.0,0.0,0.0,0.0,0.0,0.0,1.0
6542,0.12345679012345678,1.0,0.0,0.0,0.22222222222222227,0.0,0.5829794567444476,0.0,1.0,0.0,0.33333333333333337,0.26968043647701023,0.19246861924686165,0.15075946497392884,0.512287334593573,0.0,0.0,0.0,0.0,0.0,0.0,1.0,0.0,0.0,0.0,0.0,0.0,1.0,0.0,0.0,0.0,0.0,0.0,0.0,0.0,1.0,0.0,0.0,1.0,0.0
6543,0.2716049382716049,1.0,0.0,0.0,0.22222222222222227,0.0,0.5239878100544288,0.0,1.0,0.0,0.33333333333333337,0.26968043647701023,0.19246861924686165,0.15075946497392884,0.512287334593573,0.0,1.0,0.0,0.0,0.0,0.0,0.0,0.0,0.0,0.0,0.0,0.0,0.0,1.0,0.0,0.0,1.0,0.0,0.0,0.0,0.0,0.0,0.0,1.0,0.0
6544,0.2222222222222222,1.0,0.0,0.0,0.22222222222222227,0.0,0.5306356323565045,0.0,1.0,0.14285714285714285,0.33333333333333337,0.26968043647701023,0.19246861924686165,0.15075946497392884,0.512287334593573,0.0,0.0,0.0,0.0,0.0,0.0,0.0,0.0,0.0,1.0,0.0,0.0,1.0,0.0,0.0,0.0,0.0,0.0,0.0,1.0,0.0,0.0,0.0,0.0,0.0
6545,0.2716049382716049,0.0,0.0,0.0,0.22222222222222227,0.0,0.7079981124787547,0.0,1.0,0.0,0.33333333333333337,0.26968043647701023,0.19246861924686165,0.15075946497392884,0.512287334593573,0.0,0.0,0.0,0.0,0.0,0.0,0.0,1.0,0.0,0.0,0.0,0.0,1.0,0.0,0.0,0.0,0.0,1.0,0.0,0.0,0.0,0.0,0.0,1.0,0.0
6546,0.1728395061728395,0.0,0.0,0.0,0.22222222222222227,0.0,0.7762165959614749,0.02631578947368421,1.0,0.0,0.33333333333333337,0.26968043647701023,0.19246861924686165,0.15075946497392884,0.512287334593573,1.0,0.0,0.0,0.0,0.0,0.0,0.0,0.0,0.0,1.0,0.0,0.0,1.0,0.0,0.0,0.0,0.0,0.0,0.0,0.0,1.0,0.0,0.0,1.0,0.0
6547,0.14814814814814814,1.0,0.0,0.0,0.22222222222222227,0.0,0.6048403610725471,0.0,1.0,0.14285714285714285,0.33333333333333337,0.26968043647701023,0.19246861924686165,0.15075946497392884,0.512287334593573,0.0,0.0,0.0,0.0,0.0,0.0,0.0,0.0,0.0,1.0,0.0,0.0,0.0,1.0,0.0,0.0,1.0,0.0,0.0,0.0,0.0,0.0,0.0,0.0,0.0
6548,0.4074074074074074,0.0,0.0,0.0,0.22222222222222227,0.0,0.725022458297862,0.0,0.009009009009009009,0.14285714285714285,0.33333333333333337,0.26968043647701023,0.19246861924686165,0.15075946497392884,0.512287334593573,1.0,1.0,0.0,0.0,0.0,0.0,0.0,0.0,0.0,0.0,0.0,0.0,1.0,0.0,0.0,0.0,0.0,0.0,0.0,0.0,0.0,0.0,0.0,0.0,1.0
6549,0.25925925925925924,1.0,0.0,0.0,0.22222222222222227,0.0,0.6736785908672379,0.0,1.0,0.0,0.33333333333333337,0.26968043647701023,0.19246861924686165,0.15075946497392884,0.512287334593573,0.0,1.0,0.0,0.0,0.0,0.0,0.0,0.0,0.0,0.0,0.0,0.0,1.0,0.0,0.0,0.0,0.0,1.0,0.0,0.0,0.0,0.0,1.0,1.0,0.0
6550,0.12345679012345678,0.0,1.0,0.0,0.22222222222222227,0.0,0.7709729356995799,0.0,0.012012012012012012,0.14285714285714285,0.33333333333333337,0.26968043647701023,0.19246861924686165,0.15075946497392884,0.512287334593573,1.0,0.0,0.0,0.0,0.0,0.0,0.0,0.0,0.0,1.0,0.0,0.0,0.0,1.0,0.0,0.0,1.0,0.0,0.0,0.0,0.0,0.0,0.0,0.0,1.0
6551,0.14814814814814814,1.0,0.0,0.0,0.22222222222222227,0.0,0.7649566791231055,0.0,1.0,0.0,0.33333333333333337,0.26968043647701023,0.19246861924686165,0.15075946497392884,0.512287334593573,1.0,1.0,0.0,0.0,0.0,0.0,0.0,0.0,0.0,0.0,0.0,0.0,1.0,0.0,0.0,0.0,1.0,0.0,0.0,0.0,0.0,0.0,0.0,1.0,0.0
6552,0.3209876543209876,0.0,0.0,0.0,0.22222222222222227,0.0,0.24461541660154618,0.13157894736842105,1.0,0.0,0.33333333333333337,0.26968043647701023,0.19246861924686165,0.15075946497392884,0.512287334593573,0.0,1.0,0.0,0.0,0.0,0.0,0.0,0.0,0.0,0.0,0.0,0.0,1.0,0.0,0.0,0.0,1.0,0.0,0.0,0.0,0.0,0.0,1.0,1.0,0.0
6553,0.20987654320987653,1.0,0.0,0.0,0.22222222222222227,0.0,0.6376454449299462,0.0,1.0,0.14285714285714285,0.33333333333333337,0.26968043647701023,0.19246861924686165,0.15075946497392884,0.512287334593573,0.0,0.0,0.0,0.0,0.0,0.0,0.0,0.0,0.0,1.0,0.0,0.0,1.0,0.0,0.0,0.0,0.0,1.0,0.0,0.0,0.0,0.0,0.0,0.0,0.0
6554,0.1728395061728395,1.0,0.0,0.0,0.22222222222222227,0.0,0.5909849360662706,0.02631578947368421,1.0,0.14285714285714285,0.33333333333333337,0.26968043647701023,0.19246861924686165,0.15075946497392884,0.512287334593573,0.0,0.0,0.0,0.0,0.0,0.0,0.0,1.0,0.0,0.0,0.0,0.0,0.0,1.0,0.0,0.0,0.0,1.0,0.0,0.0,0.0,0.0,0.0,0.0,0.0
6555,0.12345679012345678,1.0,1.0,0.0,0.22222222222222227,0.0,0.5932840675469451,0.0,1.0,0.14285714285714285,0.33333333333333337,0.26968043647701023,0.19246861924686165,0.15075946497392884,0.512287334593573,0.0,0.0,0.0,0.0,0.0,0.0,0.0,0.0,0.0,0.0,0.0,1.0,0.0,1.0,0.0,0.0,0.0,1.0,0.0,0.0,0.0,0.0,1.0,0.0,0.0
6556,0.20987654320987653,1.0,0.0,0.0,0.22222222222222227,0.0,0.7227721955360867,0.0,1.0,0.0,0.33333333333333337,0.26968043647701023,0.19246861924686165,0.15075946497392884,0.512287334593573,0.0,0.0,0.0,0.0,0.0,0.0,0.0,1.0,0.0,0.0,0.0,0.0,0.0,0.0,0.0,0.0,1.0,0.0,0.0,0.0,0.0,0.0,0.0,1.0,0.0
6557,0.16049382716049382,0.0,0.0,0.0,0.22222222222222227,0.0,0.5761581170225034,0.0,1.0,0.0,0.33333333333333337,0.26968043647701023,0.19246861924686165,0.15075946497392884,0.512287334593573,0.0,0.0,0.0,0.0,0.0,0.0,0.0,0.0,0.0,0.0,0.0,0.0,0.0,1.0,0.0,0.0,0.0,1.0,0.0,0.0,0.0,0.0,0.0,1.0,0.0
6558,0.2345679012345679,1.0,0.0,0.0,0.22222222222222227,0.0,0.481638834621511,0.0,1.0,0.0,0.33333333333333337,0.26968043647701023,0.19246861924686165,0.15075946497392884,0.512287334593573,0.0,0.0,0.0,0.0,0.0,0.0,0.0,0.0,0.0,1.0,0.0,0.0,0.0,1.0,0.0,0.0,0.0,0.0,0.0,1.0,0.0,0.0,0.0,1.0,0.0
6559,0.20987654320987653,0.0,0.0,0.0,0.22222222222222227,0.0,0.5670345425314071,0.02631578947368421,1.0,0.0,0.33333333333333337,0.26968043647701023,0.19246861924686165,0.15075946497392884,0.512287334593573,0.0,0.0,0.0,0.0,0.0,0.0,0.0,0.0,0.0,0.0,1.0,0.0,1.0,0.0,0.0,0.0,1.0,0.0,0.0,0.0,0.0,0.0,0.0,1.0,0.0
6560,0.12345679012345678,0.0,0.0,0.0,0.22222222222222227,0.0,0.7626413024182143,0.0,1.0,0.0,0.33333333333333337,0.26968043647701023,0.19246861924686165,0.15075946497392884,0.512287334593573,1.0,1.0,0.0,0.0,0.0,0.0,0.0,0.0,0.0,0.0,0.0,0.0,1.0,0.0,0.0,0.0,1.0,0.0,0.0,0.0,0.0,0.0,0.0,1.0,0.0
6561,0.1111111111111111,0.0,0.0,0.0,0.22222222222222227,0.0,0.7546408897551403,0.02631578947368421,1.0,0.0,0.33333333333333337,0.26968043647701023,0.19246861924686165,0.15075946497392884,0.512287334593573,1.0,0.0,0.0,0.0,0.0,0.0,0.0,0.0,0.0,0.0,0.0,0.0,0.0,1.0,0.0,0.0,0.0,1.0,0.0,0.0,0.0,0.0,0.0,1.0,0.0
6562,0.3333333333333333,1.0,0.0,0.0,0.22222222222222227,0.0,0.5854388177384106,0.02631578947368421,1.0,0.14285714285714285,0.33333333333333337,0.26968043647701023,0.19246861924686165,0.15075946497392884,0.512287334593573,0.0,1.0,0.0,0.0,0.0,0.0,0.0,0.0,0.0,0.0,0.0,0.0,1.0,0.0,0.0,0.0,1.0,0.0,0.0,0.0,0.0,0.0,1.0,0.0,0.0
6563,0.2222222222222222,1.0,0.0,0.0,0.22222222222222227,0.0,0.5094464638657551,0.0,1.0,0.14285714285714285,0.33333333333333337,0.26968043647701023,0.19246861924686165,0.15075946497392884,0.512287334593573,0.0,0.0,0.0,0.0,0.0,0.0,0.0,0.0,0.0,0.0,0.0,0.0,0.0,1.0,0.0,0.0,0.0,0.0,0.0,0.0,1.0,0.0,0.0,0.0,0.0
6564,0.20987654320987653,1.0,1.0,0.0,0.22222222222222227,0.0,0.4756049402686357,0.0,1.0,0.14285714285714285,0.33333333333333337,0.26968043647701023,0.19246861924686165,0.15075946497392884,0.512287334593573,0.0,0.0,0.0,0.0,0.0,0.0,0.0,0.0,0.0,0.0,0.0,0.0,0.0,0.0,1.0,0.0,0.0,0.0,0.0,0.0,1.0,0.0,0.0,0.0,0.0
6565,0.18518518518518517,1.0,0.0,0.0,0.22222222222222227,0.0,0.5452070373544604,0.02631578947368421,1.0,0.0,0.33333333333333337,0.26968043647701023,0.19246861924686165,0.15075946497392884,0.512287334593573,0.0,1.0,0.0,0.0,0.0,0.0,0.0,0.0,0.0,0.0,0.0,0.0,1.0,0.0,0.0,0.0,1.0,0.0,0.0,0.0,0.0,0.0,0.0,1.0,0.0
6566,0.2716049382716049,0.0,0.0,0.0,0.22222222222222227,0.0,0.749324254321852,0.02631578947368421,1.0,0.0,0.33333333333333337,0.26968043647701023,0.19246861924686165,0.15075946497392884,0.512287334593573,1.0,1.0,0.0,0.0,0.0,0.0,0.0,0.0,0.0,0.0,0.0,0.0,0.0,1.0,0.0,0.0,1.0,0.0,0.0,0.0,0.0,0.0,0.0,1.0,0.0
6567,0.20987654320987653,1.0,0.0,0.0,0.22222222222222227,0.0,0.6729097309439991,0.0,1.0,0.14285714285714285,0.33333333333333337,0.26968043647701023,0.19246861924686165,0.15075946497392884,0.512287334593573,0.0,0.0,0.0,0.0,0.0,0.0,0.0,0.0,0.0,0.0,0.0,0.0,0.0,0.0,1.0,0.0,0.0,0.0,0.0,0.0,1.0,0.0,0.0,0.0,0.0
6568,0.07407407407407407,1.0,0.0,0.0,0.22222222222222227,0.0,0.7660101352632623,0.0,1.0,0.0,0.33333333333333337,0.26968043647701023,0.19246861924686165,0.15075946497392884,0.512287334593573,1.0,1.0,0.0,0.0,0.0,0.0,0.0,0.0,0.0,0.0,0.0,0.0,0.0,1.0,0.0,0.0,1.0,0.0,0.0,0.0,0.0,0.0,0.0,1.0,0.0
6569,0.19753086419753085,1.0,0.0,0.0,0.22222222222222227,0.0,0.5047088377203057,0.07894736842105263,1.0,0.0,0.33333333333333337,0.26968043647701023,0.19246861924686165,0.15075946497392884,0.512287334593573,0.0,0.0,0.0,0.0,0.0,0.0,0.0,1.0,0.0,0.0,0.0,0.0,1.0,0.0,0.0,1.0,0.0,0.0,0.0,0.0,0.0,0.0,0.0,1.0,0.0
6570,0.43209876543209874,1.0,0.0,0.0,0.22222222222222227,0.0,0.8041843820030724,0.0,1.0,0.0,0.33333333333333337,0.26968043647701023,0.19246861924686165,0.15075946497392884,0.512287334593573,1.0,0.0,0.0,0.0,0.0,0.0,0.0,1.0,0.0,0.0,0.0,0.0,1.0,0.0,0.0,0.0,0.0,1.0,0.0,0.0,0.0,0.0,1.0,1.0,0.0
6571,0.1728395061728395,0.0,0.0,0.0,0.22222222222222227,0.0,0.6447157790225418,0.05263157894736842,1.0,0.14285714285714285,0.33333333333333337,0.26968043647701023,0.19246861924686165,0.15075946497392884,0.512287334593573,0.0,0.0,0.0,0.0,0.0,0.0,0.0,0.0,0.0,0.0,0.0,0.0,0.0,0.0,0.0,0.0,0.0,0.0,0.0,0.0,1.0,0.0,0.0,0.0,0.0
6572,0.25925925925925924,0.0,1.0,1.0,0.22222222222222227,0.0,0.5970188304191458,0.0,1.0,0.14285714285714285,0.33333333333333337,0.26968043647701023,0.19246861924686165,0.15075946497392884,0.512287334593573,0.0,1.0,0.0,0.0,0.0,0.0,0.0,0.0,0.0,0.0,0.0,0.0,1.0,0.0,0.0,0.0,1.0,0.0,0.0,0.0,0.0,0.0,0.0,0.0,0.0
6573,0.13580246913580246,0.0,0.0,0.0,0.22222222222222227,0.0,0.7324595718676206,0.02631578947368421,1.0,0.0,0.33333333333333337,0.26968043647701023,0.19246861924686165,0.15075946497392884,0.512287334593573,0.0,1.0,0.0,0.0,0.0,0.0,0.0,0.0,0.0,0.0,0.0,0.0,1.0,0.0,0.0,0.0,0.0,0.0,0.0,0.0,0.0,0.0,0.0,1.0,0.0
6574,0.12345679012345678,0.0,0.0,0.0,0.22222222222222227,0.0,0.7542552003949271,0.05263157894736842,1.0,0.0,0.33333333333333337,0.26968043647701023,0.19246861924686165,0.15075946497392884,0.512287334593573,1.0,0.0,0.0,1.0,0.0,0.0,0.0,0.0,0.0,0.0,0.0,0.0,1.0,0.0,0.0,1.0,0.0,0.0,0.0,0.0,0.0,0.0,0.0,1.0,0.0
6575,0.38271604938271603,1.0,1.0,0.0,0.22222222222222227,0.0,0.7230243610120375,0.0,1.0,0.0,0.33333333333333337,0.26968043647701023,0.19246861924686165,0.15075946497392884,0.512287334593573,1.0,0.0,0.0,0.0,0.0,0.0,0.0,0.0,0.0,0.0,0.0,0.0,0.0,0.0,0.0,0.0,0.0,1.0,0.0,0.0,0.0,0.0,1.0,1.0,0.0
6576,0.35802469135802467,1.0,1.0,1.0,0.22222222222222227,0.0,0.3877062624117341,0.0,1.0,0.0,0.33333333333333337,0.26968043647701023,0.19246861924686165,0.15075946497392884,0.512287334593573,0.0,0.0,0.0,0.0,1.0,0.0,0.0,0.0,0.0,0.0,0.0,0.0,1.0,0.0,0.0,1.0,0.0,0.0,0.0,0.0,0.0,0.0,0.0,1.0,0.0
6577,0.1728395061728395,1.0,0.0,0.0,0.22222222222222227,0.0,0.7252698509221354,0.0,1.0,0.14285714285714285,0.33333333333333337,0.26968043647701023,0.19246861924686165,0.15075946497392884,0.512287334593573,1.0,1.0,0.0,0.0,0.0,0.0,0.0,0.0,0.0,0.0,0.0,0.0,1.0,0.0,0.0,0.0,1.0,0.0,0.0,0.0,0.0,0.0,0.0,0.0,0.0
6578,0.4938271604938272,1.0,0.0,0.0,0.22222222222222227,0.0,0.5078883596370491,0.0,1.0,0.0,0.33333333333333337,0.26968043647701023,0.19246861924686165,0.15075946497392884,0.512287334593573,0.0,0.0,0.0,0.0,0.0,0.0,0.0,0.0,0.0,1.0,0.0,0.0,1.0,0.0,0.0,0.0,0.0,1.0,0.0,0.0,0.0,0.0,0.0,1.0,0.0
6579,0.13580246913580246,0.0,0.0,0.0,0.22222222222222227,0.0,0.4980797516051752,0.02631578947368421,1.0,0.14285714285714285,0.33333333333333337,0.26968043647701023,0.19246861924686165,0.15075946497392884,0.512287334593573,0.0,1.0,0.0,0.0,0.0,0.0,0.0,0.0,0.0,0.0,0.0,0.0,1.0,0.0,0.0,1.0,0.0,0.0,0.0,0.0,0.0,0.0,1.0,0.0,0.0
6580,0.18518518518518517,1.0,1.0,0.0,0.22222222222222227,0.0,0.5344511608683252,0.02631578947368421,1.0,0.0,0.33333333333333337,0.26968043647701023,0.19246861924686165,0.15075946497392884,0.512287334593573,0.0,1.0,0.0,0.0,0.0,0.0,0.0,0.0,0.0,0.0,0.0,0.0,1.0,0.0,0.0,0.0,1.0,0.0,0.0,0.0,0.0,0.0,0.0,1.0,0.0
6581,0.35802469135802467,0.0,0.0,0.0,0.22222222222222227,0.0,0.80864736760459,0.0,1.0,0.0,0.33333333333333337,0.26968043647701023,0.19246861924686165,0.15075946497392884,0.512287334593573,1.0,0.0,0.0,0.0,1.0,0.0,0.0,0.0,0.0,0.0,0.0,0.0,1.0,0.0,0.0,1.0,0.0,0.0,0.0,0.0,0.0,0.0,0.0,1.0,0.0
6582,0.18518518518518517,1.0,1.0,0.0,0.22222222222222227,0.0,0.7124906927966042,0.0,1.0,0.0,0.33333333333333337,0.26968043647701023,0.19246861924686165,0.15075946497392884,0.512287334593573,0.0,0.0,0.0,0.0,0.0,0.0,0.0,0.0,0.0,1.0,0.0,0.0,0.0,1.0,0.0,0.0,0.0,1.0,0.0,0.0,0.0,0.0,0.0,1.0,0.0
6583,0.16049382716049382,0.0,0.0,0.0,0.22222222222222227,0.0,0.5970188304191458,0.02631578947368421,0.011011011011011011,0.14285714285714285,0.33333333333333337,0.26968043647701023,0.19246861924686165,0.15075946497392884,0.512287334593573,0.0,0.0,0.0,0.0,0.0,0.0,0.0,1.0,0.0,0.0,0.0,0.0,0.0,0.0,0.0,0.0,0.0,1.0,0.0,0.0,0.0,0.0,0.0,0.0,1.0
6584,0.13580246913580246,0.5,0.5,1.0,0.22222222222222227,0.0,0.6576965892230189,0.0,1.0,0.14285714285714285,0.33333333333333337,0.26968043647701023,0.19246861924686165,0.15075946497392884,0.512287334593573,0.0,1.0,0.0,0.0,0.0,0.0,0.0,0.0,0.0,0.0,0.0,0.0,1.0,0.0,0.0,0.0,1.0,0.0,0.0,0.0,0.0,0.0,1.0,0.0,0.0
6585,0.2222222222222222,1.0,0.0,0.0,0.22222222222222227,0.0,0.758243214494081,0.0,1.0,0.0,0.33333333333333337,0.26968043647701023,0.19246861924686165,0.15075946497392884,0.512287334593573,0.0,1.0,0.0,0.0,0.0,0.0,0.0,0.0,0.0,0.0,0.0,0.0,1.0,0.0,0.0,0.0,0.0,0.0,0.0,0.0,0.0,0.0,0.0,1.0,0.0
6586,0.16049382716049382,1.0,0.0,0.0,0.22222222222222227,0.0,0.5561069727294308,0.0,1.0,0.0,0.33333333333333337,0.26968043647701023,0.19246861924686165,0.15075946497392884,0.512287334593573,0.0,0.0,0.0,0.0,0.0,0.0,0.0,0.0,0.0,1.0,0.0,0.0,0.0,1.0,0.0,0.0,1.0,0.0,0.0,0.0,0.0,0.0,0.0,1.0,0.0
6587,0.3703703703703703,1.0,1.0,0.0,0.22222222222222227,0.0,0.4776508205223571,0.0,1.0,0.0,0.33333333333333337,0.26968043647701023,0.19246861924686165,0.15075946497392884,0.512287334593573,0.0,1.0,0.0,0.0,0.0,0.0,0.0,0.0,0.0,0.0,0.0,0.0,1.0,0.0,0.0,0.0,0.0,1.0,0.0,0.0,0.0,0.0,0.0,1.0,0.0
6588,0.39506172839506176,0.0,1.0,0.0,0.22222222222222227,0.0,0.6261730746079361,0.0,1.0,0.14285714285714285,0.33333333333333337,0.26968043647701023,0.19246861924686165,0.15075946497392884,0.512287334593573,0.0,1.0,0.0,0.0,0.0,0.0,0.0,0.0,0.0,0.0,0.0,0.0,1.0,0.0,0.0,0.0,1.0,0.0,0.0,0.0,0.0,0.0,1.0,0.0,0.0
6589,0.39506172839506176,0.0,1.0,0.0,0.22222222222222227,0.0,0.6673822306124111,0.0,1.0,0.0,0.33333333333333337,0.26968043647701023,0.19246861924686165,0.15075946497392884,0.512287334593573,0.0,1.0,0.0,0.0,0.0,0.0,0.0,0.0,0.0,0.0,0.0,0.0,1.0,0.0,0.0,0.0,1.0,0.0,0.0,0.0,0.0,0.0,1.0,1.0,0.0
6590,0.16049382716049382,1.0,0.0,0.0,0.22222222222222227,0.0,0.6412337233355714,0.02631578947368421,1.0,0.14285714285714285,0.33333333333333337,0.26968043647701023,0.19246861924686165,0.15075946497392884,0.512287334593573,0.0,0.0,0.0,0.0,0.0,0.0,0.0,0.0,0.0,0.0,0.0,0.0,0.0,1.0,0.0,0.0,0.0,0.0,0.0,0.0,1.0,0.0,0.0,0.0,0.0
6591,0.4938271604938272,1.0,0.0,0.0,0.22222222222222227,0.0,0.6391967001499177,0.0,1.0,0.0,0.33333333333333337,0.26968043647701023,0.19246861924686165,0.15075946497392884,0.512287334593573,0.0,0.0,0.0,0.0,0.0,0.0,0.0,0.0,0.0,1.0,0.0,0.0,1.0,0.0,0.0,0.0,0.0,1.0,0.0,0.0,0.0,0.0,0.0,1.0,0.0
6592,0.1111111111111111,0.0,0.0,0.0,0.22222222222222227,0.0,0.6767047422935657,0.02631578947368421,1.0,0.0,0.33333333333333337,0.26968043647701023,0.19246861924686165,0.15075946497392884,0.512287334593573,0.0,1.0,0.0,0.0,0.0,0.0,0.0,0.0,0.0,0.0,0.0,0.0,0.0,1.0,0.0,0.0,0.0,1.0,0.0,0.0,0.0,0.0,1.0,1.0,0.0
6593,0.3209876543209876,1.0,0.0,0.0,0.22222222222222227,0.0,0.6485730147319224,0.13157894736842105,1.0,0.0,0.33333333333333337,0.26968043647701023,0.19246861924686165,0.15075946497392884,0.512287334593573,0.0,1.0,0.0,0.0,0.0,0.0,0.0,0.0,0.0,0.0,0.0,0.0,1.0,0.0,0.0,0.0,1.0,0.0,0.0,0.0,0.0,0.0,0.0,1.0,0.0
6594,0.24691358024691357,1.0,0.0,0.0,0.22222222222222227,0.0,0.6208918069393788,0.02631578947368421,1.0,0.14285714285714285,0.33333333333333337,0.26968043647701023,0.19246861924686165,0.15075946497392884,0.512287334593573,0.0,0.0,1.0,0.0,0.0,0.0,0.0,0.0,0.0,0.0,0.0,0.0,1.0,0.0,0.0,0.0,1.0,0.0,0.0,0.0,0.0,0.0,0.0,0.0,0.0
6595,0.18518518518518517,0.0,0.0,0.0,0.22222222222222227,0.0,0.6140973378497864,0.07894736842105263,1.0,0.0,0.33333333333333337,0.26968043647701023,0.19246861924686165,0.15075946497392884,0.512287334593573,0.0,0.0,1.0,0.0,0.0,0.0,0.0,0.0,0.0,0.0,0.0,0.0,1.0,0.0,0.0,0.0,1.0,0.0,0.0,0.0,0.0,0.0,0.0,1.0,0.0
6596,0.48148148148148145,1.0,0.0,0.0,0.22222222222222227,0.0,0.726499069520548,0.02631578947368421,1.0,0.0,0.33333333333333337,0.26968043647701023,0.19246861924686165,0.15075946497392884,0.512287334593573,0.0,0.0,0.0,0.0,0.0,0.0,0.0,1.0,0.0,0.0,0.0,0.0,0.0,1.0,0.0,0.0,0.0,0.0,0.0,0.0,0.0,0.0,1.0,1.0,0.0
6597,0.2716049382716049,0.0,0.0,0.0,0.22222222222222227,0.0,0.837233533282666,0.02631578947368421,1.0,0.0,0.33333333333333337,0.26968043647701023,0.19246861924686165,0.15075946497392884,0.512287334593573,1.0,1.0,0.0,0.0,0.0,0.0,0.0,0.0,0.0,0.0,0.0,0.0,1.0,0.0,0.0,1.0,0.0,0.0,0.0,0.0,0.0,0.0,1.0,1.0,0.0
6598,0.2222222222222222,1.0,0.0,0.0,0.22222222222222227,0.0,0.5212197964741162,0.02631578947368421,1.0,0.14285714285714285,0.33333333333333337,0.26968043647701023,0.19246861924686165,0.15075946497392884,0.512287334593573,0.0,1.0,0.0,0.0,0.0,0.0,0.0,0.0,0.0,0.0,0.0,0.0,0.0,1.0,0.0,0.0,1.0,0.0,0.0,0.0,0.0,0.0,1.0,0.0,0.0
6599,0.4691358024691357,0.0,0.0,0.0,0.22222222222222227,0.0,0.6334058816143029,0.05263157894736842,1.0,0.14285714285714285,0.33333333333333337,0.26968043647701023,0.19246861924686165,0.15075946497392884,0.512287334593573,0.0,0.0,0.0,0.0,0.0,0.0,1.0,0.0,0.0,0.0,0.0,0.0,1.0,0.0,0.0,0.0,0.0,0.0,0.0,0.0,1.0,0.0,1.0,0.0,0.0
6600,0.2222222222222222,1.0,0.0,0.0,0.22222222222222227,0.0,0.6594393640539922,0.02631578947368421,1.0,0.0,0.33333333333333337,0.26968043647701023,0.19246861924686165,0.15075946497392884,0.512287334593573,0.0,0.0,0.0,0.0,0.0,0.0,0.0,0.0,0.0,1.0,0.0,0.0,0.0,1.0,0.0,0.0,0.0,0.0,0.0,0.0,1.0,0.0,0.0,1.0,0.0
6601,0.1728395061728395,0.0,0.0,0.0,0.22222222222222227,0.0,0.0,0.02631578947368421,1.0,0.0,0.33333333333333337,0.26968043647701023,0.19246861924686165,0.15075946497392884,0.512287334593573,0.0,1.0,0.0,0.0,0.0,0.0,0.0,0.0,0.0,0.0,0.0,0.0,1.0,0.0,0.0,0.0,1.0,0.0,0.0,0.0,0.0,0.0,0.0,1.0,0.0
6602,0.1111111111111111,1.0,0.0,0.0,0.22222222222222227,0.0,0.6301228271521957,0.02631578947368421,1.0,0.14285714285714285,0.33333333333333337,0.26968043647701023,0.19246861924686165,0.15075946497392884,0.512287334593573,0.0,0.0,0.0,0.0,0.0,0.0,0.0,0.0,0.0,0.0,0.0,0.0,0.0,1.0,0.0,0.0,0.0,1.0,0.0,0.0,0.0,0.0,0.0,0.0,0.0
6603,0.1111111111111111,0.0,0.0,0.0,0.22222222222222227,0.0,0.6705725318885943,0.02631578947368421,1.0,0.2857142857142857,0.33333333333333337,0.26968043647701023,0.19246861924686165,0.15075946497392884,0.512287334593573,0.0,0.0,0.0,0.0,0.0,0.0,0.0,1.0,0.0,0.0,0.0,0.0,0.0,1.0,0.0,0.0,0.0,1.0,0.0,0.0,0.0,0.0,0.0,0.0,0.0
6604,0.2345679012345679,1.0,0.0,0.0,0.22222222222222227,0.0,0.634480182683441,0.02631578947368421,1.0,0.0,0.33333333333333337,0.26968043647701023,0.19246861924686165,0.15075946497392884,0.512287334593573,0.0,0.0,0.0,0.0,0.0,0.0,0.0,0.0,0.0,1.0,0.0,0.0,1.0,0.0,0.0,0.0,0.0,0.0,0.0,0.0,1.0,0.0,0.0,1.0,0.0
6605,0.12345679012345678,0.0,0.0,0.0,0.22222222222222227,0.0,0.7972894702011143,0.15789473684210525,1.0,0.0,0.33333333333333337,0.26968043647701023,0.19246861924686165,0.15075946497392884,0.512287334593573,1.0,1.0,0.0,0.0,0.0,0.0,0.0,0.0,0.0,0.0,0.0,0.0,1.0,0.0,0.0,0.0,0.0,0.0,0.0,0.0,0.0,0.0,1.0,1.0,0.0
6606,0.09876543209876543,0.0,1.0,0.0,0.22222222222222227,0.0,0.6729097309439991,0.05263157894736842,0.012012012012012012,0.2857142857142857,0.33333333333333337,0.26968043647701023,0.19246861924686165,0.15075946497392884,0.512287334593573,0.0,0.0,0.0,0.0,0.0,0.0,0.0,0.0,0.0,1.0,0.0,0.0,0.0,1.0,0.0,0.0,0.0,0.0,0.0,0.0,1.0,0.0,0.0,0.0,0.0
6607,0.2839506172839506,1.0,0.0,0.0,0.22222222222222227,0.0,0.5356959888812932,0.07894736842105263,1.0,0.0,0.33333333333333337,0.26968043647701023,0.19246861924686165,0.15075946497392884,0.512287334593573,0.0,0.0,0.0,0.0,0.0,0.0,0.0,0.0,0.0,0.0,1.0,0.0,0.0,1.0,0.0,0.0,0.0,1.0,0.0,0.0,0.0,0.0,1.0,1.0,0.0
6608,0.19753086419753085,0.0,0.0,0.0,0.22222222222222227,0.0,0.8512478603115989,0.02631578947368421,1.0,0.0,0.33333333333333337,0.26968043647701023,0.19246861924686165,0.15075946497392884,0.512287334593573,1.0,1.0,0.0,0.0,0.0,0.0,0.0,0.0,0.0,0.0,0.0,0.0,1.0,0.0,0.0,0.0,0.0,0.0,0.0,0.0,0.0,0.0,0.0,1.0,0.0
6609,0.35802469135802467,0.0,0.0,1.0,0.22222222222222227,0.0,0.6853423935333421,0.02631578947368421,1.0,0.0,0.33333333333333337,0.26968043647701023,0.19246861924686165,0.15075946497392884,0.512287334593573,0.0,1.0,0.0,0.0,0.0,0.0,0.0,0.0,0.0,0.0,0.0,0.0,1.0,0.0,0.0,0.0,0.0,0.0,0.0,0.0,0.0,0.0,1.0,1.0,0.0
6610,0.19753086419753085,0.0,0.0,0.0,0.22222222222222227,0.0,0.731993689478543,0.05263157894736842,1.0,0.14285714285714285,0.33333333333333337,0.26968043647701023,0.19246861924686165,0.15075946497392884,0.512287334593573,0.0,0.0,0.0,0.0,0.0,0.0,0.0,1.0,0.0,0.0,0.0,0.0,0.0,1.0,0.0,0.0,0.0,1.0,0.0,0.0,0.0,0.0,0.0,0.0,0.0
6611,0.3703703703703703,1.0,0.0,0.0,0.22222222222222227,0.0,0.8017588290706973,0.05263157894736842,1.0,0.0,0.33333333333333337,0.26968043647701023,0.19246861924686165,0.15075946497392884,0.512287334593573,1.0,0.0,0.0,0.0,0.0,0.0,0.0,0.0,0.0,0.0,0.0,0.0,0.0,1.0,0.0,0.0,0.0,1.0,0.0,0.0,0.0,0.0,0.0,1.0,0.0
6612,0.19753086419753085,0.0,0.0,0.0,0.22222222222222227,0.0,0.6649314096852046,0.07894736842105263,1.0,0.0,0.33333333333333337,0.26968043647701023,0.19246861924686165,0.15075946497392884,0.512287334593573,0.0,0.0,0.0,0.0,0.0,0.0,0.0,0.0,0.0,1.0,0.0,0.0,0.0,1.0,0.0,0.0,0.0,0.0,0.0,0.0,1.0,0.0,0.0,1.0,0.0
6613,0.35802469135802467,0.0,0.0,0.0,0.22222222222222227,0.0,0.8038047093244187,0.02631578947368421,1.0,0.0,0.33333333333333337,0.26968043647701023,0.19246861924686165,0.15075946497392884,0.512287334593573,0.0,0.0,0.0,0.0,0.0,0.0,0.0,0.0,0.0,1.0,0.0,0.0,0.0,0.0,0.0,0.0,0.0,0.0,0.0,1.0,0.0,0.0,1.0,1.0,0.0
6614,0.18518518518518517,0.0,0.0,0.0,0.22222222222222227,0.25,0.6317758072704824,0.02631578947368421,1.0,0.0,0.33333333333333337,0.26968043647701023,0.19246861924686165,0.14894581727499434,0.512287334593573,0.0,1.0,0.0,0.0,0.0,0.0,0.0,0.0,0.0,0.0,0.0,0.0,1.0,0.0,0.0,0.0,1.0,0.0,0.0,0.0,0.0,0.0,0.0,1.0,0.0
6615,0.25925925925925924,1.0,0.0,0.0,0.22222222222222227,0.25,0.7416247772956214,0.02631578947368421,1.0,0.0,0.33333333333333337,0.26968043647701023,0.19246861924686165,0.14894581727499434,0.512287334593573,1.0,0.0,0.0,0.0,0.0,0.0,0.0,1.0,0.0,0.0,0.0,0.0,0.0,1.0,0.0,1.0,0.0,0.0,0.0,0.0,0.0,0.0,0.0,1.0,0.0
6616,0.16049382716049382,1.0,0.0,0.0,0.22222222222222227,0.25,0.6027582686746316,0.02631578947368421,1.0,0.14285714285714285,0.33333333333333337,0.26968043647701023,0.19246861924686165,0.14894581727499434,0.512287334593573,0.0,1.0,0.0,0.0,0.0,0.0,0.0,0.0,0.0,0.0,0.0,0.0,1.0,0.0,0.0,0.0,1.0,0.0,0.0,0.0,0.0,0.0,0.0,0.0,0.0
6617,0.2839506172839506,1.0,1.0,0.0,0.22222222222222227,0.25,0.5463436176888766,0.02631578947368421,1.0,0.14285714285714285,0.33333333333333337,0.26968043647701023,0.19246861924686165,0.14894581727499434,0.512287334593573,0.0,1.0,0.0,0.0,0.0,0.0,0.0,0.0,0.0,0.0,0.0,0.0,1.0,0.0,0.0,0.0,0.0,0.0,0.0,0.0,0.0,0.0,0.0,0.0,0.0
6618,0.12345679012345678,1.0,0.0,0.0,0.22222222222222227,0.25,0.4396813242736008,0.05263157894736842,1.0,0.14285714285714285,0.33333333333333337,0.26968043647701023,0.19246861924686165,0.14894581727499434,0.512287334593573,0.0,0.0,0.0,0.0,0.0,0.0,0.0,0.0,0.0,0.0,0.0,0.0,0.0,1.0,0.0,0.0,0.0,1.0,0.0,0.0,0.0,0.0,1.0,0.0,0.0
6619,0.2345679012345679,1.0,0.0,0.0,0.22222222222222227,0.25,0.6523077776041232,0.02631578947368421,1.0,0.0,0.33333333333333337,0.26968043647701023,0.19246861924686165,0.14894581727499434,0.512287334593573,0.0,0.0,0.0,0.0,0.0,0.0,0.0,1.0,0.0,0.0,0.0,0.0,0.0,0.0,0.0,0.0,1.0,0.0,0.0,0.0,0.0,0.0,0.0,1.0,0.0
6620,0.29629629629629634,1.0,0.0,0.0,0.22222222222222227,0.25,0.6334058816143029,0.05263157894736842,1.0,0.0,0.33333333333333337,0.26968043647701023,0.19246861924686165,0.14894581727499434,0.512287334593573,0.0,1.0,0.0,0.0,0.0,0.0,0.0,0.0,0.0,0.0,0.0,0.0,1.0,0.0,0.0,0.0,1.0,0.0,0.0,0.0,0.0,0.0,0.0,1.0,0.0
6621,0.2222222222222222,1.0,1.0,1.0,0.22222222222222227,0.25,0.6901028468283567,0.02631578947368421,1.0,0.14285714285714285,0.33333333333333337,0.26968043647701023,0.19246861924686165,0.14894581727499434,0.512287334593573,0.0,0.0,0.0,0.0,0.0,0.0,0.0,0.0,0.0,0.0,0.0,0.0,0.0,1.0,0.0,0.0,0.0,1.0,0.0,0.0,0.0,0.0,0.0,0.0,0.0
6622,0.1728395061728395,0.0,0.0,0.0,0.22222222222222227,0.25,0.5474693214896542,0.05263157894736842,1.0,0.14285714285714285,0.33333333333333337,0.26968043647701023,0.19246861924686165,0.14894581727499434,0.512287334593573,0.0,1.0,0.0,0.0,0.0,0.0,0.0,0.0,0.0,0.0,0.0,0.0,1.0,0.0,0.0,1.0,0.0,0.0,0.0,0.0,0.0,0.0,0.0,0.0,0.0
6623,0.16049382716049382,1.0,0.0,0.0,0.22222222222222227,0.25,0.6284462883305656,0.13157894736842105,1.0,0.0,0.33333333333333337,0.26968043647701023,0.19246861924686165,0.14894581727499434,0.512287334593573,0.0,0.0,0.0,0.0,0.0,0.0,0.0,1.0,0.0,0.0,0.0,0.0,0.0,1.0,0.0,1.0,0.0,0.0,0.0,0.0,0.0,0.0,0.0,1.0,0.0
6624,0.19753086419753085,1.0,0.0,0.0,0.22222222222222227,0.25,0.7758956267323722,0.05263157894736842,1.0,0.14285714285714285,0.33333333333333337,0.26968043647701023,0.19246861924686165,0.14894581727499434,0.512287334593573,1.0,1.0,0.0,0.0,0.0,0.0,0.0,0.0,0.0,0.0,0.0,0.0,0.0,1.0,0.0,1.0,0.0,0.0,0.0,0.0,0.0,0.0,0.0,0.0,0.0
6625,0.18518518518518517,0.0,0.0,0.0,0.22222222222222227,0.25,0.6943571545318569,0.02631578947368421,1.0,0.0,0.33333333333333337,0.26968043647701023,0.19246861924686165,0.14894581727499434,0.512287334593573,1.0,0.0,0.0,0.0,1.0,0.0,0.0,0.0,0.0,0.0,0.0,0.0,0.0,1.0,0.0,0.0,0.0,0.0,0.0,1.0,0.0,0.0,0.0,1.0,0.0
6626,0.3209876543209876,0.0,1.0,1.0,0.22222222222222227,0.25,0.2923123652049422,0.13157894736842105,1.0,0.0,0.33333333333333337,0.26968043647701023,0.19246861924686165,0.14894581727499434,0.512287334593573,0.0,1.0,0.0,0.0,0.0,0.0,0.0,0.0,0.0,0.0,0.0,0.0,1.0,0.0,0.0,0.0,0.0,0.0,0.0,0.0,0.0,1.0,0.0,1.0,0.0
6627,0.2345679012345679,1.0,0.0,0.0,0.22222222222222227,0.25,0.3581428520730854,0.18421052631578946,1.0,0.14285714285714285,0.33333333333333337,0.26968043647701023,0.19246861924686165,0.14894581727499434,0.512287334593573,0.0,1.0,0.0,0.0,0.0,0.0,0.0,0.0,0.0,0.0,0.0,0.0,1.0,0.0,0.0,0.0,0.0,1.0,0.0,0.0,0.0,0.0,0.0,0.0,0.0
6628,0.419753086419753,0.0,0.0,0.0,0.22222222222222227,0.25,0.4368466051913672,0.07894736842105263,1.0,0.0,0.33333333333333337,0.26968043647701023,0.19246861924686165,0.14894581727499434,0.512287334593573,0.0,0.0,0.0,0.0,0.0,0.0,0.0,0.0,0.0,0.0,0.0,0.0,1.0,0.0,0.0,0.0,0.0,1.0,0.0,0.0,0.0,0.0,0.0,1.0,0.0
6629,0.38271604938271603,1.0,1.0,0.0,0.22222222222222227,0.25,0.5417298832341686,0.0,1.0,0.14285714285714285,0.33333333333333337,0.26968043647701023,0.19246861924686165,0.14894581727499434,0.512287334593573,0.0,1.0,0.0,0.0,0.0,0.0,0.0,0.0,0.0,0.0,0.0,0.0,1.0,0.0,0.0,0.0,1.0,0.0,0.0,0.0,0.0,0.0,0.0,0.0,0.0
6630,0.20987654320987653,0.0,0.0,0.0,0.22222222222222227,0.25,0.7979574739807627,0.0,1.0,0.0,0.33333333333333337,0.26968043647701023,0.19246861924686165,0.14894581727499434,0.512287334593573,1.0,0.0,0.0,0.0,0.0,0.0,0.0,0.0,0.0,1.0,0.0,0.0,0.0,1.0,0.0,0.0,0.0,0.0,0.0,0.0,1.0,0.0,0.0,1.0,0.0
6631,0.25925925925925924,0.0,1.0,0.0,0.22222222222222227,0.25,0.7347617030588557,0.0,1.0,0.14285714285714285,0.33333333333333337,0.26968043647701023,0.19246861924686165,0.14894581727499434,0.512287334593573,1.0,0.0,0.0,0.0,0.0,0.0,0.0,1.0,0.0,0.0,0.0,0.0,0.0,1.0,0.0,0.0,1.0,0.0,0.0,0.0,0.0,0.0,0.0,0.0,0.0
6632,0.3703703703703703,1.0,0.0,0.0,0.22222222222222227,0.25,0.5485843549516803,0.0,1.0,0.0,0.33333333333333337,0.26968043647701023,0.19246861924686165,0.14894581727499434,0.512287334593573,0.0,0.0,0.0,0.0,0.0,0.0,0.0,0.0,0.0,0.0,0.0,0.0,0.0,0.0,0.0,0.0,0.0,1.0,0.0,0.0,0.0,0.0,0.0,1.0,0.0
6633,0.25925925925925924,1.0,0.0,0.0,0.22222222222222227,0.25,0.49977237288625836,0.0,1.0,0.14285714285714285,0.33333333333333337,0.26968043647701023,0.19246861924686165,0.14894581727499434,0.512287334593573,0.0,0.0,0.0,0.0,0.0,0.0,0.0,0.0,0.0,0.0,0.0,0.0,1.0,0.0,0.0,0.0,1.0,0.0,0.0,0.0,0.0,0.0,0.0,0.0,0.0
6634,0.2222222222222222,0.0,0.0,0.0,0.22222222222222227,0.25,0.7487184067192447,0.0,1.0,0.0,0.33333333333333337,0.26968043647701023,0.19246861924686165,0.14894581727499434,0.512287334593573,1.0,0.0,0.0,0.0,0.0,0.0,0.0,0.0,0.0,1.0,0.0,0.0,1.0,0.0,0.0,0.0,1.0,0.0,0.0,0.0,0.0,0.0,0.0,1.0,0.0
6635,0.38271604938271603,1.0,0.0,0.0,0.22222222222222227,0.25,0.8344337135241183,0.0,1.0,0.14285714285714285,0.33333333333333337,0.26968043647701023,0.19246861924686165,0.14894581727499434,0.512287334593573,1.0,1.0,0.0,0.0,0.0,0.0,0.0,0.0,0.0,0.0,0.0,0.0,0.0,1.0,0.0,0.0,0.0,0.0,0.0,0.0,0.0,0.0,0.0,0.0,0.0
6636,0.14814814814814814,0.0,0.0,0.0,0.22222222222222227,0.25,0.7635372332492569,0.0,1.0,0.14285714285714285,0.33333333333333337,0.26968043647701023,0.19246861924686165,0.14894581727499434,0.512287334593573,1.0,1.0,0.0,0.0,0.0,0.0,0.0,0.0,0.0,0.0,0.0,0.0,1.0,0.0,0.0,0.0,0.0,0.0,0.0,0.0,0.0,0.0,1.0,0.0,0.0
6637,0.2222222222222222,1.0,0.0,0.0,0.22222222222222227,0.25,0.805690935992631,0.0,1.0,0.0,0.33333333333333337,0.26968043647701023,0.19246861924686165,0.14894581727499434,0.512287334593573,0.0,1.0,0.0,0.0,0.0,0.0,0.0,0.0,0.0,0.0,0.0,0.0,1.0,0.0,0.0,0.0,0.0,1.0,0.0,0.0,0.0,0.0,0.0,1.0,0.0
6638,0.29629629629629634,1.0,0.0,0.0,0.22222222222222227,0.25,0.5716847586578249,0.0,1.0,0.14285714285714285,0.33333333333333337,0.26968043647701023,0.19246861924686165,0.14894581727499434,0.512287334593573,0.0,0.0,0.0,1.0,0.0,0.0,0.0,0.0,0.0,0.0,0.0,0.0,1.0,0.0,0.0,0.0,0.0,0.0,0.0,0.0,0.0,0.0,0.0,0.0,0.0
6639,0.3209876543209876,1.0,1.0,0.0,0.22222222222222227,0.25,0.3738508374054576,0.0,1.0,0.0,0.33333333333333337,0.26968043647701023,0.19246861924686165,0.14894581727499434,0.512287334593573,0.0,0.0,0.0,0.0,0.0,0.0,0.0,0.0,0.0,0.0,0.0,0.0,0.0,1.0,0.0,0.0,0.0,0.0,0.0,0.0,1.0,0.0,0.0,1.0,0.0
6640,0.1111111111111111,0.0,1.0,0.0,0.22222222222222227,0.25,0.7445976649216831,0.0,1.0,0.0,0.33333333333333337,0.26968043647701023,0.19246861924686165,0.14894581727499434,0.512287334593573,1.0,0.0,0.0,0.0,0.0,0.0,0.0,1.0,0.0,0.0,0.0,0.0,1.0,0.0,0.0,0.0,1.0,0.0,0.0,0.0,0.0,0.0,0.0,1.0,0.0
6641,0.2345679012345679,0.0,0.0,0.0,0.22222222222222227,0.25,0.7550253186903606,0.0,1.0,0.0,0.33333333333333337,0.26968043647701023,0.19246861924686165,0.14894581727499434,0.512287334593573,1.0,0.0,1.0,0.0,0.0,0.0,0.0,0.0,0.0,0.0,0.0,0.0,0.0,1.0,0.0,0.0,0.0,0.0,0.0,0.0,1.0,0.0,0.0,1.0,0.0
6642,0.12345679012345678,0.0,0.0,0.0,0.22222222222222227,0.25,0.608897147549857,0.02631578947368421,1.0,0.14285714285714285,0.33333333333333337,0.26968043647701023,0.19246861924686165,0.14894581727499434,0.512287334593573,0.0,1.0,0.0,0.0,0.0,0.0,0.0,0.0,0.0,0.0,0.0,0.0,0.0,1.0,0.0,0.0,0.0,0.0,0.0,0.0,0.0,0.0,0.0,0.0,0.0
6643,0.4074074074074074,1.0,0.0,0.0,0.22222222222222227,0.25,0.7713076020689337,0.07894736842105263,1.0,0.0,0.33333333333333337,0.26968043647701023,0.19246861924686165,0.14894581727499434,0.512287334593573,1.0,1.0,0.0,0.0,0.0,0.0,0.0,0.0,0.0,0.0,0.0,0.0,0.0,0.0,0.0,0.0,0.0,0.0,0.0,0.0,0.0,0.0,0.0,1.0,0.0
6644,0.5185185185185184,0.0,0.0,0.0,0.22222222222222227,0.25,0.7691150555250048,0.0,1.0,0.0,0.33333333333333337,0.26968043647701023,0.19246861924686165,0.14894581727499434,0.512287334593573,1.0,1.0,0.0,0.0,0.0,0.0,0.0,0.0,0.0,0.0,0.0,0.0,1.0,0.0,0.0,0.0,1.0,0.0,0.0,0.0,0.0,0.0,0.0,1.0,0.0
6645,0.2716049382716049,0.0,0.0,0.0,0.22222222222222227,0.25,0.2923123652049422,0.2894736842105263,1.0,0.0,0.33333333333333337,0.26968043647701023,0.19246861924686165,0.14894581727499434,0.512287334593573,0.0,0.0,0.0,0.0,1.0,0.0,0.0,0.0,0.0,0.0,0.0,0.0,0.0,1.0,0.0,0.0,0.0,0.0,0.0,0.0,1.0,0.0,0.0,1.0,0.0
6646,0.25925925925925924,0.0,0.0,0.0,0.22222222222222227,0.25,0.8409891642867124,0.0,1.0,0.0,0.33333333333333337,0.26968043647701023,0.19246861924686165,0.14894581727499434,0.512287334593573,1.0,0.0,1.0,0.0,0.0,0.0,0.0,0.0,0.0,0.0,0.0,0.0,1.0,0.0,0.0,0.0,0.0,0.0,0.0,0.0,0.0,1.0,1.0,1.0,0.0
6647,0.4938271604938272,1.0,0.0,0.0,0.22222222222222227,0.25,0.49977237288625836,0.05263157894736842,1.0,0.14285714285714285,0.33333333333333337,0.26968043647701023,0.19246861924686165,0.14894581727499434,0.512287334593573,0.0,0.0,0.0,0.0,0.0,1.0,0.0,0.0,0.0,0.0,0.0,0.0,0.0,0.0,0.0,0.0,1.0,0.0,0.0,0.0,0.0,0.0,0.0,0.0,0.0
6648,0.1111111111111111,1.0,0.0,0.0,0.22222222222222227,0.25,0.6527663947522088,0.0,1.0,0.0,0.33333333333333337,0.26968043647701023,0.19246861924686165,0.14894581727499434,0.512287334593573,0.0,1.0,0.0,0.0,0.0,0.0,0.0,0.0,0.0,0.0,0.0,0.0,1.0,0.0,0.0,0.0,1.0,0.0,0.0,0.0,0.0,0.0,0.0,1.0,0.0
6649,0.2345679012345679,0.0,0.0,0.0,0.22222222222222227,0.25,0.24461541660154618,0.10526315789473684,1.0,0.0,0.33333333333333337,0.26968043647701023,0.19246861924686165,0.14894581727499434,0.512287334593573,0.0,0.0,0.0,0.0,0.0,0.0,0.0,0.0,0.0,0.0,0.0,0.0,0.0,1.0,0.0,0.0,0.0,0.0,0.0,0.0,1.0,0.0,0.0,1.0,0.0
6650,0.38271604938271603,0.0,0.0,0.0,0.22222222222222227,0.25,0.8197817559972662,0.05263157894736842,1.0,0.0,0.33333333333333337,0.26968043647701023,0.19246861924686165,0.14894581727499434,0.512287334593573,1.0,0.0,0.0,0.0,0.0,0.0,0.0,0.0,0.0,0.0,0.0,0.0,0.0,0.0,0.0,0.0,0.0,0.0,0.0,0.0,1.0,0.0,0.0,1.0,0.0
6651,0.1728395061728395,1.0,0.0,0.0,0.22222222222222227,0.25,0.3400093138083381,0.15789473684210525,1.0,0.0,0.33333333333333337,0.26968043647701023,0.19246861924686165,0.14894581727499434,0.512287334593573,0.0,1.0,0.0,0.0,0.0,0.0,0.0,0.0,0.0,0.0,0.0,0.0,1.0,0.0,0.0,0.0,1.0,0.0,0.0,0.0,0.0,0.0,0.0,1.0,0.0
6652,0.34567901234567905,1.0,1.0,0.0,0.22222222222222227,0.25,0.7902499595124722,0.0,1.0,0.0,0.33333333333333337,0.26968043647701023,0.19246861924686165,0.14894581727499434,0.512287334593573,1.0,0.0,0.0,0.0,0.0,0.0,0.0,0.0,0.0,0.0,0.0,0.0,1.0,0.0,0.0,0.0,0.0,0.0,0.0,0.0,1.0,0.0,0.0,1.0,0.0
6653,0.1728395061728395,1.0,1.0,0.0,0.22222222222222227,0.25,0.6140973378497864,0.07894736842105263,1.0,0.0,0.33333333333333337,0.26968043647701023,0.19246861924686165,0.14894581727499434,0.512287334593573,0.0,1.0,0.0,0.0,0.0,0.0,0.0,0.0,0.0,0.0,0.0,0.0,1.0,0.0,0.0,0.0,0.0,1.0,0.0,0.0,0.0,0.0,0.0,1.0,0.0
6654,0.1111111111111111,1.0,0.0,1.0,0.22222222222222227,0.25,0.5813108450867737,0.07894736842105263,1.0,0.0,0.33333333333333337,0.26968043647701023,0.19246861924686165,0.14894581727499434,0.512287334593573,0.0,0.0,0.0,0.0,0.0,0.0,0.0,1.0,0.0,0.0,0.0,0.0,0.0,1.0,0.0,0.0,0.0,0.0,0.0,0.0,1.0,0.0,0.0,1.0,0.0
6655,0.13580246913580246,1.0,0.0,0.0,0.22222222222222227,0.25,0.5925226723355308,0.0,1.0,0.0,0.33333333333333337,0.26968043647701023,0.19246861924686165,0.14894581727499434,0.512287334593573,0.0,0.0,0.0,0.0,0.0,0.0,0.0,0.0,0.0,1.0,0.0,0.0,1.0,0.0,0.0,0.0,1.0,0.0,0.0,0.0,0.0,0.0,0.0,1.0,0.0
6656,0.12345679012345678,1.0,0.0,0.0,0.22222222222222227,0.25,0.4796617267459457,0.05263157894736842,1.0,0.14285714285714285,0.33333333333333337,0.26968043647701023,0.19246861924686165,0.14894581727499434,0.512287334593573,0.0,0.0,0.0,0.0,0.0,0.0,0.0,1.0,0.0,0.0,0.0,0.0,1.0,0.0,0.0,0.0,0.0,1.0,0.0,0.0,0.0,0.0,0.0,0.0,0.0
6657,0.3209876543209876,0.5,0.5,0.0,0.22222222222222227,0.25,0.7124906927966042,0.0,1.0,0.14285714285714285,0.33333333333333337,0.26968043647701023,0.19246861924686165,0.14894581727499434,0.512287334593573,1.0,0.0,0.0,0.0,0.0,0.0,0.0,0.0,0.0,1.0,0.0,0.0,1.0,0.0,0.0,0.0,0.0,0.0,0.0,0.0,1.0,0.0,1.0,0.0,0.0
6658,0.13580246913580246,0.0,0.0,0.0,0.22222222222222227,0.25,0.6172344610818086,0.0,1.0,0.0,0.33333333333333337,0.26968043647701023,0.19246861924686165,0.14894581727499434,0.512287334593573,0.0,1.0,0.0,0.0,0.0,0.0,0.0,0.0,0.0,0.0,0.0,0.0,1.0,0.0,0.0,0.0,0.0,0.0,0.0,0.0,0.0,0.0,0.0,1.0,0.0
6659,0.13580246913580246,0.0,0.0,0.0,0.22222222222222227,0.25,0.750725881195543,0.0,1.0,0.0,0.33333333333333337,0.26968043647701023,0.19246861924686165,0.14894581727499434,0.512287334593573,1.0,1.0,0.0,0.0,0.0,0.0,0.0,0.0,0.0,0.0,0.0,0.0,1.0,0.0,0.0,0.0,0.0,0.0,0.0,0.0,0.0,0.0,0.0,1.0,0.0
6660,0.24691358024691357,1.0,0.0,0.0,0.22222222222222227,0.25,0.8026582829845993,0.0,1.0,0.0,0.33333333333333337,0.26968043647701023,0.19246861924686165,0.14894581727499434,0.512287334593573,1.0,0.0,0.0,0.0,0.0,0.0,0.0,0.0,0.0,0.0,0.0,0.0,0.0,0.0,0.0,0.0,0.0,0.0,0.0,0.0,1.0,0.0,0.0,1.0,0.0
6661,0.19753086419753085,1.0,0.0,0.0,0.22222222222222227,0.25,0.7845674047926624,0.23684210526315788,1.0,0.14285714285714285,0.33333333333333337,0.26968043647701023,0.19246861924686165,0.14894581727499434,0.512287334593573,1.0,1.0,0.0,0.0,0.0,0.0,0.0,0.0,0.0,0.0,0.0,0.0,1.0,0.0,0.0,0.0,0.0,1.0,0.0,0.0,0.0,0.0,0.0,0.0,0.0
6662,0.12345679012345678,0.0,1.0,0.0,0.22222222222222227,0.25,0.7097029995592844,0.07894736842105263,1.0,0.0,0.33333333333333337,0.26968043647701023,0.19246861924686165,0.14894581727499434,0.512287334593573,0.0,0.0,0.0,0.0,0.0,0.0,0.0,1.0,0.0,0.0,0.0,0.0,1.0,0.0,0.0,0.0,0.0,1.0,0.0,0.0,0.0,0.0,0.0,1.0,0.0
6663,0.14814814814814814,0.0,1.0,1.0,0.22222222222222227,0.25,0.6412337233355714,0.05263157894736842,1.0,0.0,0.33333333333333337,0.26968043647701023,0.19246861924686165,0.14894581727499434,0.512287334593573,0.0,0.0,0.0,0.0,0.0,0.0,0.0,0.0,0.0,0.0,0.0,0.0,1.0,0.0,0.0,0.0,0.0,0.0,0.0,0.0,1.0,0.0,0.0,1.0,0.0
6664,0.3209876543209876,1.0,0.0,0.0,0.22222222222222227,0.25,0.832363833443835,0.0,1.0,0.14285714285714285,0.33333333333333337,0.26968043647701023,0.19246861924686165,0.14894581727499434,0.512287334593573,1.0,1.0,0.0,0.0,0.0,0.0,0.0,0.0,0.0,0.0,0.0,0.0,1.0,0.0,0.0,0.0,0.0,0.0,0.0,0.0,0.0,0.0,0.0,0.0,0.0
6665,0.12345679012345678,0.0,0.0,0.0,0.22222222222222227,0.25,0.6576965892230189,0.0,1.0,0.0,0.33333333333333337,0.26968043647701023,0.19246861924686165,0.14894581727499434,0.512287334593573,0.0,0.0,0.0,0.0,0.0,0.0,0.0,0.0,0.0,1.0,0.0,0.0,0.0,1.0,0.0,0.0,0.0,0.0,0.0,1.0,0.0,0.0,0.0,1.0,0.0
6666,0.4691358024691357,0.0,0.0,0.0,0.22222222222222227,0.25,0.6134597474028101,0.10526315789473684,1.0,0.0,0.33333333333333337,0.26968043647701023,0.19246861924686165,0.14894581727499434,0.512287334593573,0.0,1.0,0.0,0.0,0.0,0.0,0.0,0.0,0.0,0.0,0.0,0.0,1.0,0.0,0.0,0.0,1.0,0.0,0.0,0.0,0.0,0.0,1.0,1.0,0.0
6667,0.38271604938271603,1.0,0.0,0.0,0.22222222222222227,0.25,0.7749274307361093,0.0,1.0,0.0,0.33333333333333337,0.26968043647701023,0.19246861924686165,0.14894581727499434,0.512287334593573,1.0,0.0,0.0,0.0,1.0,0.0,0.0,0.0,0.0,0.0,0.0,0.0,1.0,0.0,0.0,0.0,1.0,0.0,0.0,0.0,0.0,0.0,0.0,1.0,0.0
6668,0.19753086419753085,0.0,0.0,0.0,0.22222222222222227,0.25,0.6261730746079361,0.0,1.0,0.14285714285714285,0.33333333333333337,0.26968043647701023,0.19246861924686165,0.14894581727499434,0.512287334593573,0.0,0.0,0.0,0.0,0.0,0.0,0.0,0.0,0.0,1.0,0.0,0.0,0.0,0.0,0.0,0.0,0.0,1.0,0.0,0.0,0.0,0.0,0.0,0.0,0.0
6669,0.19753086419753085,1.0,0.0,0.0,0.22222222222222227,0.25,0.6082306576679029,0.0,1.0,0.14285714285714285,0.33333333333333337,0.26968043647701023,0.19246861924686165,0.14894581727499434,0.512287334593573,0.0,0.0,0.0,0.0,0.0,0.0,0.0,0.0,0.0,1.0,0.0,0.0,0.0,0.0,0.0,0.0,0.0,1.0,0.0,0.0,0.0,0.0,0.0,0.0,0.0
6670,0.2839506172839506,0.0,0.0,0.0,0.22222222222222227,0.25,0.6339442585242172,0.0,1.0,0.0,0.33333333333333337,0.26968043647701023,0.19246861924686165,0.14894581727499434,0.512287334593573,0.0,1.0,0.0,0.0,0.0,0.0,0.0,0.0,0.0,0.0,0.0,0.0,0.0,1.0,0.0,0.0,0.0,0.0,0.0,0.0,0.0,0.0,0.0,1.0,0.0
6671,0.3209876543209876,1.0,0.0,0.0,0.22222222222222227,0.25,0.5507832068127649,0.05263157894736842,1.0,0.14285714285714285,0.33333333333333337,0.26968043647701023,0.19246861924686165,0.14894581727499434,0.512287334593573,0.0,1.0,0.0,0.0,0.0,0.0,0.0,0.0,0.0,0.0,0.0,0.0,0.0,1.0,0.0,0.0,0.0,1.0,0.0,0.0,0.0,0.0,1.0,0.0,0.0
6672,0.13580246913580246,0.0,1.0,0.0,0.22222222222222227,0.25,0.6082306576679029,0.0,1.0,0.0,0.33333333333333337,0.26968043647701023,0.19246861924686165,0.14894581727499434,0.512287334593573,0.0,0.0,0.0,0.0,0.0,0.0,0.0,0.0,0.0,0.0,0.0,0.0,0.0,1.0,0.0,0.0,1.0,0.0,0.0,0.0,0.0,0.0,0.0,1.0,0.0
6673,0.38271604938271603,0.0,0.0,0.0,0.22222222222222227,0.25,0.6748225397474605,0.0,0.01001001001001001,0.14285714285714285,0.33333333333333337,0.26968043647701023,0.19246861924686165,0.14894581727499434,0.512287334593573,1.0,1.0,0.0,0.0,0.0,0.0,0.0,0.0,0.0,0.0,0.0,0.0,1.0,0.0,0.0,0.0,1.0,0.0,0.0,0.0,0.0,0.0,0.0,0.0,1.0
6674,0.13580246913580246,0.0,1.0,0.0,0.22222222222222227,0.25,0.7422681798994943,0.0,0.01001001001001001,0.14285714285714285,0.33333333333333337,0.26968043647701023,0.19246861924686165,0.14894581727499434,0.512287334593573,1.0,0.0,0.0,0.0,0.0,0.0,0.0,0.0,0.0,0.0,0.0,0.0,0.0,1.0,0.0,0.0,1.0,0.0,0.0,0.0,0.0,0.0,0.0,0.0,1.0
6675,0.14814814814814814,1.0,1.0,0.0,0.22222222222222227,0.25,0.5862473099208212,0.0,1.0,0.14285714285714285,0.33333333333333337,0.26968043647701023,0.19246861924686165,0.14894581727499434,0.512287334593573,0.0,1.0,0.0,0.0,0.0,0.0,0.0,0.0,0.0,0.0,0.0,0.0,1.0,0.0,0.0,0.0,0.0,1.0,0.0,0.0,0.0,0.0,0.0,0.0,0.0
6676,0.19753086419753085,0.5,0.5,0.0,0.22222222222222227,0.25,0.6376454449299462,0.0,1.0,0.0,0.33333333333333337,0.26968043647701023,0.19246861924686165,0.14894581727499434,0.512287334593573,0.0,1.0,0.0,0.0,0.0,0.0,0.0,0.0,0.0,0.0,0.0,0.0,0.0,1.0,0.0,0.0,0.0,0.0,0.0,0.0,0.0,0.0,0.0,1.0,0.0
6677,0.2716049382716049,0.0,0.0,0.0,0.22222222222222227,0.25,0.7927828715912298,0.0,1.0,0.0,0.33333333333333337,0.26968043647701023,0.19246861924686165,0.14894581727499434,0.512287334593573,1.0,0.0,0.0,0.0,0.0,0.0,0.0,0.0,0.0,1.0,0.0,0.0,0.0,1.0,0.0,0.0,0.0,0.0,0.0,1.0,0.0,0.0,0.0,1.0,0.0
6678,0.2345679012345679,1.0,0.0,0.0,0.22222222222222227,0.25,0.5796182238056906,0.02631578947368421,1.0,0.0,0.33333333333333337,0.26968043647701023,0.19246861924686165,0.14894581727499434,0.512287334593573,0.0,0.0,0.0,0.0,0.0,0.0,0.0,0.0,0.0,0.0,0.0,0.0,1.0,0.0,0.0,0.0,0.0,1.0,0.0,0.0,0.0,0.0,0.0,1.0,0.0
6679,0.19753086419753085,0.0,0.0,0.0,0.22222222222222227,0.25,0.7495255121117221,0.02631578947368421,1.0,0.0,0.33333333333333337,0.26968043647701023,0.19246861924686165,0.14894581727499434,0.512287334593573,0.0,0.0,0.0,0.0,0.0,0.0,0.0,1.0,0.0,0.0,0.0,0.0,1.0,0.0,0.0,0.0,1.0,0.0,0.0,0.0,0.0,0.0,0.0,1.0,0.0
6680,0.12345679012345678,1.0,0.0,0.0,0.22222222222222227,0.25,0.6452049071679414,0.0,1.0,0.0,0.33333333333333337,0.26968043647701023,0.19246861924686165,0.14894581727499434,0.512287334593573,0.0,0.0,0.0,0.0,0.0,0.0,1.0,0.0,0.0,0.0,0.0,0.0,1.0,0.0,0.0,0.0,0.0,0.0,0.0,0.0,1.0,0.0,0.0,1.0,0.0
6681,0.2222222222222222,1.0,1.0,0.0,0.22222222222222227,0.25,0.5429003918915096,0.0,1.0,0.14285714285714285,0.33333333333333337,0.26968043647701023,0.19246861924686165,0.14894581727499434,0.512287334593573,0.0,1.0,0.0,0.0,0.0,0.0,0.0,0.0,0.0,0.0,0.0,0.0,1.0,0.0,0.0,0.0,1.0,0.0,0.0,0.0,0.0,0.0,0.0,0.0,0.0
6682,0.38271604938271603,1.0,1.0,0.0,0.22222222222222227,0.25,0.8073015529835439,0.02631578947368421,1.0,0.0,0.33333333333333337,0.26968043647701023,0.19246861924686165,0.14894581727499434,0.512287334593573,1.0,0.0,0.0,0.0,1.0,0.0,0.0,0.0,0.0,0.0,0.0,0.0,1.0,0.0,0.0,0.0,1.0,0.0,0.0,0.0,0.0,0.0,0.0,1.0,0.0
6683,0.20987654320987653,0.0,0.0,0.0,0.22222222222222227,0.25,0.6594393640539922,0.0,1.0,0.14285714285714285,0.33333333333333337,0.26968043647701023,0.19246861924686165,0.14894581727499434,0.512287334593573,0.0,0.0,0.0,0.0,0.0,0.0,0.0,0.0,0.0,0.0,0.0,0.0,0.0,1.0,0.0,0.0,0.0,0.0,0.0,0.0,1.0,0.0,0.0,0.0,0.0
6684,0.2345679012345679,1.0,0.0,0.0,0.22222222222222227,0.25,0.7209917376636646,0.0,1.0,0.0,0.33333333333333337,0.26968043647701023,0.19246861924686165,0.14894581727499434,0.512287334593573,1.0,0.0,0.0,0.0,0.0,0.0,0.0,0.0,0.0,0.0,0.0,0.0,0.0,1.0,0.0,0.0,1.0,0.0,0.0,0.0,0.0,0.0,0.0,1.0,0.0
6685,0.13580246913580246,1.0,0.0,0.0,0.22222222222222227,0.25,0.7077115468084515,0.0,1.0,0.0,0.33333333333333337,0.26968043647701023,0.19246861924686165,0.14894581727499434,0.512287334593573,1.0,0.0,0.0,0.0,0.0,0.0,0.0,0.0,0.0,1.0,0.0,0.0,0.0,1.0,0.0,0.0,1.0,0.0,0.0,0.0,0.0,0.0,0.0,1.0,0.0
6686,0.19753086419753085,1.0,0.0,0.0,0.22222222222222227,0.25,0.6013494476505862,0.0,1.0,0.14285714285714285,0.33333333333333337,0.26968043647701023,0.19246861924686165,0.14894581727499434,0.512287334593573,0.0,0.0,0.0,0.0,0.0,0.0,0.0,0.0,0.0,1.0,0.0,0.0,0.0,1.0,0.0,0.0,0.0,0.0,0.0,0.0,1.0,0.0,0.0,0.0,0.0
6687,0.18518518518518517,1.0,0.0,0.0,0.22222222222222227,0.25,0.8627749294973655,0.0,1.0,0.0,0.33333333333333337,0.26968043647701023,0.19246861924686165,0.14894581727499434,0.512287334593573,1.0,0.0,0.0,0.0,0.0,0.0,0.0,0.0,0.0,1.0,0.0,0.0,0.0,1.0,0.0,0.0,0.0,1.0,0.0,0.0,0.0,0.0,0.0,1.0,0.0
6688,0.29629629629629634,0.0,0.0,0.0,0.22222222222222227,0.25,0.7048068276351993,0.07894736842105263,1.0,0.0,0.33333333333333337,0.26968043647701023,0.19246861924686165,0.14894581727499434,0.512287334593573,0.0,1.0,0.0,0.0,0.0,0.0,0.0,0.0,0.0,0.0,0.0,0.0,1.0,0.0,0.0,1.0,0.0,0.0,0.0,0.0,0.0,0.0,1.0,1.0,0.0
6689,0.4691358024691357,0.0,1.0,0.0,0.22222222222222227,0.25,0.790675917067155,0.15789473684210525,1.0,0.0,0.33333333333333337,0.26968043647701023,0.19246861924686165,0.14894581727499434,0.512287334593573,1.0,1.0,0.0,0.0,0.0,0.0,0.0,0.0,0.0,0.0,0.0,0.0,1.0,0.0,0.0,0.0,1.0,0.0,0.0,0.0,0.0,0.0,1.0,1.0,0.0
6690,0.13580246913580246,1.0,1.0,0.0,0.22222222222222227,0.25,0.7597275893881983,0.05263157894736842,1.0,0.0,0.33333333333333337,0.26968043647701023,0.19246861924686165,0.14894581727499434,0.512287334593573,1.0,1.0,0.0,0.0,0.0,0.0,0.0,0.0,0.0,0.0,0.0,0.0,0.0,1.0,0.0,0.0,1.0,0.0,0.0,0.0,0.0,0.0,0.0,1.0,0.0
6691,0.1728395061728395,1.0,0.0,0.0,0.22222222222222227,0.25,0.41131218966975264,0.0,1.0,0.0,0.33333333333333337,0.26968043647701023,0.19246861924686165,0.14894581727499434,0.512287334593573,0.0,0.0,0.0,0.0,0.0,0.0,0.0,0.0,0.0,0.0,1.0,0.0,1.0,0.0,0.0,0.0,0.0,0.0,0.0,1.0,0.0,0.0,0.0,1.0,0.0
6692,0.1728395061728395,1.0,0.0,0.0,0.22222222222222227,0.25,0.5169416832156455,0.0,1.0,0.14285714285714285,0.33333333333333337,0.26968043647701023,0.19246861924686165,0.14894581727499434,0.512287334593573,0.0,0.0,0.0,0.0,0.0,0.0,0.0,0.0,0.0,1.0,0.0,0.0,1.0,0.0,0.0,0.0,0.0,0.0,0.0,1.0,0.0,0.0,0.0,0.0,0.0
6693,0.3209876543209876,0.0,0.0,0.0,0.22222222222222227,0.25,0.7544482031445144,0.0,1.0,0.0,0.33333333333333337,0.26968043647701023,0.19246861924686165,0.14894581727499434,0.512287334593573,1.0,1.0,0.0,0.0,0.0,0.0,0.0,0.0,0.0,0.0,0.0,0.0,1.0,0.0,0.0,0.0,0.0,0.0,0.0,0.0,0.0,0.0,0.0,1.0,0.0
6694,0.18518518518518517,0.0,0.0,0.0,0.22222222222222227,0.25,0.7420541031352529,0.02631578947368421,1.0,0.0,0.33333333333333337,0.26968043647701023,0.19246861924686165,0.14894581727499434,0.512287334593573,1.0,1.0,0.0,0.0,0.0,0.0,0.0,0.0,0.0,0.0,0.0,0.0,1.0,0.0,0.0,0.0,1.0,0.0,0.0,0.0,0.0,0.0,1.0,1.0,0.0
6695,0.18518518518518517,1.0,0.0,0.0,0.22222222222222227,0.25,0.8757740750677874,0.02631578947368421,1.0,0.0,0.33333333333333337,0.26968043647701023,0.19246861924686165,0.14894581727499434,0.512287334593573,1.0,0.0,0.0,0.0,1.0,0.0,0.0,0.0,0.0,0.0,0.0,0.0,0.0,1.0,0.0,0.0,0.0,0.0,0.0,0.0,1.0,0.0,0.0,1.0,0.0
6696,0.12345679012345678,1.0,0.0,1.0,0.22222222222222227,0.25,0.6334058816143029,0.0,1.0,0.14285714285714285,0.33333333333333337,0.26968043647701023,0.19246861924686165,0.14894581727499434,0.512287334593573,0.0,1.0,0.0,0.0,0.0,0.0,0.0,0.0,0.0,0.0,0.0,0.0,0.0,1.0,0.0,0.0,1.0,0.0,0.0,0.0,0.0,0.0,0.0,0.0,0.0
6697,0.20987654320987653,0.0,0.0,0.0,0.22222222222222227,0.25,0.6624284397381989,0.02631578947368421,1.0,0.0,0.33333333333333337,0.26968043647701023,0.19246861924686165,0.14894581727499434,0.512287334593573,0.0,0.0,0.0,0.0,0.0,0.0,0.0,0.0,0.0,1.0,0.0,0.0,1.0,0.0,0.0,0.0,0.0,0.0,0.0,1.0,0.0,0.0,0.0,1.0,0.0
6698,0.18518518518518517,1.0,1.0,1.0,0.22222222222222227,0.25,0.6811028302176989,0.05263157894736842,1.0,0.14285714285714285,0.33333333333333337,0.26968043647701023,0.19246861924686165,0.14894581727499434,0.512287334593573,0.0,0.0,0.0,0.0,1.0,0.0,0.0,0.0,0.0,0.0,0.0,0.0,0.0,1.0,0.0,0.0,0.0,0.0,0.0,0.0,1.0,0.0,1.0,0.0,0.0
6699,0.2716049382716049,0.0,0.0,0.0,0.22222222222222227,0.25,0.7554084954118474,0.05263157894736842,1.0,0.0,0.33333333333333337,0.26968043647701023,0.19246861924686165,0.14894581727499434,0.512287334593573,1.0,0.0,0.0,0.0,0.0,0.0,0.0,0.0,0.0,0.0,0.0,0.0,1.0,0.0,0.0,0.0,0.0,0.0,0.0,0.0,1.0,0.0,0.0,1.0,0.0
6700,0.20987654320987653,1.0,0.0,0.0,0.22222222222222227,0.25,0.5496889184613623,0.05263157894736842,1.0,0.0,0.33333333333333337,0.26968043647701023,0.19246861924686165,0.14894581727499434,0.512287334593573,0.0,0.0,0.0,0.0,0.0,0.0,0.0,0.0,0.0,0.0,0.0,0.0,1.0,0.0,0.0,0.0,0.0,1.0,0.0,0.0,0.0,0.0,0.0,1.0,0.0
6701,0.29629629629629634,0.0,0.0,0.0,0.22222222222222227,0.25,0.799939022510506,0.07894736842105263,1.0,0.0,0.33333333333333337,0.26968043647701023,0.19246861924686165,0.14894581727499434,0.512287334593573,1.0,1.0,0.0,0.0,0.0,0.0,0.0,0.0,0.0,0.0,0.0,0.0,1.0,0.0,0.0,1.0,0.0,0.0,0.0,0.0,0.0,0.0,0.0,1.0,0.0
6702,0.1728395061728395,1.0,0.0,0.0,0.22222222222222227,0.25,0.7045123715378098,0.13157894736842105,1.0,0.0,0.33333333333333337,0.26968043647701023,0.19246861924686165,0.14894581727499434,0.512287334593573,1.0,0.0,0.0,0.0,0.0,0.0,0.0,1.0,0.0,0.0,0.0,0.0,1.0,0.0,0.0,0.0,0.0,1.0,0.0,0.0,0.0,0.0,0.0,1.0,0.0
6703,0.18518518518518517,0.0,0.0,0.0,0.22222222222222227,0.25,0.7953986234143111,0.07894736842105263,0.001001001001001001,0.2857142857142857,0.33333333333333337,0.26968043647701023,0.19246861924686165,0.14894581727499434,0.512287334593573,1.0,0.0,0.0,0.0,0.0,0.0,0.0,1.0,0.0,0.0,0.0,0.0,1.0,0.0,0.0,0.0,0.0,1.0,0.0,0.0,0.0,0.0,0.0,0.0,1.0
6704,0.2222222222222222,1.0,0.0,0.0,0.22222222222222227,0.25,0.6523077776041232,0.02631578947368421,1.0,0.14285714285714285,0.33333333333333337,0.26968043647701023,0.19246861924686165,0.14894581727499434,0.512287334593573,0.0,0.0,0.0,0.0,0.0,0.0,0.0,0.0,0.0,0.0,0.0,0.0,0.0,1.0,0.0,0.0,0.0,0.0,0.0,0.0,1.0,0.0,0.0,0.0,0.0
6705,0.1728395061728395,1.0,0.0,0.0,0.22222222222222227,0.25,0.77891004364839,0.02631578947368421,1.0,0.0,0.33333333333333337,0.26968043647701023,0.19246861924686165,0.14894581727499434,0.512287334593573,1.0,0.0,0.0,0.0,0.0,0.0,0.0,1.0,0.0,0.0,0.0,0.0,0.0,1.0,0.0,0.0,0.0,1.0,0.0,0.0,0.0,0.0,0.0,1.0,0.0
6706,0.19753086419753085,1.0,0.0,0.0,0.22222222222222227,0.25,0.6572568311427133,0.02631578947368421,1.0,0.14285714285714285,0.33333333333333337,0.26968043647701023,0.19246861924686165,0.14894581727499434,0.512287334593573,0.0,1.0,0.0,0.0,0.0,0.0,0.0,0.0,0.0,0.0,0.0,0.0,0.0,1.0,0.0,0.0,0.0,0.0,0.0,0.0,0.0,0.0,0.0,0.0,0.0
6707,0.16049382716049382,1.0,0.0,0.0,0.22222222222222227,0.25,0.7827622264100459,0.05263157894736842,1.0,0.0,0.33333333333333337,0.26968043647701023,0.19246861924686165,0.14894581727499434,0.512287334593573,1.0,0.0,0.0,0.0,0.0,0.0,0.0,0.0,1.0,0.0,0.0,0.0,0.0,1.0,0.0,0.0,0.0,0.0,0.0,0.0,1.0,0.0,0.0,1.0,0.0
6708,0.2345679012345679,1.0,0.0,0.0,0.22222222222222227,0.25,0.5239878100544288,0.02631578947368421,1.0,0.14285714285714285,0.33333333333333337,0.26968043647701023,0.19246861924686165,0.14894581727499434,0.512287334593573,0.0,1.0,0.0,0.0,0.0,0.0,0.0,0.0,0.0,0.0,0.0,0.0,0.0,1.0,0.0,0.0,0.0,0.0,0.0,0.0,1.0,0.0,0.0,0.0,0.0
6709,0.1728395061728395,1.0,0.0,0.0,0.22222222222222227,0.25,0.7045123715378098,0.02631578947368421,1.0,0.0,0.33333333333333337,0.26968043647701023,0.19246861924686165,0.14894581727499434,0.512287334593573,0.0,0.0,0.0,0.0,0.0,0.0,0.0,1.0,0.0,0.0,0.0,0.0,0.0,1.0,0.0,0.0,0.0,1.0,0.0,0.0,0.0,0.0,0.0,1.0,0.0
6710,0.2345679012345679,1.0,0.0,0.0,0.22222222222222227,0.25,0.672135812695421,0.02631578947368421,1.0,0.0,0.33333333333333337,0.26968043647701023,0.19246861924686165,0.14894581727499434,0.512287334593573,0.0,0.0,0.0,0.0,0.0,0.0,0.0,1.0,0.0,0.0,0.0,0.0,0.0,1.0,0.0,0.0,0.0,1.0,0.0,0.0,0.0,0.0,0.0,1.0,0.0
6711,0.3209876543209876,1.0,1.0,0.0,0.22222222222222227,0.25,0.6778197757555917,0.02631578947368421,1.0,0.0,0.33333333333333337,0.26968043647701023,0.19246861924686165,0.14894581727499434,0.512287334593573,0.0,1.0,0.0,0.0,0.0,0.0,0.0,0.0,0.0,0.0,0.0,0.0,1.0,0.0,0.0,0.0,1.0,0.0,0.0,0.0,0.0,0.0,0.0,1.0,0.0
6712,0.2222222222222222,1.0,0.0,0.0,0.22222222222222227,0.25,0.6301228271521957,0.10526315789473684,1.0,0.0,0.33333333333333337,0.26968043647701023,0.19246861924686165,0.14894581727499434,0.512287334593573,0.0,0.0,0.0,0.0,0.0,0.0,0.0,1.0,0.0,0.0,0.0,0.0,0.0,0.0,0.0,0.0,0.0,1.0,0.0,0.0,0.0,0.0,0.0,1.0,0.0
6713,0.13580246913580246,1.0,0.0,0.0,0.22222222222222227,0.25,0.5440593682563573,0.02631578947368421,1.0,0.0,0.33333333333333337,0.26968043647701023,0.19246861924686165,0.14894581727499434,0.512287334593573,0.0,0.0,0.0,0.0,0.0,0.0,0.0,0.0,1.0,0.0,0.0,0.0,0.0,1.0,0.0,0.0,0.0,0.0,0.0,0.0,1.0,0.0,1.0,1.0,0.0
6714,0.18518518518518517,0.0,0.0,0.0,0.22222222222222227,0.25,0.6870647544554597,0.13157894736842105,1.0,0.14285714285714285,0.33333333333333337,0.26968043647701023,0.19246861924686165,0.14894581727499434,0.512287334593573,0.0,1.0,0.0,0.0,0.0,0.0,0.0,0.0,0.0,0.0,0.0,0.0,0.0,1.0,0.0,0.0,0.0,0.0,0.0,1.0,0.0,0.0,0.0,0.0,0.0
6715,0.16049382716049382,1.0,0.0,0.0,0.22222222222222227,0.25,0.540547610473664,0.10526315789473684,1.0,0.0,0.33333333333333337,0.26968043647701023,0.19246861924686165,0.14894581727499434,0.512287334593573,0.0,0.0,0.0,0.0,0.0,0.0,1.0,0.0,0.0,0.0,0.0,0.0,1.0,0.0,0.0,0.0,0.0,0.0,0.0,1.0,0.0,0.0,0.0,1.0,0.0
6716,0.25925925925925924,1.0,0.0,1.0,0.22222222222222227,0.25,0.7437559071296996,0.02631578947368421,0.01001001001001001,0.14285714285714285,0.33333333333333337,0.26968043647701023,0.19246861924686165,0.14894581727499434,0.512287334593573,1.0,0.0,0.0,0.0,0.0,0.0,0.0,1.0,0.0,0.0,0.0,0.0,0.0,0.0,0.0,1.0,0.0,0.0,0.0,0.0,0.0,0.0,0.0,0.0,1.0
6717,0.1728395061728395,1.0,0.0,0.0,0.22222222222222227,0.25,0.6447157790225418,0.07894736842105263,1.0,0.0,0.33333333333333337,0.26968043647701023,0.19246861924686165,0.14894581727499434,0.512287334593573,0.0,0.0,0.0,0.0,0.0,0.0,0.0,0.0,0.0,1.0,0.0,0.0,1.0,0.0,0.0,0.0,0.0,0.0,0.0,1.0,0.0,0.0,0.0,1.0,0.0
6718,0.13580246913580246,1.0,0.0,0.0,0.22222222222222227,0.25,0.6202900913078108,0.07894736842105263,1.0,0.0,0.33333333333333337,0.26968043647701023,0.19246861924686165,0.14894581727499434,0.512287334593573,0.0,0.0,0.0,0.0,0.0,0.0,0.0,1.0,0.0,0.0,0.0,0.0,0.0,1.0,0.0,0.0,0.0,1.0,0.0,0.0,0.0,0.0,0.0,1.0,0.0
6719,0.18518518518518517,1.0,1.0,0.0,0.22222222222222227,0.25,0.6290077936901697,0.02631578947368421,1.0,0.0,0.33333333333333337,0.26968043647701023,0.19246861924686165,0.14894581727499434,0.512287334593573,0.0,0.0,0.0,0.0,0.0,0.0,0.0,0.0,0.0,0.0,0.0,0.0,0.0,1.0,0.0,0.0,0.0,1.0,0.0,0.0,0.0,0.0,0.0,1.0,0.0
6720,0.19753086419753085,1.0,0.0,0.0,0.22222222222222227,0.25,0.7768559189997053,0.05263157894736842,1.0,0.0,0.33333333333333337,0.26968043647701023,0.19246861924686165,0.14894581727499434,0.512287334593573,1.0,0.0,0.0,0.0,0.0,0.0,0.0,1.0,0.0,0.0,0.0,0.0,1.0,0.0,0.0,0.0,0.0,1.0,0.0,0.0,0.0,0.0,0.0,1.0,0.0
6721,0.20987654320987653,1.0,0.0,0.0,0.22222222222222227,0.25,0.6202900913078108,0.05263157894736842,1.0,0.0,0.33333333333333337,0.26968043647701023,0.19246861924686165,0.14894581727499434,0.512287334593573,0.0,0.0,0.0,0.0,0.0,0.0,1.0,0.0,0.0,0.0,0.0,0.0,0.0,1.0,0.0,0.0,0.0,0.0,0.0,0.0,1.0,0.0,0.0,1.0,0.0
6722,0.19753086419753085,0.0,0.0,0.0,0.22222222222222227,0.25,0.6729097309439991,0.13157894736842105,1.0,0.0,0.33333333333333337,0.26968043647701023,0.19246861924686165,0.14894581727499434,0.512287334593573,0.0,1.0,0.0,0.0,0.0,0.0,0.0,0.0,0.0,0.0,0.0,0.0,0.0,1.0,0.0,0.0,0.0,0.0,0.0,1.0,0.0,0.0,0.0,1.0,0.0
6723,0.14814814814814814,0.0,0.0,1.0,0.22222222222222227,0.25,0.5689167450775122,0.07894736842105263,1.0,0.0,0.33333333333333337,0.26968043647701023,0.19246861924686165,0.14894581727499434,0.512287334593573,0.0,0.0,0.0,0.0,0.0,0.0,0.0,0.0,0.0,1.0,0.0,0.0,0.0,1.0,0.0,0.0,0.0,0.0,0.0,1.0,0.0,0.0,0.0,1.0,0.0
6724,0.1728395061728395,0.0,0.0,1.0,0.22222222222222227,0.25,0.6693862850347637,0.05263157894736842,1.0,0.0,0.33333333333333337,0.26968043647701023,0.19246861924686165,0.14894581727499434,0.512287334593573,0.0,0.0,0.0,0.0,0.0,0.0,0.0,0.0,0.0,1.0,0.0,0.0,1.0,0.0,0.0,0.0,0.0,1.0,0.0,0.0,0.0,0.0,1.0,1.0,0.0
6725,0.2222222222222222,1.0,0.0,0.0,0.22222222222222227,0.5,0.4776508205223571,0.10526315789473684,1.0,0.0,0.33333333333333337,0.26968043647701023,0.19246861924686165,0.1466787576513262,0.512287334593573,0.0,0.0,1.0,0.0,0.0,0.0,0.0,0.0,0.0,0.0,0.0,0.0,1.0,0.0,0.0,0.0,0.0,0.0,0.0,0.0,1.0,0.0,0.0,1.0,0.0
6726,0.30864197530864196,1.0,0.0,0.0,0.22222222222222227,0.5,0.5014409845439322,0.10526315789473684,1.0,0.0,0.33333333333333337,0.26968043647701023,0.19246861924686165,0.1466787576513262,0.512287334593573,0.0,0.0,0.0,0.0,0.0,0.0,0.0,1.0,0.0,0.0,0.0,0.0,0.0,1.0,0.0,1.0,0.0,0.0,0.0,0.0,0.0,0.0,0.0,1.0,0.0
6727,0.25925925925925924,1.0,0.0,0.0,0.22222222222222227,0.5,0.46252089605584185,0.02631578947368421,1.0,0.0,0.33333333333333337,0.26968043647701023,0.19246861924686165,0.1466787576513262,0.512287334593573,0.0,0.0,0.0,0.0,0.0,0.0,0.0,0.0,0.0,1.0,0.0,0.0,0.0,1.0,0.0,0.0,0.0,0.0,0.0,1.0,0.0,0.0,0.0,1.0,0.0
6728,0.19753086419753085,0.0,1.0,0.0,0.22222222222222227,0.5,0.7303484158131063,0.02631578947368421,1.0,0.14285714285714285,0.33333333333333337,0.26968043647701023,0.19246861924686165,0.1466787576513262,0.512287334593573,1.0,1.0,0.0,0.0,0.0,0.0,0.0,0.0,0.0,0.0,0.0,0.0,1.0,0.0,0.0,0.0,0.0,0.0,0.0,0.0,0.0,0.0,0.0,0.0,0.0
6729,0.2222222222222222,1.0,1.0,0.0,0.22222222222222227,0.5,0.6752013972391346,0.02631578947368421,1.0,0.0,0.33333333333333337,0.26968043647701023,0.19246861924686165,0.1466787576513262,0.512287334593573,0.0,0.0,0.0,0.0,0.0,0.0,0.0,0.0,0.0,1.0,0.0,0.0,0.0,1.0,0.0,0.0,0.0,0.0,0.0,0.0,1.0,0.0,0.0,1.0,0.0
6730,0.29629629629629634,1.0,1.0,0.0,0.22222222222222227,0.5,0.3636152410663567,0.18421052631578946,1.0,0.0,0.33333333333333337,0.26968043647701023,0.19246861924686165,0.1466787576513262,0.512287334593573,0.0,0.0,0.0,0.0,0.0,0.0,0.0,1.0,0.0,0.0,0.0,0.0,1.0,0.0,0.0,0.0,0.0,1.0,0.0,0.0,0.0,0.0,0.0,1.0,0.0
6731,0.3703703703703703,1.0,0.0,0.0,0.22222222222222227,0.5,0.21077389300442675,0.15789473684210525,1.0,0.14285714285714285,0.33333333333333337,0.26968043647701023,0.19246861924686165,0.1466787576513262,0.512287334593573,0.0,1.0,0.0,0.0,0.0,0.0,0.0,0.0,0.0,0.0,0.0,0.0,1.0,0.0,0.0,0.0,0.0,0.0,0.0,0.0,0.0,0.0,1.0,0.0,0.0
6732,0.3209876543209876,1.0,0.0,0.0,0.22222222222222227,0.5,0.6238550656258994,0.0,1.0,0.0,0.33333333333333337,0.26968043647701023,0.19246861924686165,0.1466787576513262,0.512287334593573,0.0,0.0,0.0,0.0,0.0,0.0,0.0,0.0,0.0,0.0,0.0,0.0,1.0,0.0,0.0,0.0,0.0,1.0,0.0,0.0,0.0,0.0,0.0,1.0,0.0
6733,0.1111111111111111,0.0,0.0,1.0,0.22222222222222227,0.5,0.5369277818064884,0.05263157894736842,1.0,0.0,0.33333333333333337,0.26968043647701023,0.19246861924686165,0.1466787576513262,0.512287334593573,0.0,0.0,0.0,0.0,0.0,0.0,0.0,0.0,1.0,0.0,0.0,0.0,0.0,1.0,0.0,0.0,0.0,1.0,0.0,0.0,0.0,0.0,0.0,1.0,0.0
6734,0.13580246913580246,0.0,0.0,0.0,0.22222222222222227,0.5,0.7953986234143111,0.05263157894736842,1.0,0.0,0.33333333333333337,0.26968043647701023,0.19246861924686165,0.1466787576513262,0.512287334593573,1.0,1.0,0.0,0.0,0.0,0.0,0.0,0.0,0.0,0.0,0.0,0.0,0.0,1.0,0.0,1.0,0.0,0.0,0.0,0.0,0.0,0.0,0.0,1.0,0.0
6735,0.14814814814814814,1.0,0.0,0.0,0.22222222222222227,0.5,0.782610536963514,0.02631578947368421,1.0,0.14285714285714285,0.33333333333333337,0.26968043647701023,0.19246861924686165,0.1466787576513262,0.512287334593573,1.0,0.0,0.0,0.0,0.0,0.0,1.0,0.0,0.0,0.0,0.0,0.0,0.0,1.0,0.0,0.0,0.0,0.0,0.0,1.0,0.0,0.0,0.0,0.0,0.0
6736,0.14814814814814814,1.0,1.0,0.0,0.22222222222222227,0.5,0.6244388640920251,0.0,1.0,0.0,0.33333333333333337,0.26968043647701023,0.19246861924686165,0.1466787576513262,0.512287334593573,0.0,1.0,0.0,0.0,0.0,0.0,0.0,0.0,0.0,0.0,0.0,0.0,0.0,0.0,0.0,0.0,1.0,0.0,0.0,0.0,0.0,0.0,0.0,1.0,0.0
6737,0.14814814814814814,1.0,0.0,0.0,0.22222222222222227,0.5,0.494619644821988,0.0,1.0,0.0,0.33333333333333337,0.26968043647701023,0.19246861924686165,0.1466787576513262,0.512287334593573,0.0,1.0,0.0,0.0,0.0,0.0,0.0,0.0,0.0,0.0,0.0,0.0,1.0,0.0,0.0,0.0,0.0,1.0,0.0,0.0,0.0,0.0,0.0,1.0,0.0
6738,0.20987654320987653,0.0,0.0,0.0,0.22222222222222227,0.5,0.6821771312868369,0.0,1.0,0.0,0.33333333333333337,0.26968043647701023,0.19246861924686165,0.1466787576513262,0.512287334593573,0.0,0.0,0.0,0.0,0.0,0.0,0.0,0.0,0.0,0.0,0.0,0.0,1.0,0.0,0.0,0.0,0.0,0.0,0.0,0.0,1.0,0.0,0.0,1.0,0.0
6739,0.13580246913580246,1.0,0.0,0.0,0.22222222222222227,0.5,0.820992797712667,0.0,1.0,0.0,0.33333333333333337,0.26968043647701023,0.19246861924686165,0.1466787576513262,0.512287334593573,1.0,0.0,0.0,0.0,0.0,0.0,0.0,0.0,0.0,0.0,0.0,0.0,1.0,0.0,0.0,0.0,0.0,1.0,0.0,0.0,0.0,0.0,0.0,1.0,0.0
6740,0.13580246913580246,1.0,0.0,0.0,0.22222222222222227,0.5,0.6371237804409605,0.0,1.0,0.14285714285714285,0.33333333333333337,0.26968043647701023,0.19246861924686165,0.1466787576513262,0.512287334593573,0.0,0.0,0.0,0.0,0.0,0.0,0.0,0.0,0.0,1.0,0.0,0.0,1.0,0.0,0.0,0.0,1.0,0.0,0.0,0.0,0.0,0.0,0.0,0.0,0.0
6741,0.3209876543209876,1.0,1.0,0.0,0.22222222222222227,0.5,0.7546408897551403,0.0,1.0,0.0,0.33333333333333337,0.26968043647701023,0.19246861924686165,0.1466787576513262,0.512287334593573,1.0,0.0,0.0,0.0,0.0,0.0,0.0,0.0,0.0,1.0,0.0,0.0,0.0,1.0,0.0,0.0,0.0,1.0,0.0,0.0,0.0,0.0,0.0,1.0,0.0
6742,0.1111111111111111,1.0,0.0,0.0,0.22222222222222227,0.5,0.6238550656258994,0.02631578947368421,1.0,0.14285714285714285,0.33333333333333337,0.26968043647701023,0.19246861924686165,0.1466787576513262,0.512287334593573,0.0,1.0,0.0,0.0,0.0,0.0,0.0,0.0,0.0,0.0,0.0,0.0,0.0,1.0,0.0,0.0,1.0,0.0,0.0,0.0,0.0,0.0,0.0,0.0,0.0
6743,0.25925925925925924,1.0,1.0,0.0,0.22222222222222227,0.5,0.5770327318283031,0.0,1.0,0.14285714285714285,0.33333333333333337,0.26968043647701023,0.19246861924686165,0.1466787576513262,0.512287334593573,0.0,0.0,0.0,0.0,0.0,0.0,0.0,0.0,0.0,0.0,0.0,0.0,1.0,0.0,0.0,0.0,0.0,0.0,0.0,0.0,1.0,0.0,0.0,0.0,0.0
6744,0.1728395061728395,1.0,0.0,0.0,0.22222222222222227,0.5,0.7936151992344814,0.0,1.0,0.0,0.33333333333333337,0.26968043647701023,0.19246861924686165,0.1466787576513262,0.512287334593573,1.0,0.0,0.0,0.0,0.0,0.0,0.0,0.0,0.0,0.0,0.0,0.0,0.0,1.0,0.0,0.0,0.0,1.0,0.0,0.0,0.0,0.0,0.0,1.0,0.0
6745,0.4691358024691357,0.0,0.0,0.0,0.22222222222222227,0.5,0.7372430733823068,0.07894736842105263,1.0,0.14285714285714285,0.33333333333333337,0.26968043647701023,0.19246861924686165,0.1466787576513262,0.512287334593573,1.0,0.0,0.0,0.0,0.0,1.0,0.0,0.0,0.0,0.0,0.0,0.0,0.0,0.0,0.0,0.0,0.0,0.0,0.0,0.0,0.0,0.0,1.0,0.0,0.0
6746,0.24691358024691357,1.0,1.0,0.0,0.22222222222222227,0.5,0.6781891171876829,0.15789473684210525,1.0,0.0,0.33333333333333337,0.26968043647701023,0.19246861924686165,0.1466787576513262,0.512287334593573,0.0,0.0,0.0,0.0,0.0,0.0,0.0,0.0,0.0,0.0,0.0,0.0,1.0,0.0,0.0,0.0,0.0,0.0,0.0,0.0,1.0,0.0,0.0,1.0,0.0
6747,0.3209876543209876,0.0,0.0,0.0,0.22222222222222227,0.5,0.5154803582186305,0.0,1.0,0.14285714285714285,0.33333333333333337,0.26968043647701023,0.19246861924686165,0.1466787576513262,0.512287334593573,0.0,0.0,0.0,0.0,0.0,0.0,1.0,0.0,0.0,0.0,0.0,0.0,0.0,1.0,0.0,0.0,0.0,1.0,0.0,0.0,0.0,0.0,1.0,0.0,0.0
6748,0.4444444444444445,1.0,0.0,0.0,0.22222222222222227,0.5,0.7637156034873523,0.0,1.0,0.0,0.33333333333333337,0.26968043647701023,0.19246861924686165,0.1466787576513262,0.512287334593573,1.0,1.0,0.0,0.0,0.0,0.0,0.0,0.0,0.0,0.0,0.0,0.0,1.0,0.0,0.0,1.0,0.0,0.0,0.0,0.0,0.0,0.0,1.0,1.0,0.0
6749,0.3209876543209876,1.0,1.0,0.0,0.22222222222222227,0.5,0.6452049071679414,0.0,1.0,0.0,0.33333333333333337,0.26968043647701023,0.19246861924686165,0.1466787576513262,0.512287334593573,0.0,1.0,0.0,0.0,0.0,0.0,0.0,0.0,0.0,0.0,0.0,0.0,1.0,0.0,0.0,0.0,0.0,0.0,0.0,0.0,0.0,0.0,1.0,1.0,0.0
6750,0.4444444444444445,1.0,0.0,0.0,0.22222222222222227,0.5,0.3400093138083381,0.3157894736842105,1.0,0.14285714285714285,0.33333333333333337,0.26968043647701023,0.19246861924686165,0.1466787576513262,0.512287334593573,0.0,0.0,0.0,0.0,1.0,0.0,0.0,0.0,0.0,0.0,0.0,0.0,1.0,0.0,0.0,0.0,0.0,0.0,0.0,0.0,1.0,0.0,0.0,0.0,0.0
6751,0.1728395061728395,0.0,0.0,0.0,0.22222222222222227,0.5,0.7466760785195581,0.0,1.0,0.0,0.33333333333333337,0.26968043647701023,0.19246861924686165,0.1466787576513262,0.512287334593573,1.0,0.0,0.0,0.0,0.0,0.0,0.0,0.0,0.0,0.0,1.0,0.0,1.0,0.0,0.0,0.0,1.0,0.0,0.0,0.0,0.0,0.0,0.0,1.0,0.0
6752,0.13580246913580246,1.0,0.0,0.0,0.22222222222222227,0.5,0.7349894575336511,0.0,1.0,0.0,0.33333333333333337,0.26968043647701023,0.19246861924686165,0.1466787576513262,0.512287334593573,1.0,1.0,0.0,0.0,0.0,0.0,0.0,0.0,0.0,0.0,0.0,0.0,0.0,1.0,0.0,0.0,0.0,1.0,0.0,0.0,0.0,0.0,0.0,1.0,0.0
6753,0.2345679012345679,0.0,0.0,0.0,0.22222222222222227,0.5,0.4854960703308916,0.0,1.0,0.0,0.33333333333333337,0.26968043647701023,0.19246861924686165,0.1466787576513262,0.512287334593573,0.0,0.0,0.0,0.0,0.0,0.0,0.0,1.0,0.0,0.0,0.0,0.0,1.0,0.0,0.0,0.0,1.0,0.0,0.0,0.0,0.0,0.0,0.0,1.0,0.0
6754,0.16049382716049382,0.0,0.0,0.0,0.22222222222222227,0.5,0.7497264261648069,0.0,1.0,0.0,0.33333333333333337,0.26968043647701023,0.19246861924686165,0.1466787576513262,0.512287334593573,1.0,0.0,1.0,0.0,0.0,0.0,0.0,0.0,0.0,0.0,0.0,0.0,1.0,0.0,0.0,0.0,0.0,0.0,0.0,0.0,1.0,0.0,0.0,1.0,0.0
6755,0.2222222222222222,0.0,0.0,0.0,0.22222222222222227,0.5,0.5381468098084997,0.02631578947368421,1.0,0.14285714285714285,0.33333333333333337,0.26968043647701023,0.19246861924686165,0.1466787576513262,0.512287334593573,0.0,1.0,0.0,0.0,0.0,0.0,0.0,0.0,0.0,0.0,0.0,0.0,1.0,0.0,0.0,1.0,0.0,0.0,0.0,0.0,0.0,0.0,0.0,0.0,0.0
6756,0.20987654320987653,0.0,1.0,1.0,0.22222222222222227,0.5,0.6781891171876829,0.10526315789473684,0.006006006006006006,0.14285714285714285,0.33333333333333337,0.26968043647701023,0.19246861924686165,0.1466787576513262,0.512287334593573,0.0,0.0,0.0,0.0,1.0,0.0,0.0,0.0,0.0,0.0,0.0,0.0,1.0,0.0,0.0,0.0,0.0,0.0,0.0,0.0,1.0,0.0,0.0,0.0,1.0
6757,0.20987654320987653,0.0,0.0,0.0,0.22222222222222227,0.5,0.750725881195543,0.0,1.0,0.0,0.33333333333333337,0.26968043647701023,0.19246861924686165,0.1466787576513262,0.512287334593573,1.0,1.0,0.0,0.0,0.0,0.0,0.0,0.0,0.0,0.0,0.0,0.0,1.0,0.0,0.0,0.0,0.0,1.0,0.0,0.0,0.0,0.0,0.0,1.0,0.0
6758,0.18518518518518517,0.0,0.0,0.0,0.22222222222222227,0.5,0.800592189926999,0.0,1.0,0.0,0.33333333333333337,0.26968043647701023,0.19246861924686165,0.1466787576513262,0.512287334593573,1.0,1.0,0.0,0.0,0.0,0.0,0.0,0.0,0.0,0.0,0.0,0.0,0.0,1.0,0.0,0.0,0.0,0.0,0.0,0.0,0.0,0.0,0.0,1.0,0.0
6759,0.3209876543209876,1.0,0.0,0.0,0.22222222222222227,0.5,0.3017282010873305,0.15789473684210525,1.0,0.0,0.33333333333333337,0.26968043647701023,0.19246861924686165,0.1466787576513262,0.512287334593573,0.0,0.0,0.0,0.0,1.0,0.0,0.0,0.0,0.0,0.0,0.0,0.0,1.0,0.0,0.0,0.0,0.0,0.0,0.0,0.0,1.0,0.0,0.0,1.0,0.0
6760,0.08641975308641975,0.0,0.0,0.0,0.22222222222222227,0.5,0.7654845864390724,0.0,1.0,0.14285714285714285,0.33333333333333337,0.26968043647701023,0.19246861924686165,0.1466787576513262,0.512287334593573,1.0,0.0,0.0,0.0,0.0,0.0,0.0,0.0,1.0,0.0,0.0,0.0,0.0,1.0,0.0,0.0,0.0,1.0,0.0,0.0,0.0,0.0,0.0,0.0,0.0
6761,0.20987654320987653,0.0,0.0,0.0,0.22222222222222227,0.5,0.7024302791398942,0.0,1.0,0.0,0.33333333333333337,0.26968043647701023,0.19246861924686165,0.1466787576513262,0.512287334593573,1.0,0.0,0.0,1.0,0.0,0.0,0.0,0.0,0.0,0.0,0.0,0.0,0.0,1.0,0.0,0.0,0.0,1.0,0.0,0.0,0.0,0.0,0.0,1.0,0.0
6762,0.18518518518518517,1.0,0.0,0.0,0.22222222222222227,0.5,0.7033271207099517,0.05263157894736842,1.0,0.0,0.33333333333333337,0.26968043647701023,0.19246861924686165,0.1466787576513262,0.512287334593573,1.0,1.0,0.0,0.0,0.0,0.0,0.0,0.0,0.0,0.0,0.0,0.0,1.0,0.0,0.0,0.0,0.0,1.0,0.0,0.0,0.0,0.0,0.0,1.0,0.0
6763,0.19753086419753085,0.0,0.0,0.0,0.22222222222222227,0.5,0.5078883596370491,0.05263157894736842,1.0,0.0,0.33333333333333337,0.26968043647701023,0.19246861924686165,0.1466787576513262,0.512287334593573,0.0,0.0,0.0,0.0,0.0,0.0,0.0,1.0,0.0,0.0,0.0,0.0,0.0,1.0,0.0,1.0,0.0,0.0,0.0,0.0,0.0,0.0,1.0,1.0,0.0
6764,0.08641975308641975,1.0,0.0,0.0,0.22222222222222227,0.5,0.672135812695421,0.0,0.01001001001001001,0.14285714285714285,0.33333333333333337,0.26968043647701023,0.19246861924686165,0.1466787576513262,0.512287334593573,1.0,0.0,0.0,0.0,0.0,0.0,0.0,0.0,0.0,0.0,0.0,0.0,1.0,0.0,0.0,0.0,1.0,0.0,0.0,0.0,0.0,0.0,0.0,0.0,1.0
6765,0.14814814814814814,0.0,0.0,0.0,0.22222222222222227,0.5,0.5716847586578249,0.02631578947368421,1.0,0.0,0.33333333333333337,0.26968043647701023,0.19246861924686165,0.1466787576513262,0.512287334593573,0.0,0.0,0.0,0.0,0.0,0.0,0.0,0.0,0.0,0.0,0.0,0.0,1.0,0.0,0.0,0.0,0.0,0.0,0.0,0.0,1.0,0.0,0.0,1.0,0.0
6766,0.14814814814814814,0.0,0.0,0.0,0.22222222222222227,0.5,0.5440593682563573,0.10526315789473684,1.0,0.14285714285714285,0.33333333333333337,0.26968043647701023,0.19246861924686165,0.1466787576513262,0.512287334593573,0.0,0.0,0.0,0.0,0.0,0.0,0.0,0.0,0.0,0.0,0.0,0.0,1.0,0.0,0.0,0.0,0.0,0.0,0.0,0.0,1.0,0.0,0.0,0.0,0.0
6767,0.1728395061728395,0.0,0.0,0.0,0.22222222222222227,0.5,0.7416247772956214,0.05263157894736842,1.0,0.0,0.33333333333333337,0.26968043647701023,0.19246861924686165,0.1466787576513262,0.512287334593573,1.0,0.0,0.0,0.0,0.0,0.0,0.0,0.0,0.0,1.0,0.0,0.0,0.0,1.0,0.0,0.0,0.0,0.0,0.0,1.0,0.0,0.0,0.0,1.0,0.0
6768,0.19753086419753085,1.0,0.0,0.0,0.22222222222222227,0.5,0.8613068855907323,0.0,1.0,0.14285714285714285,0.33333333333333337,0.26968043647701023,0.19246861924686165,0.1466787576513262,0.512287334593573,1.0,0.0,0.0,0.0,0.0,0.0,0.0,1.0,0.0,0.0,0.0,0.0,1.0,0.0,0.0,0.0,0.0,1.0,0.0,0.0,0.0,0.0,0.0,0.0,0.0
6769,0.19753086419753085,0.0,0.0,0.0,0.22222222222222227,0.5,0.5239878100544288,0.07894736842105263,1.0,0.0,0.33333333333333337,0.26968043647701023,0.19246861924686165,0.1466787576513262,0.512287334593573,0.0,0.0,0.0,0.0,0.0,0.0,0.0,1.0,0.0,0.0,0.0,0.0,0.0,1.0,0.0,1.0,0.0,0.0,0.0,0.0,0.0,0.0,1.0,1.0,0.0
6770,0.43209876543209874,0.0,0.0,0.0,0.22222222222222227,0.5,0.7116612993527112,0.0,1.0,0.14285714285714285,0.33333333333333337,0.26968043647701023,0.19246861924686165,0.1466787576513262,0.512287334593573,0.0,0.0,0.0,0.0,0.0,0.0,0.0,0.0,0.0,0.0,0.0,0.0,1.0,0.0,0.0,0.0,1.0,0.0,0.0,0.0,0.0,0.0,0.0,0.0,0.0
6771,0.2716049382716049,0.0,0.0,0.0,0.22222222222222227,0.5,0.2708649416170843,0.10526315789473684,1.0,0.0,0.33333333333333337,0.26968043647701023,0.19246861924686165,0.1466787576513262,0.512287334593573,0.0,1.0,0.0,0.0,0.0,0.0,0.0,0.0,0.0,0.0,0.0,0.0,0.0,1.0,0.0,0.0,0.0,0.0,0.0,0.0,1.0,0.0,0.0,1.0,0.0
6772,0.2716049382716049,1.0,0.0,0.0,0.22222222222222227,0.5,0.6835944393892373,0.0,1.0,0.0,0.33333333333333337,0.26968043647701023,0.19246861924686165,0.1466787576513262,0.512287334593573,1.0,1.0,0.0,0.0,0.0,0.0,0.0,0.0,0.0,0.0,0.0,0.0,0.0,0.0,0.0,1.0,0.0,0.0,0.0,0.0,0.0,0.0,1.0,1.0,0.0
6773,0.2716049382716049,0.0,0.0,1.0,0.22222222222222227,0.5,0.6937125767575353,0.0,1.0,0.14285714285714285,0.33333333333333337,0.26968043647701023,0.19246861924686165,0.1466787576513262,0.512287334593573,0.0,0.0,0.0,0.0,0.0,0.0,0.0,0.0,0.0,0.0,0.0,0.0,0.0,0.0,0.0,0.0,1.0,0.0,0.0,0.0,0.0,0.0,0.0,0.0,0.0
6774,0.2345679012345679,0.0,0.0,0.0,0.22222222222222227,0.5,0.8068083231226507,0.05263157894736842,1.0,0.14285714285714285,0.33333333333333337,0.26968043647701023,0.19246861924686165,0.1466787576513262,0.512287334593573,1.0,1.0,0.0,0.0,0.0,0.0,0.0,0.0,0.0,0.0,0.0,0.0,1.0,0.0,0.0,0.0,1.0,0.0,0.0,0.0,0.0,0.0,1.0,0.0,0.0
6775,0.419753086419753,1.0,0.0,0.0,0.22222222222222227,0.5,0.6767047422935657,0.07894736842105263,1.0,0.14285714285714285,0.33333333333333337,0.26968043647701023,0.19246861924686165,0.1466787576513262,0.512287334593573,0.0,1.0,0.0,0.0,0.0,0.0,0.0,0.0,0.0,0.0,0.0,0.0,0.0,0.0,0.0,0.0,1.0,0.0,0.0,0.0,0.0,0.0,0.0,0.0,0.0
6776,0.13580246913580246,1.0,1.0,0.0,0.22222222222222227,0.5,0.7450162957887101,0.0,1.0,0.0,0.33333333333333337,0.26968043647701023,0.19246861924686165,0.1466787576513262,0.512287334593573,1.0,0.0,0.0,0.0,0.0,0.0,0.0,1.0,0.0,0.0,0.0,0.0,0.0,1.0,0.0,0.0,0.0,1.0,0.0,0.0,0.0,0.0,0.0,1.0,0.0
6777,0.1728395061728395,1.0,0.0,0.0,0.22222222222222227,0.5,0.7763767527588283,0.02631578947368421,1.0,0.0,0.33333333333333337,0.26968043647701023,0.19246861924686165,0.1466787576513262,0.512287334593573,1.0,0.0,0.0,0.0,0.0,0.0,0.0,1.0,0.0,0.0,0.0,0.0,0.0,1.0,0.0,1.0,0.0,0.0,0.0,0.0,0.0,0.0,0.0,1.0,0.0
6778,0.2222222222222222,0.0,0.0,0.0,0.22222222222222227,0.5,0.48358326152743014,0.0,1.0,0.14285714285714285,0.33333333333333337,0.26968043647701023,0.19246861924686165,0.1466787576513262,0.512287334593573,0.0,0.0,0.0,0.0,0.0,0.0,0.0,0.0,0.0,0.0,0.0,0.0,0.0,1.0,0.0,0.0,0.0,0.0,0.0,0.0,1.0,0.0,1.0,0.0,0.0
6779,0.2345679012345679,1.0,1.0,0.0,0.22222222222222227,0.5,0.4735228478707203,0.0,1.0,0.14285714285714285,0.33333333333333337,0.26968043647701023,0.19246861924686165,0.1466787576513262,0.512287334593573,0.0,1.0,0.0,0.0,0.0,0.0,0.0,0.0,0.0,0.0,0.0,0.0,1.0,0.0,0.0,0.0,1.0,0.0,0.0,0.0,0.0,0.0,0.0,0.0,0.0
6780,0.12345679012345678,0.0,0.0,0.0,0.22222222222222227,0.5,0.6027582686746316,0.0,1.0,0.0,0.33333333333333337,0.26968043647701023,0.19246861924686165,0.1466787576513262,0.512287334593573,0.0,0.0,0.0,0.0,0.0,0.0,0.0,0.0,0.0,0.0,0.0,0.0,0.0,1.0,0.0,0.0,0.0,1.0,0.0,0.0,0.0,0.0,0.0,1.0,0.0
6781,0.18518518518518517,1.0,1.0,0.0,0.22222222222222227,0.5,0.5540062892371289,0.07894736842105263,1.0,0.0,0.33333333333333337,0.26968043647701023,0.19246861924686165,0.1466787576513262,0.512287334593573,0.0,1.0,0.0,0.0,0.0,0.0,0.0,0.0,0.0,0.0,0.0,0.0,1.0,0.0,0.0,0.0,1.0,0.0,0.0,0.0,0.0,0.0,0.0,1.0,0.0
6782,0.19753086419753085,1.0,0.0,0.0,0.22222222222222227,0.5,0.2708649416170843,0.18421052631578946,1.0,0.0,0.33333333333333337,0.26968043647701023,0.19246861924686165,0.1466787576513262,0.512287334593573,0.0,0.0,0.0,0.0,0.0,0.0,0.0,0.0,0.0,0.0,0.0,0.0,0.0,1.0,0.0,0.0,0.0,0.0,0.0,0.0,1.0,0.0,0.0,1.0,0.0
6783,0.1728395061728395,1.0,0.0,0.0,0.22222222222222227,0.5,0.7255167243589877,0.0,1.0,0.0,0.33333333333333337,0.26968043647701023,0.19246861924686165,0.1466787576513262,0.512287334593573,1.0,0.0,0.0,0.0,0.0,0.0,0.0,0.0,0.0,0.0,0.0,0.0,1.0,0.0,0.0,0.0,0.0,1.0,0.0,0.0,0.0,0.0,0.0,1.0,0.0
6784,0.3333333333333333,0.0,0.0,0.0,0.22222222222222227,0.5,0.6407277649233879,0.0,1.0,0.0,0.33333333333333337,0.26968043647701023,0.19246861924686165,0.1466787576513262,0.512287334593573,0.0,0.0,0.0,0.0,0.0,0.0,0.0,0.0,0.0,0.0,0.0,0.0,1.0,0.0,0.0,0.0,0.0,1.0,0.0,0.0,0.0,0.0,0.0,1.0,0.0
6785,0.2716049382716049,1.0,0.0,0.0,0.22222222222222227,0.5,0.4756049402686357,0.0,1.0,0.0,0.33333333333333337,0.26968043647701023,0.19246861924686165,0.1466787576513262,0.512287334593573,0.0,1.0,0.0,0.0,0.0,0.0,0.0,0.0,0.0,0.0,0.0,0.0,1.0,0.0,0.0,0.0,1.0,0.0,0.0,0.0,0.0,0.0,1.0,1.0,0.0
6786,0.18518518518518517,1.0,0.0,0.0,0.22222222222222227,0.5,0.7212477446188635,0.0,1.0,0.0,0.33333333333333337,0.26968043647701023,0.19246861924686165,0.1466787576513262,0.512287334593573,1.0,1.0,0.0,0.0,0.0,0.0,0.0,0.0,0.0,0.0,0.0,0.0,1.0,0.0,0.0,1.0,0.0,0.0,0.0,0.0,0.0,0.0,1.0,1.0,0.0
6787,0.14814814814814814,0.0,1.0,0.0,0.22222222222222227,0.5,0.7784391885188026,0.02631578947368421,1.0,0.14285714285714285,0.33333333333333337,0.26968043647701023,0.19246861924686165,0.1466787576513262,0.512287334593573,1.0,0.0,0.0,0.0,0.0,0.0,0.0,1.0,0.0,0.0,0.0,0.0,1.0,0.0,0.0,0.0,0.0,1.0,0.0,0.0,0.0,0.0,0.0,0.0,0.0
6788,0.1728395061728395,1.0,0.0,0.0,0.22222222222222227,0.5,0.494619644821988,0.0,1.0,0.14285714285714285,0.33333333333333337,0.26968043647701023,0.19246861924686165,0.1466787576513262,0.512287334593573,0.0,0.0,0.0,0.0,0.0,0.0,0.0,1.0,0.0,0.0,0.0,0.0,0.0,1.0,0.0,0.0,0.0,1.0,0.0,0.0,0.0,0.0,0.0,0.0,0.0
6789,0.20987654320987653,1.0,0.0,0.0,0.22222222222222227,0.5,0.7734600293864244,0.0,1.0,0.0,0.33333333333333337,0.26968043647701023,0.19246861924686165,0.1466787576513262,0.512287334593573,1.0,1.0,0.0,0.0,0.0,0.0,0.0,0.0,0.0,0.0,0.0,0.0,1.0,0.0,0.0,1.0,0.0,0.0,0.0,0.0,0.0,0.0,0.0,1.0,0.0
6790,0.16049382716049382,1.0,0.0,0.0,0.22222222222222227,0.5,0.31856189022048026,0.13157894736842105,1.0,0.14285714285714285,0.33333333333333337,0.26968043647701023,0.19246861924686165,0.1466787576513262,0.512287334593573,0.0,1.0,0.0,0.0,0.0,0.0,0.0,0.0,0.0,0.0,0.0,0.0,0.0,1.0,0.0,0.0,1.0,0.0,0.0,0.0,0.0,0.0,0.0,0.0,0.0
6791,0.1728395061728395,1.0,0.0,0.0,0.22222222222222227,0.5,0.5917563168597532,0.0,1.0,0.14285714285714285,0.33333333333333337,0.26968043647701023,0.19246861924686165,0.1466787576513262,0.512287334593573,0.0,0.0,0.0,0.0,0.0,0.0,0.0,1.0,0.0,0.0,0.0,0.0,0.0,1.0,0.0,0.0,0.0,1.0,0.0,0.0,0.0,0.0,0.0,0.0,0.0
6792,0.14814814814814814,0.0,0.0,0.0,0.22222222222222227,0.5,0.8240203399870814,0.0,1.0,0.0,0.33333333333333337,0.26968043647701023,0.19246861924686165,0.1466787576513262,0.512287334593573,1.0,1.0,0.0,0.0,0.0,0.0,0.0,0.0,0.0,0.0,0.0,0.0,1.0,0.0,0.0,0.0,1.0,0.0,0.0,0.0,0.0,0.0,0.0,1.0,0.0
6793,0.38271604938271603,1.0,0.0,0.0,0.22222222222222227,0.5,0.6953174467991899,0.0,1.0,0.0,0.33333333333333337,0.26968043647701023,0.19246861924686165,0.1466787576513262,0.512287334593573,0.0,1.0,0.0,0.0,0.0,0.0,0.0,0.0,0.0,0.0,0.0,0.0,1.0,0.0,0.0,0.0,1.0,0.0,0.0,0.0,0.0,0.0,0.0,1.0,0.0
6794,0.13580246913580246,1.0,1.0,1.0,0.22222222222222227,0.5,0.44515371326687203,0.0,1.0,0.14285714285714285,0.33333333333333337,0.26968043647701023,0.19246861924686165,0.1466787576513262,0.512287334593573,0.0,0.0,0.0,0.0,0.0,0.0,0.0,0.0,0.0,1.0,0.0,0.0,0.0,1.0,0.0,0.0,0.0,0.0,0.0,1.0,0.0,0.0,0.0,0.0,0.0
6795,0.3333333333333333,0.0,0.0,0.0,0.22222222222222227,0.5,0.7033271207099517,0.0,1.0,0.0,0.33333333333333337,0.26968043647701023,0.19246861924686165,0.1466787576513262,0.512287334593573,1.0,0.0,0.0,0.0,0.0,0.0,0.0,0.0,0.0,1.0,0.0,0.0,0.0,1.0,0.0,0.0,0.0,1.0,0.0,0.0,0.0,0.0,1.0,1.0,0.0
6796,0.14814814814814814,0.0,0.0,0.0,0.22222222222222227,0.5,0.4980797516051752,0.0,1.0,0.0,0.33333333333333337,0.26968043647701023,0.19246861924686165,0.1466787576513262,0.512287334593573,0.0,1.0,0.0,0.0,0.0,0.0,0.0,0.0,0.0,0.0,0.0,0.0,0.0,1.0,0.0,0.0,1.0,0.0,0.0,0.0,0.0,0.0,0.0,1.0,0.0
6797,0.14814814814814814,1.0,0.0,0.0,0.22222222222222227,0.5,0.7127658628623931,0.0,1.0,0.0,0.33333333333333337,0.26968043647701023,0.19246861924686165,0.1466787576513262,0.512287334593573,0.0,1.0,0.0,0.0,0.0,0.0,0.0,0.0,0.0,0.0,0.0,0.0,0.0,1.0,0.0,0.0,1.0,0.0,0.0,0.0,0.0,0.0,0.0,1.0,0.0
6798,0.4691358024691357,1.0,1.0,0.0,0.22222222222222227,0.5,0.67096530403808,0.0,1.0,0.0,0.33333333333333337,0.26968043647701023,0.19246861924686165,0.1466787576513262,0.512287334593573,0.0,1.0,0.0,0.0,0.0,0.0,0.0,0.0,0.0,0.0,0.0,0.0,1.0,0.0,0.0,0.0,1.0,0.0,0.0,0.0,0.0,0.0,0.0,1.0,0.0
6799,0.34567901234567905,0.0,0.0,0.0,0.22222222222222227,0.5,0.6323216790132803,0.0,1.0,0.14285714285714285,0.33333333333333337,0.26968043647701023,0.19246861924686165,0.1466787576513262,0.512287334593573,0.0,0.0,0.0,0.0,0.0,0.0,0.0,1.0,0.0,0.0,0.0,0.0,0.0,0.0,0.0,0.0,1.0,0.0,0.0,0.0,0.0,0.0,0.0,0.0,0.0
6800,0.24691358024691357,1.0,1.0,0.0,0.22222222222222227,0.5,0.5878478128342483,0.0,1.0,0.0,0.33333333333333337,0.26968043647701023,0.19246861924686165,0.1466787576513262,0.512287334593573,0.0,0.0,0.0,0.0,0.0,0.0,0.0,0.0,0.0,0.0,0.0,0.0,0.0,1.0,0.0,0.0,1.0,0.0,0.0,0.0,0.0,0.0,0.0,1.0,0.0
6801,0.2716049382716049,0.0,0.0,0.0,0.22222222222222227,0.5,0.5846247304098844,0.0,1.0,0.14285714285714285,0.33333333333333337,0.26968043647701023,0.19246861924686165,0.1466787576513262,0.512287334593573,0.0,0.0,0.0,0.0,0.0,0.0,0.0,0.0,0.0,1.0,0.0,0.0,0.0,1.0,0.0,0.0,0.0,0.0,0.0,1.0,0.0,0.0,0.0,0.0,0.0
6802,0.08641975308641975,1.0,0.0,0.0,0.22222222222222227,0.5,0.5154803582186305,0.0,1.0,0.0,0.33333333333333337,0.26968043647701023,0.19246861924686165,0.1466787576513262,0.512287334593573,0.0,0.0,0.0,0.0,0.0,0.0,0.0,0.0,1.0,0.0,0.0,0.0,0.0,1.0,0.0,0.0,0.0,0.0,0.0,0.0,1.0,0.0,0.0,1.0,0.0
6803,0.29629629629629634,1.0,0.0,0.0,0.22222222222222227,0.5,0.7124906927966042,0.0,1.0,0.14285714285714285,0.33333333333333337,0.26968043647701023,0.19246861924686165,0.1466787576513262,0.512287334593573,0.0,1.0,0.0,0.0,0.0,0.0,0.0,0.0,0.0,0.0,0.0,0.0,0.0,1.0,0.0,0.0,0.0,0.0,0.0,0.0,0.0,0.0,1.0,0.0,0.0
6804,0.14814814814814814,0.0,0.0,0.0,0.22222222222222227,0.5,0.6946781237609596,0.05263157894736842,1.0,0.14285714285714285,0.33333333333333337,0.26968043647701023,0.19246861924686165,0.1466787576513262,0.512287334593573,1.0,1.0,0.0,0.0,0.0,0.0,0.0,0.0,0.0,0.0,0.0,0.0,1.0,0.0,0.0,0.0,1.0,0.0,0.0,0.0,0.0,0.0,0.0,0.0,0.0
6805,0.2345679012345679,1.0,0.0,0.0,0.22222222222222227,0.5,0.6713567691230875,0.0,1.0,0.14285714285714285,0.33333333333333337,0.26968043647701023,0.19246861924686165,0.1466787576513262,0.512287334593573,0.0,1.0,0.0,0.0,0.0,0.0,0.0,0.0,0.0,0.0,0.0,0.0,1.0,0.0,0.0,0.0,0.0,0.0,0.0,0.0,0.0,0.0,1.0,0.0,0.0
6806,0.24691358024691357,0.0,1.0,0.0,0.22222222222222227,0.5,0.623268355434684,0.0,1.0,0.14285714285714285,0.33333333333333337,0.26968043647701023,0.19246861924686165,0.1466787576513262,0.512287334593573,0.0,1.0,0.0,0.0,0.0,0.0,0.0,0.0,0.0,0.0,0.0,0.0,1.0,0.0,0.0,0.0,0.0,0.0,0.0,0.0,0.0,0.0,0.0,0.0,0.0
6807,0.2345679012345679,0.0,0.0,0.0,0.22222222222222227,0.5,0.5452070373544604,0.13157894736842105,1.0,0.0,0.33333333333333337,0.26968043647701023,0.19246861924686165,0.1466787576513262,0.512287334593573,0.0,0.0,0.0,0.0,0.0,0.0,0.0,1.0,0.0,0.0,0.0,0.0,0.0,1.0,0.0,0.0,0.0,1.0,0.0,0.0,0.0,0.0,0.0,1.0,0.0
6808,0.30864197530864196,0.0,0.0,0.0,0.22222222222222227,0.5,0.6202900913078108,0.07894736842105263,1.0,0.0,0.33333333333333337,0.26968043647701023,0.19246861924686165,0.1466787576513262,0.512287334593573,0.0,0.0,0.0,0.0,0.0,0.0,0.0,0.0,0.0,1.0,0.0,0.0,1.0,0.0,0.0,0.0,0.0,0.0,0.0,1.0,0.0,0.0,0.0,1.0,0.0
6809,0.20987654320987653,1.0,0.0,0.0,0.22222222222222227,0.5,0.5125020940917573,0.07894736842105263,1.0,0.0,0.33333333333333337,0.26968043647701023,0.19246861924686165,0.1466787576513262,0.512287334593573,0.0,0.0,0.0,0.0,1.0,0.0,0.0,0.0,0.0,0.0,0.0,0.0,1.0,0.0,0.0,0.0,0.0,0.0,0.0,0.0,1.0,0.0,0.0,1.0,0.0
6810,0.4444444444444445,1.0,1.0,0.0,0.22222222222222227,0.5,0.7663592012448719,0.0,1.0,0.0,0.33333333333333337,0.26968043647701023,0.19246861924686165,0.1466787576513262,0.512287334593573,1.0,0.0,0.0,0.0,0.0,0.0,0.0,0.0,0.0,0.0,0.0,0.0,1.0,0.0,0.0,0.0,1.0,0.0,0.0,0.0,0.0,0.0,0.0,1.0,0.0
6811,0.2222222222222222,0.0,0.0,1.0,0.22222222222222227,0.5,0.7569288416079759,0.05263157894736842,1.0,0.0,0.33333333333333337,0.26968043647701023,0.19246861924686165,0.1466787576513262,0.512287334593573,1.0,1.0,0.0,0.0,0.0,0.0,0.0,0.0,0.0,0.0,0.0,0.0,1.0,0.0,0.0,1.0,0.0,0.0,0.0,0.0,0.0,0.0,0.0,1.0,0.0
6812,0.12345679012345678,0.0,1.0,0.0,0.22222222222222227,0.5,0.5743891340707834,0.0,1.0,0.0,0.33333333333333337,0.26968043647701023,0.19246861924686165,0.1466787576513262,0.512287334593573,0.0,1.0,0.0,0.0,0.0,0.0,0.0,0.0,0.0,0.0,0.0,0.0,1.0,0.0,0.0,0.0,0.0,0.0,0.0,0.0,1.0,0.0,0.0,1.0,0.0
6813,0.39506172839506176,0.0,0.0,0.0,0.22222222222222227,0.5,0.5821481094717212,0.02631578947368421,1.0,0.0,0.33333333333333337,0.26968043647701023,0.19246861924686165,0.1466787576513262,0.512287334593573,0.0,0.0,1.0,0.0,0.0,0.0,0.0,0.0,0.0,0.0,0.0,0.0,1.0,0.0,0.0,0.0,0.0,0.0,0.0,0.0,1.0,0.0,0.0,1.0,0.0
6814,0.29629629629629634,1.0,0.0,0.0,0.22222222222222227,0.5,0.6767047422935657,0.02631578947368421,1.0,0.0,0.33333333333333337,0.26968043647701023,0.19246861924686165,0.1466787576513262,0.512287334593573,1.0,0.0,0.0,0.0,0.0,0.0,0.0,1.0,0.0,0.0,0.0,0.0,1.0,0.0,0.0,0.0,0.0,1.0,0.0,0.0,0.0,0.0,0.0,1.0,0.0
6815,0.08641975308641975,0.0,0.0,0.0,0.22222222222222227,0.5,0.709984760531081,0.0,1.0,0.0,0.33333333333333337,0.26968043647701023,0.19246861924686165,0.1466787576513262,0.512287334593573,0.0,1.0,0.0,0.0,0.0,0.0,0.0,0.0,0.0,0.0,0.0,0.0,0.0,0.0,0.0,0.0,1.0,0.0,0.0,0.0,0.0,0.0,0.0,1.0,0.0
6816,0.419753086419753,1.0,0.0,0.0,0.22222222222222227,0.5,0.7878066248327297,0.0,1.0,0.14285714285714285,0.33333333333333337,0.26968043647701023,0.19246861924686165,0.1466787576513262,0.512287334593573,1.0,1.0,0.0,0.0,0.0,0.0,0.0,0.0,0.0,0.0,0.0,0.0,1.0,0.0,0.0,0.0,0.0,1.0,0.0,0.0,0.0,0.0,0.0,0.0,0.0
6817,0.1728395061728395,1.0,0.0,0.0,0.22222222222222227,0.5,0.4477973110243916,0.0,1.0,0.0,0.33333333333333337,0.26968043647701023,0.19246861924686165,0.1466787576513262,0.512287334593573,0.0,0.0,0.0,0.0,0.0,0.0,0.0,0.0,0.0,0.0,0.0,0.0,0.0,1.0,0.0,0.0,0.0,0.0,0.0,0.0,1.0,0.0,0.0,1.0,0.0
6818,0.1728395061728395,1.0,0.0,0.0,0.22222222222222227,0.5,0.790675917067155,0.0,1.0,0.14285714285714285,0.33333333333333337,0.26968043647701023,0.19246861924686165,0.1466787576513262,0.512287334593573,1.0,1.0,0.0,0.0,0.0,0.0,0.0,0.0,0.0,0.0,0.0,0.0,0.0,0.0,0.0,0.0,0.0,1.0,0.0,0.0,0.0,0.0,0.0,0.0,0.0
6819,0.20987654320987653,1.0,0.0,0.0,0.22222222222222227,0.5,0.8050655482916775,0.05263157894736842,1.0,0.0,0.33333333333333337,0.26968043647701023,0.19246861924686165,0.1466787576513262,0.512287334593573,1.0,0.0,0.0,0.0,0.0,0.0,0.0,0.0,0.0,0.0,1.0,0.0,0.0,1.0,0.0,0.0,0.0,1.0,0.0,0.0,0.0,0.0,0.0,1.0,0.0
6820,0.1728395061728395,0.0,1.0,0.0,0.22222222222222227,0.5,0.4279079916652397,0.05263157894736842,1.0,0.0,0.33333333333333337,0.26968043647701023,0.19246861924686165,0.1466787576513262,0.512287334593573,0.0,1.0,0.0,0.0,0.0,0.0,0.0,0.0,0.0,0.0,0.0,0.0,0.0,1.0,0.0,0.0,1.0,0.0,0.0,0.0,0.0,0.0,0.0,1.0,0.0
6821,0.20987654320987653,1.0,0.0,0.0,0.22222222222222227,0.5,0.8924151001320398,0.05263157894736842,1.0,0.0,0.33333333333333337,0.26968043647701023,0.19246861924686165,0.1466787576513262,0.512287334593573,1.0,0.0,0.0,0.0,0.0,0.0,0.0,0.0,0.0,0.0,1.0,0.0,0.0,1.0,0.0,0.0,0.0,1.0,0.0,0.0,0.0,0.0,0.0,1.0,0.0
6822,0.20987654320987653,1.0,0.0,1.0,0.22222222222222227,0.5,0.843729237302452,0.05263157894736842,1.0,0.0,0.33333333333333337,0.26968043647701023,0.19246861924686165,0.1466787576513262,0.512287334593573,1.0,1.0,0.0,0.0,0.0,0.0,0.0,0.0,0.0,0.0,0.0,0.0,1.0,0.0,0.0,0.0,0.0,0.0,0.0,0.0,0.0,1.0,1.0,1.0,0.0
6823,0.419753086419753,0.0,0.0,1.0,0.22222222222222227,0.5,0.6480977205520548,0.02631578947368421,0.012012012012012012,0.14285714285714285,0.33333333333333337,0.26968043647701023,0.19246861924686165,0.1466787576513262,0.512287334593573,0.0,0.0,0.0,0.0,0.0,0.0,1.0,0.0,0.0,0.0,0.0,0.0,1.0,0.0,0.0,0.0,1.0,0.0,0.0,0.0,0.0,0.0,0.0,0.0,1.0
6824,0.419753086419753,1.0,0.0,0.0,0.22222222222222227,0.5,0.6159896330688406,0.05263157894736842,1.0,0.0,0.33333333333333337,0.26968043647701023,0.19246861924686165,0.1466787576513262,0.512287334593573,0.0,1.0,0.0,0.0,0.0,0.0,0.0,0.0,0.0,0.0,0.0,0.0,0.0,0.0,0.0,0.0,1.0,0.0,0.0,0.0,0.0,0.0,0.0,1.0,0.0
6825,0.25925925925925924,1.0,0.0,0.0,0.22222222222222227,0.5,0.892713137153601,0.10526315789473684,1.0,0.0,0.33333333333333337,0.26968043647701023,0.19246861924686165,0.1466787576513262,0.512287334593573,1.0,1.0,0.0,0.0,0.0,0.0,0.0,0.0,0.0,0.0,0.0,0.0,1.0,0.0,0.0,0.0,1.0,0.0,0.0,0.0,0.0,0.0,0.0,1.0,0.0
6826,0.14814814814814814,1.0,1.0,0.0,0.22222222222222227,0.5,0.6509210996671051,0.10526315789473684,1.0,0.0,0.33333333333333337,0.26968043647701023,0.19246861924686165,0.1466787576513262,0.512287334593573,0.0,0.0,0.0,0.0,0.0,0.0,0.0,1.0,0.0,0.0,0.0,0.0,0.0,1.0,0.0,1.0,0.0,0.0,0.0,0.0,0.0,0.0,0.0,1.0,0.0
6827,0.25925925925925924,0.0,1.0,0.0,0.22222222222222227,0.5,0.7269871828743492,0.02631578947368421,1.0,0.0,0.33333333333333337,0.26968043647701023,0.19246861924686165,0.1466787576513262,0.512287334593573,1.0,0.0,0.0,0.0,0.0,0.0,1.0,0.0,0.0,0.0,0.0,0.0,1.0,0.0,0.0,0.0,1.0,0.0,0.0,0.0,0.0,0.0,0.0,1.0,0.0
6828,0.16049382716049382,0.0,0.0,0.0,0.22222222222222227,0.5,0.6381648062569562,0.07894736842105263,1.0,0.14285714285714285,0.33333333333333337,0.26968043647701023,0.19246861924686165,0.1466787576513262,0.512287334593573,0.0,0.0,0.0,0.0,0.0,0.0,0.0,0.0,0.0,1.0,0.0,0.0,1.0,0.0,0.0,0.0,1.0,0.0,0.0,0.0,0.0,0.0,0.0,0.0,0.0
6829,0.3703703703703703,0.0,0.0,0.0,0.22222222222222227,0.5,0.707424281343387,0.02631578947368421,1.0,0.2857142857142857,0.33333333333333337,0.26968043647701023,0.19246861924686165,0.1466787576513262,0.512287334593573,0.0,1.0,0.0,0.0,0.0,0.0,0.0,0.0,0.0,0.0,0.0,0.0,0.0,1.0,0.0,1.0,0.0,0.0,0.0,0.0,0.0,0.0,1.0,0.0,0.0
6830,0.3209876543209876,0.0,0.0,0.0,0.22222222222222227,0.5,0.7138601512137958,0.02631578947368421,1.0,0.0,0.33333333333333337,0.26968043647701023,0.19246861924686165,0.1466787576513262,0.512287334593573,0.0,0.0,0.0,0.0,0.0,0.0,0.0,0.0,0.0,0.0,0.0,0.0,1.0,0.0,0.0,0.0,0.0,1.0,0.0,0.0,0.0,0.0,1.0,1.0,0.0
6831,0.2716049382716049,0.0,0.0,0.0,0.22222222222222227,0.5,0.5955391234938983,0.07894736842105263,1.0,0.0,0.33333333333333337,0.26968043647701023,0.19246861924686165,0.1466787576513262,0.512287334593573,0.0,0.0,0.0,0.0,1.0,0.0,0.0,0.0,0.0,0.0,0.0,0.0,0.0,0.0,0.0,0.0,0.0,0.0,0.0,0.0,1.0,0.0,0.0,1.0,0.0
6832,0.39506172839506176,1.0,1.0,0.0,0.22222222222222227,0.5,0.492850661870268,0.02631578947368421,1.0,0.0,0.33333333333333337,0.26968043647701023,0.19246861924686165,0.1466787576513262,0.512287334593573,0.0,1.0,0.0,0.0,0.0,0.0,0.0,0.0,0.0,0.0,0.0,0.0,1.0,0.0,0.0,0.0,0.0,1.0,0.0,0.0,0.0,0.0,1.0,1.0,0.0
6833,0.1728395061728395,1.0,0.0,0.0,0.22222222222222227,0.5,0.8071784392627458,0.02631578947368421,0.01001001001001001,0.14285714285714285,0.33333333333333337,0.26968043647701023,0.19246861924686165,0.1466787576513262,0.512287334593573,1.0,0.0,0.0,0.0,0.0,0.0,0.0,0.0,0.0,0.0,0.0,0.0,1.0,0.0,0.0,0.0,0.0,0.0,0.0,0.0,1.0,0.0,0.0,0.0,1.0
6834,0.1728395061728395,0.0,0.0,0.0,0.22222222222222227,0.5,0.843367560923815,0.02631578947368421,1.0,0.0,0.33333333333333337,0.26968043647701023,0.19246861924686165,0.1466787576513262,0.512287334593573,1.0,0.0,0.0,0.0,0.0,0.0,0.0,1.0,0.0,0.0,0.0,0.0,0.0,1.0,0.0,0.0,0.0,1.0,0.0,0.0,0.0,0.0,0.0,1.0,0.0
6835,0.2345679012345679,0.0,1.0,0.0,0.22222222222222227,0.5,0.82592626168832,0.02631578947368421,1.0,0.0,0.33333333333333337,0.26968043647701023,0.19246861924686165,0.1466787576513262,0.512287334593573,1.0,0.0,0.0,0.0,0.0,0.0,0.0,0.0,0.0,0.0,0.0,0.0,0.0,1.0,0.0,0.0,0.0,0.0,0.0,0.0,1.0,0.0,0.0,1.0,0.0
6836,0.2222222222222222,0.0,1.0,1.0,0.22222222222222227,0.5,0.492850661870268,0.07894736842105263,1.0,0.14285714285714285,0.33333333333333337,0.26968043647701023,0.19246861924686165,0.1466787576513262,0.512287334593573,0.0,0.0,0.0,0.0,0.0,0.0,0.0,0.0,0.0,0.0,0.0,0.0,1.0,0.0,0.0,0.0,0.0,0.0,0.0,0.0,1.0,0.0,0.0,0.0,0.0
6837,0.16049382716049382,0.0,0.0,0.0,0.22222222222222227,0.5,0.7704691441394828,0.02631578947368421,1.0,0.14285714285714285,0.33333333333333337,0.26968043647701023,0.19246861924686165,0.1466787576513262,0.512287334593573,1.0,0.0,0.0,0.0,0.0,0.0,0.0,0.0,0.0,0.0,0.0,0.0,0.0,1.0,0.0,0.0,0.0,1.0,0.0,0.0,0.0,0.0,0.0,0.0,0.0
6838,0.25925925925925924,0.0,0.0,0.0,0.22222222222222227,0.5,0.7628210353018958,0.02631578947368421,1.0,0.14285714285714285,0.33333333333333337,0.26968043647701023,0.19246861924686165,0.1466787576513262,0.512287334593573,1.0,1.0,0.0,0.0,0.0,0.0,0.0,0.0,0.0,0.0,0.0,0.0,0.0,1.0,0.0,0.0,1.0,0.0,0.0,0.0,0.0,0.0,0.0,0.0,0.0
6839,0.2222222222222222,1.0,0.0,0.0,0.22222222222222227,0.5,0.614731491134803,0.02631578947368421,1.0,0.14285714285714285,0.33333333333333337,0.26968043647701023,0.19246861924686165,0.1466787576513262,0.512287334593573,0.0,0.0,0.0,0.0,0.0,0.0,0.0,1.0,0.0,0.0,0.0,0.0,0.0,1.0,0.0,0.0,0.0,1.0,0.0,0.0,0.0,0.0,0.0,0.0,0.0
6840,0.14814814814814814,0.0,0.0,0.0,0.22222222222222227,0.5,0.3017282010873305,0.10526315789473684,1.0,0.0,0.33333333333333337,0.26968043647701023,0.19246861924686165,0.1466787576513262,0.512287334593573,0.0,0.0,0.0,0.0,0.0,0.0,0.0,0.0,0.0,0.0,0.0,0.0,1.0,0.0,0.0,0.0,0.0,0.0,0.0,0.0,1.0,0.0,0.0,1.0,0.0
6841,0.25925925925925924,0.0,1.0,0.0,0.22222222222222227,0.5,0.6360734596286551,0.02631578947368421,1.0,0.14285714285714285,0.33333333333333337,0.26968043647701023,0.19246861924686165,0.1466787576513262,0.512287334593573,0.0,1.0,0.0,0.0,0.0,0.0,0.0,0.0,0.0,0.0,0.0,0.0,0.0,1.0,0.0,0.0,1.0,0.0,0.0,0.0,0.0,0.0,0.0,0.0,0.0
6842,0.13580246913580246,0.0,0.0,0.0,0.22222222222222227,0.5,0.7619196121209837,0.02631578947368421,1.0,0.0,0.33333333333333337,0.26968043647701023,0.19246861924686165,0.1466787576513262,0.512287334593573,1.0,0.0,0.0,0.0,0.0,0.0,0.0,1.0,0.0,0.0,0.0,0.0,0.0,1.0,0.0,0.0,0.0,1.0,0.0,0.0,0.0,0.0,0.0,1.0,0.0
6843,0.20987654320987653,0.0,0.0,0.0,0.22222222222222227,0.5,0.492850661870268,0.02631578947368421,1.0,0.14285714285714285,0.33333333333333337,0.26968043647701023,0.19246861924686165,0.1466787576513262,0.512287334593573,0.0,1.0,0.0,0.0,0.0,0.0,0.0,0.0,0.0,0.0,0.0,0.0,1.0,0.0,0.0,0.0,0.0,0.0,0.0,1.0,0.0,0.0,1.0,0.0,0.0
6844,0.3333333333333333,0.0,0.0,1.0,0.22222222222222227,0.5,0.6541316149049302,0.05263157894736842,1.0,0.0,0.33333333333333337,0.26968043647701023,0.19246861924686165,0.1466787576513262,0.512287334593573,0.0,0.0,0.0,0.0,0.0,0.0,0.0,0.0,0.0,0.0,1.0,0.0,0.0,0.0,0.0,0.0,1.0,0.0,0.0,0.0,0.0,0.0,0.0,1.0,0.0
6845,0.419753086419753,0.0,0.0,0.0,0.22222222222222227,0.5,0.6518473654724107,0.02631578947368421,1.0,0.14285714285714285,0.33333333333333337,0.26968043647701023,0.19246861924686165,0.1466787576513262,0.512287334593573,0.0,1.0,0.0,0.0,0.0,0.0,0.0,0.0,0.0,0.0,0.0,0.0,1.0,0.0,0.0,0.0,0.0,0.0,0.0,0.0,0.0,0.0,0.0,0.0,0.0
6846,0.30864197530864196,0.0,0.0,0.0,0.22222222222222227,0.5,0.7383538951349292,0.02631578947368421,1.0,0.0,0.33333333333333337,0.26968043647701023,0.19246861924686165,0.1466787576513262,0.512287334593573,1.0,0.0,0.0,0.0,0.0,0.0,0.0,0.0,0.0,1.0,0.0,0.0,0.0,1.0,0.0,0.0,0.0,0.0,0.0,1.0,0.0,0.0,0.0,1.0,0.0
6847,0.18518518518518517,0.0,0.0,0.0,0.22222222222222227,0.5,0.6513851442510553,0.05263157894736842,1.0,0.0,0.33333333333333337,0.26968043647701023,0.19246861924686165,0.1466787576513262,0.512287334593573,0.0,1.0,0.0,0.0,0.0,0.0,0.0,0.0,0.0,0.0,0.0,0.0,0.0,1.0,0.0,0.0,1.0,0.0,0.0,0.0,0.0,0.0,0.0,1.0,0.0
6848,0.20987654320987653,0.0,0.0,1.0,0.22222222222222227,0.5,0.5707693054036078,0.18421052631578946,1.0,0.0,0.33333333333333337,0.26968043647701023,0.19246861924686165,0.1466787576513262,0.512287334593573,0.0,0.0,0.0,0.0,0.0,0.0,0.0,0.0,0.0,0.0,1.0,0.0,0.0,1.0,0.0,0.0,0.0,1.0,0.0,0.0,0.0,0.0,0.0,1.0,0.0
6849,0.30864197530864196,1.0,0.0,0.0,0.22222222222222227,0.5,0.33328547525193053,0.02631578947368421,1.0,0.0,0.33333333333333337,0.26968043647701023,0.19246861924686165,0.1466787576513262,0.512287334593573,0.0,1.0,0.0,0.0,0.0,0.0,0.0,0.0,0.0,0.0,0.0,0.0,0.0,0.0,0.0,1.0,0.0,0.0,0.0,0.0,0.0,0.0,0.0,1.0,0.0
6850,0.35802469135802467,0.0,0.0,0.0,0.22222222222222227,0.5,0.7015265475542785,0.02631578947368421,1.0,0.14285714285714285,0.33333333333333337,0.26968043647701023,0.19246861924686165,0.1466787576513262,0.512287334593573,0.0,0.0,0.0,1.0,0.0,0.0,0.0,0.0,0.0,0.0,0.0,0.0,0.0,1.0,0.0,0.0,1.0,0.0,0.0,0.0,0.0,0.0,1.0,0.0,0.0
6851,0.2839506172839506,1.0,0.0,0.0,0.22222222222222227,0.5,0.41131218966975264,0.10526315789473684,1.0,0.0,0.33333333333333337,0.26968043647701023,0.19246861924686165,0.1466787576513262,0.512287334593573,0.0,0.0,0.0,0.0,0.0,0.0,0.0,0.0,0.0,1.0,0.0,0.0,1.0,0.0,0.0,0.0,0.0,0.0,0.0,1.0,0.0,0.0,0.0,1.0,0.0
6852,0.13580246913580246,0.0,1.0,0.0,0.22222222222222227,0.5,0.5779008918534767,0.02631578947368421,1.0,0.14285714285714285,0.33333333333333337,0.26968043647701023,0.19246861924686165,0.1466787576513262,0.512287334593573,0.0,1.0,0.0,0.0,0.0,0.0,0.0,0.0,0.0,0.0,0.0,0.0,1.0,0.0,0.0,0.0,0.0,0.0,0.0,0.0,0.0,0.0,0.0,0.0,0.0
6853,0.19753086419753085,0.0,0.0,0.0,0.22222222222222227,0.5,0.6476204981957939,0.07894736842105263,1.0,0.0,0.33333333333333337,0.26968043647701023,0.19246861924686165,0.1466787576513262,0.512287334593573,0.0,0.0,0.0,0.0,0.0,0.0,0.0,0.0,0.0,0.0,0.0,0.0,0.0,1.0,0.0,0.0,1.0,0.0,0.0,0.0,0.0,0.0,0.0,1.0,0.0
6854,0.1728395061728395,1.0,0.0,0.0,0.22222222222222227,0.5,0.8416342470206921,0.05263157894736842,1.0,0.0,0.33333333333333337,0.26968043647701023,0.19246861924686165,0.1466787576513262,0.512287334593573,1.0,1.0,0.0,0.0,0.0,0.0,0.0,0.0,0.0,0.0,0.0,0.0,1.0,0.0,0.0,1.0,0.0,0.0,0.0,0.0,0.0,0.0,0.0,1.0,0.0
6855,0.25925925925925924,1.0,0.0,0.0,0.22222222222222227,0.5,0.7967523224665035,0.05263157894736842,1.0,0.14285714285714285,0.33333333333333337,0.26968043647701023,0.19246861924686165,0.1466787576513262,0.512287334593573,1.0,0.0,0.0,1.0,0.0,0.0,0.0,0.0,0.0,0.0,0.0,0.0,0.0,0.0,0.0,0.0,0.0,0.0,0.0,0.0,1.0,0.0,0.0,0.0,0.0
6856,0.419753086419753,1.0,0.0,0.0,0.22222222222222227,0.5,0.7162857041461708,0.02631578947368421,1.0,0.0,0.33333333333333337,0.26968043647701023,0.19246861924686165,0.1466787576513262,0.512287334593573,1.0,1.0,0.0,0.0,0.0,0.0,0.0,0.0,0.0,0.0,0.0,0.0,1.0,0.0,0.0,0.0,0.0,0.0,0.0,0.0,0.0,0.0,0.0,1.0,0.0
6857,0.5061728395061729,0.0,0.0,1.0,0.22222222222222227,0.5,0.7689446932222594,0.02631578947368421,1.0,0.0,0.33333333333333337,0.26968043647701023,0.19246861924686165,0.1466787576513262,0.512287334593573,1.0,0.0,0.0,1.0,0.0,0.0,0.0,0.0,0.0,0.0,0.0,0.0,1.0,0.0,0.0,0.0,0.0,0.0,0.0,0.0,0.0,0.0,0.0,1.0,0.0
6858,0.14814814814814814,1.0,0.0,0.0,0.22222222222222227,0.5,0.7170832336381597,0.15789473684210525,1.0,0.14285714285714285,0.33333333333333337,0.26968043647701023,0.19246861924686165,0.1466787576513262,0.512287334593573,1.0,0.0,0.0,0.0,0.0,0.0,0.0,0.0,0.0,0.0,0.0,0.0,0.0,1.0,0.0,0.0,0.0,1.0,0.0,0.0,0.0,0.0,0.0,0.0,0.0
6859,0.24691358024691357,1.0,0.0,0.0,0.22222222222222227,0.5,0.672135812695421,0.07894736842105263,1.0,0.0,0.33333333333333337,0.26968043647701023,0.19246861924686165,0.1466787576513262,0.512287334593573,0.0,0.0,0.0,0.0,0.0,0.0,0.0,0.0,0.0,0.0,0.0,0.0,0.0,0.0,0.0,0.0,0.0,0.0,0.0,0.0,1.0,0.0,1.0,1.0,0.0
6860,0.20987654320987653,0.0,1.0,0.0,0.22222222222222227,0.5,0.5047088377203057,0.07894736842105263,1.0,0.14285714285714285,0.33333333333333337,0.26968043647701023,0.19246861924686165,0.1466787576513262,0.512287334593573,0.0,0.0,0.0,0.0,0.0,0.0,0.0,0.0,0.0,0.0,0.0,0.0,1.0,0.0,0.0,0.0,0.0,0.0,0.0,0.0,1.0,0.0,0.0,0.0,0.0
6861,0.25925925925925924,0.0,0.0,0.0,0.22222222222222227,0.5,0.8270759702130835,0.02631578947368421,1.0,0.0,0.33333333333333337,0.26968043647701023,0.19246861924686165,0.1466787576513262,0.512287334593573,1.0,0.0,0.0,0.0,0.0,0.0,1.0,0.0,0.0,0.0,0.0,0.0,1.0,0.0,0.0,0.0,1.0,0.0,0.0,0.0,0.0,0.0,0.0,1.0,0.0
6862,0.43209876543209874,0.0,0.0,0.0,0.22222222222222227,0.5,0.7133142794709978,0.05263157894736842,1.0,0.14285714285714285,0.33333333333333337,0.26968043647701023,0.19246861924686165,0.1466787576513262,0.512287334593573,1.0,0.0,0.0,0.0,0.0,0.0,0.0,0.0,0.0,0.0,0.0,0.0,1.0,0.0,0.0,0.0,0.0,0.0,0.0,0.0,1.0,0.0,0.0,0.0,0.0
6863,0.14814814814814814,1.0,0.0,1.0,0.22222222222222227,0.5,0.6849948743751764,0.02631578947368421,1.0,0.0,0.33333333333333337,0.26968043647701023,0.19246861924686165,0.1466787576513262,0.512287334593573,0.0,1.0,0.0,0.0,0.0,0.0,0.0,0.0,0.0,0.0,0.0,0.0,1.0,0.0,0.0,0.0,1.0,0.0,0.0,0.0,0.0,0.0,1.0,1.0,0.0
6864,0.1728395061728395,0.0,0.0,1.0,0.22222222222222227,0.5,0.4578148625383481,0.07894736842105263,1.0,0.14285714285714285,0.33333333333333337,0.26968043647701023,0.19246861924686165,0.1466787576513262,0.512287334593573,0.0,1.0,0.0,0.0,0.0,0.0,0.0,0.0,0.0,0.0,0.0,0.0,0.0,1.0,0.0,0.0,1.0,0.0,0.0,0.0,0.0,0.0,0.0,0.0,0.0
6865,0.16049382716049382,0.0,0.0,0.0,0.22222222222222227,0.5,0.6732947890602686,0.18421052631578946,1.0,0.0,0.33333333333333337,0.26968043647701023,0.19246861924686165,0.1466787576513262,0.512287334593573,0.0,1.0,0.0,0.0,0.0,0.0,0.0,0.0,0.0,0.0,0.0,0.0,0.0,1.0,0.0,0.0,1.0,0.0,0.0,0.0,0.0,0.0,0.0,1.0,0.0
6866,0.1111111111111111,1.0,1.0,0.0,0.22222222222222227,0.75,0.6121741045570199,0.10526315789473684,1.0,0.0,0.33333333333333337,0.26968043647701023,0.19246861924686165,0.14327816821582406,0.512287334593573,0.0,0.0,0.0,0.0,0.0,0.0,1.0,0.0,0.0,0.0,0.0,0.0,1.0,0.0,0.0,0.0,0.0,1.0,0.0,0.0,0.0,0.0,0.0,1.0,0.0
6867,0.25925925925925924,0.0,0.0,0.0,0.22222222222222227,0.75,0.5452070373544604,0.05263157894736842,1.0,0.0,0.33333333333333337,0.26968043647701023,0.19246861924686165,0.14327816821582406,0.512287334593573,0.0,1.0,0.0,0.0,0.0,0.0,0.0,0.0,0.0,0.0,0.0,0.0,1.0,0.0,0.0,0.0,0.0,0.0,0.0,0.0,0.0,0.0,0.0,1.0,0.0
6868,0.13580246913580246,1.0,0.0,0.0,0.22222222222222227,0.75,0.3636152410663567,0.18421052631578946,1.0,0.0,0.33333333333333337,0.26968043647701023,0.19246861924686165,0.14327816821582406,0.512287334593573,0.0,0.0,0.0,0.0,0.0,0.0,0.0,0.0,1.0,0.0,0.0,0.0,0.0,1.0,0.0,0.0,0.0,1.0,0.0,0.0,0.0,0.0,0.0,1.0,0.0
6869,0.16049382716049382,0.5,0.5,0.0,0.22222222222222227,0.75,0.2923123652049422,0.368421052631579,1.0,0.14285714285714285,0.33333333333333337,0.26968043647701023,0.19246861924686165,0.14327816821582406,0.512287334593573,0.0,0.0,0.0,0.0,0.0,0.0,0.0,1.0,0.0,0.0,0.0,0.0,0.0,1.0,0.0,0.0,0.0,1.0,0.0,0.0,0.0,0.0,0.0,0.0,0.0
6870,0.3209876543209876,0.0,1.0,0.0,0.22222222222222227,0.75,0.7744403279718529,0.02631578947368421,0.011011011011011011,0.14285714285714285,0.33333333333333337,0.26968043647701023,0.19246861924686165,0.14327816821582406,0.512287334593573,1.0,1.0,0.0,0.0,0.0,0.0,0.0,0.0,0.0,0.0,0.0,0.0,1.0,0.0,0.0,0.0,0.0,0.0,0.0,0.0,0.0,0.0,0.0,0.0,1.0
6871,0.20987654320987653,1.0,0.0,0.0,0.22222222222222227,0.75,0.22890743126917404,0.13157894736842105,1.0,0.14285714285714285,0.33333333333333337,0.26968043647701023,0.19246861924686165,0.14327816821582406,0.512287334593573,0.0,1.0,0.0,0.0,0.0,0.0,0.0,0.0,0.0,0.0,0.0,0.0,0.0,0.0,0.0,0.0,1.0,0.0,0.0,0.0,0.0,0.0,1.0,0.0,0.0
6872,0.3209876543209876,1.0,0.0,0.0,0.22222222222222227,0.75,0.8096165607243796,0.02631578947368421,1.0,0.0,0.33333333333333337,0.26968043647701023,0.19246861924686165,0.14327816821582406,0.512287334593573,1.0,0.0,0.0,0.0,0.0,0.0,0.0,1.0,0.0,0.0,0.0,0.0,1.0,0.0,0.0,0.0,0.0,1.0,0.0,0.0,0.0,0.0,1.0,1.0,0.0
6873,0.08641975308641975,0.0,0.0,0.0,0.22222222222222227,0.75,0.8035509117082029,0.0,1.0,0.0,0.33333333333333337,0.26968043647701023,0.19246861924686165,0.14327816821582406,0.512287334593573,0.0,1.0,0.0,0.0,0.0,0.0,0.0,0.0,0.0,0.0,0.0,0.0,0.0,1.0,0.0,0.0,1.0,0.0,0.0,0.0,0.0,0.0,0.0,1.0,0.0
6874,0.19753086419753085,0.0,0.0,0.0,0.22222222222222227,0.75,0.7232759870961841,0.0,1.0,0.0,0.33333333333333337,0.26968043647701023,0.19246861924686165,0.14327816821582406,0.512287334593573,1.0,1.0,0.0,0.0,0.0,0.0,0.0,0.0,0.0,0.0,0.0,0.0,1.0,0.0,0.0,1.0,0.0,0.0,0.0,0.0,0.0,0.0,0.0,1.0,0.0
6875,0.14814814814814814,0.0,0.0,0.0,0.22222222222222227,0.75,0.3017282010873305,0.18421052631578946,1.0,0.0,0.33333333333333337,0.26968043647701023,0.19246861924686165,0.14327816821582406,0.512287334593573,0.0,1.0,0.0,0.0,0.0,0.0,0.0,0.0,0.0,0.0,0.0,0.0,1.0,0.0,0.0,0.0,1.0,0.0,0.0,0.0,0.0,0.0,1.0,1.0,0.0
6876,0.2716049382716049,0.0,0.0,0.0,0.22222222222222227,0.75,0.6153622441177717,0.0,1.0,0.0,0.33333333333333337,0.26968043647701023,0.19246861924686165,0.14327816821582406,0.512287334593573,0.0,0.0,0.0,0.0,0.0,0.0,0.0,1.0,0.0,0.0,0.0,0.0,0.0,0.0,0.0,0.0,0.0,1.0,0.0,0.0,0.0,0.0,0.0,1.0,0.0
6877,0.2222222222222222,0.0,0.0,0.0,0.22222222222222227,0.75,0.6894344634990646,0.0,1.0,0.0,0.33333333333333337,0.26968043647701023,0.19246861924686165,0.14327816821582406,0.512287334593573,0.0,0.0,0.0,0.0,0.0,0.0,0.0,1.0,0.0,0.0,0.0,0.0,0.0,1.0,0.0,0.0,0.0,1.0,0.0,0.0,0.0,0.0,0.0,1.0,0.0
6878,0.07407407407407407,0.0,0.0,0.0,0.22222222222222227,0.75,0.7741144686236345,0.0,1.0,0.14285714285714285,0.33333333333333337,0.26968043647701023,0.19246861924686165,0.14327816821582406,0.512287334593573,0.0,1.0,0.0,0.0,0.0,0.0,0.0,0.0,0.0,0.0,0.0,0.0,1.0,0.0,0.0,0.0,0.0,0.0,0.0,0.0,0.0,0.0,0.0,0.0,0.0
6879,0.3333333333333333,1.0,0.0,0.0,0.22222222222222227,0.75,0.7387953033432286,0.0,1.0,0.0,0.33333333333333337,0.26968043647701023,0.19246861924686165,0.14327816821582406,0.512287334593573,1.0,0.0,0.0,0.0,0.0,0.0,0.0,1.0,0.0,0.0,0.0,0.0,0.0,0.0,0.0,0.0,0.0,1.0,0.0,0.0,0.0,0.0,0.0,1.0,0.0
6880,0.13580246913580246,1.0,1.0,0.0,0.22222222222222227,0.75,0.6172344610818086,0.0,1.0,0.14285714285714285,0.33333333333333337,0.26968043647701023,0.19246861924686165,0.14327816821582406,0.512287334593573,0.0,0.0,0.0,0.0,0.0,0.0,0.0,1.0,0.0,0.0,0.0,0.0,1.0,0.0,0.0,0.0,0.0,1.0,0.0,0.0,0.0,0.0,0.0,0.0,0.0
6881,0.25925925925925924,1.0,1.0,0.0,0.22222222222222227,0.75,0.6943571545318569,0.0,1.0,0.14285714285714285,0.33333333333333337,0.26968043647701023,0.19246861924686165,0.14327816821582406,0.512287334593573,0.0,1.0,0.0,0.0,0.0,0.0,0.0,0.0,0.0,0.0,0.0,0.0,1.0,0.0,0.0,0.0,0.0,0.0,0.0,0.0,0.0,0.0,0.0,0.0,0.0
6882,0.2716049382716049,0.0,0.0,0.0,0.22222222222222227,0.75,0.4529126886678098,0.0,1.0,0.0,0.33333333333333337,0.26968043647701023,0.19246861924686165,0.14327816821582406,0.512287334593573,0.0,1.0,0.0,0.0,0.0,0.0,0.0,0.0,0.0,0.0,0.0,0.0,0.0,0.0,0.0,0.0,1.0,0.0,0.0,0.0,0.0,0.0,1.0,1.0,0.0
6883,0.2345679012345679,1.0,1.0,0.0,0.22222222222222227,0.75,0.744177538941244,0.0,1.0,0.0,0.33333333333333337,0.26968043647701023,0.19246861924686165,0.14327816821582406,0.512287334593573,1.0,1.0,0.0,0.0,0.0,0.0,0.0,0.0,0.0,0.0,0.0,0.0,1.0,0.0,0.0,0.0,0.0,0.0,0.0,0.0,0.0,0.0,0.0,1.0,0.0
6884,0.18518518518518517,1.0,0.0,0.0,0.22222222222222227,0.75,0.5212197964741162,0.02631578947368421,1.0,0.0,0.33333333333333337,0.26968043647701023,0.19246861924686165,0.14327816821582406,0.512287334593573,0.0,1.0,0.0,0.0,0.0,0.0,0.0,0.0,0.0,0.0,0.0,0.0,1.0,0.0,0.0,0.0,1.0,0.0,0.0,0.0,0.0,0.0,0.0,1.0,0.0
6885,0.12345679012345678,0.0,0.0,0.0,0.22222222222222227,0.75,0.647141331954917,0.0,1.0,0.14285714285714285,0.33333333333333337,0.26968043647701023,0.19246861924686165,0.14327816821582406,0.512287334593573,0.0,0.0,0.0,0.0,0.0,0.0,0.0,0.0,0.0,0.0,0.0,0.0,1.0,0.0,0.0,0.0,0.0,1.0,0.0,0.0,0.0,0.0,0.0,0.0,0.0
6886,0.1111111111111111,1.0,0.0,0.0,0.22222222222222227,0.75,0.7651329115897525,0.0,1.0,0.0,0.33333333333333337,0.26968043647701023,0.19246861924686165,0.14327816821582406,0.512287334593573,1.0,0.0,0.0,0.0,1.0,0.0,0.0,0.0,0.0,0.0,0.0,0.0,0.0,1.0,0.0,0.0,0.0,0.0,0.0,0.0,1.0,0.0,0.0,1.0,0.0
6887,0.1111111111111111,0.0,0.0,0.0,0.22222222222222227,0.75,0.773295849109271,0.0,1.0,0.0,0.33333333333333337,0.26968043647701023,0.19246861924686165,0.14327816821582406,0.512287334593573,1.0,0.0,0.0,0.0,1.0,0.0,0.0,0.0,0.0,0.0,0.0,0.0,0.0,1.0,0.0,0.0,0.0,0.0,0.0,0.0,1.0,0.0,0.0,1.0,0.0
6888,0.2839506172839506,1.0,0.0,0.0,0.22222222222222227,0.75,0.6778197757555917,0.0,1.0,0.14285714285714285,0.33333333333333337,0.26968043647701023,0.19246861924686165,0.14327816821582406,0.512287334593573,0.0,1.0,0.0,0.0,0.0,0.0,0.0,0.0,0.0,0.0,0.0,0.0,1.0,0.0,0.0,0.0,1.0,0.0,0.0,0.0,0.0,0.0,0.0,0.0,0.0
6889,0.14814814814814814,0.0,0.0,0.0,0.22222222222222227,0.75,0.6490463962539821,0.0,1.0,0.0,0.33333333333333337,0.26968043647701023,0.19246861924686165,0.14327816821582406,0.512287334593573,0.0,0.0,0.0,0.0,0.0,0.0,0.0,0.0,0.0,1.0,0.0,0.0,0.0,1.0,0.0,0.0,0.0,0.0,0.0,1.0,0.0,0.0,0.0,1.0,0.0
6890,0.18518518518518517,1.0,0.0,0.0,0.22222222222222227,0.75,0.5984801554161608,0.05263157894736842,1.0,0.0,0.33333333333333337,0.26968043647701023,0.19246861924686165,0.14327816821582406,0.512287334593573,0.0,0.0,0.0,0.0,0.0,0.0,1.0,0.0,0.0,0.0,0.0,0.0,0.0,1.0,0.0,0.0,0.0,0.0,0.0,1.0,0.0,0.0,1.0,1.0,0.0
6891,0.06172839506172839,1.0,0.0,0.0,0.22222222222222227,0.75,0.3738508374054576,0.0,1.0,0.0,0.33333333333333337,0.26968043647701023,0.19246861924686165,0.14327816821582406,0.512287334593573,0.0,1.0,0.0,0.0,0.0,0.0,0.0,0.0,0.0,0.0,0.0,0.0,1.0,0.0,0.0,0.0,1.0,0.0,0.0,0.0,0.0,0.0,0.0,1.0,0.0
6892,0.14814814814814814,0.0,0.0,1.0,0.22222222222222227,0.75,0.24461541660154618,0.15789473684210525,1.0,0.0,0.33333333333333337,0.26968043647701023,0.19246861924686165,0.14327816821582406,0.512287334593573,0.0,0.0,0.0,0.0,0.0,0.0,0.0,0.0,0.0,1.0,0.0,0.0,0.0,1.0,0.0,0.0,0.0,0.0,0.0,1.0,0.0,0.0,0.0,1.0,0.0
6893,0.14814814814814814,0.0,0.0,0.0,0.22222222222222227,0.75,0.3581428520730854,0.0,1.0,0.0,0.33333333333333337,0.26968043647701023,0.19246861924686165,0.14327816821582406,0.512287334593573,0.0,0.0,0.0,0.0,0.0,0.0,0.0,0.0,0.0,1.0,0.0,0.0,0.0,1.0,0.0,0.0,1.0,0.0,0.0,0.0,0.0,0.0,0.0,1.0,0.0
6894,0.4691358024691357,0.5,0.5,0.0,0.22222222222222227,0.75,0.773623980840818,0.0,1.0,0.0,0.33333333333333337,0.26968043647701023,0.19246861924686165,0.14327816821582406,0.512287334593573,1.0,0.0,0.0,0.0,0.0,0.0,0.0,1.0,0.0,0.0,0.0,0.0,0.0,1.0,0.0,0.0,1.0,0.0,0.0,0.0,0.0,0.0,0.0,1.0,0.0
6895,0.18518518518518517,0.0,0.0,0.0,0.22222222222222227,0.75,0.7448071665789902,0.05263157894736842,1.0,0.0,0.33333333333333337,0.26968043647701023,0.19246861924686165,0.14327816821582406,0.512287334593573,1.0,0.0,0.0,0.0,0.0,0.0,1.0,0.0,0.0,0.0,0.0,0.0,0.0,1.0,0.0,0.0,0.0,0.0,0.0,1.0,0.0,0.0,1.0,1.0,0.0
6896,0.18518518518518517,1.0,0.0,0.0,0.22222222222222227,0.75,0.5356959888812932,0.0,1.0,0.0,0.33333333333333337,0.26968043647701023,0.19246861924686165,0.14327816821582406,0.512287334593573,0.0,1.0,0.0,0.0,0.0,0.0,0.0,0.0,0.0,0.0,0.0,0.0,1.0,0.0,0.0,0.0,0.0,0.0,0.0,0.0,0.0,0.0,1.0,1.0,0.0
6897,0.2222222222222222,1.0,0.0,0.0,0.22222222222222227,0.75,0.750725881195543,0.10526315789473684,1.0,0.0,0.33333333333333337,0.26968043647701023,0.19246861924686165,0.14327816821582406,0.512287334593573,1.0,0.0,0.0,0.0,0.0,0.0,0.0,0.0,0.0,1.0,0.0,0.0,1.0,0.0,0.0,0.0,0.0,0.0,0.0,1.0,0.0,0.0,0.0,1.0,0.0
6898,0.16049382716049382,1.0,1.0,0.0,0.22222222222222227,0.75,0.6603011638753588,0.05263157894736842,1.0,0.0,0.33333333333333337,0.26968043647701023,0.19246861924686165,0.14327816821582406,0.512287334593573,0.0,1.0,0.0,0.0,0.0,0.0,0.0,0.0,0.0,0.0,0.0,0.0,0.0,1.0,0.0,0.0,1.0,0.0,0.0,0.0,0.0,0.0,0.0,1.0,0.0
6899,0.2222222222222222,0.0,0.0,0.0,0.22222222222222227,0.75,0.7781242347845155,0.0,1.0,0.14285714285714285,0.33333333333333337,0.26968043647701023,0.19246861924686165,0.14327816821582406,0.512287334593573,1.0,0.0,0.0,0.0,0.0,0.0,0.0,0.0,0.0,1.0,0.0,0.0,0.0,1.0,0.0,0.0,0.0,0.0,0.0,0.0,0.0,1.0,0.0,0.0,0.0
6900,0.14814814814814814,0.0,0.0,0.0,0.22222222222222227,0.75,0.7941668304891158,0.02631578947368421,1.0,0.14285714285714285,0.33333333333333337,0.26968043647701023,0.19246861924686165,0.14327816821582406,0.512287334593573,1.0,0.0,0.0,0.0,0.0,0.0,0.0,1.0,0.0,0.0,0.0,0.0,0.0,1.0,0.0,0.0,0.0,1.0,0.0,0.0,0.0,0.0,0.0,0.0,0.0
6901,0.09876543209876543,0.0,0.0,0.0,0.22222222222222227,0.75,0.7613754238745398,0.10526315789473684,1.0,0.0,0.33333333333333337,0.26968043647701023,0.19246861924686165,0.14327816821582406,0.512287334593573,1.0,0.0,0.0,0.0,0.0,0.0,0.0,1.0,0.0,0.0,0.0,0.0,0.0,1.0,0.0,0.0,0.0,1.0,0.0,0.0,0.0,0.0,0.0,1.0,0.0
6902,0.14814814814814814,1.0,0.0,0.0,0.22222222222222227,0.75,0.5761581170225034,0.0,1.0,0.14285714285714285,0.33333333333333337,0.26968043647701023,0.19246861924686165,0.14327816821582406,0.512287334593573,0.0,0.0,0.0,0.0,0.0,0.0,0.0,0.0,0.0,0.0,0.0,0.0,1.0,0.0,0.0,0.0,0.0,0.0,0.0,0.0,1.0,0.0,0.0,0.0,0.0
6903,0.24691358024691357,0.0,0.0,0.0,0.22222222222222227,0.75,0.6877466992608396,0.0,1.0,0.0,0.33333333333333337,0.26968043647701023,0.19246861924686165,0.14327816821582406,0.512287334593573,1.0,1.0,0.0,0.0,0.0,0.0,0.0,0.0,0.0,0.0,0.0,0.0,1.0,0.0,0.0,0.0,0.0,0.0,0.0,0.0,0.0,0.0,0.0,1.0,0.0
6904,0.1728395061728395,0.0,0.0,0.0,0.22222222222222227,0.75,0.6559276062712989,0.0,1.0,0.0,0.33333333333333337,0.26968043647701023,0.19246861924686165,0.14327816821582406,0.512287334593573,0.0,1.0,0.0,0.0,0.0,0.0,0.0,0.0,0.0,0.0,0.0,0.0,1.0,0.0,0.0,1.0,0.0,0.0,0.0,0.0,0.0,0.0,1.0,1.0,0.0
6905,0.25925925925925924,1.0,1.0,0.0,0.22222222222222227,0.75,0.7204780462382567,0.0,1.0,0.14285714285714285,0.33333333333333337,0.26968043647701023,0.19246861924686165,0.14327816821582406,0.512287334593573,1.0,0.0,0.0,0.0,0.0,0.0,0.0,1.0,0.0,0.0,0.0,0.0,0.0,1.0,0.0,0.0,0.0,1.0,0.0,0.0,0.0,0.0,0.0,0.0,0.0
6906,0.1728395061728395,0.0,0.0,0.0,0.22222222222222227,0.75,0.7674002270608675,0.0,0.006006006006006006,0.14285714285714285,0.33333333333333337,0.26968043647701023,0.19246861924686165,0.14327816821582406,0.512287334593573,1.0,1.0,0.0,0.0,0.0,0.0,0.0,0.0,0.0,0.0,0.0,0.0,1.0,0.0,0.0,1.0,0.0,0.0,0.0,0.0,0.0,0.0,1.0,0.0,1.0
6907,0.18518518518518517,1.0,0.0,0.0,0.22222222222222227,0.75,0.3636152410663567,0.2894736842105263,1.0,0.0,0.33333333333333337,0.26968043647701023,0.19246861924686165,0.14327816821582406,0.512287334593573,0.0,0.0,0.0,0.0,0.0,0.0,0.0,1.0,0.0,0.0,0.0,0.0,1.0,0.0,0.0,0.0,0.0,1.0,0.0,0.0,0.0,0.0,0.0,1.0,0.0
6908,0.43209876543209874,0.0,0.0,0.0,0.22222222222222227,0.75,0.8321647891501779,0.0,1.0,0.0,0.33333333333333337,0.26968043647701023,0.19246861924686165,0.14327816821582406,0.512287334593573,1.0,1.0,0.0,0.0,0.0,0.0,0.0,0.0,0.0,0.0,0.0,0.0,0.0,0.0,1.0,0.0,0.0,0.0,0.0,0.0,0.0,0.0,0.0,1.0,0.0
6909,0.18518518518518517,0.0,0.0,0.0,0.22222222222222227,0.75,0.31856189022048026,0.18421052631578946,1.0,0.0,0.33333333333333337,0.26968043647701023,0.19246861924686165,0.14327816821582406,0.512287334593573,0.0,0.0,0.0,0.0,0.0,0.0,0.0,0.0,0.0,1.0,0.0,0.0,0.0,1.0,0.0,0.0,0.0,0.0,0.0,0.0,1.0,0.0,0.0,1.0,0.0
6910,0.1111111111111111,0.0,0.0,0.0,0.22222222222222227,0.75,0.646660205928461,0.0,1.0,0.0,0.33333333333333337,0.26968043647701023,0.19246861924686165,0.14327816821582406,0.512287334593573,0.0,0.0,0.0,0.0,0.0,0.0,0.0,1.0,0.0,0.0,0.0,0.0,0.0,1.0,0.0,0.0,0.0,1.0,0.0,0.0,0.0,0.0,0.0,1.0,0.0
6911,0.09876543209876543,0.0,0.0,0.0,0.22222222222222227,0.75,0.3017282010873305,0.15789473684210525,1.0,0.0,0.33333333333333337,0.26968043647701023,0.19246861924686165,0.14327816821582406,0.512287334593573,0.0,0.0,0.0,0.0,0.0,0.0,0.0,0.0,1.0,0.0,0.0,0.0,0.0,1.0,0.0,0.0,0.0,1.0,0.0,0.0,0.0,0.0,0.0,1.0,0.0
6912,0.18518518518518517,1.0,0.0,0.0,0.22222222222222227,0.75,0.5894268318375645,0.0,1.0,0.14285714285714285,0.33333333333333337,0.26968043647701023,0.19246861924686165,0.14327816821582406,0.512287334593573,0.0,0.0,0.0,0.0,0.0,0.0,0.0,0.0,0.0,0.0,0.0,0.0,0.0,1.0,0.0,0.0,0.0,1.0,0.0,0.0,0.0,0.0,0.0,0.0,0.0
6913,0.16049382716049382,0.0,0.0,0.0,0.22222222222222227,0.75,0.5940405662922726,0.0,1.0,0.2857142857142857,0.33333333333333337,0.26968043647701023,0.19246861924686165,0.14327816821582406,0.512287334593573,0.0,0.0,0.0,0.0,0.0,0.0,0.0,0.0,1.0,0.0,0.0,0.0,0.0,0.0,1.0,0.0,1.0,0.0,0.0,0.0,0.0,0.0,0.0,0.0,0.0
6914,0.19753086419753085,0.0,0.0,0.0,0.22222222222222227,0.75,0.7483127678708024,0.0,1.0,0.0,0.33333333333333337,0.26968043647701023,0.19246861924686165,0.14327816821582406,0.512287334593573,1.0,0.0,0.0,0.0,1.0,0.0,0.0,0.0,0.0,0.0,0.0,0.0,1.0,0.0,0.0,0.0,0.0,0.0,0.0,1.0,0.0,0.0,0.0,1.0,0.0
6915,0.3333333333333333,0.0,1.0,0.0,0.22222222222222227,0.75,0.7844180268049893,0.0,1.0,0.0,0.33333333333333337,0.26968043647701023,0.19246861924686165,0.14327816821582406,0.512287334593573,1.0,0.0,0.0,0.0,0.0,0.0,0.0,1.0,0.0,0.0,0.0,0.0,1.0,0.0,0.0,0.0,0.0,1.0,0.0,0.0,0.0,0.0,0.0,1.0,0.0
6916,0.1728395061728395,1.0,0.0,0.0,0.22222222222222227,0.75,0.7589877432419946,0.0,1.0,0.0,0.33333333333333337,0.26968043647701023,0.19246861924686165,0.14327816821582406,0.512287334593573,1.0,0.0,1.0,0.0,0.0,0.0,0.0,0.0,0.0,0.0,0.0,0.0,0.0,1.0,0.0,0.0,0.0,0.0,0.0,0.0,1.0,0.0,0.0,1.0,0.0
6917,0.35802469135802467,0.0,0.0,0.0,0.22222222222222227,0.75,0.5507832068127649,0.07894736842105263,1.0,0.14285714285714285,0.33333333333333337,0.26968043647701023,0.19246861924686165,0.14327816821582406,0.512287334593573,0.0,0.0,0.0,0.0,0.0,0.0,0.0,1.0,0.0,0.0,0.0,0.0,1.0,0.0,0.0,0.0,0.0,1.0,0.0,0.0,0.0,0.0,0.0,0.0,0.0
6918,0.13580246913580246,0.0,0.0,0.0,0.22222222222222227,0.75,0.674061144536046,0.0,1.0,0.2857142857142857,0.33333333333333337,0.26968043647701023,0.19246861924686165,0.14327816821582406,0.512287334593573,1.0,1.0,0.0,0.0,0.0,0.0,0.0,0.0,0.0,0.0,0.0,0.0,0.0,0.0,0.0,0.0,0.0,1.0,0.0,0.0,0.0,0.0,0.0,0.0,0.0
6919,0.14814814814814814,1.0,1.0,0.0,0.22222222222222227,0.75,0.2923123652049422,0.10526315789473684,1.0,0.0,0.33333333333333337,0.26968043647701023,0.19246861924686165,0.14327816821582406,0.512287334593573,0.0,1.0,0.0,0.0,0.0,0.0,0.0,0.0,0.0,0.0,0.0,0.0,1.0,0.0,0.0,0.0,1.0,0.0,0.0,0.0,0.0,0.0,1.0,1.0,0.0
6920,0.08641975308641975,0.0,1.0,0.0,0.22222222222222227,0.75,0.5319212752022946,0.0,1.0,0.14285714285714285,0.33333333333333337,0.26968043647701023,0.19246861924686165,0.14327816821582406,0.512287334593573,0.0,0.0,0.0,0.0,0.0,0.0,0.0,1.0,0.0,0.0,0.0,0.0,0.0,1.0,0.0,0.0,0.0,1.0,0.0,0.0,0.0,0.0,0.0,0.0,0.0
6921,0.19753086419753085,1.0,0.0,0.0,0.22222222222222227,0.75,0.7186622526414759,0.0,1.0,0.0,0.33333333333333337,0.26968043647701023,0.19246861924686165,0.14327816821582406,0.512287334593573,1.0,1.0,0.0,0.0,0.0,0.0,0.0,0.0,0.0,0.0,0.0,0.0,1.0,0.0,0.0,0.0,1.0,0.0,0.0,0.0,0.0,0.0,1.0,1.0,0.0
6922,0.25925925925925924,0.0,0.0,0.0,0.22222222222222227,0.75,0.4215477860088535,0.0,1.0,0.0,0.33333333333333337,0.26968043647701023,0.19246861924686165,0.14327816821582406,0.512287334593573,0.0,1.0,0.0,0.0,0.0,0.0,0.0,0.0,0.0,0.0,0.0,0.0,1.0,0.0,0.0,1.0,0.0,0.0,0.0,0.0,0.0,0.0,0.0,1.0,0.0
6923,0.2716049382716049,1.0,0.0,0.0,0.22222222222222227,0.75,0.7540618804673014,0.05263157894736842,1.0,0.0,0.33333333333333337,0.26968043647701023,0.19246861924686165,0.14327816821582406,0.512287334593573,1.0,1.0,0.0,0.0,0.0,0.0,0.0,0.0,0.0,0.0,0.0,0.0,1.0,0.0,0.0,0.0,1.0,0.0,0.0,0.0,0.0,0.0,0.0,1.0,0.0
6924,0.19753086419753085,0.0,0.0,0.0,0.22222222222222227,0.75,0.8212116538678604,0.0,1.0,0.14285714285714285,0.33333333333333337,0.26968043647701023,0.19246861924686165,0.14327816821582406,0.512287334593573,1.0,1.0,0.0,0.0,0.0,0.0,0.0,0.0,0.0,0.0,0.0,0.0,0.0,1.0,0.0,0.0,1.0,0.0,0.0,0.0,0.0,0.0,1.0,0.0,0.0
6925,0.12345679012345678,0.0,0.0,0.0,0.22222222222222227,0.75,0.49105467050389934,0.05263157894736842,1.0,0.14285714285714285,0.33333333333333337,0.26968043647701023,0.19246861924686165,0.14327816821582406,0.512287334593573,0.0,0.0,0.0,0.0,0.0,0.0,0.0,0.0,0.0,1.0,0.0,0.0,0.0,1.0,0.0,0.0,0.0,1.0,0.0,0.0,0.0,0.0,0.0,0.0,0.0
6926,0.12345679012345678,0.0,0.0,0.0,0.22222222222222227,0.75,0.5796182238056906,0.05263157894736842,1.0,0.0,0.33333333333333337,0.26968043647701023,0.19246861924686165,0.14327816821582406,0.512287334593573,0.0,0.0,0.0,0.0,0.0,0.0,0.0,0.0,0.0,0.0,0.0,0.0,1.0,0.0,0.0,0.0,0.0,1.0,0.0,0.0,0.0,0.0,0.0,1.0,0.0
6927,0.30864197530864196,1.0,1.0,0.0,0.22222222222222227,0.75,0.7968868395188806,0.0,1.0,0.14285714285714285,0.33333333333333337,0.26968043647701023,0.19246861924686165,0.14327816821582406,0.512287334593573,1.0,0.0,0.0,0.0,0.0,0.0,0.0,1.0,0.0,0.0,0.0,0.0,0.0,0.0,0.0,0.0,0.0,1.0,0.0,0.0,0.0,0.0,0.0,0.0,0.0
6928,0.13580246913580246,1.0,0.0,0.0,0.22222222222222227,0.75,0.6376454449299462,0.0,1.0,0.14285714285714285,0.33333333333333337,0.26968043647701023,0.19246861924686165,0.14327816821582406,0.512287334593573,0.0,1.0,0.0,0.0,0.0,0.0,0.0,0.0,0.0,0.0,0.0,0.0,0.0,1.0,0.0,0.0,1.0,0.0,0.0,0.0,0.0,0.0,0.0,0.0,0.0
6929,0.09876543209876543,1.0,0.0,0.0,0.22222222222222227,0.75,0.6238550656258994,0.0,1.0,0.0,0.33333333333333337,0.26968043647701023,0.19246861924686165,0.14327816821582406,0.512287334593573,0.0,0.0,0.0,0.0,1.0,0.0,0.0,0.0,0.0,0.0,0.0,0.0,1.0,0.0,0.0,0.0,0.0,0.0,0.0,0.0,1.0,0.0,0.0,1.0,0.0
6930,0.08641975308641975,0.0,0.0,0.0,0.22222222222222227,0.75,0.7860508437383251,0.02631578947368421,1.0,0.0,0.33333333333333337,0.26968043647701023,0.19246861924686165,0.14327816821582406,0.512287334593573,0.0,0.0,0.0,0.0,0.0,0.0,0.0,0.0,0.0,0.0,0.0,0.0,0.0,1.0,0.0,0.0,0.0,1.0,0.0,0.0,0.0,0.0,0.0,1.0,0.0
6931,0.14814814814814814,1.0,1.0,0.0,0.22222222222222227,0.75,0.710546265890685,0.0,1.0,0.14285714285714285,0.33333333333333337,0.26968043647701023,0.19246861924686165,0.14327816821582406,0.512287334593573,0.0,1.0,0.0,0.0,0.0,0.0,0.0,0.0,0.0,0.0,0.0,0.0,1.0,0.0,0.0,0.0,1.0,0.0,0.0,0.0,0.0,0.0,0.0,0.0,0.0
6932,0.16049382716049382,1.0,0.0,0.0,0.22222222222222227,0.75,0.5212197964741162,0.0,1.0,0.0,0.33333333333333337,0.26968043647701023,0.19246861924686165,0.14327816821582406,0.512287334593573,0.0,0.0,0.0,0.0,0.0,0.0,0.0,0.0,0.0,0.0,0.0,0.0,1.0,0.0,0.0,1.0,0.0,0.0,0.0,0.0,0.0,0.0,0.0,1.0,0.0
6933,0.1111111111111111,0.0,0.0,0.0,0.22222222222222227,0.75,0.5779008918534767,0.0,1.0,0.2857142857142857,0.33333333333333337,0.26968043647701023,0.19246861924686165,0.14327816821582406,0.512287334593573,0.0,1.0,0.0,0.0,0.0,0.0,0.0,0.0,0.0,0.0,0.0,0.0,1.0,0.0,0.0,0.0,1.0,0.0,0.0,0.0,0.0,0.0,0.0,0.0,0.0
6934,0.2345679012345679,1.0,0.0,0.0,0.22222222222222227,0.75,0.5716847586578249,0.0,1.0,0.0,0.33333333333333337,0.26968043647701023,0.19246861924686165,0.14327816821582406,0.512287334593573,0.0,0.0,0.0,0.0,1.0,0.0,0.0,0.0,0.0,0.0,0.0,0.0,1.0,0.0,0.0,0.0,0.0,0.0,0.0,0.0,1.0,0.0,0.0,1.0,0.0
6935,0.19753086419753085,0.0,0.0,0.0,0.22222222222222227,0.75,0.7293978235737721,0.0,0.012012012012012012,0.2857142857142857,0.33333333333333337,0.26968043647701023,0.19246861924686165,0.14327816821582406,0.512287334593573,1.0,0.0,0.0,0.0,0.0,0.0,0.0,0.0,0.0,0.0,0.0,0.0,0.0,1.0,0.0,0.0,0.0,1.0,0.0,0.0,0.0,0.0,0.0,0.0,0.0
6936,0.38271604938271603,0.0,0.0,0.0,0.22222222222222227,0.75,0.7326918229785724,0.0,1.0,0.0,0.33333333333333337,0.26968043647701023,0.19246861924686165,0.14327816821582406,0.512287334593573,0.0,1.0,0.0,0.0,0.0,0.0,0.0,0.0,0.0,0.0,0.0,0.0,1.0,0.0,0.0,0.0,1.0,0.0,0.0,0.0,0.0,0.0,1.0,1.0,0.0
6937,0.13580246913580246,0.0,0.0,0.0,0.22222222222222227,0.75,0.664102989715846,0.0,1.0,0.14285714285714285,0.33333333333333337,0.26968043647701023,0.19246861924686165,0.14327816821582406,0.512287334593573,0.0,1.0,0.0,0.0,0.0,0.0,0.0,0.0,0.0,0.0,0.0,0.0,0.0,1.0,0.0,0.0,0.0,0.0,0.0,0.0,0.0,0.0,0.0,0.0,0.0
6938,0.4938271604938272,0.0,0.0,0.0,0.22222222222222227,0.75,0.7452250538727521,0.0,1.0,0.0,0.33333333333333337,0.26968043647701023,0.19246861924686165,0.14327816821582406,0.512287334593573,1.0,0.0,0.0,0.0,0.0,0.0,0.0,0.0,0.0,0.0,0.0,0.0,1.0,0.0,0.0,0.0,1.0,0.0,0.0,0.0,0.0,0.0,0.0,1.0,0.0
6939,0.29629629629629634,1.0,1.0,0.0,0.22222222222222227,0.75,0.6075603701023119,0.02631578947368421,1.0,0.0,0.33333333333333337,0.26968043647701023,0.19246861924686165,0.14327816821582406,0.512287334593573,0.0,1.0,0.0,0.0,0.0,0.0,0.0,0.0,0.0,0.0,0.0,0.0,1.0,0.0,0.0,0.0,0.0,0.0,0.0,0.0,0.0,0.0,0.0,1.0,0.0
6940,0.16049382716049382,1.0,0.0,0.0,0.22222222222222227,0.75,0.5078883596370491,0.0,1.0,0.14285714285714285,0.33333333333333337,0.26968043647701023,0.19246861924686165,0.14327816821582406,0.512287334593573,0.0,0.0,0.0,0.0,0.0,0.0,0.0,1.0,0.0,0.0,0.0,0.0,0.0,1.0,0.0,0.0,0.0,1.0,0.0,0.0,0.0,0.0,0.0,0.0,0.0
6941,0.18518518518518517,0.5,0.5,0.0,0.22222222222222227,0.75,0.8150395819546746,0.0,1.0,0.0,0.33333333333333337,0.26968043647701023,0.19246861924686165,0.14327816821582406,0.512287334593573,1.0,1.0,0.0,0.0,0.0,0.0,0.0,0.0,0.0,0.0,0.0,0.0,1.0,0.0,0.0,0.0,1.0,0.0,0.0,0.0,0.0,0.0,0.0,1.0,0.0
6942,0.19753086419753085,0.0,0.0,0.0,0.22222222222222227,0.75,0.876664476374653,0.0,0.012012012012012012,0.14285714285714285,0.33333333333333337,0.26968043647701023,0.19246861924686165,0.14327816821582406,0.512287334593573,1.0,0.0,0.0,0.0,0.0,0.0,0.0,0.0,0.0,0.0,0.0,0.0,0.0,1.0,0.0,0.0,0.0,1.0,0.0,0.0,0.0,0.0,1.0,0.0,1.0
6943,0.3333333333333333,1.0,1.0,0.0,0.22222222222222227,0.75,0.6480977205520548,0.02631578947368421,1.0,0.0,0.33333333333333337,0.26968043647701023,0.19246861924686165,0.14327816821582406,0.512287334593573,0.0,0.0,0.0,0.0,0.0,0.0,0.0,0.0,0.0,1.0,0.0,0.0,0.0,1.0,0.0,0.0,0.0,0.0,0.0,1.0,0.0,0.0,1.0,1.0,0.0
6944,0.1111111111111111,0.0,0.0,0.0,0.22222222222222227,0.75,0.6689881961625146,0.02631578947368421,1.0,0.0,0.33333333333333337,0.26968043647701023,0.19246861924686165,0.14327816821582406,0.512287334593573,0.0,1.0,0.0,0.0,0.0,0.0,0.0,0.0,0.0,0.0,0.0,0.0,0.0,1.0,0.0,0.0,1.0,0.0,0.0,0.0,0.0,0.0,0.0,1.0,0.0
6945,0.13580246913580246,1.0,0.0,0.0,0.22222222222222227,0.75,0.7068476372990588,0.02631578947368421,1.0,0.0,0.33333333333333337,0.26968043647701023,0.19246861924686165,0.14327816821582406,0.512287334593573,1.0,0.0,0.0,0.0,0.0,0.0,0.0,1.0,0.0,0.0,0.0,0.0,0.0,1.0,0.0,0.0,0.0,0.0,0.0,1.0,0.0,0.0,0.0,1.0,0.0
6946,0.16049382716049382,1.0,0.0,0.0,0.22222222222222227,0.75,0.5591892927228724,0.05263157894736842,1.0,0.0,0.33333333333333337,0.26968043647701023,0.19246861924686165,0.14327816821582406,0.512287334593573,0.0,0.0,0.0,0.0,0.0,0.0,0.0,0.0,0.0,1.0,0.0,0.0,1.0,0.0,0.0,0.0,0.0,1.0,0.0,0.0,0.0,0.0,1.0,1.0,0.0
6947,0.24691358024691357,1.0,0.0,0.0,0.22222222222222227,0.75,0.4039575981303762,0.13157894736842105,1.0,0.0,0.33333333333333337,0.26968043647701023,0.19246861924686165,0.14327816821582406,0.512287334593573,0.0,0.0,0.0,0.0,0.0,0.0,0.0,1.0,0.0,0.0,0.0,0.0,0.0,1.0,0.0,0.0,0.0,1.0,0.0,0.0,0.0,0.0,0.0,1.0,0.0
6948,0.12345679012345678,1.0,0.0,0.0,0.22222222222222227,0.75,0.7173478797553707,0.0,1.0,0.0,0.33333333333333337,0.26968043647701023,0.19246861924686165,0.14327816821582406,0.512287334593573,0.0,0.0,0.0,0.0,0.0,0.0,0.0,0.0,0.0,0.0,0.0,0.0,1.0,0.0,0.0,0.0,0.0,0.0,0.0,1.0,0.0,0.0,0.0,1.0,0.0
6949,0.12345679012345678,0.0,0.0,0.0,0.22222222222222227,0.75,0.7230243610120375,0.0,1.0,0.0,0.33333333333333337,0.26968043647701023,0.19246861924686165,0.14327816821582406,0.512287334593573,0.0,0.0,0.0,0.0,0.0,0.0,0.0,0.0,0.0,0.0,0.0,0.0,1.0,0.0,0.0,0.0,0.0,0.0,0.0,1.0,0.0,0.0,0.0,1.0,0.0
6950,0.08641975308641975,0.0,0.0,0.0,0.22222222222222227,0.75,0.6082306576679029,0.0,1.0,0.14285714285714285,0.33333333333333337,0.26968043647701023,0.19246861924686165,0.14327816821582406,0.512287334593573,0.0,0.0,0.0,0.0,0.0,0.0,0.0,0.0,0.0,1.0,0.0,0.0,0.0,1.0,0.0,0.0,0.0,0.0,0.0,1.0,0.0,0.0,0.0,0.0,0.0
6951,0.13580246913580246,0.5,0.5,0.0,0.22222222222222227,0.75,0.7135875319736221,0.07894736842105263,1.0,0.0,0.33333333333333337,0.26968043647701023,0.19246861924686165,0.14327816821582406,0.512287334593573,0.0,0.0,0.0,0.0,0.0,0.0,0.0,0.0,0.0,0.0,0.0,0.0,1.0,0.0,0.0,0.0,0.0,1.0,0.0,0.0,0.0,0.0,0.0,1.0,0.0
6952,0.35802469135802467,0.0,0.0,0.0,0.22222222222222227,0.75,0.5940405662922726,0.02631578947368421,1.0,0.0,0.33333333333333337,0.26968043647701023,0.19246861924686165,0.14327816821582406,0.512287334593573,0.0,1.0,0.0,0.0,0.0,0.0,0.0,0.0,0.0,0.0,0.0,0.0,1.0,0.0,0.0,0.0,1.0,0.0,0.0,0.0,0.0,0.0,0.0,1.0,0.0
6953,0.24691358024691357,0.0,0.0,0.0,0.22222222222222227,0.75,0.4247708684332175,0.0,1.0,0.0,0.33333333333333337,0.26968043647701023,0.19246861924686165,0.14327816821582406,0.512287334593573,0.0,0.0,0.0,0.0,0.0,0.0,0.0,1.0,0.0,0.0,0.0,0.0,0.0,0.0,0.0,0.0,0.0,1.0,0.0,0.0,0.0,0.0,0.0,1.0,0.0
6954,0.13580246913580246,1.0,0.0,0.0,0.22222222222222227,0.75,0.6839461142385569,0.0,1.0,0.0,0.33333333333333337,0.26968043647701023,0.19246861924686165,0.14327816821582406,0.512287334593573,0.0,1.0,0.0,0.0,0.0,0.0,0.0,0.0,0.0,0.0,0.0,0.0,1.0,0.0,0.0,0.0,1.0,0.0,0.0,0.0,0.0,0.0,1.0,1.0,0.0
6955,0.07407407407407407,0.0,0.0,0.0,0.22222222222222227,0.75,0.5474693214896542,0.0,1.0,0.0,0.33333333333333337,0.26968043647701023,0.19246861924686165,0.14327816821582406,0.512287334593573,0.0,0.0,0.0,0.0,0.0,0.0,0.0,0.0,0.0,1.0,0.0,0.0,0.0,1.0,0.0,0.0,0.0,1.0,0.0,0.0,0.0,0.0,0.0,1.0,0.0
6956,0.13580246913580246,1.0,0.0,0.0,0.22222222222222227,0.75,0.5496889184613623,0.0,1.0,0.14285714285714285,0.33333333333333337,0.26968043647701023,0.19246861924686165,0.14327816821582406,0.512287334593573,0.0,0.0,0.0,0.0,1.0,0.0,0.0,0.0,0.0,0.0,0.0,0.0,0.0,1.0,0.0,0.0,1.0,0.0,0.0,0.0,0.0,0.0,0.0,0.0,0.0
6957,0.16049382716049382,1.0,0.0,0.0,0.22222222222222227,0.75,0.7692851714613549,0.0,1.0,0.0,0.33333333333333337,0.26968043647701023,0.19246861924686165,0.14327816821582406,0.512287334593573,1.0,0.0,0.0,0.0,0.0,0.0,0.0,0.0,0.0,1.0,0.0,0.0,0.0,1.0,0.0,0.0,0.0,0.0,0.0,1.0,0.0,0.0,0.0,1.0,0.0
6958,0.07407407407407407,0.0,1.0,0.0,0.22222222222222227,0.75,0.826971914346515,0.0,1.0,0.0,0.33333333333333337,0.26968043647701023,0.19246861924686165,0.14327816821582406,0.512287334593573,1.0,0.0,0.0,0.0,0.0,0.0,0.0,0.0,0.0,1.0,0.0,0.0,0.0,1.0,0.0,0.0,0.0,1.0,0.0,0.0,0.0,0.0,0.0,1.0,0.0
6959,0.1728395061728395,0.0,0.0,0.0,0.22222222222222227,0.75,0.6184662540070037,0.0,1.0,0.14285714285714285,0.33333333333333337,0.26968043647701023,0.19246861924686165,0.14327816821582406,0.512287334593573,1.0,1.0,0.0,0.0,0.0,0.0,0.0,0.0,0.0,0.0,0.0,0.0,0.0,1.0,0.0,0.0,1.0,0.0,0.0,0.0,0.0,0.0,0.0,0.0,0.0
6960,0.13580246913580246,1.0,0.0,0.0,0.22222222222222227,0.75,0.804562833212553,0.07894736842105263,1.0,0.0,0.33333333333333337,0.26968043647701023,0.19246861924686165,0.14327816821582406,0.512287334593573,1.0,1.0,0.0,0.0,0.0,0.0,0.0,0.0,0.0,0.0,0.0,0.0,1.0,0.0,0.0,1.0,0.0,0.0,0.0,0.0,0.0,0.0,0.0,1.0,0.0
6961,0.12345679012345678,1.0,1.0,0.0,0.22222222222222227,0.75,0.6371237804409605,0.07894736842105263,1.0,0.0,0.33333333333333337,0.26968043647701023,0.19246861924686165,0.14327816821582406,0.512287334593573,1.0,1.0,0.0,0.0,0.0,0.0,0.0,0.0,0.0,0.0,0.0,0.0,0.0,1.0,0.0,0.0,1.0,0.0,0.0,0.0,0.0,0.0,0.0,1.0,0.0
6962,0.19753086419753085,0.0,0.0,0.0,0.22222222222222227,0.75,0.7557904280508805,0.02631578947368421,1.0,0.0,0.33333333333333337,0.26968043647701023,0.19246861924686165,0.14327816821582406,0.512287334593573,1.0,1.0,0.0,0.0,0.0,0.0,0.0,0.0,0.0,0.0,0.0,0.0,1.0,0.0,0.0,0.0,1.0,0.0,0.0,0.0,0.0,0.0,1.0,1.0,0.0
6963,0.1111111111111111,1.0,0.0,0.0,0.22222222222222227,0.75,0.7682607660080375,0.02631578947368421,1.0,0.0,0.33333333333333337,0.26968043647701023,0.19246861924686165,0.14327816821582406,0.512287334593573,0.0,0.0,0.0,0.0,0.0,0.0,0.0,0.0,0.0,0.0,0.0,0.0,0.0,1.0,0.0,0.0,0.0,1.0,0.0,0.0,0.0,0.0,0.0,1.0,0.0
6964,0.1111111111111111,0.0,0.0,0.0,0.22222222222222227,0.75,0.5770327318283031,0.02631578947368421,1.0,0.0,0.33333333333333337,0.26968043647701023,0.19246861924686165,0.14327816821582406,0.512287334593573,0.0,1.0,0.0,0.0,0.0,0.0,0.0,0.0,0.0,0.0,0.0,0.0,0.0,1.0,0.0,0.0,1.0,0.0,0.0,0.0,0.0,0.0,0.0,1.0,0.0
6965,0.419753086419753,1.0,1.0,0.0,0.22222222222222227,0.75,0.7653088804325666,0.02631578947368421,1.0,0.0,0.33333333333333337,0.26968043647701023,0.19246861924686165,0.14327816821582406,0.512287334593573,1.0,1.0,0.0,0.0,0.0,0.0,0.0,0.0,0.0,0.0,0.0,0.0,1.0,0.0,0.0,0.0,0.0,0.0,0.0,0.0,0.0,0.0,0.0,1.0,0.0
6966,0.13580246913580246,1.0,0.0,0.0,0.22222222222222227,0.75,0.44244933785391355,0.02631578947368421,1.0,0.0,0.33333333333333337,0.26968043647701023,0.19246861924686165,0.14327816821582406,0.512287334593573,0.0,0.0,0.0,0.0,0.0,0.0,0.0,0.0,1.0,0.0,0.0,0.0,0.0,1.0,0.0,0.0,0.0,0.0,0.0,0.0,1.0,0.0,0.0,1.0,0.0
6967,0.2222222222222222,1.0,0.0,0.0,0.22222222222222227,0.75,0.6048403610725471,0.0,1.0,0.0,0.33333333333333337,0.26968043647701023,0.19246861924686165,0.14327816821582406,0.512287334593573,0.0,0.0,0.0,0.0,0.0,0.0,0.0,0.0,0.0,0.0,0.0,0.0,1.0,0.0,0.0,0.0,0.0,1.0,0.0,0.0,0.0,0.0,0.0,1.0,0.0
6968,0.4938271604938272,0.0,0.0,0.0,0.22222222222222227,0.75,0.5984801554161608,0.13157894736842105,1.0,0.0,0.33333333333333337,0.26968043647701023,0.19246861924686165,0.14327816821582406,0.512287334593573,0.0,0.0,0.0,0.0,0.0,0.0,0.0,1.0,0.0,0.0,0.0,0.0,0.0,0.0,0.0,0.0,0.0,0.0,0.0,0.0,0.0,0.0,0.0,1.0,0.0
6969,0.12345679012345678,1.0,0.0,0.0,0.22222222222222227,0.75,0.5280214103388018,0.02631578947368421,1.0,0.0,0.33333333333333337,0.26968043647701023,0.19246861924686165,0.14327816821582406,0.512287334593573,0.0,1.0,0.0,0.0,0.0,0.0,0.0,0.0,0.0,0.0,0.0,0.0,1.0,0.0,0.0,0.0,0.0,0.0,0.0,0.0,0.0,0.0,0.0,1.0,0.0
6970,0.1728395061728395,1.0,0.0,0.0,0.22222222222222227,0.75,0.7262542512230573,0.0,0.011011011011011011,0.14285714285714285,0.33333333333333337,0.26968043647701023,0.19246861924686165,0.14327816821582406,0.512287334593573,1.0,0.0,0.0,0.0,0.0,0.0,0.0,0.0,0.0,1.0,0.0,0.0,0.0,1.0,0.0,0.0,1.0,0.0,0.0,0.0,0.0,0.0,0.0,0.0,1.0
6971,0.09876543209876543,1.0,0.0,0.0,0.22222222222222227,0.75,0.798754103319714,0.05263157894736842,1.0,0.0,0.33333333333333337,0.26968043647701023,0.19246861924686165,0.14327816821582406,0.512287334593573,1.0,0.0,0.0,0.0,0.0,0.0,0.0,0.0,0.0,0.0,0.0,0.0,0.0,1.0,0.0,0.0,0.0,1.0,0.0,0.0,0.0,0.0,0.0,1.0,0.0
6972,0.1111111111111111,0.0,0.0,0.0,0.22222222222222227,0.75,0.8207735336240497,0.02631578947368421,1.0,0.0,0.33333333333333337,0.26968043647701023,0.19246861924686165,0.14327816821582406,0.512287334593573,1.0,1.0,0.0,0.0,0.0,0.0,0.0,0.0,0.0,0.0,0.0,0.0,1.0,0.0,0.0,0.0,0.0,0.0,0.0,1.0,0.0,0.0,0.0,1.0,0.0
6973,0.35802469135802467,0.0,0.0,1.0,0.22222222222222227,0.75,0.4529126886678098,0.02631578947368421,1.0,0.0,0.33333333333333337,0.26968043647701023,0.19246861924686165,0.14327816821582406,0.512287334593573,0.0,1.0,0.0,0.0,0.0,0.0,0.0,0.0,0.0,0.0,0.0,0.0,1.0,0.0,0.0,0.0,0.0,0.0,0.0,0.0,0.0,0.0,0.0,1.0,0.0
6974,0.29629629629629634,0.0,1.0,0.0,0.22222222222222227,0.75,0.6381648062569562,0.02631578947368421,1.0,0.0,0.33333333333333337,0.26968043647701023,0.19246861924686165,0.14327816821582406,0.512287334593573,0.0,0.0,0.0,0.0,0.0,0.0,0.0,0.0,0.0,1.0,0.0,0.0,1.0,0.0,0.0,0.0,0.0,0.0,0.0,1.0,0.0,0.0,0.0,1.0,0.0
6975,0.18518518518518517,0.0,0.0,0.0,0.22222222222222227,0.75,0.8195602208103504,0.02631578947368421,1.0,0.0,0.33333333333333337,0.26968043647701023,0.19246861924686165,0.14327816821582406,0.512287334593573,1.0,0.0,0.0,0.0,0.0,0.0,0.0,0.0,0.0,1.0,0.0,0.0,0.0,1.0,0.0,0.0,0.0,0.0,0.0,1.0,0.0,0.0,0.0,1.0,0.0
6976,0.08641975308641975,0.0,0.0,0.0,0.22222222222222227,0.75,0.6214904603916316,0.02631578947368421,1.0,0.0,0.33333333333333337,0.26968043647701023,0.19246861924686165,0.14327816821582406,0.512287334593573,0.0,0.0,1.0,0.0,0.0,0.0,0.0,0.0,0.0,0.0,0.0,0.0,0.0,1.0,0.0,0.0,0.0,0.0,0.0,0.0,1.0,0.0,0.0,1.0,0.0
6977,0.12345679012345678,1.0,0.0,0.0,0.22222222222222227,0.75,0.8636927636684372,0.07894736842105263,1.0,0.0,0.33333333333333337,0.26968043647701023,0.19246861924686165,0.14327816821582406,0.512287334593573,1.0,0.0,0.0,0.0,0.0,0.0,0.0,0.0,0.0,0.0,0.0,0.0,0.0,1.0,0.0,0.0,0.0,0.0,0.0,0.0,1.0,0.0,0.0,1.0,0.0
6978,0.13580246913580246,0.0,1.0,0.0,0.22222222222222227,0.75,0.49636241965296135,0.05263157894736842,1.0,0.0,0.33333333333333337,0.26968043647701023,0.19246861924686165,0.14327816821582406,0.512287334593573,0.0,1.0,0.0,0.0,0.0,0.0,0.0,0.0,0.0,0.0,0.0,0.0,1.0,0.0,0.0,1.0,0.0,0.0,0.0,0.0,0.0,0.0,1.0,1.0,0.0
6979,0.2839506172839506,1.0,0.0,0.0,0.22222222222222227,0.75,0.7687740838384954,0.02631578947368421,1.0,0.0,0.33333333333333337,0.26968043647701023,0.19246861924686165,0.14327816821582406,0.512287334593573,1.0,0.0,0.0,0.0,0.0,0.0,0.0,0.0,0.0,0.0,0.0,0.0,0.0,0.0,0.0,0.0,1.0,0.0,0.0,0.0,0.0,0.0,0.0,1.0,0.0
6980,0.06172839506172839,0.0,0.0,1.0,0.22222222222222227,0.75,0.40010036242099567,0.02631578947368421,1.0,0.0,0.33333333333333337,0.26968043647701023,0.19246861924686165,0.14327816821582406,0.512287334593573,0.0,0.0,0.0,0.0,0.0,0.0,0.0,0.0,0.0,1.0,0.0,0.0,0.0,1.0,0.0,0.0,0.0,0.0,0.0,1.0,0.0,0.0,0.0,1.0,0.0
6981,0.2222222222222222,0.0,1.0,1.0,0.22222222222222227,0.75,0.4776508205223571,0.0,1.0,0.0,0.33333333333333337,0.26968043647701023,0.19246861924686165,0.14327816821582406,0.512287334593573,0.0,1.0,0.0,0.0,0.0,0.0,0.0,0.0,0.0,0.0,0.0,0.0,1.0,0.0,0.0,1.0,0.0,0.0,0.0,0.0,0.0,0.0,1.0,1.0,0.0
6982,0.419753086419753,0.5,0.5,0.0,0.22222222222222227,0.75,0.8573537195997396,0.02631578947368421,1.0,0.14285714285714285,0.33333333333333337,0.26968043647701023,0.19246861924686165,0.14327816821582406,0.512287334593573,0.0,0.0,0.0,0.0,0.0,0.0,0.0,0.0,0.0,1.0,0.0,0.0,1.0,0.0,0.0,0.0,0.0,0.0,0.0,1.0,0.0,0.0,0.0,0.0,0.0
6983,0.18518518518518517,1.0,0.0,0.0,0.22222222222222227,0.75,0.6550330380858423,0.05263157894736842,1.0,0.0,0.33333333333333337,0.26968043647701023,0.19246861924686165,0.14327816821582406,0.512287334593573,0.0,0.0,0.0,0.0,0.0,0.0,0.0,1.0,0.0,0.0,0.0,0.0,0.0,1.0,0.0,0.0,0.0,0.0,0.0,0.0,1.0,0.0,0.0,1.0,0.0
6984,0.34567901234567905,1.0,0.0,0.0,0.22222222222222227,0.75,0.6055262822549443,0.07894736842105263,1.0,0.0,0.33333333333333337,0.26968043647701023,0.19246861924686165,0.14327816821582406,0.512287334593573,0.0,0.0,0.0,0.0,0.0,0.0,1.0,0.0,0.0,0.0,0.0,0.0,1.0,0.0,0.0,0.0,0.0,0.0,0.0,0.0,1.0,0.0,0.0,1.0,0.0
6985,0.1728395061728395,1.0,0.0,0.0,0.22222222222222227,0.75,0.48358326152743014,0.10526315789473684,1.0,0.14285714285714285,0.33333333333333337,0.26968043647701023,0.19246861924686165,0.14327816821582406,0.512287334593573,0.0,1.0,0.0,0.0,0.0,0.0,0.0,0.0,0.0,0.0,0.0,0.0,0.0,1.0,0.0,0.0,0.0,0.0,0.0,1.0,0.0,0.0,0.0,0.0,0.0
6986,0.14814814814814814,1.0,0.0,0.0,0.22222222222222227,0.75,0.7458491144848195,0.02631578947368421,1.0,0.0,0.33333333333333337,0.26968043647701023,0.19246861924686165,0.14327816821582406,0.512287334593573,1.0,0.0,0.0,0.0,0.0,0.0,0.0,0.0,0.0,0.0,0.0,0.0,0.0,1.0,0.0,0.0,0.0,1.0,0.0,0.0,0.0,0.0,0.0,1.0,0.0
6987,0.1111111111111111,1.0,0.0,0.0,0.22222222222222227,0.75,0.7619196121209837,0.02631578947368421,1.0,0.0,0.33333333333333337,0.26968043647701023,0.19246861924686165,0.14327816821582406,0.512287334593573,0.0,1.0,0.0,0.0,0.0,0.0,0.0,0.0,0.0,0.0,0.0,0.0,1.0,0.0,0.0,0.0,0.0,0.0,0.0,1.0,0.0,0.0,0.0,1.0,0.0
6988,0.09876543209876543,1.0,0.0,0.0,0.22222222222222227,0.75,0.8077927234235727,0.05263157894736842,1.0,0.14285714285714285,0.33333333333333337,0.26968043647701023,0.19246861924686165,0.14327816821582406,0.512287334593573,1.0,0.0,0.0,0.0,0.0,0.0,0.0,0.0,1.0,0.0,0.0,0.0,0.0,1.0,0.0,0.0,0.0,1.0,0.0,0.0,0.0,0.0,0.0,0.0,0.0
6989,0.1728395061728395,0.0,0.0,0.0,0.22222222222222227,0.75,0.5770327318283031,0.02631578947368421,1.0,0.0,0.33333333333333337,0.26968043647701023,0.19246861924686165,0.14327816821582406,0.512287334593573,0.0,1.0,0.0,0.0,0.0,0.0,0.0,0.0,0.0,0.0,0.0,0.0,1.0,0.0,0.0,0.0,1.0,0.0,0.0,0.0,0.0,0.0,0.0,1.0,0.0
6990,0.16049382716049382,0.0,0.0,1.0,0.22222222222222227,0.75,0.5047088377203057,0.15789473684210525,1.0,0.0,0.33333333333333337,0.26968043647701023,0.19246861924686165,0.14327816821582406,0.512287334593573,0.0,0.0,0.0,0.0,0.0,0.0,0.0,0.0,0.0,0.0,0.0,0.0,1.0,0.0,0.0,0.0,0.0,0.0,0.0,0.0,1.0,0.0,0.0,1.0,0.0
6991,0.4567901234567901,0.0,0.0,0.0,0.22222222222222227,0.75,0.7385748062786976,0.02631578947368421,0.006006006006006006,0.2857142857142857,0.33333333333333337,0.26968043647701023,0.19246861924686165,0.14327816821582406,0.512287334593573,1.0,1.0,0.0,0.0,0.0,0.0,0.0,0.0,0.0,0.0,0.0,0.0,1.0,0.0,0.0,0.0,1.0,0.0,0.0,0.0,0.0,0.0,0.0,0.0,1.0
6992,0.1728395061728395,1.0,0.0,0.0,0.22222222222222227,0.75,0.823270727940786,0.02631578947368421,1.0,0.0,0.33333333333333337,0.26968043647701023,0.19246861924686165,0.14327816821582406,0.512287334593573,1.0,0.0,0.0,0.0,0.0,0.0,0.0,0.0,0.0,0.0,0.0,0.0,0.0,1.0,0.0,0.0,0.0,1.0,0.0,0.0,0.0,0.0,0.0,1.0,0.0
6993,0.13580246913580246,0.0,0.0,0.0,0.22222222222222227,0.75,0.7982236169664259,0.05263157894736842,1.0,0.14285714285714285,0.33333333333333337,0.26968043647701023,0.19246861924686165,0.14327816821582406,0.512287334593573,1.0,1.0,0.0,0.0,0.0,0.0,0.0,0.0,0.0,0.0,0.0,0.0,0.0,1.0,0.0,0.0,1.0,0.0,0.0,0.0,0.0,0.0,1.0,0.0,0.0
6994,0.14814814814814814,1.0,0.0,0.0,0.22222222222222227,0.75,0.7079981124787547,0.10526315789473684,1.0,0.0,0.33333333333333337,0.26968043647701023,0.19246861924686165,0.14327816821582406,0.512287334593573,0.0,0.0,0.0,0.0,0.0,0.0,0.0,0.0,0.0,1.0,0.0,0.0,0.0,1.0,0.0,0.0,0.0,1.0,0.0,0.0,0.0,0.0,1.0,1.0,0.0
6995,0.14814814814814814,0.0,0.0,0.0,0.22222222222222227,0.75,0.7215031956410405,0.02631578947368421,1.0,0.0,0.33333333333333337,0.26968043647701023,0.19246861924686165,0.14327816821582406,0.512287334593573,1.0,0.0,0.0,0.0,0.0,0.0,0.0,0.0,0.0,0.0,0.0,0.0,0.0,1.0,0.0,0.0,1.0,0.0,0.0,0.0,0.0,0.0,1.0,1.0,0.0
6996,0.24691358024691357,1.0,0.0,1.0,0.22222222222222227,0.75,0.7534800071482515,0.07894736842105263,1.0,0.0,0.33333333333333337,0.26968043647701023,0.19246861924686165,0.14327816821582406,0.512287334593573,1.0,1.0,0.0,0.0,0.0,0.0,0.0,0.0,0.0,0.0,0.0,0.0,0.0,0.0,0.0,0.0,1.0,0.0,0.0,0.0,0.0,0.0,0.0,1.0,0.0
6997,0.34567901234567905,1.0,1.0,1.0,0.22222222222222227,0.75,0.5047088377203057,0.02631578947368421,1.0,0.0,0.33333333333333337,0.26968043647701023,0.19246861924686165,0.14327816821582406,0.512287334593573,0.0,0.0,1.0,0.0,0.0,0.0,0.0,0.0,0.0,0.0,0.0,0.0,0.0,0.0,0.0,0.0,0.0,0.0,0.0,0.0,1.0,0.0,0.0,1.0,0.0
6998,0.19753086419753085,0.0,0.0,0.0,0.22222222222222227,0.75,0.6894344634990646,0.02631578947368421,1.0,0.0,0.33333333333333337,0.26968043647701023,0.19246861924686165,0.14327816821582406,0.512287334593573,0.0,0.0,0.0,0.0,0.0,0.0,0.0,0.0,0.0,0.0,0.0,0.0,1.0,0.0,0.0,0.0,0.0,1.0,0.0,0.0,0.0,0.0,0.0,1.0,0.0
6999,0.08641975308641975,1.0,0.0,0.0,0.22222222222222227,0.75,0.5621929065211045,0.07894736842105263,1.0,0.14285714285714285,0.33333333333333337,0.26968043647701023,0.19246861924686165,0.14327816821582406,0.512287334593573,0.0,0.0,0.0,0.0,0.0,0.0,0.0,0.0,0.0,0.0,0.0,0.0,1.0,0.0,0.0,0.0,0.0,1.0,0.0,0.0,0.0,0.0,0.0,0.0,0.0
7000,0.38271604938271603,1.0,1.0,0.0,0.22222222222222227,0.75,0.5496889184613623,0.02631578947368421,1.0,0.0,0.33333333333333337,0.26968043647701023,0.19246861924686165,0.14327816821582406,0.512287334593573,0.0,0.0,0.0,0.0,0.0,0.0,0.0,1.0,0.0,0.0,0.0,0.0,0.0,1.0,0.0,0.0,0.0,0.0,0.0,0.0,0.0,0.0,1.0,1.0,0.0
7001,0.14814814814814814,1.0,0.0,1.0,0.22222222222222227,0.75,0.44244933785391355,0.05263157894736842,1.0,0.0,0.33333333333333337,0.26968043647701023,0.19246861924686165,0.14327816821582406,0.512287334593573,0.0,1.0,0.0,0.0,0.0,0.0,0.0,0.0,0.0,0.0,0.0,0.0,0.0,1.0,0.0,0.0,0.0,0.0,0.0,0.0,0.0,0.0,1.0,1.0,0.0
7002,0.07407407407407407,1.0,0.0,0.0,0.22222222222222227,0.75,0.6452049071679414,0.05263157894736842,1.0,0.0,0.33333333333333337,0.26968043647701023,0.19246861924686165,0.14327816821582406,0.512287334593573,0.0,0.0,0.0,0.0,0.0,0.0,0.0,0.0,0.0,1.0,0.0,0.0,0.0,1.0,0.0,0.0,0.0,1.0,0.0,0.0,0.0,0.0,0.0,1.0,0.0
7003,0.1111111111111111,1.0,0.0,0.0,0.22222222222222227,0.75,0.5280214103388018,0.07894736842105263,1.0,0.0,0.33333333333333337,0.26968043647701023,0.19246861924686165,0.14327816821582406,0.512287334593573,0.0,1.0,0.0,0.0,0.0,0.0,0.0,0.0,0.0,0.0,0.0,0.0,0.0,1.0,0.0,0.0,1.0,0.0,0.0,0.0,0.0,0.0,1.0,1.0,0.0
7004,0.14814814814814814,0.0,0.0,1.0,0.22222222222222227,0.75,0.5306356323565045,0.05263157894736842,1.0,0.0,0.33333333333333337,0.26968043647701023,0.19246861924686165,0.14327816821582406,0.512287334593573,0.0,0.0,0.0,0.0,0.0,0.0,0.0,0.0,0.0,0.0,0.0,0.0,0.0,0.0,0.0,0.0,0.0,0.0,0.0,0.0,1.0,0.0,0.0,1.0,0.0
7005,0.2716049382716049,1.0,0.0,0.0,0.22222222222222227,0.75,0.6048403610725471,0.15789473684210525,1.0,0.0,0.33333333333333337,0.26968043647701023,0.19246861924686165,0.14327816821582406,0.512287334593573,0.0,1.0,0.0,0.0,0.0,0.0,0.0,0.0,0.0,0.0,0.0,0.0,0.0,0.0,0.0,0.0,1.0,0.0,0.0,0.0,0.0,0.0,0.0,1.0,0.0
7006,0.14814814814814814,0.0,0.0,0.0,0.22222222222222227,0.75,0.48737827287699675,0.07894736842105263,1.0,0.14285714285714285,0.33333333333333337,0.26968043647701023,0.19246861924686165,0.14327816821582406,0.512287334593573,0.0,0.0,0.0,0.0,0.0,0.0,0.0,0.0,0.0,1.0,0.0,0.0,0.0,1.0,0.0,0.0,0.0,1.0,0.0,0.0,0.0,0.0,0.0,0.0,0.0
7007,0.19753086419753085,0.0,1.0,1.0,0.22222222222222227,0.75,0.5571434124691511,0.05263157894736842,1.0,0.0,0.33333333333333337,0.26968043647701023,0.19246861924686165,0.14327816821582406,0.512287334593573,0.0,1.0,0.0,0.0,0.0,0.0,0.0,0.0,0.0,0.0,0.0,0.0,1.0,0.0,0.0,0.0,1.0,0.0,0.0,0.0,0.0,0.0,1.0,1.0,0.0
7008,0.3333333333333333,1.0,1.0,0.0,0.22222222222222227,0.75,0.6681879539642915,0.05263157894736842,1.0,0.0,0.33333333333333337,0.26968043647701023,0.19246861924686165,0.14327816821582406,0.512287334593573,0.0,0.0,0.0,0.0,0.0,0.0,0.0,0.0,0.0,1.0,0.0,0.0,1.0,0.0,0.0,0.0,0.0,0.0,0.0,1.0,0.0,0.0,0.0,1.0,0.0
7009,0.19753086419753085,0.0,1.0,0.0,0.22222222222222227,0.75,0.6102189047082401,0.15789473684210525,1.0,0.0,0.33333333333333337,0.26968043647701023,0.19246861924686165,0.14327816821582406,0.512287334593573,0.0,1.0,0.0,0.0,0.0,0.0,0.0,0.0,0.0,0.0,0.0,0.0,1.0,0.0,0.0,0.0,1.0,0.0,0.0,0.0,0.0,0.0,0.0,1.0,0.0
7010,0.13580246913580246,0.0,1.0,0.0,0.22222222222222227,0.75,0.7009201794617362,0.07894736842105263,1.0,0.0,0.33333333333333337,0.26968043647701023,0.19246861924686165,0.14327816821582406,0.512287334593573,0.0,0.0,0.0,0.0,0.0,0.0,0.0,0.0,0.0,0.0,0.0,0.0,1.0,0.0,0.0,0.0,0.0,1.0,0.0,0.0,0.0,0.0,0.0,1.0,0.0
7011,0.2345679012345679,1.0,1.0,0.0,0.22222222222222227,0.75,0.5581708002178327,0.02631578947368421,1.0,0.0,0.33333333333333337,0.26968043647701023,0.19246861924686165,0.14327816821582406,0.512287334593573,0.0,0.0,0.0,0.0,0.0,0.0,0.0,0.0,0.0,0.0,1.0,0.0,1.0,0.0,0.0,0.0,1.0,0.0,0.0,0.0,0.0,0.0,1.0,1.0,0.0
7012,0.13580246913580246,1.0,0.0,0.0,0.22222222222222227,0.75,0.6863788332730624,0.05263157894736842,1.0,0.0,0.33333333333333337,0.26968043647701023,0.19246861924686165,0.14327816821582406,0.512287334593573,0.0,1.0,0.0,0.0,0.0,0.0,0.0,0.0,0.0,0.0,0.0,0.0,1.0,0.0,0.0,0.0,1.0,0.0,0.0,0.0,0.0,0.0,0.0,1.0,0.0
7013,0.037037037037037035,1.0,0.0,0.0,0.22222222222222227,0.75,0.8013712334993324,0.05263157894736842,1.0,0.0,0.33333333333333337,0.26968043647701023,0.19246861924686165,0.14327816821582406,0.512287334593573,0.0,1.0,0.0,0.0,0.0,0.0,0.0,0.0,0.0,0.0,0.0,0.0,0.0,1.0,0.0,0.0,0.0,1.0,0.0,0.0,0.0,0.0,0.0,1.0,0.0
7014,0.16049382716049382,0.0,0.0,0.0,0.22222222222222227,0.75,0.7279573751736251,0.10526315789473684,1.0,0.0,0.33333333333333337,0.26968043647701023,0.19246861924686165,0.14327816821582406,0.512287334593573,0.0,0.0,0.0,0.0,0.0,0.0,0.0,0.0,1.0,0.0,0.0,0.0,0.0,1.0,0.0,0.0,0.0,0.0,0.0,0.0,0.0,1.0,0.0,1.0,0.0
7015,0.18518518518518517,1.0,0.0,0.0,0.22222222222222227,0.75,0.6306764053478436,0.13157894736842105,1.0,0.0,0.33333333333333337,0.26968043647701023,0.19246861924686165,0.14327816821582406,0.512287334593573,0.0,0.0,0.0,0.0,0.0,0.0,0.0,0.0,0.0,0.0,0.0,0.0,0.0,1.0,0.0,0.0,0.0,1.0,0.0,0.0,0.0,0.0,0.0,1.0,0.0
7016,0.20987654320987653,1.0,0.0,0.0,0.22222222222222227,0.75,0.6673822306124111,0.07894736842105263,1.0,0.0,0.33333333333333337,0.26968043647701023,0.19246861924686165,0.14327816821582406,0.512287334593573,0.0,0.0,0.0,0.0,0.0,0.0,0.0,0.0,0.0,1.0,0.0,0.0,0.0,1.0,0.0,0.0,0.0,0.0,0.0,1.0,0.0,0.0,0.0,1.0,0.0
7017,0.2222222222222222,1.0,1.0,0.0,0.22222222222222227,0.75,0.25847084160782274,0.21052631578947367,1.0,0.0,0.33333333333333337,0.26968043647701023,0.19246861924686165,0.14327816821582406,0.512287334593573,0.0,0.0,0.0,0.0,0.0,0.0,0.0,0.0,0.0,0.0,0.0,0.0,1.0,0.0,0.0,0.0,0.0,0.0,0.0,0.0,1.0,0.0,0.0,1.0,0.0
7018,0.19753086419753085,1.0,0.0,0.0,0.22222222222222227,0.75,0.5047088377203057,0.02631578947368421,1.0,0.0,0.33333333333333337,0.26968043647701023,0.19246861924686165,0.14327816821582406,0.512287334593573,0.0,0.0,0.0,0.0,0.0,0.0,0.0,0.0,0.0,0.0,0.0,0.0,0.0,1.0,0.0,1.0,0.0,0.0,0.0,0.0,0.0,0.0,1.0,1.0,0.0
7019,0.06172839506172839,1.0,1.0,1.0,0.22222222222222227,0.75,0.6996979850963346,0.05263157894736842,1.0,0.14285714285714285,0.33333333333333337,0.26968043647701023,0.19246861924686165,0.14327816821582406,0.512287334593573,0.0,0.0,0.0,0.0,0.0,0.0,0.0,0.0,1.0,0.0,0.0,0.0,0.0,1.0,0.0,0.0,0.0,1.0,0.0,0.0,0.0,0.0,0.0,0.0,0.0
7020,0.13580246913580246,0.0,1.0,0.0,0.22222222222222227,0.75,0.7615570998171917,0.07894736842105263,1.0,0.0,0.33333333333333337,0.26968043647701023,0.19246861924686165,0.14327816821582406,0.512287334593573,1.0,0.0,0.0,0.0,0.0,0.0,0.0,0.0,1.0,0.0,0.0,0.0,0.0,1.0,0.0,0.0,0.0,0.0,0.0,0.0,1.0,0.0,0.0,1.0,0.0
7021,0.4691358024691357,0.0,1.0,0.0,0.22222222222222227,1.0,0.5429003918915096,0.02631578947368421,1.0,0.0,0.33333333333333337,0.26968043647701023,0.19246861924686165,0.13965087281795513,0.512287334593573,0.0,1.0,0.0,0.0,0.0,0.0,0.0,0.0,0.0,0.0,0.0,0.0,1.0,0.0,0.0,0.0,0.0,0.0,0.0,1.0,0.0,0.0,0.0,1.0,0.0
7022,0.2222222222222222,1.0,0.0,0.0,0.22222222222222227,1.0,0.7667072344853819,0.05263157894736842,1.0,0.0,0.33333333333333337,0.26968043647701023,0.19246861924686165,0.13965087281795513,0.512287334593573,1.0,1.0,0.0,0.0,0.0,0.0,0.0,0.0,0.0,0.0,0.0,0.0,0.0,1.0,0.0,0.0,1.0,0.0,0.0,0.0,0.0,0.0,0.0,1.0,0.0
7023,0.18518518518518517,0.0,0.0,0.0,0.22222222222222227,1.0,0.5925226723355308,0.02631578947368421,1.0,0.0,0.33333333333333337,0.26968043647701023,0.19246861924686165,0.13965087281795513,0.512287334593573,1.0,0.0,0.0,0.0,0.0,0.0,0.0,0.0,0.0,1.0,0.0,0.0,0.0,1.0,0.0,0.0,0.0,0.0,0.0,1.0,0.0,0.0,0.0,1.0,0.0
7024,0.20987654320987653,1.0,1.0,0.0,0.22222222222222227,1.0,0.35240341381759965,0.15789473684210525,1.0,0.0,0.33333333333333337,0.26968043647701023,0.19246861924686165,0.13965087281795513,0.512287334593573,0.0,1.0,0.0,0.0,0.0,0.0,0.0,0.0,0.0,0.0,0.0,0.0,1.0,0.0,0.0,0.0,0.0,0.0,0.0,1.0,0.0,0.0,0.0,1.0,0.0
7025,0.08641975308641975,0.0,0.0,0.0,0.22222222222222227,1.0,0.5862473099208212,0.07894736842105263,1.0,0.14285714285714285,0.33333333333333337,0.26968043647701023,0.19246861924686165,0.13965087281795513,0.512287334593573,0.0,0.0,0.0,0.0,0.0,0.0,0.0,1.0,0.0,0.0,0.0,0.0,0.0,1.0,0.0,0.0,0.0,1.0,0.0,0.0,0.0,0.0,0.0,0.0,0.0
7026,0.3333333333333333,1.0,1.0,0.0,0.22222222222222227,1.0,0.5550613200712357,0.07894736842105263,1.0,0.0,0.33333333333333337,0.26968043647701023,0.19246861924686165,0.13965087281795513,0.512287334593573,0.0,0.0,0.0,0.0,0.0,0.0,0.0,0.0,0.0,0.0,0.0,0.0,1.0,0.0,0.0,0.0,0.0,1.0,0.0,0.0,0.0,0.0,0.0,1.0,0.0
7027,0.08641975308641975,0.5,0.5,1.0,0.22222222222222227,1.0,0.25847084160782274,0.13157894736842105,1.0,0.0,0.33333333333333337,0.26968043647701023,0.19246861924686165,0.13965087281795513,0.512287334593573,0.0,1.0,0.0,0.0,0.0,0.0,0.0,0.0,0.0,0.0,0.0,0.0,1.0,0.0,0.0,0.0,1.0,0.0,0.0,0.0,0.0,0.0,0.0,1.0,0.0
7028,0.14814814814814814,0.0,0.0,0.0,0.22222222222222227,1.0,0.7651329115897525,0.05263157894736842,1.0,0.0,0.33333333333333337,0.26968043647701023,0.19246861924686165,0.13965087281795513,0.512287334593573,1.0,1.0,0.0,0.0,0.0,0.0,0.0,0.0,0.0,0.0,0.0,0.0,0.0,0.0,0.0,0.0,0.0,0.0,0.0,0.0,0.0,0.0,0.0,1.0,0.0
7029,0.12345679012345678,1.0,0.0,0.0,0.22222222222222227,1.0,0.7656600303932715,0.07894736842105263,1.0,0.14285714285714285,0.33333333333333337,0.26968043647701023,0.19246861924686165,0.13965087281795513,0.512287334593573,1.0,0.0,0.0,0.0,0.0,0.0,0.0,0.0,0.0,0.0,0.0,0.0,1.0,0.0,0.0,0.0,0.0,0.0,0.0,0.0,1.0,0.0,0.0,0.0,0.0
7030,0.14814814814814814,1.0,0.0,0.0,0.22222222222222227,1.0,0.31856189022048026,0.07894736842105263,1.0,0.0,0.33333333333333337,0.26968043647701023,0.19246861924686165,0.13965087281795513,0.512287334593573,0.0,1.0,0.0,0.0,0.0,0.0,0.0,0.0,0.0,0.0,0.0,0.0,1.0,0.0,0.0,0.0,1.0,0.0,0.0,0.0,0.0,0.0,0.0,1.0,0.0
7031,0.1728395061728395,1.0,0.0,1.0,0.22222222222222227,1.0,0.6669772899389259,0.18421052631578946,1.0,0.0,0.33333333333333337,0.26968043647701023,0.19246861924686165,0.13965087281795513,0.512287334593573,0.0,0.0,0.0,0.0,0.0,0.0,0.0,0.0,0.0,0.0,0.0,0.0,0.0,1.0,0.0,0.0,0.0,1.0,0.0,0.0,0.0,0.0,0.0,1.0,0.0
7032,0.20987654320987653,1.0,0.0,0.0,0.22222222222222227,1.0,0.7630004939934287,0.02631578947368421,1.0,0.0,0.33333333333333337,0.26968043647701023,0.19246861924686165,0.13965087281795513,0.512287334593573,1.0,0.0,0.0,0.0,0.0,0.0,0.0,0.0,0.0,0.0,0.0,0.0,0.0,1.0,0.0,0.0,0.0,1.0,0.0,0.0,0.0,0.0,0.0,1.0,0.0
7033,0.16049382716049382,0.0,0.0,0.0,0.22222222222222227,1.0,0.6220860826741794,0.0,1.0,0.14285714285714285,0.33333333333333337,0.26968043647701023,0.19246861924686165,0.13965087281795513,0.512287334593573,0.0,0.0,0.0,0.0,0.0,0.0,0.0,0.0,0.0,0.0,0.0,0.0,0.0,1.0,0.0,0.0,0.0,0.0,0.0,0.0,1.0,0.0,0.0,0.0,0.0
7034,0.30864197530864196,0.0,0.0,0.0,0.22222222222222227,1.0,0.7426951682067213,0.0,1.0,0.14285714285714285,0.33333333333333337,0.26968043647701023,0.19246861924686165,0.13965087281795513,0.512287334593573,1.0,0.0,0.0,0.0,0.0,0.0,0.0,1.0,0.0,0.0,0.0,0.0,1.0,0.0,0.0,0.0,0.0,1.0,0.0,0.0,0.0,0.0,0.0,0.0,0.0
7035,0.2222222222222222,0.0,0.0,0.0,0.22222222222222227,1.0,0.7077115468084515,0.0,1.0,0.14285714285714285,0.33333333333333337,0.26968043647701023,0.19246861924686165,0.13965087281795513,0.512287334593573,1.0,1.0,0.0,0.0,0.0,0.0,0.0,0.0,0.0,0.0,0.0,0.0,0.0,0.0,0.0,0.0,1.0,0.0,0.0,0.0,0.0,0.0,0.0,0.0,0.0
7036,0.16049382716049382,0.0,0.0,0.0,0.22222222222222227,1.0,0.49636241965296135,0.0,1.0,0.14285714285714285,0.33333333333333337,0.26968043647701023,0.19246861924686165,0.13965087281795513,0.512287334593573,0.0,0.0,0.0,0.0,1.0,0.0,0.0,0.0,0.0,0.0,0.0,0.0,1.0,0.0,0.0,0.0,0.0,0.0,0.0,0.0,1.0,0.0,0.0,0.0,0.0
7037,0.06172839506172839,0.0,0.0,0.0,0.22222222222222227,1.0,0.6996979850963346,0.0,1.0,0.0,0.33333333333333337,0.26968043647701023,0.19246861924686165,0.13965087281795513,0.512287334593573,1.0,0.0,0.0,0.0,0.0,0.0,0.0,0.0,0.0,1.0,0.0,0.0,0.0,1.0,0.0,0.0,0.0,0.0,0.0,0.0,1.0,0.0,0.0,1.0,0.0
7038,0.3209876543209876,1.0,0.0,0.0,0.22222222222222227,1.0,0.6755790384927881,0.0,1.0,0.14285714285714285,0.33333333333333337,0.26968043647701023,0.19246861924686165,0.13965087281795513,0.512287334593573,1.0,0.0,1.0,0.0,0.0,0.0,0.0,0.0,0.0,0.0,0.0,0.0,1.0,0.0,0.0,0.0,0.0,0.0,0.0,1.0,0.0,0.0,0.0,0.0,0.0
7039,0.14814814814814814,0.0,0.0,0.0,0.22222222222222227,1.0,0.7804660868325237,0.0,1.0,0.0,0.33333333333333337,0.26968043647701023,0.19246861924686165,0.13965087281795513,0.512287334593573,1.0,1.0,0.0,0.0,0.0,0.0,0.0,0.0,0.0,0.0,0.0,0.0,0.0,0.0,0.0,0.0,0.0,1.0,0.0,0.0,0.0,0.0,0.0,1.0,0.0
7040,0.2716049382716049,1.0,0.0,0.0,0.22222222222222227,1.0,0.3636152410663567,0.18421052631578946,1.0,0.14285714285714285,0.33333333333333337,0.26968043647701023,0.19246861924686165,0.13965087281795513,0.512287334593573,0.0,0.0,0.0,0.0,0.0,0.0,0.0,0.0,0.0,1.0,0.0,0.0,0.0,0.0,0.0,0.0,0.0,1.0,0.0,0.0,0.0,0.0,0.0,0.0,0.0
7041,0.12345679012345678,0.0,1.0,1.0,0.22222222222222227,1.0,0.5870502833422594,0.07894736842105263,1.0,0.0,0.33333333333333337,0.26968043647701023,0.19246861924686165,0.13965087281795513,0.512287334593573,0.0,1.0,0.0,0.0,0.0,0.0,0.0,0.0,0.0,0.0,0.0,0.0,0.0,1.0,0.0,1.0,0.0,0.0,0.0,0.0,0.0,0.0,0.0,1.0,0.0
7042,0.14814814814814814,1.0,0.0,0.0,0.22222222222222227,1.0,0.8565468909945467,0.0,1.0,0.0,0.33333333333333337,0.26968043647701023,0.19246861924686165,0.13965087281795513,0.512287334593573,0.0,1.0,0.0,0.0,0.0,0.0,0.0,0.0,0.0,0.0,0.0,0.0,0.0,0.0,0.0,0.0,0.0,1.0,0.0,0.0,0.0,0.0,0.0,1.0,0.0
7043,0.29629629629629634,1.0,0.0,0.0,0.22222222222222227,1.0,0.6778197757555917,0.0,1.0,0.0,0.33333333333333337,0.26968043647701023,0.19246861924686165,0.13965087281795513,0.512287334593573,0.0,0.0,1.0,0.0,0.0,0.0,0.0,0.0,0.0,0.0,0.0,0.0,0.0,0.0,0.0,0.0,0.0,0.0,0.0,0.0,0.0,1.0,0.0,1.0,0.0
7044,0.14814814814814814,0.0,0.0,0.0,0.22222222222222227,1.0,0.49636241965296135,0.07894736842105263,1.0,0.14285714285714285,0.33333333333333337,0.26968043647701023,0.19246861924686165,0.13965087281795513,0.512287334593573,0.0,1.0,0.0,0.0,0.0,0.0,0.0,0.0,0.0,0.0,0.0,0.0,0.0,0.0,0.0,0.0,0.0,0.0,0.0,0.0,0.0,1.0,1.0,0.0,0.0
7045,0.20987654320987653,0.0,0.0,0.0,0.22222222222222227,1.0,0.645692009932198,0.0,1.0,0.14285714285714285,0.33333333333333337,0.26968043647701023,0.19246861924686165,0.13965087281795513,0.512287334593573,0.0,1.0,0.0,0.0,0.0,0.0,0.0,0.0,0.0,0.0,0.0,0.0,1.0,0.0,0.0,0.0,1.0,0.0,0.0,0.0,0.0,0.0,0.0,0.0,0.0
7046,0.5185185185185184,0.0,0.0,0.0,0.22222222222222227,1.0,0.4796617267459457,0.0,1.0,0.14285714285714285,0.33333333333333337,0.26968043647701023,0.19246861924686165,0.13965087281795513,0.512287334593573,0.0,0.0,0.0,0.0,0.0,0.0,0.0,0.0,0.0,0.0,0.0,0.0,0.0,0.0,0.0,0.0,0.0,0.0,0.0,0.0,1.0,0.0,0.0,0.0,0.0
7047,0.09876543209876543,1.0,0.0,0.0,0.22222222222222227,1.0,0.49105467050389934,0.02631578947368421,1.0,0.0,0.33333333333333337,0.26968043647701023,0.19246861924686165,0.13965087281795513,0.512287334593573,0.0,1.0,0.0,0.0,0.0,0.0,0.0,0.0,0.0,0.0,0.0,0.0,0.0,1.0,0.0,0.0,0.0,0.0,0.0,0.0,0.0,0.0,0.0,1.0,0.0
7048,0.20987654320987653,1.0,0.0,0.0,0.22222222222222227,1.0,0.8331566596933354,0.02631578947368421,1.0,0.0,0.33333333333333337,0.26968043647701023,0.19246861924686165,0.13965087281795513,0.512287334593573,1.0,0.0,0.0,0.0,0.0,0.0,0.0,0.0,0.0,1.0,0.0,0.0,0.0,0.0,0.0,0.0,0.0,0.0,0.0,1.0,0.0,0.0,0.0,1.0,0.0
7049,0.5185185185185184,1.0,0.0,0.0,0.22222222222222227,1.0,0.8002007248419913,0.0,1.0,0.0,0.33333333333333337,0.26968043647701023,0.19246861924686165,0.13965087281795513,0.512287334593573,1.0,0.0,0.0,0.0,0.0,0.0,0.0,0.0,0.0,0.0,0.0,0.0,0.0,0.0,0.0,0.0,0.0,0.0,0.0,0.0,1.0,0.0,0.0,1.0,0.0
7050,0.12345679012345678,1.0,0.0,0.0,0.22222222222222227,1.0,0.664102989715846,0.07894736842105263,1.0,0.14285714285714285,0.33333333333333337,0.26968043647701023,0.19246861924686165,0.13965087281795513,0.512287334593573,0.0,0.0,0.0,0.0,0.0,0.0,0.0,0.0,0.0,1.0,0.0,0.0,0.0,1.0,0.0,0.0,0.0,0.0,0.0,1.0,0.0,0.0,0.0,0.0,0.0
7051,0.4444444444444445,0.0,0.0,0.0,0.22222222222222227,1.0,0.5440593682563573,0.0,1.0,0.14285714285714285,0.33333333333333337,0.26968043647701023,0.19246861924686165,0.13965087281795513,0.512287334593573,0.0,0.0,0.0,0.0,0.0,0.0,0.0,1.0,0.0,0.0,0.0,0.0,1.0,0.0,0.0,1.0,0.0,0.0,0.0,0.0,0.0,0.0,0.0,0.0,0.0
7052,0.4691358024691357,1.0,0.0,0.0,0.22222222222222227,1.0,0.5125020940917573,0.0,1.0,0.14285714285714285,0.33333333333333337,0.26968043647701023,0.19246861924686165,0.13965087281795513,0.512287334593573,0.0,1.0,0.0,0.0,0.0,0.0,0.0,0.0,0.0,0.0,0.0,0.0,1.0,0.0,0.0,0.0,0.0,0.0,0.0,1.0,0.0,0.0,0.0,0.0,0.0
7053,0.13580246913580246,1.0,0.0,1.0,0.22222222222222227,1.0,0.25847084160782274,0.21052631578947367,1.0,0.0,0.33333333333333337,0.26968043647701023,0.19246861924686165,0.13965087281795513,0.512287334593573,0.0,0.0,0.0,0.0,0.0,0.0,0.0,0.0,0.0,1.0,0.0,0.0,0.0,1.0,0.0,0.0,0.0,0.0,0.0,1.0,0.0,0.0,0.0,1.0,0.0
7054,0.24691358024691357,1.0,0.0,0.0,0.22222222222222227,1.0,0.6811028302176989,0.10526315789473684,1.0,0.2857142857142857,0.33333333333333337,0.26968043647701023,0.19246861924686165,0.13965087281795513,0.512287334593573,1.0,0.0,0.0,0.0,0.0,0.0,0.0,0.0,0.0,0.0,0.0,0.0,0.0,1.0,0.0,0.0,0.0,1.0,0.0,0.0,0.0,0.0,0.0,0.0,0.0
7055,0.3333333333333333,1.0,0.0,0.0,0.22222222222222227,1.0,0.5909849360662706,0.0,1.0,0.14285714285714285,0.33333333333333337,0.26968043647701023,0.19246861924686165,0.13965087281795513,0.512287334593573,0.0,0.0,0.0,0.0,0.0,0.0,1.0,0.0,0.0,0.0,0.0,0.0,1.0,0.0,0.0,0.0,0.0,0.0,0.0,0.0,1.0,0.0,0.0,0.0,0.0
7056,0.5061728395061729,0.0,0.0,0.0,0.22222222222222227,1.0,0.8004618462577239,0.0,1.0,0.0,0.33333333333333337,0.26968043647701023,0.19246861924686165,0.13965087281795513,0.512287334593573,1.0,0.0,0.0,0.0,0.0,0.0,0.0,0.0,0.0,0.0,0.0,0.0,1.0,0.0,0.0,0.0,0.0,0.0,0.0,0.0,0.0,0.0,1.0,1.0,0.0
7057,0.09876543209876543,1.0,0.0,0.0,0.22222222222222227,1.0,0.506309340633733,0.02631578947368421,1.0,0.0,0.33333333333333337,0.26968043647701023,0.19246861924686165,0.13965087281795513,0.512287334593573,0.0,1.0,0.0,0.0,0.0,0.0,0.0,0.0,0.0,0.0,0.0,0.0,0.0,1.0,0.0,0.0,1.0,0.0,0.0,0.0,0.0,0.0,0.0,1.0,0.0
7058,0.4691358024691357,0.0,1.0,0.0,0.22222222222222227,1.0,0.5266921854673875,0.0,1.0,0.0,0.33333333333333337,0.26968043647701023,0.19246861924686165,0.13965087281795513,0.512287334593573,0.0,0.0,0.0,0.0,1.0,0.0,0.0,0.0,0.0,0.0,0.0,0.0,1.0,0.0,0.0,1.0,0.0,0.0,0.0,0.0,0.0,0.0,1.0,1.0,0.0
7059,0.2716049382716049,1.0,0.0,0.0,0.22222222222222227,1.0,0.7779664411331088,0.0,1.0,0.0,0.33333333333333337,0.26968043647701023,0.19246861924686165,0.13965087281795513,0.512287334593573,1.0,0.0,0.0,0.0,0.0,0.0,1.0,0.0,0.0,0.0,0.0,0.0,1.0,0.0,0.0,0.0,1.0,0.0,0.0,0.0,0.0,0.0,0.0,1.0,0.0
7060,0.16049382716049382,1.0,1.0,0.0,0.22222222222222227,1.0,0.7277155762200722,0.0,1.0,0.0,0.33333333333333337,0.26968043647701023,0.19246861924686165,0.13965087281795513,0.512287334593573,1.0,0.0,1.0,0.0,0.0,0.0,0.0,0.0,0.0,0.0,0.0,0.0,1.0,0.0,0.0,0.0,0.0,1.0,0.0,0.0,0.0,0.0,0.0,1.0,0.0
7061,0.1728395061728395,0.0,0.0,0.0,0.22222222222222227,1.0,0.664102989715846,0.02631578947368421,1.0,0.0,0.33333333333333337,0.26968043647701023,0.19246861924686165,0.13965087281795513,0.512287334593573,0.0,1.0,0.0,0.0,0.0,0.0,0.0,0.0,0.0,0.0,0.0,0.0,1.0,0.0,0.0,0.0,1.0,0.0,0.0,0.0,0.0,0.0,0.0,1.0,0.0
7062,0.13580246913580246,0.0,0.0,0.0,0.22222222222222227,1.0,0.7009201794617362,0.0,1.0,0.0,0.33333333333333337,0.26968043647701023,0.19246861924686165,0.13965087281795513,0.512287334593573,0.0,0.0,0.0,0.0,0.0,0.0,1.0,0.0,0.0,0.0,0.0,0.0,0.0,1.0,0.0,0.0,0.0,0.0,0.0,0.0,1.0,0.0,0.0,1.0,0.0
7063,0.18518518518518517,0.5,0.5,0.0,0.22222222222222227,1.0,0.7097029995592844,0.0,1.0,0.0,0.33333333333333337,0.26968043647701023,0.19246861924686165,0.13965087281795513,0.512287334593573,1.0,0.0,1.0,0.0,0.0,0.0,0.0,0.0,0.0,0.0,0.0,0.0,1.0,0.0,0.0,0.0,0.0,0.0,0.0,0.0,1.0,0.0,0.0,1.0,0.0
7064,0.16049382716049382,1.0,0.0,0.0,0.22222222222222227,1.0,0.7597275893881983,0.0,1.0,0.0,0.33333333333333337,0.26968043647701023,0.19246861924686165,0.13965087281795513,0.512287334593573,1.0,0.0,0.0,0.0,1.0,0.0,0.0,0.0,0.0,0.0,0.0,0.0,0.0,1.0,0.0,0.0,0.0,0.0,0.0,0.0,1.0,0.0,0.0,1.0,0.0
7065,0.2716049382716049,0.0,0.0,0.0,0.22222222222222227,1.0,0.6717469358140523,0.0,1.0,0.14285714285714285,0.33333333333333337,0.26968043647701023,0.19246861924686165,0.13965087281795513,0.512287334593573,0.0,0.0,0.0,0.0,0.0,0.0,0.0,0.0,0.0,0.0,0.0,0.0,1.0,0.0,0.0,0.0,0.0,0.0,0.0,0.0,1.0,0.0,0.0,0.0,0.0
7066,0.07407407407407407,1.0,0.0,0.0,0.22222222222222227,1.0,0.7365715102863578,0.02631578947368421,1.0,0.0,0.33333333333333337,0.26968043647701023,0.19246861924686165,0.13965087281795513,0.512287334593573,1.0,1.0,0.0,0.0,0.0,0.0,0.0,0.0,0.0,0.0,0.0,0.0,0.0,1.0,0.0,0.0,0.0,0.0,0.0,0.0,0.0,0.0,0.0,1.0,0.0
7067,0.38271604938271603,0.0,1.0,0.0,0.22222222222222227,1.0,0.4756049402686357,0.0,1.0,0.14285714285714285,0.33333333333333337,0.26968043647701023,0.19246861924686165,0.13965087281795513,0.512287334593573,0.0,1.0,0.0,0.0,0.0,0.0,0.0,0.0,0.0,0.0,0.0,0.0,1.0,0.0,0.0,0.0,1.0,0.0,0.0,0.0,0.0,0.0,0.0,0.0,0.0
7068,0.38271604938271603,0.0,0.0,0.0,0.22222222222222227,1.0,0.6755790384927881,0.0,1.0,0.0,0.33333333333333337,0.26968043647701023,0.19246861924686165,0.13965087281795513,0.512287334593573,0.0,1.0,0.0,0.0,0.0,0.0,0.0,0.0,0.0,0.0,0.0,0.0,1.0,0.0,0.0,0.0,1.0,0.0,0.0,0.0,0.0,0.0,0.0,1.0,0.0
7069,0.5061728395061729,1.0,1.0,0.0,0.22222222222222227,1.0,0.6527663947522088,0.0,1.0,0.0,0.33333333333333337,0.26968043647701023,0.19246861924686165,0.13965087281795513,0.512287334593573,0.0,0.0,0.0,0.0,1.0,0.0,0.0,0.0,0.0,0.0,0.0,0.0,1.0,0.0,0.0,0.0,0.0,0.0,0.0,0.0,1.0,0.0,0.0,1.0,0.0
7070,0.20987654320987653,1.0,0.0,0.0,0.22222222222222227,1.0,0.6653434421536871,0.10526315789473684,1.0,0.0,0.33333333333333337,0.26968043647701023,0.19246861924686165,0.13965087281795513,0.512287334593573,1.0,1.0,0.0,0.0,0.0,0.0,0.0,0.0,0.0,0.0,0.0,0.0,1.0,0.0,0.0,0.0,0.0,0.0,0.0,0.0,0.0,0.0,1.0,1.0,0.0
7071,0.09876543209876543,1.0,0.0,0.0,0.22222222222222227,1.0,0.5529417104829256,0.10526315789473684,1.0,0.0,0.33333333333333337,0.26968043647701023,0.19246861924686165,0.13965087281795513,0.512287334593573,0.0,1.0,0.0,0.0,0.0,0.0,0.0,0.0,0.0,0.0,0.0,0.0,0.0,1.0,0.0,1.0,0.0,0.0,0.0,0.0,0.0,0.0,1.0,1.0,0.0
7072,0.08641975308641975,1.0,0.0,0.0,0.22222222222222227,1.0,0.5529417104829256,0.26315789473684215,1.0,0.0,0.33333333333333337,0.26968043647701023,0.19246861924686165,0.13965087281795513,0.512287334593573,0.0,0.0,0.0,0.0,0.0,0.0,0.0,0.0,0.0,1.0,0.0,0.0,0.0,1.0,0.0,0.0,1.0,0.0,0.0,0.0,0.0,0.0,0.0,1.0,0.0
7073,0.19753086419753085,1.0,0.0,0.0,0.22222222222222227,1.0,0.775734813105844,0.10526315789473684,1.0,0.0,0.33333333333333337,0.26968043647701023,0.19246861924686165,0.13965087281795513,0.512287334593573,1.0,1.0,0.0,0.0,0.0,0.0,0.0,0.0,0.0,0.0,0.0,0.0,1.0,0.0,0.0,0.0,1.0,0.0,0.0,0.0,0.0,0.0,1.0,1.0,0.0
7074,0.29629629629629634,0.0,0.0,0.0,0.22222222222222227,1.0,0.7394543255121515,0.02631578947368421,1.0,0.0,0.33333333333333337,0.26968043647701023,0.19246861924686165,0.13965087281795513,0.512287334593573,1.0,0.0,1.0,0.0,0.0,0.0,0.0,0.0,0.0,0.0,0.0,0.0,0.0,0.0,0.0,0.0,0.0,0.0,0.0,0.0,0.0,1.0,0.0,1.0,0.0
7075,0.14814814814814814,1.0,0.0,0.0,0.22222222222222227,1.0,0.7853114626147606,0.02631578947368421,1.0,0.14285714285714285,0.33333333333333337,0.26968043647701023,0.19246861924686165,0.13965087281795513,0.512287334593573,1.0,0.0,0.0,0.0,0.0,0.0,0.0,0.0,0.0,0.0,0.0,0.0,0.0,1.0,0.0,0.0,0.0,1.0,0.0,0.0,0.0,0.0,0.0,0.0,0.0
7076,0.2345679012345679,0.5,0.5,0.0,0.22222222222222227,1.0,0.7116612993527112,0.0,1.0,0.0,0.33333333333333337,0.26968043647701023,0.19246861924686165,0.13965087281795513,0.512287334593573,0.0,0.0,0.0,0.0,1.0,0.0,0.0,0.0,0.0,0.0,0.0,0.0,0.0,0.0,0.0,0.0,0.0,0.0,0.0,0.0,1.0,0.0,0.0,1.0,0.0
7077,0.08641975308641975,0.0,0.0,0.0,0.22222222222222227,1.0,0.7479057254249325,0.07894736842105263,1.0,0.14285714285714285,0.33333333333333337,0.26968043647701023,0.19246861924686165,0.13965087281795513,0.512287334593573,1.0,0.0,0.0,0.0,0.0,0.0,0.0,1.0,0.0,0.0,0.0,0.0,0.0,1.0,0.0,0.0,0.0,1.0,0.0,0.0,0.0,0.0,0.0,0.0,0.0
7078,0.19753086419753085,1.0,0.0,0.0,0.22222222222222227,1.0,0.7654845864390724,0.0,1.0,0.14285714285714285,0.33333333333333337,0.26968043647701023,0.19246861924686165,0.13965087281795513,0.512287334593573,1.0,1.0,0.0,0.0,0.0,0.0,0.0,0.0,0.0,0.0,0.0,0.0,1.0,0.0,0.0,0.0,0.0,0.0,0.0,1.0,0.0,0.0,0.0,0.0,0.0
7079,0.4444444444444445,0.0,0.0,0.0,0.22222222222222227,1.0,0.7204780462382567,0.0,1.0,0.0,0.33333333333333337,0.26968043647701023,0.19246861924686165,0.13965087281795513,0.512287334593573,0.0,0.0,0.0,0.0,0.0,0.0,0.0,0.0,0.0,0.0,0.0,0.0,1.0,0.0,0.0,0.0,0.0,1.0,0.0,0.0,0.0,0.0,0.0,1.0,0.0
7080,0.1111111111111111,0.0,1.0,0.0,0.22222222222222227,1.0,0.7667072344853819,0.05263157894736842,1.0,0.0,0.33333333333333337,0.26968043647701023,0.19246861924686165,0.13965087281795513,0.512287334593573,0.0,0.0,0.0,0.0,0.0,0.0,0.0,1.0,0.0,0.0,0.0,0.0,1.0,0.0,0.0,0.0,0.0,1.0,0.0,0.0,0.0,0.0,0.0,1.0,0.0
7081,0.18518518518518517,1.0,1.0,0.0,0.22222222222222227,1.0,0.7696246670779038,0.10526315789473684,1.0,0.14285714285714285,0.33333333333333337,0.26968043647701023,0.19246861924686165,0.13965087281795513,0.512287334593573,1.0,0.0,0.0,0.0,0.0,0.0,0.0,0.0,0.0,1.0,0.0,0.0,0.0,1.0,0.0,0.0,0.0,0.0,0.0,0.0,1.0,0.0,0.0,0.0,0.0
7082,0.2345679012345679,1.0,0.0,0.0,0.22222222222222227,1.0,0.6504552172780276,0.0,1.0,0.0,0.33333333333333337,0.26968043647701023,0.19246861924686165,0.13965087281795513,0.512287334593573,0.0,0.0,1.0,0.0,0.0,0.0,0.0,0.0,0.0,0.0,0.0,0.0,1.0,0.0,0.0,0.0,1.0,0.0,0.0,0.0,0.0,0.0,0.0,1.0,0.0
7083,0.16049382716049382,0.0,0.0,0.0,0.22222222222222227,1.0,0.8144620886520861,0.0,1.0,0.0,0.33333333333333337,0.26968043647701023,0.19246861924686165,0.13965087281795513,0.512287334593573,1.0,0.0,0.0,0.0,0.0,0.0,0.0,0.0,0.0,1.0,0.0,0.0,0.0,1.0,0.0,0.0,0.0,0.0,0.0,1.0,0.0,0.0,0.0,1.0,0.0
7084,0.3209876543209876,1.0,0.0,0.0,0.22222222222222227,1.0,0.7644263920516169,0.0,1.0,0.0,0.33333333333333337,0.26968043647701023,0.19246861924686165,0.13965087281795513,0.512287334593573,1.0,0.0,0.0,0.0,1.0,0.0,0.0,0.0,0.0,0.0,0.0,0.0,1.0,0.0,0.0,0.0,0.0,0.0,0.0,0.0,1.0,0.0,0.0,1.0,0.0
7085,0.3333333333333333,1.0,0.0,0.0,0.22222222222222227,1.0,0.6295666315558228,0.02631578947368421,1.0,0.0,0.33333333333333337,0.26968043647701023,0.19246861924686165,0.13965087281795513,0.512287334593573,0.0,0.0,1.0,0.0,0.0,0.0,0.0,0.0,0.0,0.0,0.0,0.0,0.0,1.0,0.0,0.0,0.0,0.0,0.0,0.0,1.0,0.0,0.0,1.0,0.0
7086,0.4567901234567901,1.0,0.0,0.0,0.22222222222222227,1.0,0.5761581170225034,0.0,1.0,0.0,0.33333333333333337,0.26968043647701023,0.19246861924686165,0.13965087281795513,0.512287334593573,0.0,0.0,0.0,0.0,0.0,1.0,0.0,0.0,0.0,0.0,0.0,0.0,0.0,0.0,0.0,0.0,0.0,0.0,0.0,0.0,1.0,0.0,0.0,1.0,0.0
7087,0.38271604938271603,0.0,0.0,0.0,0.22222222222222227,1.0,0.3463695194647243,0.18421052631578946,1.0,0.0,0.33333333333333337,0.26968043647701023,0.19246861924686165,0.13965087281795513,0.512287334593573,0.0,0.0,0.0,0.0,0.0,0.0,0.0,1.0,0.0,0.0,0.0,0.0,1.0,0.0,0.0,0.0,1.0,0.0,0.0,0.0,0.0,0.0,1.0,1.0,0.0
7088,0.24691358024691357,1.0,0.0,0.0,0.22222222222222227,1.0,0.5183850773918827,0.02631578947368421,1.0,0.14285714285714285,0.33333333333333337,0.26968043647701023,0.19246861924686165,0.13965087281795513,0.512287334593573,0.0,0.0,0.0,0.0,0.0,0.0,0.0,1.0,0.0,0.0,0.0,0.0,1.0,0.0,0.0,0.0,0.0,1.0,0.0,0.0,0.0,0.0,0.0,0.0,0.0
7089,0.14814814814814814,1.0,1.0,0.0,0.22222222222222227,1.0,0.7154827307247326,0.05263157894736842,1.0,0.0,0.33333333333333337,0.26968043647701023,0.19246861924686165,0.13965087281795513,0.512287334593573,1.0,0.0,0.0,0.0,0.0,0.0,0.0,0.0,0.0,1.0,0.0,0.0,0.0,1.0,0.0,0.0,0.0,0.0,0.0,0.0,1.0,0.0,0.0,1.0,0.0
7090,0.20987654320987653,1.0,1.0,0.0,0.22222222222222227,1.0,0.7450162957887101,0.02631578947368421,1.0,0.0,0.33333333333333337,0.26968043647701023,0.19246861924686165,0.13965087281795513,0.512287334593573,1.0,0.0,0.0,0.0,0.0,0.0,0.0,1.0,0.0,0.0,0.0,0.0,0.0,0.0,0.0,0.0,0.0,1.0,0.0,0.0,0.0,0.0,0.0,1.0,0.0
7091,0.2716049382716049,1.0,0.0,0.0,0.22222222222222227,1.0,0.7995453741248091,0.02631578947368421,1.0,0.14285714285714285,0.33333333333333337,0.26968043647701023,0.19246861924686165,0.13965087281795513,0.512287334593573,0.0,0.0,0.0,0.0,0.0,0.0,0.0,0.0,0.0,0.0,0.0,0.0,1.0,0.0,0.0,0.0,0.0,0.0,0.0,0.0,1.0,0.0,0.0,0.0,0.0
7092,0.2222222222222222,0.0,0.0,0.0,0.22222222222222227,1.0,0.7497264261648069,0.0,1.0,0.0,0.33333333333333337,0.26968043647701023,0.19246861924686165,0.13965087281795513,0.512287334593573,1.0,0.0,0.0,0.0,0.0,0.0,0.0,0.0,0.0,0.0,0.0,0.0,1.0,0.0,0.0,0.0,0.0,1.0,0.0,0.0,0.0,0.0,1.0,1.0,0.0
7093,0.07407407407407407,0.0,0.0,0.0,0.22222222222222227,1.0,0.7454334421459997,0.05263157894736842,1.0,0.0,0.33333333333333337,0.26968043647701023,0.19246861924686165,0.13965087281795513,0.512287334593573,0.0,0.0,0.0,0.0,0.0,0.0,0.0,0.0,0.0,0.0,0.0,0.0,0.0,1.0,0.0,0.0,0.0,0.0,0.0,1.0,0.0,0.0,0.0,1.0,0.0
7094,0.09876543209876543,0.0,0.0,0.0,0.22222222222222227,1.0,0.6048403610725471,0.02631578947368421,1.0,0.0,0.33333333333333337,0.26968043647701023,0.19246861924686165,0.13965087281795513,0.512287334593573,0.0,1.0,0.0,0.0,0.0,0.0,0.0,0.0,0.0,0.0,0.0,0.0,0.0,1.0,0.0,0.0,1.0,0.0,0.0,0.0,0.0,0.0,0.0,1.0,0.0
7095,0.13580246913580246,1.0,0.0,0.0,0.22222222222222227,1.0,0.5631773068220264,0.07894736842105263,1.0,0.14285714285714285,0.33333333333333337,0.26968043647701023,0.19246861924686165,0.13965087281795513,0.512287334593573,0.0,0.0,0.0,0.0,0.0,0.0,0.0,0.0,0.0,0.0,0.0,0.0,0.0,1.0,0.0,0.0,0.0,0.0,0.0,0.0,1.0,0.0,0.0,0.0,0.0
7096,0.2345679012345679,1.0,1.0,0.0,0.22222222222222227,1.0,0.7637156034873523,0.0,1.0,0.0,0.33333333333333337,0.26968043647701023,0.19246861924686165,0.13965087281795513,0.512287334593573,1.0,0.0,0.0,0.0,0.0,0.0,0.0,0.0,0.0,1.0,0.0,0.0,1.0,0.0,0.0,0.0,0.0,1.0,0.0,0.0,0.0,0.0,0.0,1.0,0.0
7097,0.39506172839506176,0.0,0.0,0.0,0.22222222222222227,1.0,0.7385748062786976,0.05263157894736842,1.0,0.0,0.33333333333333337,0.26968043647701023,0.19246861924686165,0.13965087281795513,0.512287334593573,1.0,0.0,0.0,0.0,0.0,0.0,1.0,0.0,0.0,0.0,0.0,0.0,1.0,0.0,0.0,0.0,0.0,1.0,0.0,0.0,0.0,0.0,0.0,1.0,0.0
7098,0.2716049382716049,1.0,0.0,0.0,0.22222222222222227,1.0,0.7918043204387807,0.0,1.0,0.0,0.33333333333333337,0.26968043647701023,0.19246861924686165,0.13965087281795513,0.512287334593573,1.0,0.0,0.0,0.0,1.0,0.0,0.0,0.0,0.0,0.0,0.0,0.0,1.0,0.0,0.0,0.0,0.0,0.0,0.0,0.0,1.0,0.0,0.0,1.0,0.0
7099,0.24691358024691357,0.0,0.0,0.0,0.22222222222222227,1.0,0.6391967001499177,0.02631578947368421,1.0,0.0,0.33333333333333337,0.26968043647701023,0.19246861924686165,0.13965087281795513,0.512287334593573,0.0,0.0,0.0,0.0,0.0,0.0,0.0,1.0,0.0,0.0,0.0,0.0,1.0,0.0,0.0,0.0,0.0,1.0,0.0,0.0,0.0,0.0,0.0,1.0,0.0
7100,0.2222222222222222,1.0,0.0,0.0,0.22222222222222227,1.0,0.7911003377902787,0.0,1.0,0.14285714285714285,0.33333333333333337,0.26968043647701023,0.19246861924686165,0.13965087281795513,0.512287334593573,1.0,1.0,0.0,0.0,0.0,0.0,0.0,0.0,0.0,0.0,0.0,0.0,1.0,0.0,0.0,1.0,0.0,0.0,0.0,0.0,0.0,0.0,0.0,0.0,0.0
7101,0.1728395061728395,1.0,0.0,0.0,0.22222222222222227,1.0,0.6244388640920251,0.05263157894736842,0.01001001001001001,0.14285714285714285,0.33333333333333337,0.26968043647701023,0.19246861924686165,0.13965087281795513,0.512287334593573,0.0,0.0,0.0,0.0,0.0,0.0,0.0,0.0,0.0,0.0,1.0,0.0,1.0,0.0,0.0,0.0,1.0,0.0,0.0,0.0,0.0,0.0,0.0,0.0,1.0
7102,0.24691358024691357,1.0,0.0,0.0,0.22222222222222227,1.0,0.7672273612700455,0.0,1.0,0.14285714285714285,0.33333333333333337,0.26968043647701023,0.19246861924686165,0.13965087281795513,0.512287334593573,1.0,0.0,0.0,0.0,0.0,0.0,0.0,1.0,0.0,0.0,0.0,0.0,1.0,0.0,0.0,1.0,0.0,0.0,0.0,0.0,0.0,0.0,1.0,0.0,0.0
7103,0.4938271604938272,0.0,0.0,0.0,0.22222222222222227,1.0,0.623268355434684,0.02631578947368421,1.0,0.0,0.33333333333333337,0.26968043647701023,0.19246861924686165,0.13965087281795513,0.512287334593573,0.0,1.0,0.0,0.0,0.0,0.0,0.0,0.0,0.0,0.0,0.0,0.0,1.0,0.0,0.0,0.0,1.0,0.0,0.0,0.0,0.0,0.0,0.0,1.0,0.0
7104,0.4567901234567901,0.0,1.0,0.0,0.22222222222222227,1.0,0.5813108450867737,0.02631578947368421,1.0,0.0,0.33333333333333337,0.26968043647701023,0.19246861924686165,0.13965087281795513,0.512287334593573,0.0,1.0,0.0,0.0,0.0,0.0,0.0,0.0,0.0,0.0,0.0,0.0,1.0,0.0,0.0,0.0,0.0,0.0,0.0,0.0,0.0,0.0,0.0,1.0,0.0
7105,0.14814814814814814,1.0,0.0,0.0,0.22222222222222227,1.0,0.6778197757555917,0.0,1.0,0.0,0.33333333333333337,0.26968043647701023,0.19246861924686165,0.13965087281795513,0.512287334593573,1.0,0.0,0.0,0.0,0.0,0.0,0.0,0.0,0.0,0.0,1.0,0.0,1.0,0.0,0.0,0.0,0.0,0.0,0.0,0.0,1.0,0.0,0.0,1.0,0.0
7106,0.419753086419753,0.0,0.0,0.0,0.22222222222222227,1.0,0.7908175608524628,0.0,1.0,0.14285714285714285,0.33333333333333337,0.26968043647701023,0.19246861924686165,0.13965087281795513,0.512287334593573,1.0,1.0,0.0,0.0,0.0,0.0,0.0,0.0,0.0,0.0,0.0,0.0,1.0,0.0,0.0,0.0,1.0,0.0,0.0,0.0,0.0,0.0,1.0,0.0,0.0
7107,0.38271604938271603,1.0,0.0,0.0,0.22222222222222227,1.0,0.754833261260784,0.10526315789473684,1.0,0.0,0.33333333333333337,0.26968043647701023,0.19246861924686165,0.13965087281795513,0.512287334593573,1.0,0.0,0.0,0.0,0.0,0.0,0.0,0.0,0.0,0.0,0.0,0.0,1.0,0.0,0.0,0.0,0.0,1.0,0.0,0.0,0.0,0.0,1.0,1.0,0.0
7108,0.419753086419753,0.0,0.0,0.0,0.22222222222222227,1.0,0.8074245379915943,0.0,1.0,0.0,0.33333333333333337,0.26968043647701023,0.19246861924686165,0.13965087281795513,0.512287334593573,1.0,1.0,0.0,0.0,0.0,0.0,0.0,0.0,0.0,0.0,0.0,0.0,1.0,0.0,0.0,0.0,1.0,0.0,0.0,0.0,0.0,0.0,1.0,1.0,0.0
7109,0.43209876543209874,1.0,0.0,0.0,0.22222222222222227,1.0,0.7053935378264148,0.0,1.0,0.0,0.33333333333333337,0.26968043647701023,0.19246861924686165,0.13965087281795513,0.512287334593573,0.0,0.0,0.0,0.0,0.0,0.0,0.0,0.0,0.0,0.0,0.0,0.0,1.0,0.0,0.0,0.0,0.0,0.0,0.0,0.0,1.0,0.0,0.0,1.0,0.0
7110,0.1111111111111111,1.0,0.0,0.0,0.22222222222222227,1.0,0.2923123652049422,0.15789473684210525,1.0,0.0,0.33333333333333337,0.26968043647701023,0.19246861924686165,0.13965087281795513,0.512287334593573,0.0,0.0,0.0,0.0,0.0,0.0,0.0,0.0,0.0,1.0,0.0,0.0,0.0,1.0,0.0,0.0,0.0,0.0,0.0,1.0,0.0,0.0,0.0,1.0,0.0
7111,0.19753086419753085,1.0,0.0,0.0,0.22222222222222227,1.0,0.64373137872162,0.02631578947368421,1.0,0.0,0.33333333333333337,0.26968043647701023,0.19246861924686165,0.13965087281795513,0.512287334593573,0.0,0.0,0.0,0.0,0.0,1.0,0.0,0.0,0.0,0.0,0.0,0.0,1.0,0.0,0.0,0.0,0.0,1.0,0.0,0.0,0.0,0.0,0.0,1.0,0.0
7112,0.30864197530864196,1.0,0.0,0.0,0.22222222222222227,1.0,0.540547610473664,0.02631578947368421,1.0,0.14285714285714285,0.33333333333333337,0.26968043647701023,0.19246861924686165,0.13965087281795513,0.512287334593573,0.0,0.0,0.0,0.0,0.0,0.0,0.0,0.0,0.0,0.0,0.0,0.0,1.0,0.0,0.0,0.0,1.0,0.0,0.0,0.0,0.0,0.0,1.0,0.0,0.0
7113,0.08641975308641975,1.0,0.0,0.0,0.22222222222222227,1.0,0.7947158870260738,0.05263157894736842,1.0,0.0,0.33333333333333337,0.26968043647701023,0.19246861924686165,0.13965087281795513,0.512287334593573,1.0,1.0,0.0,0.0,0.0,0.0,0.0,0.0,0.0,0.0,0.0,0.0,0.0,1.0,0.0,0.0,0.0,1.0,0.0,0.0,0.0,0.0,0.0,1.0,0.0
7114,0.08641975308641975,1.0,0.0,0.0,0.22222222222222227,1.0,0.8141142269412694,0.05263157894736842,1.0,0.0,0.33333333333333337,0.26968043647701023,0.19246861924686165,0.13965087281795513,0.512287334593573,1.0,0.0,0.0,0.0,0.0,0.0,0.0,1.0,0.0,0.0,0.0,0.0,1.0,0.0,0.0,0.0,0.0,1.0,0.0,0.0,0.0,0.0,1.0,1.0,0.0
7115,0.3333333333333333,0.0,0.0,0.0,0.22222222222222227,1.0,0.754833261260784,0.02631578947368421,1.0,0.0,0.33333333333333337,0.26968043647701023,0.19246861924686165,0.13965087281795513,0.512287334593573,1.0,1.0,0.0,0.0,0.0,0.0,0.0,0.0,0.0,0.0,0.0,0.0,1.0,0.0,0.0,1.0,0.0,0.0,0.0,0.0,0.0,0.0,0.0,1.0,0.0
7116,0.13580246913580246,1.0,0.0,0.0,0.22222222222222227,1.0,0.634480182683441,0.13157894736842105,1.0,0.0,0.33333333333333337,0.26968043647701023,0.19246861924686165,0.13965087281795513,0.512287334593573,0.0,1.0,0.0,0.0,0.0,0.0,0.0,0.0,0.0,0.0,0.0,0.0,0.0,1.0,0.0,0.0,1.0,0.0,0.0,0.0,0.0,0.0,1.0,1.0,0.0
7117,0.3333333333333333,1.0,0.0,0.0,0.22222222222222227,1.0,0.636599792271751,0.02631578947368421,1.0,0.14285714285714285,0.33333333333333337,0.26968043647701023,0.19246861924686165,0.13965087281795513,0.512287334593573,0.0,1.0,0.0,0.0,0.0,0.0,0.0,0.0,0.0,0.0,0.0,0.0,1.0,0.0,0.0,0.0,0.0,1.0,0.0,0.0,0.0,0.0,0.0,0.0,0.0
7118,0.04938271604938271,0.0,0.0,0.0,0.22222222222222227,1.0,0.7983564629991614,0.05263157894736842,1.0,0.0,0.33333333333333337,0.26968043647701023,0.19246861924686165,0.13965087281795513,0.512287334593573,1.0,0.0,0.0,0.0,0.0,0.0,0.0,0.0,1.0,0.0,0.0,0.0,0.0,1.0,0.0,0.0,0.0,1.0,0.0,0.0,0.0,0.0,1.0,1.0,0.0
7119,0.13580246913580246,1.0,0.0,0.0,0.22222222222222227,1.0,0.8250829953569192,0.10526315789473684,1.0,0.0,0.33333333333333337,0.26968043647701023,0.19246861924686165,0.13965087281795513,0.512287334593573,1.0,0.0,0.0,0.0,0.0,0.0,1.0,0.0,0.0,0.0,0.0,0.0,1.0,0.0,0.0,0.0,1.0,0.0,0.0,0.0,0.0,0.0,0.0,1.0,0.0
7120,0.16049382716049382,0.0,0.0,0.0,0.22222222222222227,1.0,0.8485927132781892,0.07894736842105263,1.0,0.14285714285714285,0.33333333333333337,0.26968043647701023,0.19246861924686165,0.13965087281795513,0.512287334593573,1.0,1.0,0.0,0.0,0.0,0.0,0.0,0.0,0.0,0.0,0.0,0.0,1.0,0.0,0.0,0.0,0.0,0.0,0.0,1.0,0.0,0.0,0.0,0.0,0.0
7121,0.29629629629629634,0.0,0.0,0.0,0.22222222222222227,1.0,0.7723059261610165,0.10526315789473684,1.0,0.0,0.33333333333333337,0.26968043647701023,0.19246861924686165,0.13965087281795513,0.512287334593573,1.0,1.0,0.0,0.0,0.0,0.0,0.0,0.0,0.0,0.0,0.0,0.0,0.0,0.0,0.0,0.0,0.0,0.0,0.0,0.0,0.0,0.0,0.0,1.0,0.0
7122,0.1111111111111111,1.0,0.0,0.0,0.22222222222222227,1.0,0.5821481094717212,0.21052631578947367,1.0,0.14285714285714285,0.33333333333333337,0.26968043647701023,0.19246861924686165,0.13965087281795513,0.512287334593573,0.0,0.0,0.0,0.0,0.0,0.0,0.0,1.0,0.0,0.0,0.0,0.0,1.0,0.0,0.0,0.0,0.0,1.0,0.0,0.0,0.0,0.0,0.0,0.0,0.0
7123,0.1728395061728395,0.0,0.0,0.0,0.22222222222222227,1.0,0.7068476372990588,0.07894736842105263,1.0,0.0,0.33333333333333337,0.26968043647701023,0.19246861924686165,0.13965087281795513,0.512287334593573,1.0,0.0,0.0,0.0,0.0,0.0,0.0,0.0,0.0,0.0,0.0,0.0,0.0,1.0,0.0,0.0,1.0,0.0,0.0,0.0,0.0,0.0,0.0,1.0,0.0
7124,0.18518518518518517,1.0,0.0,0.0,0.22222222222222227,1.0,0.6701784439170553,0.05263157894736842,1.0,0.0,0.33333333333333337,0.26968043647701023,0.19246861924686165,0.13965087281795513,0.512287334593573,0.0,0.0,0.0,0.0,0.0,0.0,0.0,0.0,0.0,1.0,0.0,0.0,0.0,1.0,0.0,0.0,0.0,0.0,0.0,0.0,1.0,0.0,1.0,1.0,0.0
7125,0.35802469135802467,1.0,1.0,0.0,0.22222222222222227,1.0,0.5169416832156455,0.05263157894736842,1.0,0.0,0.33333333333333337,0.26968043647701023,0.19246861924686165,0.13965087281795513,0.512287334593573,0.0,0.0,0.0,0.0,0.0,0.0,0.0,0.0,0.0,0.0,0.0,0.0,1.0,0.0,0.0,0.0,0.0,1.0,0.0,0.0,0.0,0.0,0.0,1.0,0.0
7126,0.20987654320987653,1.0,0.0,0.0,0.22222222222222227,1.0,0.25847084160782274,0.02631578947368421,1.0,0.14285714285714285,0.33333333333333337,0.26968043647701023,0.19246861924686165,0.13965087281795513,0.512287334593573,0.0,0.0,0.0,0.0,0.0,0.0,0.0,0.0,0.0,1.0,0.0,0.0,0.0,1.0,0.0,0.0,0.0,0.0,0.0,1.0,0.0,0.0,0.0,0.0,0.0
7127,0.2716049382716049,1.0,0.0,0.0,0.22222222222222227,1.0,0.6940353071368747,0.02631578947368421,1.0,0.0,0.33333333333333337,0.26968043647701023,0.19246861924686165,0.13965087281795513,0.512287334593573,0.0,0.0,0.0,0.0,0.0,0.0,0.0,0.0,0.0,0.0,0.0,0.0,1.0,0.0,0.0,0.0,0.0,0.0,0.0,0.0,1.0,0.0,0.0,1.0,0.0
7128,0.037037037037037035,0.0,0.0,0.0,0.22222222222222227,1.0,0.6412337233355714,0.02631578947368421,1.0,0.0,0.33333333333333337,0.26968043647701023,0.19246861924686165,0.13965087281795513,0.512287334593573,0.0,0.0,0.0,0.0,0.0,0.0,0.0,0.0,0.0,1.0,0.0,0.0,0.0,1.0,0.0,0.0,0.0,0.0,0.0,1.0,0.0,0.0,1.0,1.0,0.0
7129,0.20987654320987653,1.0,0.0,1.0,0.22222222222222227,1.0,0.6894344634990646,0.18421052631578946,1.0,0.14285714285714285,0.33333333333333337,0.26968043647701023,0.19246861924686165,0.13965087281795513,0.512287334593573,0.0,1.0,0.0,0.0,0.0,0.0,0.0,0.0,0.0,0.0,0.0,0.0,0.0,0.0,0.0,0.0,1.0,0.0,0.0,0.0,0.0,0.0,0.0,0.0,0.0
7130,0.1111111111111111,0.0,0.0,0.0,0.22222222222222227,1.0,0.5787626916748434,0.05263157894736842,1.0,0.14285714285714285,0.33333333333333337,0.26968043647701023,0.19246861924686165,0.13965087281795513,0.512287334593573,0.0,1.0,0.0,0.0,0.0,0.0,0.0,0.0,0.0,0.0,0.0,0.0,1.0,0.0,0.0,0.0,1.0,0.0,0.0,0.0,0.0,0.0,0.0,0.0,0.0
7131,0.3209876543209876,0.0,0.0,0.0,0.22222222222222227,1.0,0.6417375148956687,0.07894736842105263,1.0,0.0,0.33333333333333337,0.26968043647701023,0.19246861924686165,0.13965087281795513,0.512287334593573,0.0,0.0,1.0,0.0,0.0,0.0,0.0,0.0,0.0,0.0,0.0,0.0,1.0,0.0,0.0,0.0,0.0,0.0,0.0,1.0,0.0,0.0,0.0,1.0,0.0
7132,0.419753086419753,1.0,1.0,0.0,0.22222222222222227,1.0,0.8129472019978762,0.07894736842105263,1.0,0.0,0.33333333333333337,0.26968043647701023,0.19246861924686165,0.13965087281795513,0.512287334593573,1.0,0.0,0.0,0.0,0.0,0.0,0.0,0.0,0.0,0.0,0.0,0.0,1.0,0.0,0.0,0.0,0.0,1.0,0.0,0.0,0.0,0.0,0.0,1.0,0.0
7133,0.04938271604938271,1.0,0.0,0.0,0.22222222222222227,1.0,0.4578148625383481,0.02631578947368421,1.0,0.0,0.33333333333333337,0.26968043647701023,0.19246861924686165,0.13965087281795513,0.512287334593573,0.0,0.0,0.0,0.0,0.0,0.0,0.0,0.0,1.0,0.0,0.0,0.0,0.0,1.0,0.0,0.0,0.0,0.0,0.0,0.0,1.0,0.0,0.0,1.0,0.0
7134,0.3209876543209876,0.0,0.0,0.0,0.22222222222222227,1.0,0.7976907274957492,0.07894736842105263,1.0,0.0,0.33333333333333337,0.26968043647701023,0.19246861924686165,0.13965087281795513,0.512287334593573,1.0,0.0,0.0,0.0,0.0,0.0,0.0,0.0,0.0,0.0,0.0,0.0,1.0,0.0,0.0,0.0,0.0,1.0,0.0,0.0,0.0,0.0,0.0,1.0,0.0
7135,0.3703703703703703,1.0,0.0,0.0,0.22222222222222227,1.0,0.8046887135343407,0.02631578947368421,1.0,0.14285714285714285,0.33333333333333337,0.26968043647701023,0.19246861924686165,0.13965087281795513,0.512287334593573,1.0,1.0,0.0,0.0,0.0,0.0,0.0,0.0,0.0,0.0,0.0,0.0,1.0,0.0,0.0,0.0,0.0,1.0,0.0,0.0,0.0,0.0,0.0,0.0,0.0
7136,0.20987654320987653,0.0,0.0,0.0,0.22222222222222227,1.0,0.5992040663129156,0.02631578947368421,1.0,0.14285714285714285,0.33333333333333337,0.26968043647701023,0.19246861924686165,0.13965087281795513,0.512287334593573,0.0,0.0,0.0,0.0,0.0,0.0,0.0,0.0,0.0,1.0,0.0,0.0,0.0,1.0,0.0,0.0,0.0,0.0,0.0,0.0,1.0,0.0,0.0,0.0,0.0
7137,0.39506172839506176,0.0,0.0,0.0,0.22222222222222227,1.0,0.6062082270603242,0.02631578947368421,0.009009009009009009,0.2857142857142857,0.33333333333333337,0.26968043647701023,0.19246861924686165,0.13965087281795513,0.512287334593573,0.0,1.0,0.0,0.0,0.0,0.0,0.0,0.0,0.0,0.0,0.0,0.0,1.0,0.0,0.0,0.0,1.0,0.0,0.0,0.0,0.0,0.0,0.0,0.0,0.0
7138,0.18518518518518517,1.0,0.0,0.0,0.22222222222222227,1.0,0.2923123652049422,0.18421052631578946,1.0,0.0,0.33333333333333337,0.26968043647701023,0.19246861924686165,0.13965087281795513,0.512287334593573,0.0,1.0,0.0,0.0,0.0,0.0,0.0,0.0,0.0,0.0,0.0,0.0,0.0,1.0,0.0,0.0,1.0,0.0,0.0,0.0,0.0,0.0,0.0,1.0,0.0
7139,0.09876543209876543,1.0,0.0,0.0,0.22222222222222227,1.0,0.7630004939934287,0.05263157894736842,1.0,0.14285714285714285,0.33333333333333337,0.26968043647701023,0.19246861924686165,0.13965087281795513,0.512287334593573,1.0,1.0,0.0,0.0,0.0,0.0,0.0,0.0,0.0,0.0,0.0,0.0,0.0,1.0,0.0,0.0,1.0,0.0,0.0,0.0,0.0,0.0,0.0,0.0,0.0
7140,0.19753086419753085,1.0,0.0,0.0,0.22222222222222227,1.0,0.6261730746079361,0.05263157894736842,1.0,0.0,0.33333333333333337,0.26968043647701023,0.19246861924686165,0.13965087281795513,0.512287334593573,0.0,0.0,1.0,0.0,0.0,0.0,0.0,0.0,0.0,0.0,0.0,0.0,1.0,0.0,0.0,0.0,0.0,0.0,0.0,0.0,1.0,0.0,0.0,1.0,0.0
7141,0.12345679012345678,1.0,0.0,0.0,0.22222222222222227,1.0,0.5529417104829256,0.05263157894736842,1.0,0.0,0.33333333333333337,0.26968043647701023,0.19246861924686165,0.13965087281795513,0.512287334593573,0.0,0.0,0.0,0.0,0.0,0.0,0.0,0.0,0.0,0.0,0.0,0.0,1.0,0.0,0.0,0.0,0.0,0.0,0.0,1.0,0.0,0.0,0.0,1.0,0.0
7142,0.2716049382716049,0.5,0.5,1.0,0.22222222222222227,1.0,0.5940405662922726,0.13157894736842105,1.0,0.0,0.33333333333333337,0.26968043647701023,0.19246861924686165,0.13965087281795513,0.512287334593573,0.0,1.0,0.0,0.0,0.0,0.0,0.0,0.0,0.0,0.0,0.0,0.0,1.0,0.0,0.0,0.0,0.0,0.0,0.0,0.0,0.0,0.0,0.0,1.0,0.0
7143,0.20987654320987653,1.0,0.0,0.0,0.22222222222222227,1.0,0.7094205620899076,0.07894736842105263,1.0,0.14285714285714285,0.33333333333333337,0.26968043647701023,0.19246861924686165,0.13965087281795513,0.512287334593573,1.0,1.0,0.0,0.0,0.0,0.0,0.0,0.0,0.0,0.0,0.0,0.0,0.0,1.0,0.0,1.0,0.0,0.0,0.0,0.0,0.0,0.0,1.0,0.0,0.0
7144,0.12345679012345678,1.0,0.0,0.0,0.22222222222222227,1.0,0.5743891340707834,0.05263157894736842,1.0,0.0,0.33333333333333337,0.26968043647701023,0.19246861924686165,0.13965087281795513,0.512287334593573,0.0,0.0,0.0,0.0,0.0,0.0,0.0,0.0,0.0,1.0,0.0,0.0,1.0,0.0,0.0,0.0,0.0,0.0,0.0,0.0,1.0,0.0,0.0,1.0,0.0
7145,0.14814814814814814,1.0,0.0,0.0,0.22222222222222227,1.0,0.8863529314972148,0.07894736842105263,1.0,0.0,0.33333333333333337,0.26968043647701023,0.19246861924686165,0.13965087281795513,0.512287334593573,1.0,0.0,0.0,0.0,0.0,0.0,0.0,0.0,0.0,0.0,0.0,0.0,1.0,0.0,0.0,0.0,0.0,1.0,0.0,0.0,0.0,0.0,0.0,1.0,0.0
7146,0.09876543209876543,0.0,0.0,0.0,0.22222222222222227,1.0,0.8204438692808256,0.05263157894736842,1.0,0.0,0.33333333333333337,0.26968043647701023,0.19246861924686165,0.13965087281795513,0.512287334593573,1.0,1.0,0.0,0.0,0.0,0.0,0.0,0.0,0.0,0.0,0.0,0.0,0.0,1.0,0.0,0.0,0.0,1.0,0.0,0.0,0.0,0.0,0.0,1.0,0.0
7147,0.18518518518518517,1.0,1.0,0.0,0.22222222222222227,1.0,0.4309636218912418,0.15789473684210525,1.0,0.14285714285714285,0.33333333333333337,0.26968043647701023,0.19246861924686165,0.13965087281795513,0.512287334593573,0.0,0.0,0.0,0.0,0.0,0.0,0.0,0.0,0.0,0.0,0.0,0.0,0.0,1.0,0.0,0.0,0.0,0.0,0.0,0.0,0.0,1.0,0.0,0.0,0.0
7148,0.34567901234567905,0.0,0.0,1.0,0.22222222222222227,1.0,0.7220124395076876,0.07894736842105263,1.0,0.0,0.33333333333333337,0.26968043647701023,0.19246861924686165,0.13965087281795513,0.512287334593573,1.0,0.0,1.0,0.0,0.0,0.0,0.0,0.0,0.0,0.0,0.0,0.0,0.0,0.0,0.0,0.0,0.0,0.0,0.0,0.0,1.0,0.0,0.0,1.0,0.0
7149,0.1728395061728395,1.0,0.0,0.0,0.22222222222222227,1.0,0.8447181515286439,0.15789473684210525,1.0,0.14285714285714285,0.33333333333333337,0.26968043647701023,0.19246861924686165,0.13965087281795513,0.512287334593573,1.0,0.0,0.0,0.0,0.0,0.0,0.0,0.0,0.0,1.0,0.0,0.0,0.0,1.0,0.0,0.0,0.0,0.0,0.0,0.0,1.0,0.0,0.0,0.0,0.0
7150,0.4074074074074074,0.0,1.0,0.0,0.22222222222222227,1.0,0.7571175106933035,0.18421052631578946,1.0,0.0,0.33333333333333337,0.26968043647701023,0.19246861924686165,0.13965087281795513,0.512287334593573,1.0,0.0,0.0,0.0,0.0,0.0,0.0,0.0,0.0,0.0,0.0,0.0,0.0,1.0,0.0,0.0,0.0,1.0,0.0,0.0,0.0,0.0,0.0,1.0,0.0
7151,0.16049382716049382,1.0,0.0,0.0,0.22222222222222227,1.0,0.867810227082609,0.07894736842105263,1.0,0.14285714285714285,0.33333333333333337,0.26968043647701023,0.19246861924686165,0.13965087281795513,0.512287334593573,1.0,0.0,0.0,0.0,0.0,0.0,0.0,0.0,0.0,0.0,0.0,0.0,0.0,0.0,0.0,0.0,0.0,0.0,0.0,0.0,1.0,0.0,0.0,0.0,0.0
7152,0.30864197530864196,0.0,0.0,0.0,0.22222222222222227,1.0,0.7006158192674063,0.05263157894736842,1.0,0.0,0.33333333333333337,0.26968043647701023,0.19246861924686165,0.13965087281795513,0.512287334593573,0.0,0.0,0.0,0.0,0.0,0.0,1.0,0.0,0.0,0.0,0.0,0.0,1.0,0.0,0.0,0.0,0.0,0.0,0.0,1.0,0.0,0.0,1.0,1.0,0.0
7153,0.19753086419753085,0.0,0.0,0.0,0.22222222222222227,1.0,0.4776508205223571,0.26315789473684215,1.0,0.0,0.33333333333333337,0.26968043647701023,0.19246861924686165,0.13965087281795513,0.512287334593573,0.0,0.0,0.0,0.0,0.0,0.0,0.0,0.0,0.0,0.0,0.0,0.0,0.0,1.0,0.0,0.0,0.0,1.0,0.0,0.0,0.0,0.0,0.0,1.0,0.0
7154,0.2222222222222222,0.0,0.0,0.0,0.22222222222222227,1.0,0.7694550417428381,0.05263157894736842,1.0,0.0,0.33333333333333337,0.26968043647701023,0.19246861924686165,0.13965087281795513,0.512287334593573,1.0,0.0,0.0,0.0,0.0,0.0,0.0,0.0,0.0,1.0,0.0,0.0,0.0,0.0,0.0,0.0,0.0,0.0,0.0,1.0,0.0,0.0,0.0,1.0,0.0
7155,0.29629629629629634,0.0,0.0,0.0,0.22222222222222227,0.0,0.7744403279718529,0.07894736842105263,1.0,0.0,0.33333333333333337,0.26968043647701023,0.19246861924686165,0.13829063704375427,0.512287334593573,1.0,0.0,0.0,0.0,0.0,0.0,0.0,0.0,0.0,0.0,0.0,0.0,0.0,1.0,0.0,0.0,0.0,1.0,0.0,0.0,0.0,0.0,0.0,1.0,0.0
7156,0.3333333333333333,1.0,0.0,0.0,0.22222222222222227,0.0,0.7394543255121515,0.02631578947368421,1.0,0.14285714285714285,0.33333333333333337,0.26968043647701023,0.19246861924686165,0.13829063704375427,0.512287334593573,1.0,1.0,0.0,0.0,0.0,0.0,0.0,0.0,0.0,0.0,0.0,0.0,0.0,1.0,0.0,0.0,1.0,0.0,0.0,0.0,0.0,0.0,0.0,0.0,0.0
7157,0.39506172839506176,1.0,0.0,0.0,0.22222222222222227,0.0,0.2923123652049422,0.23684210526315788,1.0,0.0,0.33333333333333337,0.26968043647701023,0.19246861924686165,0.13829063704375427,0.512287334593573,0.0,1.0,0.0,0.0,0.0,0.0,0.0,0.0,0.0,0.0,0.0,0.0,0.0,0.0,0.0,0.0,0.0,0.0,0.0,1.0,0.0,0.0,0.0,1.0,0.0
7158,0.4938271604938272,0.5,0.5,0.0,0.22222222222222227,0.0,0.2708649416170843,0.10526315789473684,1.0,0.0,0.33333333333333337,0.26968043647701023,0.19246861924686165,0.13829063704375427,0.512287334593573,0.0,0.0,0.0,0.0,0.0,0.0,0.0,0.0,0.0,1.0,0.0,0.0,0.0,0.0,0.0,1.0,0.0,0.0,0.0,0.0,0.0,0.0,0.0,1.0,0.0
7159,0.2345679012345679,0.0,0.0,0.0,0.22222222222222227,0.0,0.8002007248419913,0.05263157894736842,1.0,0.0,0.33333333333333337,0.26968043647701023,0.19246861924686165,0.13829063704375427,0.512287334593573,1.0,0.0,0.0,0.0,0.0,0.0,0.0,0.0,0.0,0.0,0.0,0.0,1.0,0.0,0.0,0.0,0.0,1.0,0.0,0.0,0.0,0.0,1.0,1.0,0.0
7160,0.4938271604938272,1.0,1.0,0.0,0.22222222222222227,0.0,0.7247745442978097,0.05263157894736842,1.0,0.0,0.33333333333333337,0.26968043647701023,0.19246861924686165,0.13829063704375427,0.512287334593573,1.0,0.0,0.0,0.0,0.0,0.0,0.0,1.0,0.0,0.0,0.0,0.0,1.0,0.0,0.0,0.0,0.0,1.0,0.0,0.0,0.0,0.0,0.0,1.0,0.0
7161,0.3333333333333333,1.0,0.0,0.0,0.22222222222222227,0.0,0.5854388177384106,0.05263157894736842,1.0,0.0,0.33333333333333337,0.26968043647701023,0.19246861924686165,0.13829063704375427,0.512287334593573,0.0,0.0,0.0,0.0,0.0,0.0,0.0,1.0,0.0,0.0,0.0,0.0,1.0,0.0,0.0,0.0,0.0,1.0,0.0,0.0,0.0,0.0,0.0,1.0,0.0
7162,0.18518518518518517,1.0,0.0,0.0,0.22222222222222227,0.0,0.6835944393892373,0.0,1.0,0.0,0.33333333333333337,0.26968043647701023,0.19246861924686165,0.13829063704375427,0.512287334593573,0.0,1.0,0.0,0.0,0.0,0.0,0.0,0.0,0.0,0.0,0.0,0.0,1.0,0.0,0.0,0.0,0.0,0.0,0.0,1.0,0.0,0.0,0.0,1.0,0.0
7163,0.13580246913580246,0.0,0.0,0.0,0.22222222222222227,0.0,0.4735228478707203,0.0,1.0,0.0,0.33333333333333337,0.26968043647701023,0.19246861924686165,0.13829063704375427,0.512287334593573,0.0,0.0,0.0,0.0,0.0,0.0,0.0,0.0,0.0,0.0,0.0,0.0,0.0,1.0,0.0,0.0,0.0,0.0,0.0,0.0,1.0,0.0,0.0,1.0,0.0
7164,0.13580246913580246,1.0,0.0,0.0,0.22222222222222227,0.0,0.716817990798646,0.0,1.0,0.14285714285714285,0.33333333333333337,0.26968043647701023,0.19246861924686165,0.13829063704375427,0.512287334593573,1.0,0.0,0.0,0.0,0.0,0.0,0.0,0.0,0.0,0.0,0.0,0.0,0.0,1.0,0.0,0.0,0.0,0.0,0.0,0.0,1.0,0.0,0.0,0.0,0.0
7165,0.35802469135802467,1.0,0.0,0.0,0.22222222222222227,0.0,0.7079981124787547,0.0,1.0,0.0,0.33333333333333337,0.26968043647701023,0.19246861924686165,0.13829063704375427,0.512287334593573,0.0,1.0,0.0,0.0,0.0,0.0,0.0,0.0,0.0,0.0,0.0,0.0,1.0,0.0,0.0,0.0,1.0,0.0,0.0,0.0,0.0,0.0,0.0,1.0,0.0
7166,0.20987654320987653,0.0,0.0,0.0,0.22222222222222227,0.0,0.664517928944963,0.0,1.0,0.0,0.33333333333333337,0.26968043647701023,0.19246861924686165,0.13829063704375427,0.512287334593573,0.0,0.0,0.0,0.0,0.0,0.0,0.0,0.0,0.0,0.0,0.0,0.0,0.0,1.0,0.0,0.0,0.0,0.0,0.0,0.0,1.0,0.0,0.0,1.0,0.0
7167,0.3333333333333333,0.5,0.5,0.0,0.22222222222222227,0.0,0.7542552003949271,0.0,1.0,0.14285714285714285,0.33333333333333337,0.26968043647701023,0.19246861924686165,0.13829063704375427,0.512287334593573,1.0,0.0,0.0,0.0,0.0,0.0,0.0,0.0,0.0,0.0,0.0,0.0,1.0,0.0,0.0,1.0,0.0,0.0,0.0,0.0,0.0,0.0,0.0,0.0,0.0
7168,0.08641975308641975,0.0,0.0,0.0,0.22222222222222227,0.0,0.635013676339261,0.0,1.0,0.14285714285714285,0.33333333333333337,0.26968043647701023,0.19246861924686165,0.13829063704375427,0.512287334593573,0.0,0.0,0.0,0.0,0.0,0.0,0.0,0.0,0.0,0.0,0.0,0.0,0.0,1.0,0.0,0.0,0.0,0.0,0.0,0.0,1.0,0.0,1.0,0.0,0.0
7169,0.3333333333333333,0.0,0.0,0.0,0.22222222222222227,0.0,0.800722389330977,0.07894736842105263,1.0,0.0,0.33333333333333337,0.26968043647701023,0.19246861924686165,0.13829063704375427,0.512287334593573,1.0,0.0,0.0,0.0,0.0,0.0,0.0,1.0,0.0,0.0,0.0,0.0,0.0,0.0,0.0,0.0,0.0,1.0,0.0,0.0,0.0,0.0,0.0,1.0,0.0
7170,0.43209876543209874,0.0,0.0,0.0,0.22222222222222227,0.0,0.6490463962539821,0.0,1.0,0.0,0.33333333333333337,0.26968043647701023,0.19246861924686165,0.13829063704375427,0.512287334593573,0.0,1.0,0.0,0.0,0.0,0.0,0.0,0.0,0.0,0.0,0.0,0.0,1.0,0.0,0.0,0.0,1.0,0.0,0.0,0.0,0.0,0.0,1.0,1.0,0.0
7171,0.18518518518518517,0.0,0.0,0.0,0.22222222222222227,0.0,0.5631773068220264,0.0,1.0,0.0,0.33333333333333337,0.26968043647701023,0.19246861924686165,0.13829063704375427,0.512287334593573,0.0,0.0,0.0,0.0,0.0,0.0,1.0,0.0,0.0,0.0,0.0,0.0,0.0,1.0,0.0,0.0,0.0,0.0,0.0,0.0,1.0,0.0,0.0,1.0,0.0
7172,0.13580246913580246,1.0,0.0,0.0,0.22222222222222227,0.0,0.5571434124691511,0.0,1.0,0.0,0.33333333333333337,0.26968043647701023,0.19246861924686165,0.13829063704375427,0.512287334593573,0.0,1.0,0.0,0.0,0.0,0.0,0.0,0.0,0.0,0.0,0.0,0.0,0.0,1.0,0.0,0.0,0.0,0.0,0.0,1.0,0.0,0.0,0.0,1.0,0.0
7173,0.2222222222222222,1.0,0.0,0.0,0.22222222222222227,0.0,0.44244933785391355,0.0,1.0,0.0,0.33333333333333337,0.26968043647701023,0.19246861924686165,0.13829063704375427,0.512287334593573,0.0,1.0,0.0,0.0,0.0,0.0,0.0,0.0,0.0,0.0,0.0,0.0,1.0,0.0,0.0,0.0,0.0,0.0,0.0,1.0,0.0,0.0,0.0,1.0,0.0
7174,0.19753086419753085,1.0,0.0,0.0,0.22222222222222227,0.0,0.8471108133243626,0.0,1.0,0.0,0.33333333333333337,0.26968043647701023,0.19246861924686165,0.13829063704375427,0.512287334593573,1.0,0.0,0.0,0.0,0.0,0.0,0.0,0.0,0.0,0.0,0.0,0.0,0.0,1.0,0.0,0.0,0.0,0.0,0.0,1.0,0.0,0.0,0.0,1.0,0.0
7175,0.43209876543209874,1.0,1.0,0.0,0.22222222222222227,0.0,0.5540062892371289,0.0,1.0,0.14285714285714285,0.33333333333333337,0.26968043647701023,0.19246861924686165,0.13829063704375427,0.512287334593573,0.0,0.0,0.0,0.0,0.0,0.0,0.0,0.0,0.0,0.0,0.0,0.0,0.0,0.0,0.0,0.0,0.0,1.0,0.0,0.0,0.0,0.0,0.0,0.0,0.0
7176,0.14814814814814814,1.0,0.0,0.0,0.22222222222222227,0.0,0.7281986781289764,0.0,1.0,0.0,0.33333333333333337,0.26968043647701023,0.19246861924686165,0.13829063704375427,0.512287334593573,1.0,0.0,0.0,0.0,0.0,0.0,0.0,0.0,0.0,1.0,0.0,0.0,0.0,1.0,0.0,0.0,0.0,0.0,0.0,1.0,0.0,0.0,0.0,1.0,0.0
7177,0.1728395061728395,1.0,0.0,0.0,0.22222222222222227,0.0,0.6748225397474605,0.0,1.0,0.0,0.33333333333333337,0.26968043647701023,0.19246861924686165,0.13829063704375427,0.512287334593573,1.0,0.0,0.0,0.0,0.0,0.0,0.0,0.0,0.0,0.0,0.0,0.0,0.0,1.0,0.0,0.0,0.0,1.0,0.0,0.0,0.0,0.0,1.0,1.0,0.0
7178,0.04938271604938271,0.0,0.0,0.0,0.22222222222222227,0.0,0.5932840675469451,0.0,1.0,0.0,0.33333333333333337,0.26968043647701023,0.19246861924686165,0.13829063704375427,0.512287334593573,0.0,1.0,0.0,0.0,0.0,0.0,0.0,0.0,0.0,0.0,0.0,0.0,0.0,1.0,0.0,0.0,1.0,0.0,0.0,0.0,0.0,0.0,0.0,1.0,0.0
7179,0.19753086419753085,0.0,0.0,0.0,0.22222222222222227,0.0,0.9106764610209964,0.0,1.0,0.0,0.33333333333333337,0.26968043647701023,0.19246861924686165,0.13829063704375427,0.512287334593573,1.0,1.0,0.0,0.0,0.0,0.0,0.0,0.0,0.0,0.0,0.0,0.0,0.0,1.0,0.0,0.0,0.0,1.0,0.0,0.0,0.0,0.0,0.0,1.0,0.0
7180,0.24691358024691357,0.0,0.0,0.0,0.22222222222222227,0.0,0.7296361927525703,0.0,1.0,0.0,0.33333333333333337,0.26968043647701023,0.19246861924686165,0.13829063704375427,0.512287334593573,1.0,0.0,0.0,0.0,1.0,0.0,0.0,0.0,0.0,0.0,0.0,0.0,0.0,0.0,0.0,0.0,0.0,0.0,0.0,0.0,1.0,0.0,0.0,1.0,0.0
7181,0.3333333333333333,1.0,0.0,1.0,0.22222222222222227,0.0,0.5917563168597532,0.07894736842105263,1.0,0.0,0.33333333333333337,0.26968043647701023,0.19246861924686165,0.13829063704375427,0.512287334593573,0.0,0.0,0.0,0.0,0.0,0.0,0.0,0.0,0.0,0.0,1.0,0.0,1.0,0.0,0.0,0.0,1.0,0.0,0.0,0.0,0.0,0.0,0.0,1.0,0.0
7182,0.1728395061728395,0.0,0.0,0.0,0.22222222222222227,0.0,0.4396813242736008,0.0,1.0,0.0,0.33333333333333337,0.26968043647701023,0.19246861924686165,0.13829063704375427,0.512287334593573,0.0,0.0,0.0,0.0,0.0,0.0,0.0,0.0,0.0,1.0,0.0,0.0,0.0,0.0,0.0,0.0,0.0,1.0,0.0,0.0,0.0,0.0,0.0,1.0,0.0
7183,0.2716049382716049,1.0,0.0,0.0,0.22222222222222227,0.0,0.540547610473664,0.0,1.0,0.14285714285714285,0.33333333333333337,0.26968043647701023,0.19246861924686165,0.13829063704375427,0.512287334593573,0.0,0.0,1.0,0.0,0.0,0.0,0.0,0.0,0.0,0.0,0.0,0.0,1.0,0.0,0.0,0.0,0.0,0.0,0.0,0.0,1.0,0.0,1.0,0.0,0.0
7184,0.16049382716049382,1.0,0.0,0.0,0.22222222222222227,0.0,0.7588020523597342,0.0,1.0,0.0,0.33333333333333337,0.26968043647701023,0.19246861924686165,0.13829063704375427,0.512287334593573,0.0,0.0,0.0,0.0,0.0,0.0,0.0,0.0,0.0,0.0,0.0,0.0,0.0,1.0,0.0,0.0,0.0,0.0,0.0,0.0,1.0,0.0,1.0,1.0,0.0
7185,0.19753086419753085,0.0,0.0,0.0,0.22222222222222227,0.0,0.7926435759568536,0.0,1.0,0.14285714285714285,0.33333333333333337,0.26968043647701023,0.19246861924686165,0.13829063704375427,0.512287334593573,1.0,0.0,0.0,0.0,0.0,0.0,0.0,0.0,0.0,0.0,0.0,0.0,0.0,1.0,0.0,0.0,0.0,0.0,0.0,1.0,0.0,0.0,0.0,0.0,0.0
7186,0.3333333333333333,0.0,0.0,0.0,0.22222222222222227,0.0,0.6284462883305656,0.0,1.0,0.0,0.33333333333333337,0.26968043647701023,0.19246861924686165,0.13829063704375427,0.512287334593573,0.0,0.0,0.0,0.0,0.0,0.0,0.0,0.0,0.0,0.0,1.0,0.0,0.0,0.0,0.0,1.0,0.0,0.0,0.0,0.0,0.0,0.0,0.0,1.0,0.0
7187,0.34567901234567905,0.0,1.0,0.0,0.22222222222222227,0.0,0.48923083320309235,0.0,1.0,0.0,0.33333333333333337,0.26968043647701023,0.19246861924686165,0.13829063704375427,0.512287334593573,0.0,0.0,0.0,0.0,0.0,0.0,0.0,0.0,0.0,0.0,0.0,0.0,0.0,0.0,0.0,0.0,0.0,0.0,0.0,0.0,1.0,0.0,0.0,1.0,0.0
7188,0.39506172839506176,0.0,0.0,0.0,0.22222222222222227,0.0,0.455389309605973,0.05263157894736842,1.0,0.14285714285714285,0.33333333333333337,0.26968043647701023,0.19246861924686165,0.13829063704375427,0.512287334593573,0.0,0.0,0.0,0.0,0.0,1.0,0.0,0.0,0.0,0.0,0.0,0.0,1.0,0.0,0.0,0.0,0.0,1.0,0.0,0.0,0.0,0.0,0.0,0.0,0.0
7189,0.30864197530864196,0.0,1.0,0.0,0.22222222222222227,0.0,0.2708649416170843,0.10526315789473684,1.0,0.0,0.33333333333333337,0.26968043647701023,0.19246861924686165,0.13829063704375427,0.512287334593573,0.0,0.0,0.0,0.0,0.0,0.0,0.0,0.0,0.0,1.0,0.0,0.0,0.0,1.0,0.0,0.0,0.0,0.0,0.0,0.0,1.0,0.0,0.0,1.0,0.0
7190,0.14814814814814814,1.0,0.0,0.0,0.22222222222222227,0.0,0.7456414619163615,0.0,1.0,0.0,0.33333333333333337,0.26968043647701023,0.19246861924686165,0.13829063704375427,0.512287334593573,1.0,0.0,0.0,0.0,0.0,0.0,0.0,0.0,0.0,0.0,0.0,0.0,1.0,0.0,0.0,0.0,0.0,0.0,0.0,0.0,1.0,0.0,0.0,1.0,0.0
7191,0.34567901234567905,0.0,0.0,0.0,0.22222222222222227,0.0,0.7329236164515708,0.0,1.0,0.0,0.33333333333333337,0.26968043647701023,0.19246861924686165,0.13829063704375427,0.512287334593573,1.0,0.0,0.0,0.0,0.0,0.0,0.0,0.0,0.0,0.0,0.0,0.0,0.0,0.0,0.0,0.0,0.0,0.0,0.0,0.0,1.0,0.0,0.0,1.0,0.0
7192,0.35802469135802467,1.0,0.0,0.0,0.22222222222222227,0.0,0.7138601512137958,0.0,1.0,0.0,0.33333333333333337,0.26968043647701023,0.19246861924686165,0.13829063704375427,0.512287334593573,1.0,0.0,0.0,0.0,0.0,0.0,0.0,0.0,0.0,1.0,0.0,0.0,0.0,0.0,0.0,0.0,0.0,0.0,0.0,1.0,0.0,0.0,0.0,1.0,0.0
7193,0.19753086419753085,0.0,1.0,0.0,0.22222222222222227,0.0,0.752699671620228,0.07894736842105263,1.0,0.0,0.33333333333333337,0.26968043647701023,0.19246861924686165,0.13829063704375427,0.512287334593573,1.0,0.0,0.0,0.0,0.0,0.0,0.0,1.0,0.0,0.0,0.0,0.0,1.0,0.0,0.0,0.0,0.0,1.0,0.0,0.0,0.0,0.0,0.0,1.0,0.0
7194,0.18518518518518517,1.0,1.0,0.0,0.22222222222222227,0.0,0.5540062892371289,0.0,1.0,0.14285714285714285,0.33333333333333337,0.26968043647701023,0.19246861924686165,0.13829063704375427,0.512287334593573,0.0,0.0,0.0,0.0,0.0,0.0,0.0,0.0,0.0,0.0,0.0,0.0,1.0,0.0,0.0,0.0,0.0,0.0,0.0,0.0,1.0,0.0,0.0,0.0,0.0
7195,0.3333333333333333,1.0,0.0,0.0,0.22222222222222227,0.0,0.7322268613080786,0.0,1.0,0.0,0.33333333333333337,0.26968043647701023,0.19246861924686165,0.13829063704375427,0.512287334593573,1.0,0.0,0.0,0.0,1.0,0.0,0.0,0.0,0.0,0.0,0.0,0.0,0.0,1.0,0.0,0.0,0.0,1.0,0.0,0.0,0.0,0.0,0.0,1.0,0.0
7196,0.16049382716049382,0.0,0.0,0.0,0.22222222222222227,0.0,0.7708052447952238,0.05263157894736842,1.0,0.0,0.33333333333333337,0.26968043647701023,0.19246861924686165,0.13829063704375427,0.512287334593573,1.0,0.0,0.0,0.0,0.0,0.0,0.0,1.0,0.0,0.0,0.0,0.0,0.0,1.0,0.0,0.0,0.0,1.0,0.0,0.0,0.0,0.0,0.0,1.0,0.0
7197,0.18518518518518517,0.0,0.0,0.0,0.22222222222222227,0.0,0.5266921854673875,0.0,1.0,0.0,0.33333333333333337,0.26968043647701023,0.19246861924686165,0.13829063704375427,0.512287334593573,0.0,0.0,0.0,0.0,0.0,0.0,0.0,0.0,0.0,0.0,0.0,0.0,1.0,0.0,0.0,0.0,0.0,1.0,0.0,0.0,0.0,0.0,0.0,1.0,0.0
7198,0.19753086419753085,0.0,0.0,0.0,0.22222222222222227,0.0,0.8136488053668359,0.0,1.0,0.14285714285714285,0.33333333333333337,0.26968043647701023,0.19246861924686165,0.13829063704375427,0.512287334593573,1.0,0.0,0.0,0.0,0.0,0.0,0.0,0.0,0.0,0.0,1.0,0.0,1.0,0.0,0.0,0.0,0.0,0.0,0.0,0.0,0.0,0.0,0.0,0.0,0.0
7199,0.29629629629629634,1.0,0.0,0.0,0.22222222222222227,0.0,0.6990820928544513,0.0,1.0,0.0,0.33333333333333337,0.26968043647701023,0.19246861924686165,0.13829063704375427,0.512287334593573,0.0,1.0,0.0,0.0,0.0,0.0,0.0,0.0,0.0,0.0,0.0,0.0,0.0,0.0,0.0,0.0,1.0,0.0,0.0,0.0,0.0,0.0,0.0,1.0,0.0
7200,0.16049382716049382,1.0,0.0,0.0,0.22222222222222227,0.0,0.5925226723355308,0.0,1.0,0.0,0.33333333333333337,0.26968043647701023,0.19246861924686165,0.13829063704375427,0.512287334593573,0.0,0.0,0.0,0.0,0.0,0.0,0.0,0.0,0.0,0.0,0.0,0.0,0.0,1.0,0.0,0.0,0.0,1.0,0.0,0.0,0.0,0.0,0.0,1.0,0.0
7201,0.13580246913580246,1.0,0.0,0.0,0.22222222222222227,0.0,0.494619644821988,0.0,1.0,0.0,0.33333333333333337,0.26968043647701023,0.19246861924686165,0.13829063704375427,0.512287334593573,0.0,0.0,0.0,0.0,0.0,0.0,0.0,0.0,0.0,1.0,0.0,0.0,0.0,1.0,0.0,0.0,0.0,0.0,0.0,1.0,0.0,0.0,0.0,1.0,0.0
7202,0.16049382716049382,1.0,0.0,0.0,0.22222222222222227,0.0,0.4776508205223571,0.0,1.0,0.0,0.33333333333333337,0.26968043647701023,0.19246861924686165,0.13829063704375427,0.512287334593573,0.0,0.0,0.0,0.0,0.0,0.0,0.0,0.0,0.0,0.0,0.0,0.0,0.0,1.0,0.0,0.0,0.0,1.0,0.0,0.0,0.0,0.0,0.0,1.0,0.0
7203,0.2716049382716049,1.0,1.0,0.0,0.22222222222222227,0.0,0.7370196447311212,0.0,1.0,0.0,0.33333333333333337,0.26968043647701023,0.19246861924686165,0.13829063704375427,0.512287334593573,1.0,0.0,0.0,0.0,0.0,0.0,0.0,0.0,0.0,1.0,0.0,0.0,1.0,0.0,0.0,0.0,0.0,0.0,0.0,1.0,0.0,0.0,0.0,1.0,0.0
7204,0.29629629629629634,0.0,0.0,0.0,0.22222222222222227,0.0,0.6615821400485514,0.07894736842105263,0.01001001001001001,0.14285714285714285,0.33333333333333337,0.26968043647701023,0.19246861924686165,0.13829063704375427,0.512287334593573,0.0,0.0,0.0,0.0,0.0,0.0,0.0,0.0,0.0,0.0,1.0,0.0,1.0,0.0,0.0,0.0,0.0,0.0,0.0,1.0,0.0,0.0,0.0,0.0,1.0
7205,0.29629629629629634,1.0,1.0,0.0,0.22222222222222227,0.0,0.5485843549516803,0.0,1.0,0.14285714285714285,0.33333333333333337,0.26968043647701023,0.19246861924686165,0.13829063704375427,0.512287334593573,0.0,1.0,0.0,0.0,0.0,0.0,0.0,0.0,0.0,0.0,0.0,0.0,1.0,0.0,0.0,0.0,1.0,0.0,0.0,0.0,0.0,0.0,0.0,0.0,0.0
7206,0.2716049382716049,1.0,0.0,0.0,0.22222222222222227,0.0,0.7550253186903606,0.0,1.0,0.0,0.33333333333333337,0.26968043647701023,0.19246861924686165,0.13829063704375427,0.512287334593573,1.0,0.0,0.0,0.0,0.0,0.0,0.0,0.0,0.0,1.0,0.0,0.0,0.0,1.0,0.0,0.0,0.0,0.0,0.0,0.0,1.0,0.0,0.0,1.0,0.0
7207,0.24691358024691357,1.0,0.0,0.0,0.22222222222222227,0.0,0.716817990798646,0.0,1.0,0.0,0.33333333333333337,0.26968043647701023,0.19246861924686165,0.13829063704375427,0.512287334593573,1.0,0.0,0.0,0.0,0.0,0.0,0.0,0.0,0.0,0.0,0.0,0.0,0.0,0.0,0.0,0.0,0.0,0.0,0.0,0.0,1.0,0.0,1.0,1.0,0.0
7208,0.3209876543209876,1.0,0.0,0.0,0.22222222222222227,0.0,0.7561711246597944,0.0,1.0,0.14285714285714285,0.33333333333333337,0.26968043647701023,0.19246861924686165,0.13829063704375427,0.512287334593573,1.0,0.0,0.0,0.0,0.0,0.0,0.0,0.0,0.0,1.0,0.0,0.0,1.0,0.0,0.0,0.0,0.0,0.0,0.0,1.0,0.0,0.0,0.0,0.0,0.0
7209,0.5061728395061729,1.0,0.0,0.0,0.22222222222222227,0.0,0.7322268613080786,0.0,1.0,0.0,0.33333333333333337,0.26968043647701023,0.19246861924686165,0.13829063704375427,0.512287334593573,0.0,0.0,0.0,0.0,1.0,0.0,0.0,0.0,0.0,0.0,0.0,0.0,1.0,0.0,0.0,0.0,0.0,0.0,0.0,0.0,1.0,0.0,0.0,1.0,0.0
7210,0.35802469135802467,1.0,0.0,0.0,0.22222222222222227,0.0,0.7866390207111226,0.10526315789473684,1.0,0.14285714285714285,0.33333333333333337,0.26968043647701023,0.19246861924686165,0.13829063704375427,0.512287334593573,1.0,0.0,0.0,0.0,0.0,0.0,0.0,0.0,0.0,0.0,0.0,0.0,0.0,1.0,0.0,0.0,0.0,0.0,0.0,0.0,1.0,0.0,0.0,0.0,0.0
7211,0.24691358024691357,1.0,0.0,0.0,0.22222222222222227,0.0,0.6202900913078108,0.05263157894736842,1.0,0.0,0.33333333333333337,0.26968043647701023,0.19246861924686165,0.13829063704375427,0.512287334593573,0.0,0.0,0.0,0.0,0.0,0.0,0.0,0.0,0.0,0.0,0.0,0.0,0.0,1.0,0.0,0.0,0.0,0.0,0.0,0.0,1.0,0.0,0.0,1.0,0.0
7212,0.18518518518518517,0.0,0.0,0.0,0.22222222222222227,0.0,0.7903921168101173,0.02631578947368421,1.0,0.0,0.33333333333333337,0.26968043647701023,0.19246861924686165,0.13829063704375427,0.512287334593573,1.0,1.0,0.0,0.0,0.0,0.0,0.0,0.0,0.0,0.0,0.0,0.0,0.0,0.0,0.0,0.0,0.0,0.0,0.0,0.0,0.0,0.0,0.0,1.0,0.0
7213,0.2839506172839506,0.0,0.0,0.0,0.22222222222222227,0.0,0.6121741045570199,0.02631578947368421,1.0,0.0,0.33333333333333337,0.26968043647701023,0.19246861924686165,0.13829063704375427,0.512287334593573,0.0,0.0,1.0,0.0,0.0,0.0,0.0,0.0,0.0,0.0,0.0,0.0,1.0,0.0,0.0,0.0,0.0,0.0,0.0,0.0,1.0,0.0,0.0,1.0,0.0
7214,0.09876543209876543,0.0,0.0,0.0,0.22222222222222227,0.0,0.33328547525193053,0.07894736842105263,1.0,0.0,0.33333333333333337,0.26968043647701023,0.19246861924686165,0.13829063704375427,0.512287334593573,0.0,0.0,0.0,0.0,0.0,0.0,0.0,0.0,0.0,0.0,0.0,0.0,0.0,1.0,0.0,0.0,0.0,1.0,0.0,0.0,0.0,0.0,0.0,1.0,0.0
7215,0.12345679012345678,1.0,0.0,0.0,0.22222222222222227,0.0,0.6020559671887218,0.07894736842105263,1.0,0.0,0.33333333333333337,0.26968043647701023,0.19246861924686165,0.13829063704375427,0.512287334593573,0.0,0.0,0.0,0.0,0.0,0.0,0.0,0.0,0.0,0.0,0.0,0.0,0.0,0.0,0.0,0.0,0.0,1.0,0.0,0.0,0.0,0.0,0.0,1.0,0.0
7216,0.2222222222222222,1.0,0.0,0.0,0.22222222222222227,0.0,0.6312273906618776,0.07894736842105263,1.0,0.0,0.33333333333333337,0.26968043647701023,0.19246861924686165,0.13829063704375427,0.512287334593573,0.0,0.0,0.0,0.0,0.0,0.0,0.0,0.0,0.0,1.0,0.0,0.0,0.0,1.0,0.0,0.0,0.0,0.0,0.0,1.0,0.0,0.0,0.0,1.0,0.0
7217,0.20987654320987653,1.0,0.0,0.0,0.22222222222222227,0.0,0.5078883596370491,0.02631578947368421,1.0,0.0,0.33333333333333337,0.26968043647701023,0.19246861924686165,0.13829063704375427,0.512287334593573,0.0,0.0,0.0,0.0,0.0,0.0,0.0,0.0,0.0,0.0,0.0,0.0,1.0,0.0,0.0,0.0,0.0,0.0,0.0,0.0,1.0,0.0,0.0,1.0,0.0
7218,0.34567901234567905,0.0,0.0,0.0,0.22222222222222227,0.0,0.6020559671887218,0.02631578947368421,1.0,0.14285714285714285,0.33333333333333337,0.26968043647701023,0.19246861924686165,0.13829063704375427,0.512287334593573,0.0,0.0,0.0,0.0,0.0,0.0,0.0,1.0,0.0,0.0,0.0,0.0,1.0,0.0,0.0,0.0,0.0,1.0,0.0,0.0,0.0,0.0,0.0,0.0,0.0
7219,0.2345679012345679,1.0,0.0,0.0,0.22222222222222227,0.0,0.8158433391532395,0.02631578947368421,1.0,0.0,0.33333333333333337,0.26968043647701023,0.19246861924686165,0.13829063704375427,0.512287334593573,1.0,1.0,0.0,0.0,0.0,0.0,0.0,0.0,0.0,0.0,0.0,0.0,1.0,0.0,0.0,0.0,0.0,0.0,0.0,0.0,0.0,0.0,1.0,1.0,0.0
7220,0.1728395061728395,1.0,0.0,0.0,0.22222222222222227,0.0,0.7481094227043764,0.02631578947368421,1.0,0.0,0.33333333333333337,0.26968043647701023,0.19246861924686165,0.13829063704375427,0.512287334593573,0.0,0.0,0.0,0.0,0.0,0.0,0.0,0.0,0.0,1.0,0.0,0.0,1.0,0.0,0.0,0.0,0.0,0.0,0.0,1.0,0.0,0.0,0.0,1.0,0.0
7221,0.14814814814814814,1.0,0.0,0.0,0.22222222222222227,0.0,0.7815431984080345,0.02631578947368421,1.0,0.0,0.33333333333333337,0.26968043647701023,0.19246861924686165,0.13829063704375427,0.512287334593573,1.0,0.0,0.0,0.0,0.0,0.0,0.0,0.0,0.0,0.0,0.0,0.0,1.0,0.0,0.0,0.0,0.0,1.0,0.0,0.0,0.0,0.0,0.0,1.0,0.0
7222,0.19753086419753085,0.0,0.0,0.0,0.22222222222222227,0.0,0.7597275893881983,0.07894736842105263,1.0,0.14285714285714285,0.33333333333333337,0.26968043647701023,0.19246861924686165,0.13829063704375427,0.512287334593573,1.0,0.0,1.0,0.0,0.0,0.0,0.0,0.0,0.0,0.0,0.0,0.0,0.0,1.0,0.0,0.0,0.0,0.0,0.0,0.0,1.0,0.0,0.0,0.0,0.0
7223,0.39506172839506176,0.0,0.0,0.0,0.22222222222222227,0.0,0.6360734596286551,0.07894736842105263,1.0,0.14285714285714285,0.33333333333333337,0.26968043647701023,0.19246861924686165,0.13829063704375427,0.512287334593573,0.0,0.0,0.0,0.0,0.0,0.0,0.0,0.0,0.0,1.0,0.0,0.0,1.0,0.0,0.0,0.0,0.0,1.0,0.0,0.0,0.0,0.0,1.0,0.0,0.0
7224,0.25925925925925924,0.0,0.0,0.0,0.22222222222222227,0.0,0.36884433080126383,0.05263157894736842,1.0,0.0,0.33333333333333337,0.26968043647701023,0.19246861924686165,0.13829063704375427,0.512287334593573,0.0,0.0,0.0,0.0,0.0,0.0,0.0,0.0,0.0,0.0,0.0,0.0,0.0,1.0,0.0,0.0,0.0,1.0,0.0,0.0,0.0,0.0,0.0,1.0,0.0
7225,0.18518518518518517,1.0,0.0,0.0,0.22222222222222227,0.0,0.7394543255121515,0.02631578947368421,1.0,0.0,0.33333333333333337,0.26968043647701023,0.19246861924686165,0.13829063704375427,0.512287334593573,1.0,0.0,0.0,0.0,0.0,0.0,0.0,1.0,0.0,0.0,0.0,0.0,1.0,0.0,0.0,0.0,0.0,1.0,0.0,0.0,0.0,0.0,1.0,1.0,0.0
7226,0.4938271604938272,1.0,0.0,0.0,0.22222222222222227,0.0,0.2923123652049422,0.07894736842105263,1.0,0.0,0.33333333333333337,0.26968043647701023,0.19246861924686165,0.13829063704375427,0.512287334593573,0.0,0.0,0.0,0.0,0.0,0.0,0.0,1.0,0.0,0.0,0.0,0.0,1.0,0.0,0.0,0.0,0.0,1.0,0.0,0.0,0.0,0.0,0.0,1.0,0.0
7227,0.25925925925925924,0.5,0.5,0.0,0.22222222222222227,0.0,0.36884433080126383,0.05263157894736842,1.0,0.0,0.33333333333333337,0.26968043647701023,0.19246861924686165,0.13829063704375427,0.512287334593573,0.0,0.0,0.0,0.0,0.0,0.0,0.0,0.0,0.0,0.0,0.0,0.0,1.0,0.0,0.0,0.0,0.0,1.0,0.0,0.0,0.0,0.0,0.0,1.0,0.0
7228,0.19753086419753085,1.0,0.0,0.0,0.22222222222222227,0.0,0.22890743126917404,0.02631578947368421,1.0,0.0,0.33333333333333337,0.26968043647701023,0.19246861924686165,0.13829063704375427,0.512287334593573,0.0,0.0,0.0,0.0,0.0,0.0,0.0,0.0,0.0,1.0,0.0,0.0,1.0,0.0,0.0,0.0,0.0,0.0,0.0,1.0,0.0,0.0,0.0,1.0,0.0
7229,0.14814814814814814,0.0,0.0,0.0,0.22222222222222227,0.0,0.5870502833422594,0.02631578947368421,1.0,0.0,0.33333333333333337,0.26968043647701023,0.19246861924686165,0.13829063704375427,0.512287334593573,0.0,0.0,0.0,0.0,0.0,0.0,0.0,0.0,0.0,0.0,0.0,0.0,0.0,1.0,0.0,0.0,0.0,0.0,0.0,0.0,1.0,0.0,0.0,1.0,0.0
7230,0.19753086419753085,1.0,0.0,0.0,0.22222222222222227,0.0,0.2708649416170843,0.05263157894736842,1.0,0.14285714285714285,0.33333333333333337,0.26968043647701023,0.19246861924686165,0.13829063704375427,0.512287334593573,0.0,0.0,1.0,0.0,0.0,0.0,0.0,0.0,0.0,0.0,0.0,0.0,0.0,1.0,0.0,0.0,0.0,0.0,0.0,0.0,1.0,0.0,0.0,0.0,0.0
7231,0.08641975308641975,0.0,0.0,0.0,0.22222222222222227,0.0,0.49105467050389934,0.02631578947368421,1.0,0.0,0.33333333333333337,0.26968043647701023,0.19246861924686165,0.13829063704375427,0.512287334593573,0.0,0.0,0.0,0.0,1.0,0.0,0.0,0.0,0.0,0.0,0.0,0.0,0.0,1.0,0.0,0.0,0.0,0.0,0.0,0.0,1.0,0.0,0.0,1.0,0.0
7232,0.07407407407407407,1.0,0.0,0.0,0.22222222222222227,0.0,0.3581428520730854,0.13157894736842105,1.0,0.0,0.33333333333333337,0.26968043647701023,0.19246861924686165,0.13829063704375427,0.512287334593573,0.0,0.0,0.0,0.0,0.0,0.0,0.0,1.0,0.0,0.0,0.0,0.0,1.0,0.0,0.0,0.0,1.0,0.0,0.0,0.0,0.0,0.0,1.0,1.0,0.0
7233,0.16049382716049382,1.0,1.0,0.0,0.22222222222222227,0.0,0.36884433080126383,0.05263157894736842,1.0,0.0,0.33333333333333337,0.26968043647701023,0.19246861924686165,0.13829063704375427,0.512287334593573,0.0,0.0,0.0,0.0,0.0,0.0,0.0,0.0,0.0,0.0,0.0,0.0,0.0,1.0,0.0,0.0,0.0,0.0,0.0,0.0,1.0,0.0,0.0,1.0,0.0
7234,0.19753086419753085,1.0,0.0,0.0,0.22222222222222227,0.0,0.7599118261517549,0.02631578947368421,1.0,0.0,0.33333333333333337,0.26968043647701023,0.19246861924686165,0.13829063704375427,0.512287334593573,1.0,0.0,0.0,0.0,0.0,0.0,0.0,0.0,0.0,1.0,0.0,0.0,1.0,0.0,0.0,0.0,0.0,0.0,0.0,1.0,0.0,0.0,0.0,1.0,0.0
7235,0.2345679012345679,0.0,0.0,1.0,0.22222222222222227,0.0,0.3017282010873305,0.10526315789473684,1.0,0.0,0.33333333333333337,0.26968043647701023,0.19246861924686165,0.13829063704375427,0.512287334593573,0.0,0.0,0.0,0.0,0.0,0.0,0.0,0.0,0.0,0.0,0.0,0.0,0.0,1.0,0.0,0.0,0.0,0.0,0.0,0.0,1.0,0.0,0.0,1.0,0.0
7236,0.4691358024691357,0.0,0.0,0.0,0.22222222222222227,0.0,0.6102189047082401,0.02631578947368421,1.0,0.0,0.33333333333333337,0.26968043647701023,0.19246861924686165,0.13829063704375427,0.512287334593573,0.0,0.0,0.0,0.0,0.0,0.0,0.0,0.0,0.0,0.0,0.0,0.0,0.0,0.0,0.0,0.0,0.0,0.0,0.0,0.0,0.0,1.0,1.0,1.0,0.0
7237,0.3333333333333333,0.0,0.0,0.0,0.22222222222222227,0.0,0.6576965892230189,0.07894736842105263,1.0,0.14285714285714285,0.33333333333333337,0.26968043647701023,0.19246861924686165,0.13829063704375427,0.512287334593573,0.0,1.0,0.0,0.0,0.0,0.0,0.0,0.0,0.0,0.0,0.0,0.0,0.0,1.0,0.0,0.0,1.0,0.0,0.0,0.0,0.0,0.0,0.0,0.0,0.0
7238,0.24691358024691357,1.0,0.0,0.0,0.22222222222222227,0.0,0.8314654698537857,0.05263157894736842,0.009009009009009009,0.14285714285714285,0.33333333333333337,0.26968043647701023,0.19246861924686165,0.13829063704375427,0.512287334593573,1.0,0.0,0.0,0.0,1.0,0.0,0.0,0.0,0.0,0.0,0.0,0.0,0.0,0.0,0.0,0.0,0.0,0.0,0.0,0.0,1.0,0.0,0.0,0.0,1.0
7239,0.5061728395061729,1.0,0.0,0.0,0.22222222222222227,0.0,0.848765833470561,0.05263157894736842,1.0,0.14285714285714285,0.33333333333333337,0.26968043647701023,0.19246861924686165,0.13829063704375427,0.512287334593573,1.0,0.0,0.0,0.0,0.0,0.0,0.0,0.0,0.0,0.0,0.0,0.0,1.0,0.0,0.0,0.0,0.0,0.0,0.0,0.0,1.0,0.0,0.0,0.0,0.0
7240,0.35802469135802467,0.0,1.0,0.0,0.22222222222222227,0.0,0.7021298060531943,0.10526315789473684,1.0,0.0,0.33333333333333337,0.26968043647701023,0.19246861924686165,0.13829063704375427,0.512287334593573,1.0,0.0,0.0,0.0,0.0,0.0,0.0,1.0,0.0,0.0,0.0,0.0,0.0,1.0,0.0,0.0,0.0,0.0,0.0,1.0,0.0,0.0,1.0,1.0,0.0
7241,0.18518518518518517,0.0,0.0,0.0,0.22222222222222227,0.0,0.7606459012295749,0.05263157894736842,0.01001001001001001,0.14285714285714285,0.33333333333333337,0.26968043647701023,0.19246861924686165,0.13829063704375427,0.512287334593573,1.0,0.0,0.0,0.0,0.0,0.0,0.0,1.0,0.0,0.0,0.0,0.0,1.0,0.0,0.0,0.0,0.0,1.0,0.0,0.0,0.0,0.0,1.0,0.0,1.0
7242,0.43209876543209874,0.0,1.0,0.0,0.22222222222222227,0.0,0.7600957748201767,0.02631578947368421,1.0,0.0,0.33333333333333337,0.26968043647701023,0.19246861924686165,0.13829063704375427,0.512287334593573,1.0,0.0,0.0,0.0,0.0,0.0,0.0,0.0,0.0,0.0,0.0,0.0,0.0,0.0,0.0,0.0,1.0,0.0,0.0,0.0,0.0,0.0,0.0,1.0,0.0
7243,0.2839506172839506,1.0,0.0,0.0,0.22222222222222227,1.0,0.6778197757555917,0.0,1.0,0.14285714285714285,0.33333333333333337,0.26968043647701023,0.19246861924686165,0.14169122647925642,0.512287334593573,1.0,0.0,0.0,0.0,0.0,0.0,0.0,0.0,0.0,1.0,0.0,0.0,0.0,1.0,0.0,0.0,0.0,0.0,0.0,1.0,0.0,0.0,0.0,0.0,0.0
7244,0.3333333333333333,1.0,0.0,0.0,0.22222222222222227,1.0,0.5779008918534767,0.0,1.0,0.0,0.33333333333333337,0.26968043647701023,0.19246861924686165,0.14169122647925642,0.512287334593573,0.0,0.0,0.0,0.0,0.0,0.0,0.0,0.0,0.0,1.0,0.0,0.0,1.0,0.0,0.0,0.0,0.0,0.0,0.0,1.0,0.0,0.0,0.0,1.0,0.0
7245,0.25925925925925924,1.0,0.0,0.0,0.22222222222222227,1.0,0.6803811399204682,0.0,1.0,0.14285714285714285,0.33333333333333337,0.26968043647701023,0.19246861924686165,0.14169122647925642,0.512287334593573,1.0,0.0,0.0,0.0,0.0,0.0,0.0,1.0,0.0,0.0,0.0,0.0,1.0,0.0,0.0,0.0,0.0,1.0,0.0,0.0,0.0,0.0,0.0,0.0,0.0
7246,0.7901234567901234,1.0,1.0,0.0,0.22222222222222227,1.0,0.608897147549857,0.0,1.0,0.0,0.33333333333333337,0.26968043647701023,0.19246861924686165,0.14169122647925642,0.512287334593573,1.0,0.0,0.0,0.0,0.0,1.0,0.0,0.0,0.0,0.0,0.0,0.0,0.0,0.0,0.0,0.0,0.0,0.0,0.0,0.0,0.0,1.0,1.0,1.0,0.0
7247,0.34567901234567905,0.0,0.0,0.0,0.22222222222222227,1.0,0.7491226516170062,0.0,0.003003003003003003,0.14285714285714285,0.33333333333333337,0.26968043647701023,0.19246861924686165,0.14169122647925642,0.512287334593573,1.0,0.0,0.0,0.0,0.0,0.0,0.0,0.0,0.0,0.0,0.0,0.0,0.0,1.0,0.0,0.0,0.0,0.0,0.0,0.0,1.0,0.0,0.0,0.0,1.0
7248,0.1111111111111111,0.0,0.0,0.0,0.22222222222222227,1.0,0.623268355434684,0.0,1.0,0.14285714285714285,0.33333333333333337,0.26968043647701023,0.19246861924686165,0.14169122647925642,0.512287334593573,1.0,0.0,0.0,0.0,0.0,0.0,0.0,0.0,0.0,1.0,0.0,0.0,0.0,1.0,0.0,0.0,0.0,0.0,0.0,0.0,1.0,0.0,0.0,0.0,0.0
7249,0.2222222222222222,0.0,0.0,0.0,0.22222222222222227,1.0,0.6907674539605011,0.0,1.0,0.0,0.33333333333333337,0.26968043647701023,0.19246861924686165,0.14169122647925642,0.512287334593573,1.0,0.0,0.0,0.0,0.0,0.0,0.0,0.0,0.0,1.0,0.0,0.0,0.0,0.0,0.0,0.0,0.0,0.0,0.0,1.0,0.0,0.0,0.0,1.0,0.0
7250,0.38271604938271603,1.0,0.0,0.0,0.22222222222222227,1.0,0.7859033388293614,0.0,1.0,0.14285714285714285,0.33333333333333337,0.26968043647701023,0.19246861924686165,0.14169122647925642,0.512287334593573,1.0,0.0,1.0,0.0,0.0,0.0,0.0,0.0,0.0,0.0,0.0,0.0,1.0,0.0,0.0,0.0,0.0,0.0,0.0,0.0,1.0,0.0,0.0,0.0,0.0
7251,0.34567901234567905,1.0,0.0,0.0,0.22222222222222227,1.0,0.6594393640539922,0.0,1.0,0.0,0.33333333333333337,0.26968043647701023,0.19246861924686165,0.14169122647925642,0.512287334593573,1.0,0.0,0.0,0.0,0.0,0.0,0.0,0.0,0.0,0.0,0.0,0.0,1.0,0.0,0.0,0.0,0.0,0.0,0.0,0.0,0.0,1.0,0.0,1.0,0.0
7252,0.2716049382716049,1.0,0.0,0.0,0.22222222222222227,1.0,0.5902084636135368,0.0,1.0,0.0,0.33333333333333337,0.26968043647701023,0.19246861924686165,0.14169122647925642,0.512287334593573,0.0,0.0,0.0,0.0,0.0,0.0,0.0,0.0,0.0,1.0,0.0,0.0,0.0,1.0,0.0,0.0,0.0,0.0,0.0,0.0,1.0,0.0,0.0,1.0,0.0
7253,0.2839506172839506,1.0,1.0,0.0,0.22222222222222227,1.0,0.6402196209389266,0.0,1.0,0.0,0.33333333333333337,0.26968043647701023,0.19246861924686165,0.14169122647925642,0.512287334593573,0.0,0.0,0.0,0.0,1.0,0.0,0.0,0.0,0.0,0.0,0.0,0.0,1.0,0.0,0.0,0.0,0.0,1.0,0.0,0.0,0.0,0.0,0.0,1.0,0.0
7254,0.024691358024691357,1.0,0.0,0.0,0.22222222222222227,1.0,0.7291589703963093,0.0,1.0,0.0,0.33333333333333337,0.26968043647701023,0.19246861924686165,0.14169122647925642,0.512287334593573,1.0,0.0,0.0,0.0,0.0,0.0,0.0,0.0,1.0,0.0,0.0,0.0,0.0,1.0,0.0,0.0,1.0,0.0,0.0,0.0,0.0,0.0,0.0,1.0,0.0
7255,0.12345679012345678,1.0,0.0,0.0,0.22222222222222227,1.0,0.7138601512137958,0.0,1.0,0.0,0.33333333333333337,0.26968043647701023,0.19246861924686165,0.14169122647925642,0.512287334593573,1.0,0.0,0.0,0.0,0.0,0.0,0.0,0.0,0.0,0.0,0.0,0.0,0.0,1.0,0.0,0.0,0.0,0.0,0.0,0.0,1.0,0.0,0.0,1.0,0.0
7256,0.39506172839506176,0.0,0.0,1.0,0.22222222222222227,1.0,0.5917563168597532,0.0,1.0,0.0,0.33333333333333337,0.26968043647701023,0.19246861924686165,0.14169122647925642,0.512287334593573,0.0,0.0,0.0,0.0,0.0,0.0,0.0,0.0,0.0,0.0,0.0,0.0,1.0,0.0,0.0,0.0,0.0,0.0,0.0,0.0,1.0,0.0,0.0,1.0,0.0
7257,0.012345679012345678,0.0,0.0,0.0,0.22222222222222227,1.0,0.6594393640539922,0.0,1.0,0.14285714285714285,0.33333333333333337,0.26968043647701023,0.19246861924686165,0.14169122647925642,0.512287334593573,1.0,0.0,0.0,0.0,0.0,0.0,0.0,0.0,1.0,0.0,0.0,0.0,0.0,1.0,0.0,0.0,0.0,1.0,0.0,0.0,0.0,0.0,0.0,0.0,0.0
7258,0.38271604938271603,1.0,0.0,0.0,0.22222222222222227,1.0,0.6774492710414791,0.02631578947368421,1.0,0.0,0.33333333333333337,0.26968043647701023,0.19246861924686165,0.14169122647925642,0.512287334593573,1.0,0.0,1.0,0.0,0.0,0.0,0.0,0.0,0.0,0.0,0.0,0.0,1.0,0.0,0.0,0.0,0.0,0.0,0.0,0.0,1.0,0.0,0.0,1.0,0.0
7259,0.4938271604938272,1.0,0.0,0.0,0.22222222222222227,1.0,0.7433327586536977,0.02631578947368421,1.0,0.0,0.33333333333333337,0.26968043647701023,0.19246861924686165,0.14169122647925642,0.512287334593573,1.0,0.0,0.0,0.0,0.0,0.0,0.0,0.0,0.0,0.0,0.0,0.0,1.0,0.0,0.0,0.0,0.0,0.0,0.0,0.0,1.0,0.0,0.0,1.0,0.0
7260,0.5555555555555556,1.0,0.0,0.0,0.22222222222222227,1.0,0.6121741045570199,0.02631578947368421,1.0,0.14285714285714285,0.33333333333333337,0.26968043647701023,0.19246861924686165,0.14169122647925642,0.512287334593573,0.0,0.0,0.0,0.0,0.0,0.0,0.0,0.0,0.0,1.0,0.0,0.0,1.0,0.0,0.0,0.0,0.0,0.0,0.0,1.0,0.0,0.0,0.0,0.0,0.0
7261,0.7160493827160492,1.0,1.0,0.0,0.22222222222222227,1.0,0.5212197964741162,0.05263157894736842,1.0,0.0,0.33333333333333337,0.26968043647701023,0.19246861924686165,0.14169122647925642,0.512287334593573,0.0,0.0,0.0,0.0,0.0,1.0,0.0,0.0,0.0,0.0,0.0,0.0,0.0,0.0,0.0,0.0,0.0,0.0,0.0,0.0,0.0,0.0,0.0,1.0,0.0
7262,0.3209876543209876,0.0,0.0,0.0,0.22222222222222227,1.0,0.636599792271751,0.0,0.003003003003003003,0.14285714285714285,0.33333333333333337,0.26968043647701023,0.19246861924686165,0.14169122647925642,0.512287334593573,1.0,0.0,0.0,0.0,0.0,0.0,0.0,0.0,0.0,1.0,0.0,0.0,1.0,0.0,0.0,0.0,0.0,1.0,0.0,0.0,0.0,0.0,0.0,0.0,1.0
7263,0.25925925925925924,1.0,1.0,0.0,0.22222222222222227,1.0,0.5169416832156455,0.0,1.0,0.0,0.33333333333333337,0.26968043647701023,0.19246861924686165,0.14169122647925642,0.512287334593573,0.0,0.0,0.0,0.0,0.0,0.0,0.0,0.0,0.0,0.0,0.0,0.0,1.0,0.0,0.0,0.0,0.0,0.0,0.0,0.0,1.0,0.0,0.0,1.0,0.0
7264,0.1111111111111111,0.0,1.0,0.0,0.22222222222222227,1.0,0.6128186823313415,0.02631578947368421,1.0,0.0,0.33333333333333337,0.26968043647701023,0.19246861924686165,0.14169122647925642,0.512287334593573,1.0,0.0,0.0,0.0,0.0,0.0,0.0,0.0,1.0,0.0,0.0,0.0,0.0,1.0,0.0,0.0,0.0,0.0,0.0,1.0,0.0,0.0,0.0,1.0,0.0
7265,0.13580246913580246,0.0,0.0,0.0,0.22222222222222227,1.0,0.6226787043279698,0.0,0.003003003003003003,0.14285714285714285,0.33333333333333337,0.26968043647701023,0.19246861924686165,0.14169122647925642,0.512287334593573,1.0,0.0,0.0,0.0,0.0,0.0,0.0,0.0,0.0,1.0,0.0,0.0,0.0,1.0,0.0,0.0,0.0,0.0,0.0,1.0,0.0,0.0,0.0,0.0,1.0
7266,0.1728395061728395,0.0,0.0,0.0,0.22222222222222227,1.0,0.6685887555427749,0.02631578947368421,1.0,0.0,0.33333333333333337,0.26968043647701023,0.19246861924686165,0.14169122647925642,0.512287334593573,1.0,0.0,0.0,0.0,0.0,0.0,0.0,1.0,0.0,0.0,0.0,0.0,0.0,1.0,0.0,0.0,0.0,1.0,0.0,0.0,0.0,0.0,0.0,1.0,0.0
7267,0.13580246913580246,1.0,0.0,0.0,0.22222222222222227,1.0,0.46252089605584185,0.02631578947368421,1.0,0.0,0.33333333333333337,0.26968043647701023,0.19246861924686165,0.14169122647925642,0.512287334593573,0.0,0.0,0.0,0.0,0.0,0.0,0.0,0.0,0.0,0.0,0.0,0.0,0.0,1.0,0.0,0.0,0.0,0.0,0.0,0.0,1.0,0.0,0.0,1.0,0.0
7268,0.2222222222222222,1.0,1.0,1.0,0.22222222222222227,1.0,0.6407277649233879,0.02631578947368421,1.0,0.0,0.33333333333333337,0.26968043647701023,0.19246861924686165,0.14169122647925642,0.512287334593573,1.0,0.0,0.0,0.0,0.0,0.0,0.0,0.0,0.0,1.0,0.0,0.0,1.0,0.0,0.0,0.0,0.0,0.0,0.0,0.0,1.0,0.0,0.0,1.0,0.0
7269,0.16049382716049382,1.0,1.0,0.0,0.22222222222222227,1.0,0.7186622526414759,0.07894736842105263,1.0,0.0,0.33333333333333337,0.26968043647701023,0.19246861924686165,0.14169122647925642,0.512287334593573,1.0,0.0,0.0,0.0,0.0,0.0,0.0,0.0,0.0,0.0,0.0,0.0,1.0,0.0,0.0,0.0,0.0,0.0,0.0,0.0,1.0,0.0,0.0,1.0,0.0
7270,0.24691358024691357,1.0,0.0,0.0,0.22222222222222227,1.0,0.7682607660080375,0.0,1.0,0.0,0.33333333333333337,0.26968043647701023,0.19246861924686165,0.14169122647925642,0.512287334593573,1.0,0.0,0.0,0.0,0.0,0.0,0.0,0.0,0.0,0.0,0.0,0.0,1.0,0.0,0.0,0.0,0.0,0.0,0.0,0.0,1.0,0.0,0.0,1.0,0.0
7271,0.24691358024691357,0.0,0.0,0.0,0.22222222222222227,1.0,0.6665709505038611,0.02631578947368421,1.0,0.0,0.33333333333333337,0.26968043647701023,0.19246861924686165,0.14169122647925642,0.512287334593573,1.0,0.0,0.0,1.0,0.0,0.0,0.0,0.0,0.0,0.0,0.0,0.0,0.0,1.0,0.0,0.0,0.0,0.0,0.0,0.0,1.0,0.0,0.0,1.0,0.0
7272,0.1111111111111111,1.0,0.0,1.0,0.22222222222222227,1.0,0.3738508374054576,0.02631578947368421,1.0,0.0,0.33333333333333337,0.26968043647701023,0.19246861924686165,0.14169122647925642,0.512287334593573,0.0,0.0,0.0,0.0,0.0,0.0,0.0,0.0,0.0,0.0,0.0,0.0,0.0,1.0,0.0,0.0,0.0,0.0,0.0,0.0,1.0,0.0,0.0,1.0,0.0
7273,0.2345679012345679,1.0,1.0,0.0,0.22222222222222227,0.0,0.5440593682563573,0.0,1.0,0.0,0.33333333333333337,0.26968043647701023,0.19246861924686165,0.14282475629109048,0.512287334593573,0.0,0.0,0.0,0.0,0.0,0.0,0.0,0.0,0.0,1.0,0.0,0.0,1.0,0.0,0.0,0.0,0.0,0.0,0.0,0.0,1.0,0.0,0.0,1.0,0.0
7274,0.3333333333333333,1.0,1.0,0.0,0.22222222222222227,0.0,0.664517928944963,0.0,1.0,0.14285714285714285,0.33333333333333337,0.26968043647701023,0.19246861924686165,0.14282475629109048,0.512287334593573,1.0,0.0,0.0,0.0,0.0,0.0,0.0,1.0,0.0,0.0,0.0,0.0,1.0,0.0,0.0,0.0,0.0,1.0,0.0,0.0,0.0,0.0,0.0,0.0,0.0
7275,0.4444444444444445,0.0,0.0,0.0,0.22222222222222227,0.0,0.7111051037563383,0.0,1.0,0.0,0.33333333333333337,0.26968043647701023,0.19246861924686165,0.14282475629109048,0.512287334593573,1.0,0.0,0.0,0.0,0.0,0.0,0.0,0.0,0.0,1.0,0.0,0.0,1.0,0.0,0.0,0.0,0.0,0.0,0.0,1.0,0.0,0.0,0.0,1.0,0.0
7276,0.2345679012345679,0.0,0.0,0.0,0.22222222222222227,0.0,0.5631773068220264,0.0,1.0,0.0,0.33333333333333337,0.26968043647701023,0.19246861924686165,0.14282475629109048,0.512287334593573,1.0,0.0,0.0,0.0,0.0,0.0,0.0,0.0,0.0,0.0,0.0,0.0,1.0,0.0,0.0,0.0,0.0,1.0,0.0,0.0,0.0,0.0,0.0,1.0,0.0
7277,0.4567901234567901,0.0,0.0,0.0,0.22222222222222227,0.0,0.7042171765284851,0.0,1.0,0.14285714285714285,0.33333333333333337,0.26968043647701023,0.19246861924686165,0.14282475629109048,0.512287334593573,1.0,0.0,0.0,0.0,1.0,0.0,0.0,0.0,0.0,0.0,0.0,0.0,1.0,0.0,0.0,0.0,0.0,0.0,0.0,0.0,1.0,0.0,0.0,0.0,0.0
7278,0.2345679012345679,0.0,0.0,0.0,0.22222222222222227,0.0,0.6814620217929135,0.0,1.0,0.0,0.33333333333333337,0.26968043647701023,0.19246861924686165,0.14282475629109048,0.512287334593573,0.0,0.0,0.0,0.0,0.0,0.0,0.0,0.0,0.0,0.0,0.0,0.0,0.0,1.0,0.0,0.0,0.0,0.0,0.0,0.0,1.0,0.0,0.0,1.0,0.0
7279,0.4691358024691357,0.0,1.0,0.0,0.22222222222222227,0.0,0.6697830312775754,0.0,1.0,0.0,0.33333333333333337,0.26968043647701023,0.19246861924686165,0.14282475629109048,0.512287334593573,1.0,0.0,0.0,0.0,0.0,0.0,0.0,0.0,0.0,0.0,1.0,0.0,1.0,0.0,0.0,0.0,1.0,0.0,0.0,0.0,0.0,0.0,0.0,1.0,0.0
7280,0.30864197530864196,1.0,0.0,0.0,0.22222222222222227,0.0,0.6568154229344138,0.0,1.0,0.0,0.33333333333333337,0.26968043647701023,0.19246861924686165,0.14282475629109048,0.512287334593573,0.0,0.0,1.0,0.0,0.0,0.0,0.0,0.0,0.0,0.0,0.0,0.0,1.0,0.0,0.0,0.0,0.0,0.0,0.0,0.0,1.0,0.0,0.0,1.0,0.0
7281,0.24691358024691357,0.0,0.0,0.0,0.22222222222222227,0.0,0.47140323828241015,0.0,1.0,0.0,0.33333333333333337,0.26968043647701023,0.19246861924686165,0.14282475629109048,0.512287334593573,0.0,1.0,0.0,0.0,0.0,0.0,0.0,0.0,0.0,0.0,0.0,0.0,0.0,1.0,0.0,0.0,0.0,0.0,0.0,1.0,0.0,0.0,0.0,1.0,0.0
7282,0.48148148148148145,1.0,0.0,0.0,0.22222222222222227,0.0,0.7959419738005811,0.0,1.0,0.0,0.33333333333333337,0.26968043647701023,0.19246861924686165,0.14282475629109048,0.512287334593573,1.0,0.0,0.0,0.0,0.0,0.0,0.0,0.0,0.0,0.0,0.0,0.0,0.0,0.0,0.0,0.0,0.0,0.0,0.0,0.0,1.0,0.0,0.0,1.0,0.0
7283,0.35802469135802467,0.0,0.0,0.0,0.22222222222222227,0.0,0.6585712040288184,0.0,1.0,0.14285714285714285,0.33333333333333337,0.26968043647701023,0.19246861924686165,0.14282475629109048,0.512287334593573,1.0,0.0,0.0,0.0,0.0,0.0,0.0,0.0,0.0,0.0,0.0,0.0,0.0,1.0,0.0,0.0,0.0,0.0,0.0,0.0,1.0,0.0,0.0,0.0,0.0
7284,0.35802469135802467,1.0,0.0,0.0,0.22222222222222227,0.0,0.5331930189342876,0.0,1.0,0.0,0.33333333333333337,0.26968043647701023,0.19246861924686165,0.14282475629109048,0.512287334593573,0.0,0.0,0.0,0.0,0.0,0.0,0.0,0.0,0.0,0.0,0.0,0.0,0.0,1.0,0.0,0.0,0.0,0.0,0.0,0.0,1.0,0.0,0.0,1.0,0.0
7285,0.20987654320987653,1.0,0.0,0.0,0.22222222222222227,0.0,0.8022736445509484,0.02631578947368421,1.0,0.0,0.33333333333333337,0.26968043647701023,0.19246861924686165,0.14282475629109048,0.512287334593573,1.0,0.0,0.0,0.0,0.0,0.0,0.0,0.0,0.0,0.0,0.0,0.0,1.0,0.0,0.0,0.0,0.0,0.0,0.0,0.0,1.0,0.0,0.0,1.0,0.0
7286,0.4567901234567901,0.0,0.0,0.0,0.22222222222222227,0.0,0.6849948743751764,0.0,1.0,0.0,0.33333333333333337,0.26968043647701023,0.19246861924686165,0.14282475629109048,0.512287334593573,1.0,0.0,0.0,0.0,0.0,0.0,0.0,0.0,0.0,0.0,0.0,0.0,0.0,1.0,0.0,0.0,0.0,0.0,0.0,0.0,1.0,0.0,0.0,1.0,0.0
7287,0.3209876543209876,0.0,1.0,0.0,0.22222222222222227,0.0,0.7281986781289764,0.0,0.003003003003003003,0.14285714285714285,0.33333333333333337,0.26968043647701023,0.19246861924686165,0.14282475629109048,0.512287334593573,1.0,1.0,0.0,0.0,0.0,0.0,0.0,0.0,0.0,0.0,0.0,0.0,1.0,0.0,0.0,0.0,1.0,0.0,0.0,0.0,0.0,0.0,0.0,0.0,1.0
7288,0.09876543209876543,0.5,0.5,0.0,0.22222222222222227,0.0,0.7550253186903606,0.15789473684210525,1.0,0.0,0.33333333333333337,0.26968043647701023,0.19246861924686165,0.14282475629109048,0.512287334593573,1.0,0.0,0.0,0.0,0.0,0.0,0.0,0.0,0.0,0.0,0.0,0.0,1.0,0.0,0.0,0.0,0.0,0.0,0.0,0.0,1.0,0.0,0.0,1.0,0.0
7289,0.24691358024691357,1.0,0.0,0.0,0.22222222222222227,0.0,0.6665709505038611,0.0,0.003003003003003003,0.14285714285714285,0.33333333333333337,0.26968043647701023,0.19246861924686165,0.14282475629109048,0.512287334593573,1.0,0.0,0.0,0.0,0.0,0.0,0.0,0.0,0.0,1.0,0.0,0.0,1.0,0.0,0.0,0.0,0.0,0.0,0.0,0.0,1.0,0.0,0.0,0.0,1.0
7290,0.19753086419753085,1.0,0.0,0.0,0.22222222222222227,0.0,0.5078883596370491,0.0,1.0,0.14285714285714285,0.33333333333333337,0.26968043647701023,0.19246861924686165,0.14282475629109048,0.512287334593573,0.0,0.0,0.0,0.0,0.0,0.0,0.0,0.0,0.0,0.0,1.0,0.0,1.0,0.0,0.0,0.0,0.0,1.0,0.0,0.0,0.0,0.0,0.0,0.0,0.0
7291,0.2345679012345679,1.0,0.0,0.0,0.22222222222222227,0.0,0.8200028747644124,0.0,1.0,0.0,0.33333333333333337,0.26968043647701023,0.19246861924686165,0.14282475629109048,0.512287334593573,1.0,0.0,0.0,0.0,0.0,0.0,0.0,0.0,0.0,0.0,0.0,0.0,1.0,0.0,0.0,0.0,0.0,0.0,0.0,0.0,1.0,0.0,0.0,1.0,0.0
7292,0.4074074074074074,0.0,1.0,0.0,0.22222222222222227,0.0,0.6312273906618776,0.07894736842105263,1.0,0.0,0.33333333333333337,0.26968043647701023,0.19246861924686165,0.14282475629109048,0.512287334593573,1.0,0.0,0.0,0.0,0.0,0.0,0.0,0.0,0.0,0.0,0.0,0.0,0.0,0.0,0.0,0.0,0.0,0.0,0.0,0.0,1.0,0.0,0.0,1.0,0.0
7293,0.2345679012345679,1.0,0.0,0.0,0.22222222222222227,0.0,0.608897147549857,0.0,1.0,0.0,0.33333333333333337,0.26968043647701023,0.19246861924686165,0.14282475629109048,0.512287334593573,0.0,0.0,0.0,0.0,0.0,0.0,1.0,0.0,0.0,0.0,0.0,0.0,1.0,0.0,0.0,0.0,0.0,0.0,0.0,0.0,1.0,0.0,0.0,1.0,0.0
7294,0.2222222222222222,1.0,0.0,0.0,0.22222222222222227,0.0,0.6381648062569562,0.0,1.0,0.0,0.33333333333333337,0.26968043647701023,0.19246861924686165,0.14282475629109048,0.512287334593573,1.0,0.0,0.0,0.0,0.0,0.0,0.0,0.0,0.0,0.0,0.0,0.0,1.0,0.0,0.0,0.0,0.0,1.0,0.0,0.0,0.0,0.0,0.0,1.0,0.0
7295,0.3209876543209876,1.0,0.0,0.0,0.22222222222222227,0.0,0.5846247304098844,0.0,1.0,0.0,0.33333333333333337,0.26968043647701023,0.19246861924686165,0.14282475629109048,0.512287334593573,0.0,0.0,0.0,0.0,0.0,0.0,0.0,0.0,0.0,1.0,0.0,0.0,0.0,0.0,0.0,0.0,0.0,0.0,0.0,1.0,0.0,0.0,0.0,1.0,0.0
7296,0.30864197530864196,0.0,0.0,0.0,0.22222222222222227,0.0,0.6981521658814236,0.0,1.0,0.0,0.33333333333333337,0.26968043647701023,0.19246861924686165,0.14282475629109048,0.512287334593573,1.0,0.0,0.0,0.0,0.0,0.0,0.0,0.0,0.0,1.0,0.0,0.0,1.0,0.0,0.0,0.0,0.0,0.0,0.0,1.0,0.0,0.0,0.0,1.0,0.0
7297,0.16049382716049382,1.0,0.0,0.0,0.22222222222222227,0.0,0.5962813035550764,0.02631578947368421,1.0,0.0,0.33333333333333337,0.26968043647701023,0.19246861924686165,0.14282475629109048,0.512287334593573,1.0,0.0,0.0,0.0,0.0,0.0,0.0,0.0,0.0,0.0,0.0,0.0,0.0,1.0,0.0,0.0,0.0,1.0,0.0,0.0,0.0,0.0,0.0,1.0,0.0
7298,0.1728395061728395,0.0,0.0,0.0,0.22222222222222227,0.0,0.6554811725306058,0.02631578947368421,1.0,0.0,0.33333333333333337,0.26968043647701023,0.19246861924686165,0.14282475629109048,0.512287334593573,1.0,0.0,0.0,0.0,0.0,0.0,0.0,1.0,0.0,0.0,0.0,0.0,0.0,1.0,0.0,0.0,0.0,0.0,0.0,0.0,1.0,0.0,0.0,1.0,0.0
7299,0.4567901234567901,0.5,0.5,0.0,0.22222222222222227,0.0,0.6901028468283567,0.05263157894736842,1.0,0.14285714285714285,0.33333333333333337,0.26968043647701023,0.19246861924686165,0.14282475629109048,0.512287334593573,1.0,1.0,0.0,0.0,0.0,0.0,0.0,0.0,0.0,0.0,0.0,0.0,1.0,0.0,0.0,0.0,0.0,0.0,0.0,0.0,0.0,0.0,0.0,0.0,0.0
7300,0.13580246913580246,0.0,1.0,0.0,0.22222222222222227,0.0,0.6770775956944137,0.0,1.0,0.0,0.33333333333333337,0.26968043647701023,0.19246861924686165,0.14282475629109048,0.512287334593573,1.0,0.0,0.0,0.0,0.0,0.0,1.0,0.0,0.0,0.0,0.0,0.0,0.0,1.0,0.0,0.0,0.0,0.0,0.0,0.0,1.0,0.0,0.0,1.0,0.0
7301,0.2345679012345679,1.0,0.0,0.0,0.22222222222222227,0.0,0.7091374448666395,0.02631578947368421,1.0,0.14285714285714285,0.33333333333333337,0.26968043647701023,0.19246861924686165,0.14282475629109048,0.512287334593573,1.0,0.0,0.0,0.0,0.0,0.0,1.0,0.0,0.0,0.0,0.0,0.0,1.0,0.0,0.0,0.0,0.0,0.0,0.0,0.0,1.0,0.0,0.0,0.0,0.0
7302,0.20987654320987653,1.0,0.0,0.0,0.22222222222222227,0.0,0.752895241323603,0.02631578947368421,1.0,0.14285714285714285,0.33333333333333337,0.26968043647701023,0.19246861924686165,0.14282475629109048,0.512287334593573,1.0,0.0,0.0,0.0,0.0,0.0,0.0,0.0,0.0,1.0,0.0,0.0,0.0,1.0,0.0,0.0,0.0,0.0,0.0,1.0,0.0,0.0,0.0,0.0,0.0
7303,0.25925925925925924,1.0,0.0,0.0,0.22222222222222227,0.25,0.5550613200712357,0.02631578947368421,1.0,0.0,0.33333333333333337,0.26968043647701023,0.19246861924686165,0.14327816821582406,0.512287334593573,0.0,0.0,0.0,0.0,1.0,0.0,0.0,0.0,0.0,0.0,0.0,0.0,1.0,0.0,0.0,0.0,0.0,0.0,0.0,0.0,1.0,0.0,0.0,1.0,0.0
7304,0.19753086419753085,1.0,0.0,0.0,0.22222222222222227,0.25,0.6006386590863215,0.05263157894736842,1.0,0.0,0.33333333333333337,0.26968043647701023,0.19246861924686165,0.14327816821582406,0.512287334593573,0.0,0.0,0.0,0.0,0.0,0.0,0.0,0.0,0.0,0.0,0.0,0.0,1.0,0.0,0.0,0.0,0.0,0.0,0.0,0.0,1.0,0.0,0.0,1.0,0.0
7305,0.1111111111111111,0.0,0.0,0.0,0.22222222222222227,0.25,0.5779008918534767,0.07894736842105263,1.0,0.14285714285714285,0.33333333333333337,0.26968043647701023,0.19246861924686165,0.14327816821582406,0.512287334593573,0.0,0.0,0.0,0.0,0.0,0.0,0.0,0.0,0.0,0.0,0.0,0.0,0.0,1.0,0.0,0.0,0.0,0.0,0.0,0.0,1.0,0.0,0.0,0.0,0.0
7306,0.1728395061728395,0.0,0.0,0.0,0.22222222222222227,0.25,0.6767047422935657,0.02631578947368421,1.0,0.0,0.33333333333333337,0.26968043647701023,0.19246861924686165,0.14327816821582406,0.512287334593573,0.0,1.0,0.0,0.0,0.0,0.0,0.0,0.0,0.0,0.0,0.0,0.0,0.0,1.0,0.0,0.0,0.0,0.0,0.0,1.0,0.0,0.0,0.0,1.0,0.0
7307,0.2345679012345679,0.0,0.0,0.0,0.22222222222222227,0.25,0.492850661870268,0.0,1.0,0.14285714285714285,0.33333333333333337,0.26968043647701023,0.19246861924686165,0.14327816821582406,0.512287334593573,0.0,0.0,0.0,0.0,0.0,0.0,0.0,0.0,0.0,0.0,0.0,0.0,1.0,0.0,0.0,0.0,0.0,0.0,0.0,0.0,1.0,0.0,0.0,0.0,0.0
7308,0.5308641975308641,1.0,0.0,0.0,0.22222222222222227,0.25,0.5761581170225034,0.0,0.003003003003003003,0.14285714285714285,0.33333333333333337,0.26968043647701023,0.19246861924686165,0.14327816821582406,0.512287334593573,1.0,0.0,0.0,0.0,0.0,1.0,0.0,0.0,0.0,0.0,0.0,0.0,1.0,0.0,0.0,0.0,0.0,0.0,0.0,0.0,1.0,0.0,0.0,0.0,1.0
7309,0.1728395061728395,1.0,0.0,0.0,0.22222222222222227,0.25,0.8215391765374013,0.0,1.0,0.0,0.33333333333333337,0.26968043647701023,0.19246861924686165,0.14327816821582406,0.512287334593573,1.0,0.0,0.0,0.0,0.0,0.0,0.0,0.0,0.0,0.0,0.0,0.0,1.0,0.0,0.0,0.0,0.0,0.0,0.0,0.0,1.0,0.0,0.0,1.0,0.0
7310,0.5061728395061729,1.0,0.0,0.0,0.22222222222222227,0.25,0.7602794362930587,0.0,1.0,0.0,0.33333333333333337,0.26968043647701023,0.19246861924686165,0.14327816821582406,0.512287334593573,1.0,0.0,0.0,0.0,1.0,0.0,0.0,0.0,0.0,0.0,0.0,0.0,1.0,0.0,0.0,0.0,0.0,0.0,0.0,0.0,1.0,0.0,0.0,1.0,0.0
7311,0.19753086419753085,1.0,0.0,0.0,0.22222222222222227,0.25,0.7269871828743492,0.0,1.0,0.0,0.33333333333333337,0.26968043647701023,0.19246861924686165,0.14327816821582406,0.512287334593573,1.0,1.0,0.0,0.0,0.0,0.0,0.0,0.0,0.0,0.0,0.0,0.0,1.0,0.0,0.0,0.0,1.0,0.0,0.0,0.0,0.0,0.0,0.0,1.0,0.0
7312,0.12345679012345678,1.0,1.0,0.0,0.22222222222222227,0.25,0.5319212752022946,0.0,1.0,0.0,0.33333333333333337,0.26968043647701023,0.19246861924686165,0.14327816821582406,0.512287334593573,1.0,0.0,0.0,0.0,0.0,0.0,0.0,0.0,1.0,0.0,0.0,0.0,0.0,1.0,0.0,0.0,0.0,1.0,0.0,0.0,0.0,0.0,0.0,1.0,0.0
7313,0.419753086419753,1.0,0.0,0.0,0.22222222222222227,0.25,0.672135812695421,0.0,1.0,0.14285714285714285,0.33333333333333337,0.26968043647701023,0.19246861924686165,0.14327816821582406,0.512287334593573,0.0,0.0,0.0,0.0,0.0,1.0,0.0,0.0,0.0,0.0,0.0,0.0,1.0,0.0,0.0,0.0,0.0,1.0,0.0,0.0,0.0,0.0,0.0,0.0,0.0
7314,0.2222222222222222,0.0,0.0,0.0,0.22222222222222227,0.25,0.6062082270603242,0.02631578947368421,1.0,0.0,0.33333333333333337,0.26968043647701023,0.19246861924686165,0.14327816821582406,0.512287334593573,0.0,0.0,0.0,0.0,0.0,0.0,0.0,0.0,0.0,0.0,0.0,0.0,1.0,0.0,0.0,0.0,0.0,1.0,0.0,0.0,0.0,0.0,0.0,1.0,0.0
7315,0.2222222222222222,0.0,0.0,1.0,0.22222222222222227,0.25,0.5660820259952785,0.02631578947368421,1.0,0.0,0.33333333333333337,0.26968043647701023,0.19246861924686165,0.14327816821582406,0.512287334593573,0.0,0.0,0.0,0.0,0.0,0.0,0.0,0.0,0.0,0.0,0.0,0.0,1.0,0.0,0.0,0.0,0.0,1.0,0.0,0.0,0.0,0.0,0.0,1.0,0.0
7316,0.19753086419753085,1.0,0.0,0.0,0.22222222222222227,0.25,0.6013494476505862,0.0,1.0,0.14285714285714285,0.33333333333333337,0.26968043647701023,0.19246861924686165,0.14327816821582406,0.512287334593573,1.0,0.0,0.0,0.0,0.0,0.0,0.0,0.0,0.0,0.0,0.0,0.0,1.0,0.0,0.0,0.0,0.0,0.0,0.0,0.0,1.0,0.0,0.0,0.0,0.0
7317,0.13580246913580246,1.0,0.0,0.0,0.22222222222222227,0.25,0.6811028302176989,0.0,1.0,0.0,0.33333333333333337,0.26968043647701023,0.19246861924686165,0.14327816821582406,0.512287334593573,1.0,0.0,0.0,0.0,0.0,0.0,0.0,0.0,0.0,1.0,0.0,0.0,0.0,1.0,0.0,0.0,0.0,0.0,0.0,0.0,1.0,0.0,0.0,1.0,0.0
7318,0.1728395061728395,1.0,0.0,0.0,0.22222222222222227,0.25,0.6284462883305656,0.02631578947368421,1.0,0.14285714285714285,0.33333333333333337,0.26968043647701023,0.19246861924686165,0.14327816821582406,0.512287334593573,1.0,0.0,0.0,0.0,0.0,0.0,0.0,0.0,0.0,0.0,0.0,0.0,1.0,0.0,0.0,0.0,0.0,1.0,0.0,0.0,0.0,0.0,0.0,0.0,0.0
7319,0.2222222222222222,0.0,0.0,0.0,0.22222222222222227,0.25,0.4980797516051752,0.0,1.0,0.0,0.33333333333333337,0.26968043647701023,0.19246861924686165,0.14327816821582406,0.512287334593573,0.0,0.0,0.0,0.0,1.0,0.0,0.0,0.0,0.0,0.0,0.0,0.0,0.0,1.0,0.0,0.0,0.0,0.0,0.0,0.0,1.0,0.0,0.0,1.0,0.0
7320,0.06172839506172839,0.0,0.0,0.0,0.22222222222222227,0.25,0.6729097309439991,0.0,1.0,0.0,0.33333333333333337,0.26968043647701023,0.19246861924686165,0.14327816821582406,0.512287334593573,0.0,0.0,0.0,0.0,0.0,0.0,0.0,0.0,1.0,0.0,0.0,0.0,0.0,1.0,0.0,0.0,0.0,1.0,0.0,0.0,0.0,0.0,0.0,1.0,0.0
7321,0.24691358024691357,1.0,0.0,0.0,0.22222222222222227,0.25,0.6360734596286551,0.0,0.002002002002002002,0.14285714285714285,0.33333333333333337,0.26968043647701023,0.19246861924686165,0.14327816821582406,0.512287334593573,0.0,0.0,1.0,0.0,0.0,0.0,0.0,0.0,0.0,0.0,0.0,0.0,0.0,1.0,0.0,0.0,1.0,0.0,0.0,0.0,0.0,0.0,0.0,0.0,1.0
7322,0.2345679012345679,0.0,0.0,1.0,0.22222222222222227,0.25,0.8476359711139019,0.0,1.0,0.0,0.33333333333333337,0.26968043647701023,0.19246861924686165,0.14327816821582406,0.512287334593573,1.0,0.0,0.0,0.0,0.0,0.0,0.0,0.0,0.0,0.0,0.0,0.0,1.0,0.0,0.0,0.0,0.0,1.0,0.0,0.0,0.0,0.0,0.0,1.0,0.0
7323,0.30864197530864196,0.0,0.0,0.0,0.22222222222222227,0.25,0.5239878100544288,0.0,1.0,0.0,0.33333333333333337,0.26968043647701023,0.19246861924686165,0.14327816821582406,0.512287334593573,0.0,0.0,0.0,0.0,0.0,0.0,0.0,0.0,0.0,0.0,0.0,0.0,1.0,0.0,0.0,0.0,0.0,0.0,0.0,0.0,1.0,0.0,0.0,1.0,0.0
7324,0.14814814814814814,1.0,0.0,0.0,0.22222222222222227,0.25,0.5280214103388018,0.0,1.0,0.0,0.33333333333333337,0.26968043647701023,0.19246861924686165,0.14327816821582406,0.512287334593573,0.0,0.0,0.0,0.0,0.0,0.0,0.0,0.0,0.0,0.0,0.0,0.0,0.0,1.0,0.0,0.0,0.0,0.0,0.0,0.0,1.0,0.0,0.0,1.0,0.0
7325,0.09876543209876543,1.0,0.0,0.0,0.22222222222222227,0.25,0.6391967001499177,0.0,1.0,0.0,0.33333333333333337,0.26968043647701023,0.19246861924686165,0.14327816821582406,0.512287334593573,1.0,0.0,0.0,0.0,0.0,0.0,0.0,0.0,0.0,0.0,0.0,0.0,0.0,1.0,0.0,0.0,0.0,0.0,0.0,0.0,1.0,0.0,0.0,1.0,0.0
7326,0.06172839506172839,1.0,1.0,0.0,0.22222222222222227,0.25,0.5743891340707834,0.02631578947368421,1.0,0.0,0.33333333333333337,0.26968043647701023,0.19246861924686165,0.14327816821582406,0.512287334593573,1.0,0.0,0.0,0.0,0.0,0.0,0.0,0.0,1.0,0.0,0.0,0.0,0.0,1.0,0.0,0.0,0.0,1.0,0.0,0.0,0.0,0.0,0.0,1.0,0.0
7327,0.13580246913580246,1.0,0.0,0.0,0.22222222222222227,0.25,0.7021298060531943,0.0,1.0,0.0,0.33333333333333337,0.26968043647701023,0.19246861924686165,0.14327816821582406,0.512287334593573,1.0,1.0,0.0,0.0,0.0,0.0,0.0,0.0,0.0,0.0,0.0,0.0,1.0,0.0,0.0,0.0,1.0,0.0,0.0,0.0,0.0,0.0,0.0,1.0,0.0
7328,0.12345679012345678,1.0,0.0,0.0,0.22222222222222227,0.25,0.5813108450867737,0.0,0.001001001001001001,0.14285714285714285,0.33333333333333337,0.26968043647701023,0.19246861924686165,0.14327816821582406,0.512287334593573,0.0,0.0,0.0,0.0,0.0,0.0,0.0,1.0,0.0,0.0,0.0,0.0,1.0,0.0,0.0,0.0,0.0,0.0,0.0,0.0,1.0,0.0,0.0,0.0,1.0
7329,0.12345679012345678,1.0,0.0,0.0,0.22222222222222227,0.25,0.7176119318291706,0.0,1.0,0.0,0.33333333333333337,0.26968043647701023,0.19246861924686165,0.14327816821582406,0.512287334593573,1.0,0.0,0.0,0.0,0.0,0.0,0.0,1.0,0.0,0.0,0.0,0.0,1.0,0.0,0.0,0.0,0.0,0.0,0.0,0.0,1.0,0.0,0.0,1.0,0.0
7330,0.12345679012345678,0.0,0.0,0.0,0.22222222222222227,0.25,0.636599792271751,0.0,1.0,0.0,0.33333333333333337,0.26968043647701023,0.19246861924686165,0.14327816821582406,0.512287334593573,0.0,0.0,0.0,0.0,0.0,0.0,0.0,1.0,0.0,0.0,0.0,0.0,1.0,0.0,0.0,0.0,0.0,0.0,0.0,0.0,1.0,0.0,0.0,1.0,0.0
7331,0.18518518518518517,1.0,0.0,0.0,0.22222222222222227,0.25,0.7485157621394414,0.0,1.0,0.0,0.33333333333333337,0.26968043647701023,0.19246861924686165,0.14327816821582406,0.512287334593573,1.0,0.0,0.0,0.0,0.0,0.0,0.0,0.0,0.0,1.0,0.0,0.0,1.0,0.0,0.0,0.0,0.0,0.0,0.0,1.0,0.0,0.0,0.0,1.0,0.0
7332,0.2716049382716049,1.0,0.0,0.0,0.22222222222222227,0.25,0.5787626916748434,0.0,1.0,0.0,0.33333333333333337,0.26968043647701023,0.19246861924686165,0.14327816821582406,0.512287334593573,0.0,1.0,0.0,0.0,0.0,0.0,0.0,0.0,0.0,0.0,0.0,0.0,1.0,0.0,0.0,0.0,1.0,0.0,0.0,0.0,0.0,0.0,0.0,1.0,0.0
7333,0.38271604938271603,0.0,0.0,0.0,0.22222222222222227,0.25,0.6509210996671051,0.02631578947368421,1.0,0.0,0.33333333333333337,0.26968043647701023,0.19246861924686165,0.14327816821582406,0.512287334593573,0.0,1.0,0.0,0.0,0.0,0.0,0.0,0.0,0.0,0.0,0.0,0.0,1.0,0.0,0.0,0.0,0.0,1.0,0.0,0.0,0.0,0.0,0.0,1.0,0.0
7334,0.09876543209876543,0.0,0.0,0.0,0.22222222222222227,0.25,0.5169416832156455,0.0,1.0,0.14285714285714285,0.33333333333333337,0.26968043647701023,0.19246861924686165,0.14327816821582406,0.512287334593573,0.0,0.0,0.0,0.0,0.0,0.0,0.0,0.0,0.0,0.0,0.0,0.0,0.0,1.0,0.0,0.0,0.0,0.0,0.0,0.0,1.0,0.0,0.0,0.0,0.0
7335,0.09876543209876543,1.0,0.0,0.0,0.22222222222222227,0.25,0.7127658628623931,0.0,1.0,0.0,0.33333333333333337,0.26968043647701023,0.19246861924686165,0.14327816821582406,0.512287334593573,1.0,0.0,0.0,0.0,0.0,0.0,0.0,0.0,0.0,0.0,0.0,0.0,0.0,1.0,0.0,0.0,0.0,0.0,0.0,0.0,1.0,0.0,0.0,1.0,0.0
7336,0.04938271604938271,1.0,0.0,0.0,0.22222222222222227,0.25,0.6381648062569562,0.02631578947368421,1.0,0.0,0.33333333333333337,0.26968043647701023,0.19246861924686165,0.14327816821582406,0.512287334593573,1.0,0.0,0.0,0.0,0.0,0.0,0.0,0.0,1.0,0.0,0.0,0.0,0.0,1.0,0.0,0.0,0.0,1.0,0.0,0.0,0.0,0.0,0.0,1.0,0.0
7337,0.13580246913580246,0.0,0.0,0.0,0.22222222222222227,0.25,0.703921238889424,0.05263157894736842,1.0,0.0,0.33333333333333337,0.26968043647701023,0.19246861924686165,0.14327816821582406,0.512287334593573,1.0,0.0,0.0,0.0,0.0,0.0,0.0,1.0,0.0,0.0,0.0,0.0,1.0,0.0,0.0,0.0,1.0,0.0,0.0,0.0,0.0,0.0,0.0,1.0,0.0
7338,0.06172839506172839,0.0,0.0,0.0,0.22222222222222227,0.25,0.6190773470668909,0.0,0.003003003003003003,0.14285714285714285,0.33333333333333337,0.26968043647701023,0.19246861924686165,0.14327816821582406,0.512287334593573,1.0,0.0,0.0,0.0,0.0,0.0,0.0,0.0,0.0,1.0,0.0,0.0,0.0,1.0,0.0,0.0,0.0,0.0,0.0,0.0,0.0,1.0,0.0,0.0,1.0
7339,0.1111111111111111,1.0,0.0,0.0,0.22222222222222227,0.25,0.5813108450867737,0.02631578947368421,1.0,0.0,0.33333333333333337,0.26968043647701023,0.19246861924686165,0.14327816821582406,0.512287334593573,1.0,1.0,0.0,0.0,0.0,0.0,0.0,0.0,0.0,0.0,0.0,0.0,0.0,1.0,0.0,0.0,0.0,0.0,0.0,0.0,1.0,0.0,0.0,1.0,0.0
7340,0.29629629629629634,1.0,0.0,0.0,0.22222222222222227,0.25,0.6513851442510553,0.0,1.0,0.0,0.33333333333333337,0.26968043647701023,0.19246861924686165,0.14327816821582406,0.512287334593573,1.0,1.0,0.0,0.0,0.0,0.0,0.0,0.0,0.0,0.0,0.0,0.0,1.0,0.0,0.0,0.0,1.0,0.0,0.0,0.0,0.0,0.0,0.0,1.0,0.0
7341,0.14814814814814814,0.0,1.0,0.0,0.22222222222222227,0.25,0.614731491134803,0.0,1.0,0.0,0.33333333333333337,0.26968043647701023,0.19246861924686165,0.14327816821582406,0.512287334593573,1.0,0.0,0.0,0.0,0.0,0.0,0.0,0.0,0.0,1.0,0.0,0.0,0.0,1.0,0.0,0.0,0.0,1.0,0.0,0.0,0.0,0.0,0.0,1.0,0.0
7342,0.16049382716049382,0.0,0.0,0.0,0.22222222222222227,0.5,0.6397092724183482,0.05263157894736842,1.0,0.0,0.33333333333333337,0.26968043647701023,0.19246861924686165,0.14418499206529134,0.512287334593573,1.0,0.0,0.0,0.0,0.0,0.0,0.0,0.0,0.0,1.0,0.0,0.0,0.0,1.0,0.0,0.0,0.0,0.0,0.0,1.0,0.0,0.0,0.0,1.0,0.0
7343,0.1728395061728395,0.0,0.0,0.0,0.22222222222222227,0.5,0.7160186548839563,0.0,0.003003003003003003,0.14285714285714285,0.33333333333333337,0.26968043647701023,0.19246861924686165,0.14418499206529134,0.512287334593573,1.0,0.0,0.0,0.0,0.0,0.0,0.0,0.0,0.0,0.0,0.0,0.0,0.0,1.0,0.0,0.0,0.0,1.0,0.0,0.0,0.0,0.0,0.0,0.0,1.0
7344,0.4567901234567901,0.0,0.0,0.0,0.22222222222222227,0.5,0.6196852820090151,0.0,0.003003003003003003,0.14285714285714285,0.33333333333333337,0.26968043647701023,0.19246861924686165,0.14418499206529134,0.512287334593573,1.0,0.0,0.0,0.0,0.0,0.0,0.0,0.0,0.0,0.0,1.0,0.0,1.0,0.0,0.0,0.0,1.0,0.0,0.0,0.0,0.0,0.0,0.0,0.0,1.0
7345,0.20987654320987653,1.0,1.0,0.0,0.22222222222222227,0.5,0.6461771040195569,0.0,0.007007007007007007,0.14285714285714285,0.33333333333333337,0.26968043647701023,0.19246861924686165,0.14418499206529134,0.512287334593573,1.0,0.0,0.0,0.0,0.0,0.0,0.0,0.0,0.0,0.0,0.0,0.0,1.0,0.0,0.0,0.0,0.0,0.0,0.0,0.0,1.0,0.0,0.0,0.0,1.0
7346,0.3703703703703703,0.0,0.0,0.0,0.22222222222222227,0.5,0.664102989715846,0.0,1.0,0.0,0.33333333333333337,0.26968043647701023,0.19246861924686165,0.14418499206529134,0.512287334593573,0.0,0.0,0.0,0.0,1.0,0.0,0.0,0.0,0.0,0.0,0.0,0.0,1.0,0.0,0.0,0.0,0.0,1.0,0.0,0.0,0.0,0.0,0.0,1.0,0.0
7347,0.2716049382716049,1.0,0.0,0.0,0.22222222222222227,0.5,0.573494565885327,0.05263157894736842,1.0,0.0,0.33333333333333337,0.26968043647701023,0.19246861924686165,0.14418499206529134,0.512287334593573,0.0,0.0,0.0,0.0,0.0,0.0,0.0,0.0,0.0,0.0,0.0,0.0,0.0,1.0,0.0,0.0,0.0,1.0,0.0,0.0,0.0,0.0,0.0,1.0,0.0
7348,0.1728395061728395,0.0,0.0,0.0,0.22222222222222227,0.5,0.5601990426951532,0.0,1.0,0.0,0.33333333333333337,0.26968043647701023,0.19246861924686165,0.14418499206529134,0.512287334593573,1.0,1.0,0.0,0.0,0.0,0.0,0.0,0.0,0.0,0.0,0.0,0.0,1.0,0.0,0.0,0.0,0.0,0.0,0.0,0.0,0.0,0.0,0.0,1.0,0.0
7349,0.4074074074074074,1.0,1.0,0.0,0.22222222222222227,0.5,0.5940405662922726,0.05263157894736842,1.0,0.0,0.33333333333333337,0.26968043647701023,0.19246861924686165,0.14418499206529134,0.512287334593573,1.0,0.0,0.0,0.0,0.0,0.0,0.0,0.0,0.0,0.0,0.0,0.0,0.0,0.0,0.0,0.0,0.0,0.0,0.0,0.0,1.0,0.0,0.0,1.0,0.0
7350,0.48148148148148145,0.0,0.0,0.0,0.22222222222222227,0.5,0.7829137205063029,0.05263157894736842,0.003003003003003003,0.14285714285714285,0.33333333333333337,0.26968043647701023,0.19246861924686165,0.14418499206529134,0.512287334593573,1.0,0.0,0.0,0.0,0.0,0.0,0.0,0.0,0.0,1.0,0.0,0.0,1.0,0.0,0.0,0.0,0.0,0.0,0.0,0.0,0.0,0.0,0.0,0.0,1.0
7351,0.08641975308641975,1.0,0.0,0.0,0.22222222222222227,0.5,0.5821481094717212,0.02631578947368421,1.0,0.0,0.33333333333333337,0.26968043647701023,0.19246861924686165,0.14418499206529134,0.512287334593573,0.0,0.0,0.0,0.0,0.0,0.0,0.0,0.0,0.0,0.0,0.0,0.0,0.0,1.0,0.0,0.0,0.0,0.0,0.0,0.0,1.0,0.0,0.0,1.0,0.0
7352,0.14814814814814814,1.0,0.0,0.0,0.22222222222222227,0.5,0.6636865816722366,0.07894736842105263,1.0,0.14285714285714285,0.33333333333333337,0.26968043647701023,0.19246861924686165,0.14418499206529134,0.512287334593573,1.0,0.0,0.0,0.0,1.0,0.0,0.0,0.0,0.0,0.0,0.0,0.0,1.0,0.0,0.0,0.0,0.0,0.0,0.0,0.0,1.0,0.0,0.0,0.0,0.0
7353,0.037037037037037035,1.0,0.0,0.0,0.22222222222222227,0.5,0.6701784439170553,0.0,1.0,0.0,0.33333333333333337,0.26968043647701023,0.19246861924686165,0.14418499206529134,0.512287334593573,0.0,0.0,0.0,0.0,0.0,0.0,0.0,0.0,1.0,0.0,0.0,0.0,0.0,1.0,0.0,0.0,0.0,1.0,0.0,0.0,0.0,0.0,0.0,1.0,0.0
7354,0.1111111111111111,0.0,0.0,0.0,0.22222222222222227,0.5,0.5631773068220264,0.0,0.003003003003003003,0.14285714285714285,0.33333333333333337,0.26968043647701023,0.19246861924686165,0.14418499206529134,0.512287334593573,1.0,0.0,0.0,0.0,0.0,0.0,1.0,0.0,0.0,0.0,0.0,0.0,0.0,1.0,0.0,0.0,0.0,0.0,0.0,0.0,1.0,0.0,0.0,0.0,1.0
7355,0.19753086419753085,1.0,0.0,0.0,0.22222222222222227,0.5,0.6238550656258994,0.0,1.0,0.0,0.33333333333333337,0.26968043647701023,0.19246861924686165,0.14418499206529134,0.512287334593573,1.0,0.0,0.0,0.0,0.0,0.0,0.0,0.0,0.0,0.0,0.0,0.0,0.0,1.0,0.0,0.0,0.0,0.0,0.0,0.0,1.0,0.0,0.0,1.0,0.0
7356,0.20987654320987653,0.0,0.0,0.0,0.22222222222222227,0.5,0.8661804949147951,0.0,1.0,0.0,0.33333333333333337,0.26968043647701023,0.19246861924686165,0.14418499206529134,0.512287334593573,0.0,0.0,0.0,0.0,0.0,0.0,0.0,0.0,0.0,0.0,0.0,0.0,1.0,0.0,0.0,0.0,0.0,0.0,0.0,0.0,1.0,0.0,0.0,1.0,0.0
7357,0.18518518518518517,0.0,0.0,0.0,0.22222222222222227,0.5,0.6821771312868369,0.0,1.0,0.0,0.33333333333333337,0.26968043647701023,0.19246861924686165,0.14418499206529134,0.512287334593573,1.0,1.0,0.0,0.0,0.0,0.0,0.0,0.0,0.0,0.0,0.0,0.0,0.0,1.0,0.0,0.0,0.0,1.0,0.0,0.0,0.0,0.0,0.0,1.0,0.0
7358,0.29629629629629634,1.0,1.0,0.0,0.22222222222222227,0.5,0.6261730746079361,0.02631578947368421,1.0,0.0,0.33333333333333337,0.26968043647701023,0.19246861924686165,0.14418499206529134,0.512287334593573,0.0,0.0,0.0,0.0,0.0,0.0,0.0,0.0,0.0,1.0,0.0,0.0,1.0,0.0,0.0,0.0,0.0,0.0,0.0,1.0,0.0,0.0,0.0,1.0,0.0
7359,0.1111111111111111,0.0,0.0,0.0,0.22222222222222227,0.5,0.6949982196033254,0.02631578947368421,1.0,0.0,0.33333333333333337,0.26968043647701023,0.19246861924686165,0.14418499206529134,0.512287334593573,1.0,0.0,0.0,0.0,0.0,0.0,1.0,0.0,0.0,0.0,0.0,0.0,1.0,0.0,0.0,0.0,0.0,0.0,0.0,0.0,1.0,0.0,0.0,1.0,0.0
7360,0.18518518518518517,1.0,0.0,0.0,0.22222222222222227,0.5,0.7085691580151198,0.0,1.0,0.0,0.33333333333333337,0.26968043647701023,0.19246861924686165,0.14418499206529134,0.512287334593573,1.0,0.0,0.0,0.0,0.0,0.0,0.0,0.0,0.0,0.0,0.0,0.0,0.0,1.0,0.0,0.0,0.0,0.0,0.0,0.0,1.0,0.0,0.0,1.0,0.0
7361,0.25925925925925924,0.0,0.0,1.0,0.22222222222222227,0.5,0.6013494476505862,0.0,1.0,0.0,0.33333333333333337,0.26968043647701023,0.19246861924686165,0.14418499206529134,0.512287334593573,1.0,0.0,0.0,0.0,1.0,0.0,0.0,0.0,0.0,0.0,0.0,0.0,1.0,0.0,0.0,0.0,0.0,0.0,0.0,0.0,1.0,0.0,0.0,1.0,0.0
7362,0.43209876543209874,0.0,0.0,0.0,0.22222222222222227,0.5,0.6461771040195569,0.02631578947368421,0.007007007007007007,0.14285714285714285,0.33333333333333337,0.26968043647701023,0.19246861924686165,0.14418499206529134,0.512287334593573,0.0,0.0,0.0,0.0,0.0,0.0,0.0,0.0,0.0,0.0,0.0,0.0,1.0,0.0,0.0,0.0,0.0,0.0,0.0,0.0,1.0,0.0,0.0,0.0,1.0
7363,0.48148148148148145,0.0,0.0,0.0,0.22222222222222227,0.5,0.5518674094137875,0.02631578947368421,1.0,0.0,0.33333333333333337,0.26968043647701023,0.19246861924686165,0.14418499206529134,0.512287334593573,1.0,0.0,0.0,0.0,0.0,1.0,0.0,0.0,0.0,0.0,0.0,0.0,1.0,0.0,0.0,0.0,0.0,0.0,0.0,0.0,1.0,0.0,0.0,1.0,0.0
7364,0.1111111111111111,1.0,0.0,0.0,0.22222222222222227,0.5,0.636599792271751,0.05263157894736842,1.0,0.14285714285714285,0.33333333333333337,0.26968043647701023,0.19246861924686165,0.14418499206529134,0.512287334593573,1.0,0.0,0.0,0.0,0.0,0.0,0.0,0.0,1.0,0.0,0.0,0.0,0.0,1.0,0.0,0.0,0.0,1.0,0.0,0.0,0.0,0.0,0.0,0.0,0.0
7365,0.5432098765432098,0.0,1.0,0.0,0.22222222222222227,0.5,0.5078883596370491,0.02631578947368421,1.0,0.0,0.33333333333333337,0.26968043647701023,0.19246861924686165,0.14418499206529134,0.512287334593573,0.0,1.0,0.0,0.0,0.0,0.0,0.0,0.0,0.0,0.0,0.0,0.0,1.0,0.0,0.0,0.0,0.0,0.0,0.0,0.0,0.0,0.0,0.0,1.0,0.0
7366,0.08641975308641975,0.5,0.5,0.0,0.22222222222222227,0.5,0.6755790384927881,0.02631578947368421,1.0,0.0,0.33333333333333337,0.26968043647701023,0.19246861924686165,0.14418499206529134,0.512287334593573,1.0,0.0,0.0,0.0,0.0,0.0,0.0,0.0,0.0,1.0,0.0,0.0,0.0,1.0,0.0,0.0,0.0,0.0,0.0,1.0,0.0,0.0,0.0,1.0,0.0
7367,0.18518518518518517,1.0,0.0,1.0,0.22222222222222227,0.5,0.7580563436851481,0.02631578947368421,1.0,0.0,0.33333333333333337,0.26968043647701023,0.19246861924686165,0.14418499206529134,0.512287334593573,1.0,0.0,0.0,0.0,0.0,0.0,0.0,1.0,0.0,0.0,0.0,0.0,1.0,0.0,0.0,0.0,0.0,1.0,0.0,0.0,0.0,0.0,0.0,1.0,0.0
7368,0.25925925925925924,1.0,0.0,0.0,0.22222222222222227,0.5,0.6159896330688406,0.02631578947368421,0.002002002002002002,0.14285714285714285,0.33333333333333337,0.26968043647701023,0.19246861924686165,0.14418499206529134,0.512287334593573,1.0,0.0,0.0,0.0,1.0,0.0,0.0,0.0,0.0,0.0,0.0,0.0,1.0,0.0,0.0,0.0,0.0,0.0,0.0,0.0,1.0,0.0,0.0,0.0,1.0
7369,0.08641975308641975,1.0,0.0,0.0,0.22222222222222227,0.75,0.7343048669527241,0.21052631578947367,1.0,0.0,0.33333333333333337,0.26968043647701023,0.19246861924686165,0.14418499206529134,0.512287334593573,1.0,0.0,0.0,0.0,1.0,0.0,0.0,0.0,0.0,0.0,0.0,0.0,0.0,1.0,0.0,0.0,0.0,0.0,0.0,0.0,1.0,0.0,0.0,1.0,0.0
7370,0.6049382716049383,1.0,1.0,0.0,0.22222222222222227,0.75,0.5540062892371289,0.02631578947368421,1.0,0.0,0.33333333333333337,0.26968043647701023,0.19246861924686165,0.14418499206529134,0.512287334593573,0.0,0.0,0.0,0.0,0.0,0.0,0.0,0.0,0.0,0.0,0.0,1.0,1.0,0.0,0.0,0.0,0.0,0.0,0.0,0.0,0.0,0.0,0.0,1.0,0.0
7371,0.06172839506172839,0.0,0.0,0.0,0.22222222222222227,0.75,0.5239878100544288,0.0,1.0,0.0,0.33333333333333337,0.26968043647701023,0.19246861924686165,0.14418499206529134,0.512287334593573,0.0,0.0,0.0,0.0,0.0,0.0,0.0,0.0,1.0,0.0,0.0,0.0,0.0,1.0,0.0,0.0,1.0,0.0,0.0,0.0,0.0,0.0,0.0,1.0,0.0
7372,0.1111111111111111,1.0,0.0,0.0,0.22222222222222227,0.75,0.6075603701023119,0.07894736842105263,0.002002002002002002,0.14285714285714285,0.33333333333333337,0.26968043647701023,0.19246861924686165,0.14418499206529134,0.512287334593573,1.0,0.0,0.0,0.0,0.0,0.0,0.0,0.0,0.0,1.0,0.0,0.0,0.0,1.0,0.0,0.0,0.0,0.0,0.0,0.0,1.0,0.0,0.0,0.0,1.0
7373,0.5308641975308641,1.0,0.0,0.0,0.3333333333333333,0.0,0.6803811399204682,0.05263157894736842,0.003003003003003003,0.14285714285714285,0.10416666666666674,0.2969602494154344,0.41841004184100417,0.14327816821582406,0.4257088846880883,1.0,0.0,0.0,0.0,0.0,0.0,0.0,0.0,0.0,0.0,0.0,0.0,1.0,0.0,0.0,0.0,0.0,0.0,0.0,0.0,1.0,0.0,0.0,0.0,1.0
7374,0.14814814814814814,1.0,0.0,0.0,0.3333333333333333,0.0,0.6693862850347637,0.0,1.0,0.0,0.10416666666666674,0.2969602494154344,0.41841004184100417,0.14327816821582406,0.4257088846880883,1.0,0.0,0.0,0.0,0.0,0.0,0.0,0.0,0.0,0.0,0.0,0.0,0.0,1.0,0.0,0.0,0.0,1.0,0.0,0.0,0.0,0.0,0.0,1.0,0.0
7375,0.2222222222222222,0.0,0.0,0.0,0.3333333333333333,0.0,0.5030862582093689,0.0,1.0,0.0,0.10416666666666674,0.2969602494154344,0.41841004184100417,0.14327816821582406,0.4257088846880883,0.0,1.0,0.0,0.0,0.0,0.0,0.0,0.0,0.0,0.0,0.0,0.0,0.0,1.0,0.0,0.0,0.0,0.0,0.0,1.0,0.0,0.0,0.0,1.0,0.0
7376,0.2222222222222222,1.0,0.0,0.0,0.3333333333333333,0.0,0.6563723521677338,0.0,1.0,0.0,0.10416666666666674,0.2969602494154344,0.41841004184100417,0.14327816821582406,0.4257088846880883,1.0,1.0,0.0,0.0,0.0,0.0,0.0,0.0,0.0,0.0,0.0,0.0,0.0,1.0,0.0,0.0,0.0,0.0,0.0,1.0,0.0,0.0,0.0,1.0,0.0
7377,0.35802469135802467,1.0,0.0,0.0,0.3333333333333333,0.0,0.5540062892371289,0.0,1.0,0.0,0.10416666666666674,0.2969602494154344,0.41841004184100417,0.14327816821582406,0.4257088846880883,0.0,0.0,0.0,0.0,0.0,0.0,0.0,0.0,0.0,0.0,0.0,0.0,0.0,0.0,0.0,0.0,0.0,0.0,0.0,0.0,1.0,0.0,0.0,1.0,0.0
7378,0.18518518518518517,1.0,0.0,0.0,0.3333333333333333,0.0,0.5463436176888766,0.0,1.0,0.14285714285714285,0.10416666666666674,0.2969602494154344,0.41841004184100417,0.14327816821582406,0.4257088846880883,1.0,0.0,0.0,0.0,0.0,0.0,0.0,0.0,0.0,0.0,0.0,0.0,1.0,0.0,0.0,0.0,0.0,0.0,0.0,0.0,1.0,0.0,0.0,0.0,0.0
7379,0.12345679012345678,1.0,1.0,0.0,0.3333333333333333,0.0,0.6828879198511015,0.0,1.0,0.0,0.10416666666666674,0.2969602494154344,0.41841004184100417,0.14327816821582406,0.4257088846880883,1.0,0.0,0.0,0.0,0.0,0.0,0.0,0.0,0.0,0.0,0.0,0.0,0.0,1.0,0.0,0.0,0.0,0.0,0.0,0.0,1.0,0.0,0.0,1.0,0.0
7380,0.24691358024691357,1.0,0.0,0.0,0.3333333333333333,0.0,0.6981521658814236,0.0,1.0,0.0,0.10416666666666674,0.2969602494154344,0.41841004184100417,0.14327816821582406,0.4257088846880883,1.0,0.0,1.0,0.0,0.0,0.0,0.0,0.0,0.0,0.0,0.0,0.0,1.0,0.0,0.0,1.0,0.0,0.0,0.0,0.0,0.0,0.0,0.0,1.0,0.0
7381,0.2345679012345679,1.0,0.0,0.0,0.3333333333333333,0.0,0.6267455095549759,0.0,0.004004004004004004,0.14285714285714285,0.10416666666666674,0.2969602494154344,0.41841004184100417,0.14327816821582406,0.4257088846880883,1.0,0.0,0.0,0.0,0.0,0.0,0.0,0.0,0.0,0.0,1.0,0.0,0.0,1.0,0.0,0.0,0.0,0.0,0.0,0.0,1.0,0.0,0.0,0.0,1.0
7382,0.2345679012345679,1.0,0.0,0.0,0.3333333333333333,0.0,0.6661632026103997,0.0,1.0,0.0,0.10416666666666674,0.2969602494154344,0.41841004184100417,0.14327816821582406,0.4257088846880883,1.0,0.0,0.0,0.0,0.0,0.0,0.0,0.0,0.0,1.0,0.0,0.0,0.0,1.0,0.0,0.0,0.0,0.0,0.0,0.0,1.0,0.0,0.0,1.0,0.0
7383,0.14814814814814814,1.0,0.0,0.0,0.3333333333333333,0.0,0.6559276062712989,0.0,1.0,0.0,0.10416666666666674,0.2969602494154344,0.41841004184100417,0.14327816821582406,0.4257088846880883,1.0,0.0,0.0,0.0,0.0,0.0,0.0,0.0,0.0,0.0,0.0,0.0,1.0,0.0,0.0,0.0,0.0,1.0,0.0,0.0,0.0,0.0,0.0,1.0,0.0
7384,0.2345679012345679,1.0,0.0,0.0,0.3333333333333333,0.0,0.6190773470668909,0.0,1.0,0.0,0.10416666666666674,0.2969602494154344,0.41841004184100417,0.14327816821582406,0.4257088846880883,1.0,0.0,0.0,0.0,0.0,0.0,0.0,0.0,0.0,1.0,0.0,0.0,1.0,0.0,0.0,0.0,0.0,0.0,0.0,0.0,1.0,0.0,0.0,1.0,0.0
7385,0.14814814814814814,1.0,0.0,0.0,0.3333333333333333,0.0,0.5932840675469451,0.0,1.0,0.0,0.10416666666666674,0.2969602494154344,0.41841004184100417,0.14327816821582406,0.4257088846880883,0.0,0.0,0.0,0.0,0.0,0.0,0.0,0.0,0.0,0.0,0.0,0.0,0.0,1.0,0.0,0.0,0.0,0.0,0.0,0.0,1.0,0.0,0.0,1.0,0.0
7386,0.4938271604938272,1.0,0.0,0.0,0.3333333333333333,0.0,0.6020559671887218,0.02631578947368421,1.0,0.0,0.10416666666666674,0.2969602494154344,0.41841004184100417,0.14327816821582406,0.4257088846880883,1.0,0.0,0.0,0.0,0.0,1.0,0.0,0.0,0.0,0.0,0.0,0.0,1.0,0.0,0.0,0.0,0.0,0.0,0.0,1.0,0.0,0.0,0.0,1.0,0.0
7387,0.43209876543209874,1.0,0.0,0.0,0.3333333333333333,0.0,0.6814620217929135,0.0,1.0,0.0,0.10416666666666674,0.2969602494154344,0.41841004184100417,0.14327816821582406,0.4257088846880883,1.0,0.0,0.0,0.0,0.0,0.0,0.0,0.0,0.0,0.0,0.0,0.0,0.0,1.0,0.0,0.0,0.0,0.0,0.0,0.0,1.0,0.0,0.0,1.0,0.0
7388,0.13580246913580246,0.0,0.0,0.0,0.3333333333333333,0.0,0.49977237288625836,0.0,1.0,0.14285714285714285,0.10416666666666674,0.2969602494154344,0.41841004184100417,0.14327816821582406,0.4257088846880883,1.0,0.0,0.0,0.0,0.0,0.0,0.0,0.0,0.0,0.0,0.0,0.0,0.0,1.0,0.0,0.0,0.0,0.0,0.0,0.0,1.0,0.0,0.0,0.0,0.0
7389,0.18518518518518517,0.5,0.5,0.0,0.3333333333333333,0.0,0.6295666315558228,0.02631578947368421,1.0,0.14285714285714285,0.10416666666666674,0.2969602494154344,0.41841004184100417,0.14327816821582406,0.4257088846880883,1.0,0.0,0.0,0.0,0.0,0.0,0.0,0.0,0.0,1.0,0.0,0.0,1.0,0.0,0.0,0.0,0.0,0.0,0.0,1.0,0.0,0.0,0.0,0.0,0.0
7390,0.1728395061728395,0.0,0.0,0.0,0.3333333333333333,0.0,0.5226119446684994,0.0,1.0,0.0,0.10416666666666674,0.2969602494154344,0.41841004184100417,0.14327816821582406,0.4257088846880883,1.0,0.0,0.0,0.0,0.0,0.0,0.0,1.0,0.0,0.0,0.0,0.0,1.0,0.0,0.0,0.0,1.0,0.0,0.0,0.0,0.0,0.0,0.0,1.0,0.0
7391,0.1728395061728395,1.0,0.0,0.0,0.3333333333333333,0.0,0.6284462883305656,0.0,1.0,0.0,0.10416666666666674,0.2969602494154344,0.41841004184100417,0.14327816821582406,0.4257088846880883,0.0,0.0,0.0,0.0,0.0,0.0,0.0,1.0,0.0,0.0,0.0,0.0,1.0,0.0,0.0,0.0,1.0,0.0,0.0,0.0,0.0,0.0,0.0,1.0,0.0
7392,0.1728395061728395,1.0,0.0,0.0,0.3333333333333333,0.0,0.6811028302176989,0.0,1.0,0.0,0.10416666666666674,0.2969602494154344,0.41841004184100417,0.14327816821582406,0.4257088846880883,1.0,0.0,0.0,0.0,0.0,0.0,0.0,1.0,0.0,0.0,0.0,0.0,1.0,0.0,0.0,0.0,1.0,0.0,0.0,0.0,0.0,0.0,0.0,1.0,0.0
7393,0.5185185185185184,1.0,1.0,0.0,0.3333333333333333,0.0,0.8571927959775365,0.0,1.0,0.0,0.10416666666666674,0.2969602494154344,0.41841004184100417,0.14327816821582406,0.4257088846880883,1.0,0.0,0.0,0.0,0.0,1.0,0.0,0.0,0.0,0.0,0.0,0.0,1.0,0.0,0.0,0.0,0.0,0.0,0.0,1.0,0.0,0.0,0.0,1.0,0.0
7394,0.18518518518518517,0.0,0.0,0.0,0.3333333333333333,0.0,0.8182221762478673,0.0,1.0,0.0,0.10416666666666674,0.2969602494154344,0.41841004184100417,0.14327816821582406,0.4257088846880883,1.0,0.0,0.0,0.0,0.0,0.0,0.0,0.0,0.0,1.0,0.0,0.0,0.0,1.0,0.0,0.0,0.0,0.0,0.0,0.0,1.0,0.0,0.0,1.0,0.0
7395,0.19753086419753085,0.0,0.0,0.0,0.3333333333333333,0.0,0.684296740875147,0.02631578947368421,1.0,0.0,0.10416666666666674,0.2969602494154344,0.41841004184100417,0.14327816821582406,0.4257088846880883,1.0,0.0,0.0,0.0,0.0,0.0,0.0,0.0,0.0,0.0,0.0,0.0,1.0,0.0,0.0,0.0,0.0,0.0,0.0,0.0,1.0,0.0,0.0,1.0,0.0
7396,0.24691358024691357,1.0,1.0,0.0,0.3333333333333333,0.0,0.7085691580151198,0.02631578947368421,1.0,0.0,0.10416666666666674,0.2969602494154344,0.41841004184100417,0.14327816821582406,0.4257088846880883,1.0,0.0,0.0,0.0,0.0,0.0,0.0,0.0,0.0,0.0,0.0,0.0,1.0,0.0,0.0,0.0,0.0,0.0,0.0,0.0,1.0,0.0,0.0,1.0,0.0
7397,0.34567901234567905,0.0,0.0,0.0,0.3333333333333333,0.0,0.6095598825393173,0.02631578947368421,1.0,0.0,0.10416666666666674,0.2969602494154344,0.41841004184100417,0.14327816821582406,0.4257088846880883,1.0,1.0,0.0,0.0,0.0,0.0,0.0,0.0,0.0,0.0,0.0,0.0,1.0,0.0,0.0,0.0,1.0,0.0,0.0,0.0,0.0,0.0,0.0,1.0,0.0
7398,0.5925925925925926,0.0,0.0,0.0,0.3333333333333333,0.0,0.7485157621394414,0.0,1.0,0.0,0.10416666666666674,0.2969602494154344,0.41841004184100417,0.14327816821582406,0.4257088846880883,1.0,0.0,0.0,0.0,0.0,1.0,0.0,0.0,0.0,0.0,0.0,0.0,1.0,0.0,0.0,0.0,1.0,0.0,0.0,0.0,0.0,0.0,0.0,1.0,0.0
7399,0.39506172839506176,1.0,0.0,1.0,0.3333333333333333,0.0,0.5925226723355308,0.0,1.0,0.0,0.10416666666666674,0.2969602494154344,0.41841004184100417,0.14327816821582406,0.4257088846880883,0.0,0.0,0.0,0.0,1.0,0.0,0.0,0.0,0.0,0.0,0.0,0.0,1.0,0.0,0.0,0.0,0.0,0.0,0.0,0.0,1.0,0.0,0.0,1.0,0.0
7400,0.39506172839506176,1.0,0.0,0.0,0.3333333333333333,0.0,0.6856888890695302,0.0,1.0,0.0,0.10416666666666674,0.2969602494154344,0.41841004184100417,0.14327816821582406,0.4257088846880883,1.0,0.0,0.0,0.0,1.0,0.0,0.0,0.0,0.0,0.0,0.0,0.0,1.0,0.0,0.0,0.0,0.0,0.0,0.0,0.0,1.0,0.0,0.0,1.0,0.0
7401,0.20987654320987653,0.0,0.0,0.0,0.3333333333333333,0.0,0.5909849360662706,0.0,1.0,0.14285714285714285,0.10416666666666674,0.2969602494154344,0.41841004184100417,0.14327816821582406,0.4257088846880883,0.0,0.0,0.0,0.0,0.0,0.0,0.0,0.0,0.0,0.0,0.0,0.0,0.0,1.0,0.0,0.0,0.0,0.0,0.0,0.0,1.0,0.0,0.0,0.0,0.0
7402,0.7407407407407407,0.0,0.0,0.0,0.3333333333333333,0.0,0.5226119446684994,0.02631578947368421,1.0,0.14285714285714285,0.10416666666666674,0.2969602494154344,0.41841004184100417,0.14327816821582406,0.4257088846880883,0.0,0.0,0.0,0.0,1.0,0.0,0.0,0.0,0.0,0.0,0.0,0.0,0.0,1.0,0.0,0.0,1.0,0.0,0.0,0.0,0.0,0.0,0.0,0.0,0.0
7403,0.04938271604938271,1.0,0.0,0.0,0.3333333333333333,0.0,0.6250197795910157,0.02631578947368421,1.0,0.0,0.10416666666666674,0.2969602494154344,0.41841004184100417,0.14327816821582406,0.4257088846880883,1.0,0.0,0.0,0.0,0.0,0.0,0.0,0.0,1.0,0.0,0.0,0.0,0.0,1.0,0.0,0.0,0.0,1.0,0.0,0.0,0.0,0.0,0.0,1.0,0.0
7404,0.2345679012345679,0.0,0.0,0.0,0.3333333333333333,0.0,0.6075603701023119,0.0,0.003003003003003003,0.14285714285714285,0.10416666666666674,0.2969602494154344,0.41841004184100417,0.14327816821582406,0.4257088846880883,1.0,0.0,0.0,0.0,0.0,0.0,0.0,0.0,0.0,0.0,0.0,0.0,1.0,0.0,0.0,0.0,0.0,0.0,0.0,0.0,1.0,0.0,0.0,0.0,1.0
7405,0.12345679012345678,1.0,0.0,0.0,0.3333333333333333,0.0,0.7293978235737721,0.0,1.0,0.0,0.10416666666666674,0.2969602494154344,0.41841004184100417,0.14327816821582406,0.4257088846880883,0.0,0.0,0.0,0.0,0.0,0.0,0.0,0.0,0.0,1.0,0.0,0.0,1.0,0.0,0.0,0.0,0.0,0.0,0.0,1.0,0.0,0.0,0.0,1.0,0.0
7406,0.14814814814814814,0.0,0.0,0.0,0.3333333333333333,0.0,0.5581708002178327,0.0,1.0,0.0,0.10416666666666674,0.2969602494154344,0.41841004184100417,0.14327816821582406,0.4257088846880883,1.0,0.0,0.0,0.0,0.0,0.0,0.0,0.0,0.0,0.0,0.0,0.0,0.0,1.0,0.0,0.0,0.0,0.0,0.0,0.0,1.0,0.0,0.0,1.0,0.0
7407,0.39506172839506176,0.0,0.0,0.0,0.3333333333333333,0.0,0.6323216790132803,0.02631578947368421,1.0,0.0,0.10416666666666674,0.2969602494154344,0.41841004184100417,0.14327816821582406,0.4257088846880883,1.0,0.0,0.0,0.0,1.0,0.0,0.0,0.0,0.0,0.0,0.0,0.0,1.0,0.0,0.0,0.0,0.0,0.0,0.0,0.0,1.0,0.0,0.0,1.0,0.0
7408,0.34567901234567905,0.0,0.0,0.0,0.3333333333333333,0.0,0.6412337233355714,0.02631578947368421,1.0,0.0,0.10416666666666674,0.2969602494154344,0.41841004184100417,0.14327816821582406,0.4257088846880883,1.0,0.0,0.0,0.0,0.0,0.0,0.0,0.0,0.0,0.0,1.0,0.0,1.0,0.0,0.0,0.0,1.0,0.0,0.0,0.0,0.0,0.0,0.0,1.0,0.0
7409,0.2345679012345679,0.0,1.0,0.0,0.3333333333333333,0.0,0.6649314096852046,0.0,1.0,0.14285714285714285,0.10416666666666674,0.2969602494154344,0.41841004184100417,0.14327816821582406,0.4257088846880883,1.0,0.0,0.0,0.0,0.0,0.0,1.0,0.0,0.0,0.0,0.0,0.0,1.0,0.0,0.0,0.0,0.0,0.0,0.0,0.0,1.0,0.0,0.0,0.0,0.0
7410,0.18518518518518517,1.0,0.0,0.0,0.3333333333333333,0.0,0.6513851442510553,0.0,1.0,0.0,0.10416666666666674,0.2969602494154344,0.41841004184100417,0.14327816821582406,0.4257088846880883,1.0,0.0,0.0,0.0,0.0,0.0,0.0,0.0,0.0,0.0,0.0,0.0,0.0,1.0,0.0,0.0,0.0,0.0,0.0,0.0,1.0,0.0,0.0,1.0,0.0
7411,0.5061728395061729,1.0,0.0,0.0,0.3333333333333333,0.0,0.7240276519507142,0.0,1.0,0.0,0.10416666666666674,0.2969602494154344,0.41841004184100417,0.14327816821582406,0.4257088846880883,0.0,0.0,0.0,0.0,0.0,1.0,0.0,0.0,0.0,0.0,0.0,0.0,0.0,0.0,0.0,0.0,0.0,0.0,0.0,1.0,0.0,0.0,0.0,1.0,0.0
7412,0.13580246913580246,1.0,0.0,0.0,0.3333333333333333,0.0,0.8285231695664866,0.02631578947368421,1.0,0.0,0.10416666666666674,0.2969602494154344,0.41841004184100417,0.14327816821582406,0.4257088846880883,1.0,0.0,0.0,0.0,0.0,0.0,0.0,0.0,1.0,0.0,0.0,0.0,0.0,1.0,0.0,0.0,0.0,1.0,0.0,0.0,0.0,0.0,0.0,1.0,0.0
7413,0.39506172839506176,1.0,0.0,1.0,0.3333333333333333,0.0,0.6846463255291116,0.02631578947368421,1.0,0.0,0.10416666666666674,0.2969602494154344,0.41841004184100417,0.14327816821582406,0.4257088846880883,0.0,0.0,0.0,0.0,1.0,0.0,0.0,0.0,0.0,0.0,0.0,0.0,1.0,0.0,0.0,0.0,0.0,0.0,0.0,0.0,1.0,0.0,0.0,1.0,0.0
7414,0.18518518518518517,1.0,0.0,0.0,0.3333333333333333,0.0,0.6767047422935657,0.0,1.0,0.0,0.10416666666666674,0.2969602494154344,0.41841004184100417,0.14327816821582406,0.4257088846880883,1.0,1.0,0.0,0.0,0.0,0.0,0.0,0.0,0.0,0.0,0.0,0.0,0.0,0.0,1.0,0.0,1.0,0.0,0.0,0.0,0.0,0.0,0.0,1.0,0.0
7415,0.1111111111111111,1.0,0.0,0.0,0.3333333333333333,0.25,0.599923549592398,0.02631578947368421,0.003003003003003003,0.14285714285714285,0.10416666666666674,0.2969602494154344,0.41841004184100417,0.14237134436635684,0.4257088846880883,1.0,0.0,0.0,0.0,0.0,0.0,0.0,0.0,0.0,1.0,0.0,0.0,0.0,1.0,0.0,0.0,0.0,0.0,0.0,1.0,0.0,0.0,0.0,0.0,1.0
7416,0.43209876543209874,1.0,0.0,0.0,0.3333333333333333,0.25,0.5894268318375645,0.0,1.0,0.0,0.10416666666666674,0.2969602494154344,0.41841004184100417,0.14237134436635684,0.4257088846880883,0.0,0.0,0.0,0.0,0.0,0.0,0.0,0.0,0.0,0.0,0.0,1.0,1.0,0.0,0.0,0.0,0.0,0.0,0.0,1.0,0.0,0.0,1.0,1.0,0.0
7417,0.6172839506172838,0.0,0.0,0.0,0.3333333333333333,0.25,0.7230243610120375,0.0,1.0,0.0,0.10416666666666674,0.2969602494154344,0.41841004184100417,0.14237134436635684,0.4257088846880883,1.0,0.0,0.0,0.0,0.0,0.0,0.0,0.0,0.0,0.0,0.0,0.0,1.0,0.0,0.0,0.0,0.0,0.0,0.0,0.0,0.0,0.0,1.0,1.0,0.0
7418,0.19753086419753085,1.0,0.0,0.0,0.3333333333333333,0.25,0.6532232308583403,0.05263157894736842,1.0,0.0,0.10416666666666674,0.2969602494154344,0.41841004184100417,0.14237134436635684,0.4257088846880883,1.0,0.0,0.0,0.0,0.0,0.0,0.0,0.0,0.0,0.0,0.0,0.0,0.0,1.0,0.0,0.0,0.0,0.0,0.0,0.0,1.0,0.0,0.0,1.0,0.0
7419,0.1111111111111111,0.0,0.0,0.0,0.3333333333333333,0.25,0.7262542512230573,0.0,1.0,0.0,0.10416666666666674,0.2969602494154344,0.41841004184100417,0.14237134436635684,0.4257088846880883,1.0,0.0,0.0,0.0,0.0,0.0,0.0,0.0,0.0,0.0,0.0,0.0,0.0,1.0,0.0,0.0,0.0,1.0,0.0,0.0,0.0,0.0,0.0,1.0,0.0
7420,0.1111111111111111,0.0,0.0,0.0,0.3333333333333333,0.25,0.7154827307247326,0.0,1.0,0.0,0.10416666666666674,0.2969602494154344,0.41841004184100417,0.14237134436635684,0.4257088846880883,1.0,0.0,0.0,0.0,0.0,0.0,0.0,0.0,0.0,1.0,0.0,0.0,0.0,0.0,0.0,0.0,0.0,0.0,0.0,0.0,1.0,0.0,0.0,1.0,0.0
7421,0.3209876543209876,1.0,0.0,0.0,0.3333333333333333,0.25,0.7036245548746948,0.0,1.0,0.0,0.10416666666666674,0.2969602494154344,0.41841004184100417,0.14237134436635684,0.4257088846880883,1.0,1.0,0.0,0.0,0.0,0.0,0.0,0.0,0.0,0.0,0.0,0.0,1.0,0.0,0.0,0.0,1.0,0.0,0.0,0.0,0.0,0.0,0.0,1.0,0.0
7422,0.2839506172839506,1.0,0.0,0.0,0.3333333333333333,0.25,0.5862473099208212,0.0,1.0,0.0,0.10416666666666674,0.2969602494154344,0.41841004184100417,0.14237134436635684,0.4257088846880883,1.0,0.0,0.0,0.0,0.0,0.0,0.0,0.0,0.0,0.0,0.0,0.0,0.0,1.0,0.0,0.0,0.0,1.0,0.0,0.0,0.0,0.0,0.0,1.0,0.0
7423,0.12345679012345678,1.0,1.0,0.0,0.3333333333333333,0.25,0.5507832068127649,0.0,1.0,0.0,0.10416666666666674,0.2969602494154344,0.41841004184100417,0.14237134436635684,0.4257088846880883,1.0,0.0,0.0,0.0,0.0,0.0,0.0,0.0,1.0,0.0,0.0,0.0,0.0,1.0,0.0,0.0,1.0,0.0,0.0,0.0,0.0,0.0,0.0,1.0,0.0
7424,0.5061728395061729,1.0,0.0,0.0,0.3333333333333333,0.25,0.7644263920516169,0.0,1.0,0.0,0.10416666666666674,0.2969602494154344,0.41841004184100417,0.14237134436635684,0.4257088846880883,1.0,0.0,0.0,0.0,0.0,1.0,0.0,0.0,0.0,0.0,0.0,0.0,0.0,0.0,0.0,0.0,0.0,1.0,0.0,0.0,0.0,0.0,0.0,1.0,0.0
7425,0.18518518518518517,1.0,0.0,0.0,0.3333333333333333,0.25,0.6894344634990646,0.0,1.0,0.0,0.10416666666666674,0.2969602494154344,0.41841004184100417,0.14237134436635684,0.4257088846880883,1.0,0.0,0.0,0.0,0.0,0.0,0.0,0.0,0.0,0.0,0.0,0.0,0.0,1.0,0.0,0.0,0.0,1.0,0.0,0.0,0.0,0.0,0.0,1.0,0.0
7426,0.1728395061728395,1.0,0.0,0.0,0.3333333333333333,0.25,0.664102989715846,0.02631578947368421,0.013013013013013013,0.14285714285714285,0.10416666666666674,0.2969602494154344,0.41841004184100417,0.14237134436635684,0.4257088846880883,1.0,0.0,0.0,0.0,0.0,0.0,0.0,0.0,0.0,0.0,0.0,0.0,0.0,1.0,0.0,0.0,0.0,0.0,0.0,0.0,1.0,0.0,0.0,0.0,1.0
7427,0.35802469135802467,0.0,0.0,0.0,0.3333333333333333,0.25,0.6689881961625146,0.0,1.0,0.0,0.10416666666666674,0.2969602494154344,0.41841004184100417,0.14237134436635684,0.4257088846880883,1.0,0.0,0.0,0.0,0.0,0.0,0.0,0.0,0.0,0.0,1.0,0.0,1.0,0.0,0.0,0.0,1.0,0.0,0.0,0.0,0.0,0.0,0.0,1.0,0.0
7428,0.19753086419753085,1.0,0.0,0.0,0.3333333333333333,0.25,0.7691150555250048,0.0,1.0,0.0,0.10416666666666674,0.2969602494154344,0.41841004184100417,0.14237134436635684,0.4257088846880883,1.0,0.0,0.0,0.0,0.0,0.0,0.0,0.0,0.0,0.0,0.0,0.0,1.0,0.0,0.0,0.0,0.0,0.0,0.0,0.0,1.0,0.0,0.0,1.0,0.0
7429,0.18518518518518517,1.0,1.0,0.0,0.3333333333333333,0.25,0.7003106695515843,0.0,1.0,0.0,0.10416666666666674,0.2969602494154344,0.41841004184100417,0.14237134436635684,0.4257088846880883,1.0,0.0,0.0,0.0,0.0,0.0,0.0,0.0,0.0,0.0,0.0,0.0,1.0,0.0,0.0,0.0,0.0,0.0,0.0,0.0,1.0,0.0,0.0,1.0,0.0
7430,0.18518518518518517,0.0,0.0,0.0,0.3333333333333333,0.25,0.7519141251318812,0.0,1.0,0.0,0.10416666666666674,0.2969602494154344,0.41841004184100417,0.14237134436635684,0.4257088846880883,1.0,0.0,0.0,0.0,0.0,0.0,0.0,0.0,0.0,0.0,0.0,0.0,1.0,0.0,0.0,0.0,0.0,0.0,0.0,0.0,1.0,0.0,0.0,1.0,0.0
7431,0.24691358024691357,0.0,0.0,0.0,0.3333333333333333,0.25,0.7628210353018958,0.0,1.0,0.14285714285714285,0.10416666666666674,0.2969602494154344,0.41841004184100417,0.14237134436635684,0.4257088846880883,1.0,0.0,0.0,0.0,0.0,0.0,0.0,0.0,0.0,1.0,0.0,0.0,0.0,1.0,0.0,0.0,0.0,0.0,0.0,0.0,1.0,0.0,0.0,0.0,0.0
7432,0.39506172839506176,1.0,0.0,0.0,0.3333333333333333,0.25,0.5854388177384106,0.0,1.0,0.0,0.10416666666666674,0.2969602494154344,0.41841004184100417,0.14237134436635684,0.4257088846880883,0.0,0.0,0.0,0.0,0.0,0.0,0.0,0.0,0.0,0.0,0.0,0.0,0.0,0.0,0.0,0.0,0.0,0.0,0.0,0.0,1.0,0.0,0.0,1.0,0.0
7433,0.29629629629629634,1.0,0.0,0.0,0.3333333333333333,0.25,0.6041504168690148,0.0,1.0,0.0,0.10416666666666674,0.2969602494154344,0.41841004184100417,0.14237134436635684,0.4257088846880883,1.0,0.0,1.0,0.0,0.0,0.0,0.0,0.0,0.0,0.0,0.0,0.0,1.0,0.0,0.0,0.0,0.0,1.0,0.0,0.0,0.0,0.0,0.0,1.0,0.0
7434,0.20987654320987653,1.0,0.0,0.0,0.3333333333333333,0.25,0.6208918069393788,0.0,1.0,0.0,0.10416666666666674,0.2969602494154344,0.41841004184100417,0.14237134436635684,0.4257088846880883,1.0,0.0,0.0,0.0,0.0,0.0,0.0,0.0,0.0,1.0,0.0,0.0,1.0,0.0,0.0,0.0,0.0,0.0,0.0,0.0,1.0,0.0,0.0,1.0,0.0
7435,0.1728395061728395,1.0,1.0,0.0,0.3333333333333333,0.25,0.5463436176888766,0.0,0.003003003003003003,0.2857142857142857,0.10416666666666674,0.2969602494154344,0.41841004184100417,0.14237134436635684,0.4257088846880883,1.0,1.0,0.0,0.0,0.0,0.0,0.0,0.0,0.0,0.0,0.0,0.0,0.0,1.0,0.0,0.0,1.0,0.0,0.0,0.0,0.0,0.0,0.0,0.0,1.0
7436,0.18518518518518517,0.0,0.0,0.0,0.3333333333333333,0.25,0.7135875319736221,0.0,1.0,0.14285714285714285,0.10416666666666674,0.2969602494154344,0.41841004184100417,0.14237134436635684,0.4257088846880883,1.0,0.0,0.0,0.0,0.0,0.0,0.0,0.0,0.0,1.0,0.0,0.0,0.0,1.0,0.0,0.0,0.0,1.0,0.0,0.0,0.0,0.0,0.0,0.0,0.0
7437,0.08641975308641975,0.0,0.0,0.0,0.3333333333333333,0.25,0.6513851442510553,0.0,1.0,0.0,0.10416666666666674,0.2969602494154344,0.41841004184100417,0.14237134436635684,0.4257088846880883,0.0,0.0,0.0,0.0,0.0,0.0,0.0,0.0,1.0,0.0,0.0,0.0,0.0,1.0,0.0,0.0,0.0,1.0,0.0,0.0,0.0,0.0,0.0,1.0,0.0
7438,0.09876543209876543,0.0,0.0,0.0,0.3333333333333333,0.25,0.709984760531081,0.0,1.0,0.0,0.10416666666666674,0.2969602494154344,0.41841004184100417,0.14237134436635684,0.4257088846880883,1.0,0.0,0.0,0.0,0.0,0.0,0.0,0.0,0.0,0.0,0.0,0.0,0.0,1.0,0.0,0.0,0.0,0.0,0.0,0.0,1.0,0.0,0.0,1.0,0.0
7439,0.29629629629629634,0.0,0.0,0.0,0.3333333333333333,0.25,0.5977517620704379,0.02631578947368421,1.0,0.0,0.10416666666666674,0.2969602494154344,0.41841004184100417,0.14237134436635684,0.4257088846880883,1.0,0.0,0.0,0.0,0.0,0.0,0.0,0.0,0.0,1.0,0.0,0.0,1.0,0.0,0.0,0.0,0.0,0.0,0.0,1.0,0.0,0.0,0.0,1.0,0.0
7440,0.29629629629629634,0.0,0.0,1.0,0.3333333333333333,0.25,0.6590060849288549,0.0,1.0,0.0,0.10416666666666674,0.2969602494154344,0.41841004184100417,0.14237134436635684,0.4257088846880883,1.0,0.0,0.0,0.0,0.0,0.0,0.0,0.0,0.0,1.0,0.0,0.0,0.0,1.0,0.0,0.0,0.0,0.0,0.0,0.0,1.0,0.0,0.0,1.0,0.0
7441,0.35802469135802467,0.0,0.0,0.0,0.3333333333333333,0.25,0.6238550656258994,0.02631578947368421,1.0,0.14285714285714285,0.10416666666666674,0.2969602494154344,0.41841004184100417,0.14237134436635684,0.4257088846880883,1.0,0.0,0.0,0.0,0.0,0.0,0.0,0.0,0.0,0.0,1.0,0.0,1.0,0.0,0.0,0.0,1.0,0.0,0.0,0.0,0.0,0.0,0.0,0.0,0.0
7442,0.1111111111111111,0.5,0.5,0.0,0.3333333333333333,0.25,0.6594393640539922,0.02631578947368421,0.003003003003003003,0.14285714285714285,0.10416666666666674,0.2969602494154344,0.41841004184100417,0.14237134436635684,0.4257088846880883,1.0,0.0,0.0,0.0,0.0,0.0,0.0,0.0,0.0,0.0,0.0,0.0,0.0,1.0,0.0,0.0,0.0,0.0,0.0,0.0,1.0,0.0,0.0,0.0,1.0
7443,0.18518518518518517,1.0,1.0,0.0,0.3333333333333333,0.25,0.5198109754500708,0.0,1.0,0.0,0.10416666666666674,0.2969602494154344,0.41841004184100417,0.14237134436635684,0.4257088846880883,1.0,0.0,0.0,0.0,0.0,0.0,0.0,0.0,0.0,0.0,0.0,0.0,1.0,0.0,0.0,0.0,0.0,0.0,0.0,0.0,1.0,0.0,0.0,1.0,0.0
7444,0.3209876543209876,1.0,0.0,0.0,0.3333333333333333,0.25,0.5319212752022946,0.0,1.0,0.0,0.10416666666666674,0.2969602494154344,0.41841004184100417,0.14237134436635684,0.4257088846880883,0.0,0.0,0.0,0.0,0.0,0.0,0.0,0.0,0.0,0.0,0.0,0.0,1.0,0.0,0.0,0.0,0.0,0.0,0.0,0.0,1.0,0.0,0.0,1.0,0.0
7445,0.18518518518518517,1.0,0.0,0.0,0.3333333333333333,0.25,0.77280192893164,0.0,0.003003003003003003,0.2857142857142857,0.10416666666666674,0.2969602494154344,0.41841004184100417,0.14237134436635684,0.4257088846880883,1.0,0.0,0.0,0.0,0.0,0.0,0.0,0.0,0.0,0.0,0.0,0.0,1.0,0.0,0.0,0.0,0.0,0.0,0.0,0.0,1.0,0.0,0.0,0.0,0.0
7446,0.18518518518518517,0.0,0.0,0.0,0.3333333333333333,0.25,0.5078883596370491,0.0,0.004004004004004004,0.14285714285714285,0.10416666666666674,0.2969602494154344,0.41841004184100417,0.14237134436635684,0.4257088846880883,1.0,0.0,0.0,0.0,0.0,0.0,0.0,0.0,0.0,0.0,0.0,0.0,1.0,0.0,0.0,0.0,0.0,0.0,0.0,0.0,1.0,0.0,0.0,0.0,1.0
7447,0.14814814814814814,1.0,0.0,1.0,0.3333333333333333,0.25,0.5716847586578249,0.0,1.0,0.0,0.10416666666666674,0.2969602494154344,0.41841004184100417,0.14237134436635684,0.4257088846880883,0.0,0.0,0.0,0.0,0.0,0.0,0.0,0.0,0.0,0.0,0.0,0.0,0.0,1.0,0.0,0.0,0.0,0.0,0.0,0.0,1.0,0.0,0.0,1.0,0.0
7448,0.1728395061728395,0.0,0.0,0.0,0.3333333333333333,0.25,0.6334058816143029,0.0,1.0,0.0,0.10416666666666674,0.2969602494154344,0.41841004184100417,0.14237134436635684,0.4257088846880883,0.0,0.0,0.0,0.0,1.0,0.0,0.0,0.0,0.0,0.0,0.0,0.0,1.0,0.0,0.0,0.0,0.0,0.0,0.0,0.0,1.0,0.0,0.0,1.0,0.0
7449,0.29629629629629634,0.5,0.5,0.0,0.3333333333333333,0.25,0.6781891171876829,0.0,0.004004004004004004,0.42857142857142855,0.10416666666666674,0.2969602494154344,0.41841004184100417,0.14237134436635684,0.4257088846880883,1.0,0.0,0.0,0.0,0.0,0.0,0.0,0.0,0.0,1.0,0.0,0.0,1.0,0.0,0.0,0.0,0.0,0.0,0.0,1.0,0.0,0.0,0.0,0.0,1.0
7450,0.13580246913580246,1.0,0.0,0.0,0.3333333333333333,0.25,0.5779008918534767,0.0,1.0,0.0,0.10416666666666674,0.2969602494154344,0.41841004184100417,0.14237134436635684,0.4257088846880883,0.0,0.0,0.0,0.0,0.0,0.0,0.0,0.0,0.0,0.0,0.0,0.0,0.0,1.0,0.0,0.0,0.0,1.0,0.0,0.0,0.0,0.0,0.0,1.0,0.0
7451,0.13580246913580246,1.0,0.0,0.0,0.3333333333333333,0.25,0.6924127276259379,0.0,1.0,0.2857142857142857,0.10416666666666674,0.2969602494154344,0.41841004184100417,0.14237134436635684,0.4257088846880883,1.0,0.0,0.0,0.0,0.0,0.0,0.0,0.0,0.0,0.0,0.0,0.0,0.0,1.0,0.0,0.0,0.0,1.0,0.0,0.0,0.0,0.0,0.0,0.0,0.0
7452,0.5185185185185184,0.0,0.0,0.0,0.3333333333333333,0.25,0.6476204981957939,0.0,1.0,0.0,0.10416666666666674,0.2969602494154344,0.41841004184100417,0.14237134436635684,0.4257088846880883,1.0,0.0,0.0,0.0,0.0,0.0,0.0,0.0,0.0,0.0,0.0,0.0,1.0,0.0,0.0,0.0,0.0,0.0,0.0,0.0,0.0,1.0,0.0,1.0,0.0
7453,0.19753086419753085,1.0,0.0,0.0,0.3333333333333333,0.25,0.6504552172780276,0.0,1.0,0.0,0.10416666666666674,0.2969602494154344,0.41841004184100417,0.14237134436635684,0.4257088846880883,1.0,0.0,0.0,0.0,0.0,0.0,0.0,0.0,0.0,0.0,0.0,0.0,0.0,1.0,0.0,0.0,0.0,0.0,0.0,0.0,1.0,0.0,0.0,1.0,0.0
7454,0.08641975308641975,0.0,0.0,0.0,0.3333333333333333,0.25,0.5631773068220264,0.0,0.003003003003003003,0.2857142857142857,0.10416666666666674,0.2969602494154344,0.41841004184100417,0.14237134436635684,0.4257088846880883,1.0,0.0,0.0,0.0,0.0,0.0,0.0,0.0,0.0,0.0,0.0,1.0,0.0,1.0,0.0,0.0,0.0,0.0,0.0,0.0,1.0,0.0,0.0,0.0,1.0
7455,0.08641975308641975,1.0,1.0,0.0,0.3333333333333333,0.25,0.5770327318283031,0.0,1.0,0.0,0.10416666666666674,0.2969602494154344,0.41841004184100417,0.14237134436635684,0.4257088846880883,1.0,0.0,0.0,0.0,0.0,0.0,0.0,0.0,0.0,0.0,0.0,1.0,0.0,1.0,0.0,0.0,0.0,0.0,0.0,0.0,1.0,0.0,0.0,1.0,0.0
7456,0.08641975308641975,1.0,0.0,0.0,0.3333333333333333,0.25,0.7754125248234682,0.0,1.0,0.0,0.10416666666666674,0.2969602494154344,0.41841004184100417,0.14237134436635684,0.4257088846880883,1.0,0.0,0.0,0.0,0.0,0.0,0.0,0.0,0.0,0.0,0.0,1.0,0.0,1.0,0.0,0.0,0.0,0.0,0.0,0.0,1.0,0.0,0.0,1.0,0.0
7457,0.08641975308641975,0.0,0.0,0.0,0.3333333333333333,0.25,0.6559276062712989,0.0,1.0,0.14285714285714285,0.10416666666666674,0.2969602494154344,0.41841004184100417,0.14237134436635684,0.4257088846880883,1.0,0.0,0.0,0.0,0.0,0.0,0.0,0.0,0.0,0.0,0.0,1.0,0.0,1.0,0.0,0.0,0.0,0.0,0.0,0.0,1.0,0.0,0.0,0.0,0.0
7458,0.08641975308641975,1.0,1.0,0.0,0.3333333333333333,0.25,0.7701320804432977,0.0,1.0,0.2857142857142857,0.10416666666666674,0.2969602494154344,0.41841004184100417,0.14237134436635684,0.4257088846880883,0.0,0.0,0.0,0.0,0.0,0.0,0.0,0.0,0.0,0.0,0.0,1.0,0.0,1.0,0.0,0.0,0.0,0.0,0.0,0.0,1.0,0.0,0.0,0.0,0.0
7459,0.35802469135802467,1.0,1.0,0.0,0.3333333333333333,0.25,0.8351156583294982,0.07894736842105263,1.0,0.14285714285714285,0.10416666666666674,0.2969602494154344,0.41841004184100417,0.14237134436635684,0.4257088846880883,1.0,0.0,0.0,0.0,0.0,0.0,0.0,0.0,0.0,0.0,1.0,0.0,1.0,0.0,0.0,0.0,1.0,0.0,0.0,0.0,0.0,0.0,0.0,0.0,0.0
7460,0.07407407407407407,0.0,0.0,0.0,0.3333333333333333,0.25,0.6752013972391346,0.0,1.0,0.0,0.10416666666666674,0.2969602494154344,0.41841004184100417,0.14237134436635684,0.4257088846880883,1.0,0.0,0.0,0.0,0.0,0.0,0.0,0.0,1.0,0.0,0.0,0.0,0.0,1.0,0.0,0.0,0.0,1.0,0.0,0.0,0.0,0.0,0.0,1.0,0.0
7461,0.16049382716049382,0.0,0.0,0.0,0.3333333333333333,0.25,0.7269871828743492,0.02631578947368421,1.0,0.0,0.10416666666666674,0.2969602494154344,0.41841004184100417,0.14237134436635684,0.4257088846880883,1.0,0.0,0.0,0.0,0.0,0.0,0.0,0.0,0.0,0.0,0.0,0.0,0.0,1.0,0.0,0.0,0.0,0.0,0.0,0.0,1.0,0.0,0.0,1.0,0.0
7462,0.3333333333333333,0.0,0.0,0.0,0.3333333333333333,0.25,0.8034238072663552,0.02631578947368421,0.004004004004004004,0.14285714285714285,0.10416666666666674,0.2969602494154344,0.41841004184100417,0.14237134436635684,0.4257088846880883,1.0,0.0,0.0,0.0,0.0,0.0,0.0,0.0,0.0,0.0,0.0,0.0,0.0,1.0,0.0,0.0,0.0,0.0,0.0,0.0,1.0,0.0,0.0,0.0,1.0
7463,0.13580246913580246,1.0,0.0,0.0,0.3333333333333333,0.25,0.6781891171876829,0.0,1.0,0.0,0.10416666666666674,0.2969602494154344,0.41841004184100417,0.14237134436635684,0.4257088846880883,1.0,0.0,0.0,0.0,0.0,0.0,0.0,0.0,0.0,1.0,0.0,0.0,0.0,1.0,0.0,0.0,0.0,0.0,0.0,1.0,0.0,0.0,0.0,1.0,0.0
7464,0.2839506172839506,1.0,0.0,0.0,0.3333333333333333,0.25,0.6190773470668909,0.0,1.0,0.0,0.10416666666666674,0.2969602494154344,0.41841004184100417,0.14237134436635684,0.4257088846880883,1.0,0.0,0.0,0.0,0.0,0.0,0.0,0.0,0.0,0.0,0.0,0.0,1.0,0.0,0.0,0.0,0.0,0.0,0.0,0.0,1.0,0.0,0.0,1.0,0.0
7465,0.3703703703703703,1.0,0.0,0.0,0.3333333333333333,0.25,0.6121741045570199,0.05263157894736842,1.0,0.14285714285714285,0.10416666666666674,0.2969602494154344,0.41841004184100417,0.14237134436635684,0.4257088846880883,1.0,0.0,0.0,0.0,1.0,0.0,0.0,0.0,0.0,0.0,0.0,0.0,1.0,0.0,0.0,0.0,1.0,0.0,0.0,0.0,0.0,0.0,0.0,0.0,0.0
7466,0.16049382716049382,0.0,0.0,0.0,0.3333333333333333,0.25,0.6499874824690127,0.02631578947368421,1.0,0.0,0.10416666666666674,0.2969602494154344,0.41841004184100417,0.14237134436635684,0.4257088846880883,1.0,0.0,0.0,0.0,0.0,0.0,0.0,0.0,0.0,0.0,0.0,0.0,1.0,0.0,0.0,0.0,0.0,0.0,0.0,0.0,1.0,0.0,0.0,1.0,0.0
7467,0.19753086419753085,0.0,0.0,0.0,0.3333333333333333,0.25,0.6172344610818086,0.02631578947368421,1.0,0.0,0.10416666666666674,0.2969602494154344,0.41841004184100417,0.14237134436635684,0.4257088846880883,0.0,0.0,0.0,0.0,0.0,0.0,0.0,0.0,0.0,1.0,0.0,0.0,1.0,0.0,0.0,0.0,0.0,0.0,0.0,1.0,0.0,0.0,0.0,1.0,0.0
7468,0.4444444444444445,1.0,0.0,0.0,0.3333333333333333,0.25,0.7315259546695282,0.05263157894736842,1.0,0.0,0.10416666666666674,0.2969602494154344,0.41841004184100417,0.14237134436635684,0.4257088846880883,1.0,0.0,0.0,0.0,0.0,0.0,0.0,1.0,0.0,0.0,0.0,0.0,1.0,0.0,0.0,0.0,0.0,0.0,0.0,0.0,0.0,1.0,0.0,1.0,0.0
7469,0.35802469135802467,1.0,0.0,0.0,0.3333333333333333,0.25,0.6432360720972943,0.02631578947368421,1.0,0.0,0.10416666666666674,0.2969602494154344,0.41841004184100417,0.14237134436635684,0.4257088846880883,1.0,0.0,0.0,0.0,0.0,0.0,0.0,0.0,0.0,0.0,1.0,0.0,1.0,0.0,0.0,0.0,1.0,0.0,0.0,0.0,0.0,0.0,0.0,1.0,0.0
7470,0.09876543209876543,1.0,0.0,0.0,0.3333333333333333,0.25,0.6108742554254224,0.02631578947368421,0.003003003003003003,0.14285714285714285,0.10416666666666674,0.2969602494154344,0.41841004184100417,0.14237134436635684,0.4257088846880883,1.0,1.0,0.0,0.0,0.0,0.0,0.0,0.0,0.0,0.0,0.0,0.0,0.0,1.0,0.0,0.0,0.0,0.0,0.0,1.0,0.0,0.0,0.0,0.0,1.0
7471,0.3333333333333333,1.0,0.0,0.0,0.3333333333333333,0.25,0.5030862582093689,0.05263157894736842,1.0,0.0,0.10416666666666674,0.2969602494154344,0.41841004184100417,0.14237134436635684,0.4257088846880883,0.0,0.0,0.0,0.0,1.0,0.0,0.0,0.0,0.0,0.0,0.0,0.0,1.0,0.0,0.0,0.0,0.0,0.0,0.0,0.0,1.0,0.0,0.0,1.0,0.0
7472,0.1728395061728395,1.0,0.0,0.0,0.3333333333333333,0.25,0.6732947890602686,0.0,1.0,0.0,0.10416666666666674,0.2969602494154344,0.41841004184100417,0.14237134436635684,0.4257088846880883,1.0,0.0,0.0,0.0,1.0,0.0,0.0,0.0,0.0,0.0,0.0,0.0,1.0,0.0,0.0,0.0,0.0,0.0,0.0,0.0,1.0,0.0,0.0,1.0,0.0
7473,0.1728395061728395,0.0,0.0,0.0,0.3333333333333333,0.25,0.599923549592398,0.0,1.0,0.14285714285714285,0.10416666666666674,0.2969602494154344,0.41841004184100417,0.14237134436635684,0.4257088846880883,1.0,0.0,0.0,0.0,0.0,0.0,0.0,0.0,0.0,1.0,0.0,0.0,0.0,1.0,0.0,0.0,0.0,0.0,0.0,1.0,0.0,0.0,0.0,0.0,0.0
7474,0.19753086419753085,0.0,0.0,0.0,0.3333333333333333,0.25,0.7405445571293703,0.05263157894736842,1.0,0.0,0.10416666666666674,0.2969602494154344,0.41841004184100417,0.14237134436635684,0.4257088846880883,1.0,0.0,0.0,0.0,0.0,0.0,0.0,0.0,0.0,0.0,0.0,0.0,0.0,1.0,0.0,0.0,0.0,0.0,0.0,0.0,1.0,0.0,0.0,1.0,0.0
7475,0.13580246913580246,1.0,0.0,0.0,0.3333333333333333,0.5,0.6290077936901697,0.02631578947368421,1.0,0.0,0.10416666666666674,0.2969602494154344,0.41841004184100417,0.1419179324416232,0.4257088846880883,1.0,0.0,0.0,0.0,0.0,0.0,0.0,0.0,0.0,1.0,0.0,0.0,0.0,1.0,0.0,0.0,0.0,0.0,0.0,1.0,0.0,0.0,0.0,1.0,0.0
7476,0.3209876543209876,1.0,0.0,0.0,0.3333333333333333,0.5,0.6554811725306058,0.02631578947368421,0.003003003003003003,0.14285714285714285,0.10416666666666674,0.2969602494154344,0.41841004184100417,0.1419179324416232,0.4257088846880883,1.0,0.0,0.0,0.0,0.0,0.0,0.0,0.0,0.0,0.0,0.0,0.0,1.0,0.0,0.0,0.0,0.0,0.0,0.0,0.0,1.0,0.0,0.0,0.0,1.0
7477,0.13580246913580246,0.0,0.0,1.0,0.3333333333333333,0.5,0.6273151724090865,0.07894736842105263,1.0,0.0,0.10416666666666674,0.2969602494154344,0.41841004184100417,0.1419179324416232,0.4257088846880883,1.0,0.0,0.0,0.0,0.0,0.0,0.0,0.0,0.0,0.0,0.0,0.0,1.0,0.0,0.0,0.0,0.0,1.0,0.0,0.0,0.0,0.0,0.0,1.0,0.0
7478,0.2839506172839506,0.0,0.0,0.0,0.3333333333333333,0.5,0.5591892927228724,0.02631578947368421,0.003003003003003003,0.14285714285714285,0.10416666666666674,0.2969602494154344,0.41841004184100417,0.1419179324416232,0.4257088846880883,1.0,1.0,0.0,0.0,0.0,0.0,0.0,0.0,0.0,0.0,0.0,0.0,0.0,0.0,0.0,0.0,0.0,0.0,0.0,1.0,0.0,0.0,0.0,0.0,1.0
7479,0.08641975308641975,1.0,0.0,0.0,0.3333333333333333,0.5,0.7068476372990588,0.02631578947368421,1.0,0.0,0.10416666666666674,0.2969602494154344,0.41841004184100417,0.1419179324416232,0.4257088846880883,1.0,1.0,0.0,0.0,0.0,0.0,0.0,0.0,0.0,0.0,0.0,0.0,0.0,1.0,0.0,0.0,1.0,0.0,0.0,0.0,0.0,0.0,0.0,1.0,0.0
7480,0.16049382716049382,1.0,0.0,0.0,0.3333333333333333,0.5,0.647141331954917,0.02631578947368421,1.0,0.0,0.10416666666666674,0.2969602494154344,0.41841004184100417,0.1419179324416232,0.4257088846880883,1.0,0.0,0.0,0.0,0.0,0.0,0.0,0.0,0.0,0.0,0.0,0.0,0.0,1.0,0.0,0.0,0.0,0.0,0.0,0.0,1.0,0.0,0.0,1.0,0.0
7481,0.1728395061728395,0.0,0.0,0.0,0.3333333333333333,0.5,0.7511232976190926,0.07894736842105263,1.0,0.0,0.10416666666666674,0.2969602494154344,0.41841004184100417,0.1419179324416232,0.4257088846880883,1.0,0.0,0.0,0.0,0.0,0.0,0.0,1.0,0.0,0.0,0.0,0.0,1.0,0.0,0.0,0.0,0.0,1.0,0.0,0.0,0.0,0.0,0.0,1.0,0.0
7482,0.5185185185185184,1.0,0.0,1.0,0.3333333333333333,0.5,0.7154827307247326,0.0,1.0,0.0,0.10416666666666674,0.2969602494154344,0.41841004184100417,0.1419179324416232,0.4257088846880883,1.0,0.0,0.0,0.0,0.0,1.0,0.0,0.0,0.0,0.0,0.0,0.0,1.0,0.0,0.0,0.0,0.0,0.0,0.0,1.0,0.0,0.0,0.0,1.0,0.0
7483,0.19753086419753085,1.0,0.0,0.0,0.3333333333333333,0.5,0.6763307033473182,0.02631578947368421,1.0,0.0,0.10416666666666674,0.2969602494154344,0.41841004184100417,0.1419179324416232,0.4257088846880883,1.0,0.0,0.0,0.0,0.0,0.0,0.0,0.0,0.0,0.0,0.0,0.0,0.0,1.0,0.0,0.0,0.0,0.0,0.0,0.0,1.0,0.0,0.0,1.0,0.0
7484,0.4444444444444445,0.0,0.0,0.0,0.3333333333333333,0.5,0.771641319028872,0.0,1.0,0.14285714285714285,0.10416666666666674,0.2969602494154344,0.41841004184100417,0.1419179324416232,0.4257088846880883,1.0,0.0,0.0,0.0,0.0,0.0,0.0,0.0,0.0,1.0,0.0,0.0,0.0,0.0,0.0,0.0,0.0,0.0,0.0,0.0,1.0,0.0,0.0,0.0,0.0
7485,0.13580246913580246,0.0,0.0,0.0,0.3333333333333333,0.5,0.6226787043279698,0.0,1.0,0.0,0.10416666666666674,0.2969602494154344,0.41841004184100417,0.1419179324416232,0.4257088846880883,1.0,0.0,0.0,0.0,0.0,0.0,0.0,0.0,0.0,0.0,0.0,0.0,0.0,1.0,0.0,0.0,0.0,1.0,0.0,0.0,0.0,0.0,0.0,1.0,0.0
7486,0.2839506172839506,0.0,0.0,0.0,0.3333333333333333,0.5,0.6295666315558228,0.02631578947368421,1.0,0.0,0.10416666666666674,0.2969602494154344,0.41841004184100417,0.1419179324416232,0.4257088846880883,1.0,1.0,0.0,0.0,0.0,0.0,0.0,0.0,0.0,0.0,0.0,0.0,0.0,0.0,0.0,0.0,0.0,0.0,0.0,1.0,0.0,0.0,0.0,1.0,0.0
7487,0.2839506172839506,1.0,0.0,0.0,0.3333333333333333,0.5,0.5612001989464611,0.0,1.0,0.0,0.10416666666666674,0.2969602494154344,0.41841004184100417,0.1419179324416232,0.4257088846880883,1.0,0.0,0.0,0.0,1.0,0.0,0.0,0.0,0.0,0.0,0.0,0.0,0.0,0.0,0.0,0.0,0.0,0.0,0.0,0.0,1.0,0.0,0.0,1.0,0.0
7488,0.5061728395061729,1.0,0.0,0.0,0.3333333333333333,0.5,0.5540062892371289,0.0,1.0,0.0,0.10416666666666674,0.2969602494154344,0.41841004184100417,0.1419179324416232,0.4257088846880883,1.0,1.0,0.0,0.0,0.0,0.0,0.0,0.0,0.0,0.0,0.0,0.0,1.0,0.0,0.0,0.0,0.0,0.0,0.0,0.0,0.0,0.0,0.0,1.0,0.0
7489,0.2345679012345679,0.0,0.0,0.0,0.3333333333333333,0.5,0.6839461142385569,0.0,1.0,0.0,0.10416666666666674,0.2969602494154344,0.41841004184100417,0.1419179324416232,0.4257088846880883,0.0,0.0,0.0,0.0,0.0,0.0,0.0,0.0,0.0,0.0,0.0,0.0,1.0,0.0,0.0,0.0,0.0,0.0,0.0,0.0,1.0,0.0,0.0,1.0,0.0
7490,0.24691358024691357,0.0,0.0,0.0,0.3333333333333333,0.5,0.6792902342709533,0.0,1.0,0.0,0.10416666666666674,0.2969602494154344,0.41841004184100417,0.1419179324416232,0.4257088846880883,1.0,0.0,0.0,0.0,0.0,0.0,1.0,0.0,0.0,0.0,0.0,0.0,1.0,0.0,0.0,0.0,0.0,0.0,0.0,1.0,0.0,0.0,0.0,1.0,0.0
7491,0.13580246913580246,1.0,0.0,0.0,0.3333333333333333,0.5,0.6697830312775754,0.07894736842105263,1.0,0.0,0.10416666666666674,0.2969602494154344,0.41841004184100417,0.1419179324416232,0.4257088846880883,1.0,0.0,0.0,0.0,0.0,0.0,0.0,0.0,1.0,0.0,0.0,0.0,0.0,1.0,0.0,0.0,0.0,1.0,0.0,0.0,0.0,0.0,0.0,1.0,0.0
7492,0.5061728395061729,1.0,0.0,0.0,0.3333333333333333,0.5,0.5253477691257531,0.0,1.0,0.0,0.10416666666666674,0.2969602494154344,0.41841004184100417,0.1419179324416232,0.4257088846880883,0.0,0.0,0.0,0.0,1.0,0.0,0.0,0.0,0.0,0.0,0.0,0.0,1.0,0.0,0.0,0.0,0.0,0.0,0.0,0.0,0.0,0.0,0.0,1.0,0.0
7493,0.037037037037037035,1.0,0.0,0.0,0.3333333333333333,0.5,0.6312273906618776,0.0,1.0,0.0,0.10416666666666674,0.2969602494154344,0.41841004184100417,0.1419179324416232,0.4257088846880883,1.0,0.0,0.0,0.0,0.0,0.0,0.0,0.0,1.0,0.0,0.0,0.0,0.0,1.0,0.0,0.0,0.0,0.0,0.0,0.0,0.0,1.0,0.0,1.0,0.0
7494,0.13580246913580246,0.0,0.0,0.0,0.3333333333333333,0.5,0.7082839817554912,0.0,1.0,0.0,0.10416666666666674,0.2969602494154344,0.41841004184100417,0.1419179324416232,0.4257088846880883,1.0,0.0,0.0,0.0,0.0,0.0,0.0,0.0,0.0,1.0,0.0,0.0,0.0,1.0,0.0,0.0,0.0,0.0,0.0,1.0,0.0,0.0,0.0,1.0,0.0
7495,0.13580246913580246,1.0,0.0,0.0,0.3333333333333333,0.5,0.7513215034780908,0.0,1.0,0.0,0.10416666666666674,0.2969602494154344,0.41841004184100417,0.1419179324416232,0.4257088846880883,1.0,0.0,0.0,0.0,0.0,0.0,0.0,0.0,0.0,0.0,0.0,0.0,0.0,1.0,0.0,0.0,0.0,0.0,0.0,0.0,1.0,0.0,0.0,1.0,0.0
7496,0.14814814814814814,1.0,0.0,0.0,0.3333333333333333,0.5,0.5440593682563573,0.0,1.0,0.0,0.10416666666666674,0.2969602494154344,0.41841004184100417,0.1419179324416232,0.4257088846880883,0.0,0.0,0.0,0.0,0.0,0.0,0.0,0.0,0.0,1.0,0.0,0.0,0.0,1.0,0.0,0.0,0.0,0.0,0.0,0.0,1.0,0.0,0.0,1.0,0.0
7497,0.20987654320987653,1.0,0.0,0.0,0.3333333333333333,0.5,0.672135812695421,0.0,1.0,0.0,0.10416666666666674,0.2969602494154344,0.41841004184100417,0.1419179324416232,0.4257088846880883,1.0,0.0,0.0,0.0,0.0,0.0,0.0,0.0,0.0,1.0,0.0,0.0,1.0,0.0,0.0,0.0,0.0,0.0,0.0,1.0,0.0,0.0,0.0,1.0,0.0
7498,0.14814814814814814,1.0,0.0,0.0,0.3333333333333333,0.5,0.6013494476505862,0.0,1.0,0.0,0.10416666666666674,0.2969602494154344,0.41841004184100417,0.1419179324416232,0.4257088846880883,1.0,0.0,0.0,0.0,0.0,0.0,0.0,0.0,0.0,1.0,0.0,0.0,0.0,1.0,0.0,0.0,0.0,0.0,0.0,0.0,1.0,0.0,0.0,1.0,0.0
7499,0.14814814814814814,0.0,0.0,1.0,0.3333333333333333,0.5,0.5601990426951532,0.02631578947368421,1.0,0.14285714285714285,0.10416666666666674,0.2969602494154344,0.41841004184100417,0.1419179324416232,0.4257088846880883,0.0,0.0,0.0,0.0,0.0,0.0,0.0,1.0,0.0,0.0,0.0,0.0,0.0,1.0,0.0,0.0,0.0,1.0,0.0,0.0,0.0,0.0,0.0,0.0,0.0
7500,0.5185185185185184,0.0,0.0,0.0,0.3333333333333333,0.5,0.6860343669962174,0.0,1.0,0.14285714285714285,0.10416666666666674,0.2969602494154344,0.41841004184100417,0.1419179324416232,0.4257088846880883,1.0,1.0,0.0,0.0,0.0,0.0,0.0,0.0,0.0,0.0,0.0,0.0,1.0,0.0,0.0,0.0,0.0,0.0,0.0,0.0,0.0,0.0,1.0,0.0,0.0
7501,0.1728395061728395,1.0,0.0,0.0,0.3333333333333333,0.5,0.7509247572352791,0.02631578947368421,1.0,0.0,0.10416666666666674,0.2969602494154344,0.41841004184100417,0.1419179324416232,0.4257088846880883,1.0,0.0,0.0,0.0,0.0,0.0,0.0,1.0,0.0,0.0,0.0,0.0,1.0,0.0,0.0,0.0,0.0,1.0,0.0,0.0,0.0,0.0,0.0,1.0,0.0
7502,0.19753086419753085,1.0,0.0,0.0,0.3333333333333333,0.5,0.5306356323565045,0.0,1.0,0.0,0.10416666666666674,0.2969602494154344,0.41841004184100417,0.1419179324416232,0.4257088846880883,0.0,1.0,0.0,0.0,0.0,0.0,0.0,0.0,0.0,0.0,0.0,0.0,1.0,0.0,0.0,0.0,0.0,0.0,0.0,1.0,0.0,0.0,0.0,1.0,0.0
7503,0.13580246913580246,0.0,0.0,0.0,0.3333333333333333,0.5,0.7006158192674063,0.02631578947368421,0.004004004004004004,0.14285714285714285,0.10416666666666674,0.2969602494154344,0.41841004184100417,0.1419179324416232,0.4257088846880883,1.0,0.0,0.0,0.0,0.0,0.0,0.0,1.0,0.0,0.0,0.0,0.0,0.0,1.0,0.0,1.0,0.0,0.0,0.0,0.0,0.0,0.0,0.0,0.0,1.0
7504,0.14814814814814814,0.0,0.0,0.0,0.3333333333333333,0.5,0.6075603701023119,0.0,1.0,0.0,0.10416666666666674,0.2969602494154344,0.41841004184100417,0.1419179324416232,0.4257088846880883,1.0,0.0,0.0,0.0,0.0,0.0,0.0,0.0,0.0,0.0,0.0,0.0,0.0,1.0,0.0,0.0,0.0,0.0,0.0,0.0,1.0,0.0,0.0,1.0,0.0
7505,0.14814814814814814,1.0,0.0,0.0,0.3333333333333333,0.5,0.6442246085825132,0.05263157894736842,1.0,0.0,0.10416666666666674,0.2969602494154344,0.41841004184100417,0.1419179324416232,0.4257088846880883,1.0,0.0,0.0,0.0,0.0,0.0,0.0,0.0,0.0,0.0,0.0,0.0,0.0,0.0,0.0,0.0,0.0,0.0,0.0,0.0,1.0,0.0,0.0,1.0,0.0
7506,0.14814814814814814,1.0,0.0,0.0,0.3333333333333333,0.5,0.6048403610725471,0.0,1.0,0.0,0.10416666666666674,0.2969602494154344,0.41841004184100417,0.1419179324416232,0.4257088846880883,1.0,0.0,0.0,0.0,0.0,0.0,0.0,0.0,0.0,0.0,0.0,0.0,0.0,1.0,0.0,0.0,0.0,0.0,0.0,0.0,1.0,0.0,0.0,1.0,0.0
7507,0.25925925925925924,0.0,0.0,0.0,0.3333333333333333,0.5,0.7401096762293339,0.0,1.0,0.0,0.10416666666666674,0.2969602494154344,0.41841004184100417,0.1419179324416232,0.4257088846880883,1.0,0.0,0.0,0.0,0.0,0.0,0.0,0.0,0.0,1.0,0.0,0.0,1.0,0.0,0.0,0.0,0.0,0.0,0.0,0.0,1.0,0.0,0.0,1.0,0.0
7508,0.2839506172839506,0.0,0.0,0.0,0.3333333333333333,0.5,0.5955391234938983,0.0,1.0,0.0,0.10416666666666674,0.2969602494154344,0.41841004184100417,0.1419179324416232,0.4257088846880883,0.0,0.0,0.0,0.0,0.0,0.0,0.0,1.0,0.0,0.0,0.0,0.0,1.0,0.0,0.0,0.0,0.0,1.0,0.0,0.0,0.0,0.0,1.0,1.0,0.0
7509,0.38271604938271603,1.0,0.0,0.0,0.3333333333333333,0.5,0.7181382644722665,0.02631578947368421,0.004004004004004004,0.14285714285714285,0.10416666666666674,0.2969602494154344,0.41841004184100417,0.1419179324416232,0.4257088846880883,1.0,0.0,0.0,0.0,0.0,0.0,0.0,0.0,0.0,0.0,0.0,0.0,1.0,0.0,0.0,0.0,0.0,0.0,0.0,0.0,1.0,0.0,0.0,0.0,1.0
7510,0.16049382716049382,1.0,0.0,0.0,0.3333333333333333,0.5,0.6317758072704824,0.05263157894736842,1.0,0.0,0.10416666666666674,0.2969602494154344,0.41841004184100417,0.1419179324416232,0.4257088846880883,1.0,0.0,0.0,0.0,0.0,0.0,0.0,0.0,0.0,0.0,0.0,0.0,0.0,1.0,0.0,0.0,0.0,0.0,0.0,0.0,1.0,0.0,0.0,1.0,0.0
7511,0.2345679012345679,1.0,0.0,0.0,0.3333333333333333,0.5,0.6713567691230875,0.02631578947368421,0.003003003003003003,0.14285714285714285,0.10416666666666674,0.2969602494154344,0.41841004184100417,0.1419179324416232,0.4257088846880883,1.0,0.0,0.0,0.0,1.0,0.0,0.0,0.0,0.0,0.0,0.0,0.0,0.0,1.0,0.0,0.0,0.0,0.0,0.0,0.0,1.0,0.0,0.0,0.0,1.0
7512,0.14814814814814814,0.0,0.0,0.0,0.3333333333333333,0.5,0.6238550656258994,0.0,1.0,0.0,0.10416666666666674,0.2969602494154344,0.41841004184100417,0.1419179324416232,0.4257088846880883,1.0,0.0,0.0,0.0,0.0,0.0,0.0,0.0,0.0,0.0,0.0,0.0,1.0,0.0,0.0,0.0,0.0,1.0,0.0,0.0,0.0,0.0,0.0,1.0,0.0
7513,0.30864197530864196,1.0,0.0,0.0,0.3333333333333333,0.5,0.7152138502659882,0.0,0.003003003003003003,0.14285714285714285,0.10416666666666674,0.2969602494154344,0.41841004184100417,0.1419179324416232,0.4257088846880883,1.0,0.0,0.0,0.0,0.0,0.0,1.0,0.0,0.0,0.0,0.0,0.0,1.0,0.0,0.0,0.0,0.0,0.0,0.0,0.0,1.0,0.0,0.0,0.0,1.0
7514,0.4074074074074074,0.5,0.5,0.0,0.3333333333333333,0.5,0.7706373145033426,0.0,1.0,0.14285714285714285,0.10416666666666674,0.2969602494154344,0.41841004184100417,0.1419179324416232,0.4257088846880883,1.0,0.0,0.0,0.0,0.0,0.0,0.0,0.0,0.0,0.0,0.0,0.0,0.0,1.0,0.0,0.0,1.0,0.0,0.0,0.0,0.0,0.0,0.0,0.0,0.0
7515,0.07407407407407407,0.0,0.0,0.0,0.3333333333333333,0.5,0.6238550656258994,0.02631578947368421,1.0,0.0,0.10416666666666674,0.2969602494154344,0.41841004184100417,0.1419179324416232,0.4257088846880883,1.0,0.0,0.0,0.0,0.0,0.0,0.0,0.0,1.0,0.0,0.0,0.0,0.0,1.0,0.0,0.0,0.0,1.0,0.0,0.0,0.0,0.0,0.0,1.0,0.0
7516,0.14814814814814814,1.0,1.0,0.0,0.3333333333333333,0.5,0.7138601512137958,0.02631578947368421,1.0,0.2857142857142857,0.10416666666666674,0.2969602494154344,0.41841004184100417,0.1419179324416232,0.4257088846880883,1.0,0.0,0.0,0.0,0.0,0.0,0.0,1.0,0.0,0.0,0.0,0.0,0.0,1.0,0.0,0.0,0.0,1.0,0.0,0.0,0.0,0.0,0.0,0.0,0.0
7517,0.16049382716049382,0.0,0.0,0.0,0.3333333333333333,0.5,0.7631796793281285,0.0,1.0,0.0,0.10416666666666674,0.2969602494154344,0.41841004184100417,0.1419179324416232,0.4257088846880883,0.0,0.0,0.0,0.0,0.0,0.0,0.0,0.0,0.0,0.0,0.0,0.0,0.0,1.0,0.0,0.0,0.0,0.0,0.0,0.0,1.0,0.0,0.0,1.0,0.0
7518,0.2839506172839506,0.0,0.0,0.0,0.3333333333333333,0.5,0.7918043204387807,0.0,1.0,0.0,0.10416666666666674,0.2969602494154344,0.41841004184100417,0.1419179324416232,0.4257088846880883,1.0,0.0,1.0,0.0,0.0,0.0,0.0,0.0,0.0,0.0,0.0,0.0,1.0,0.0,0.0,1.0,0.0,0.0,0.0,0.0,0.0,0.0,0.0,1.0,0.0
7519,0.14814814814814814,0.0,0.0,0.0,0.3333333333333333,0.5,0.7749274307361093,0.02631578947368421,0.003003003003003003,0.14285714285714285,0.10416666666666674,0.2969602494154344,0.41841004184100417,0.1419179324416232,0.4257088846880883,1.0,0.0,0.0,0.0,0.0,0.0,0.0,1.0,0.0,0.0,0.0,0.0,0.0,1.0,0.0,0.0,0.0,1.0,0.0,0.0,0.0,0.0,0.0,0.0,1.0
7520,0.4938271604938272,0.0,1.0,1.0,0.3333333333333333,0.5,0.6402196209389266,0.07894736842105263,1.0,0.0,0.10416666666666674,0.2969602494154344,0.41841004184100417,0.1419179324416232,0.4257088846880883,0.0,0.0,0.0,1.0,0.0,0.0,0.0,0.0,0.0,0.0,0.0,0.0,0.0,0.0,0.0,0.0,0.0,1.0,0.0,0.0,0.0,0.0,0.0,1.0,0.0
7521,0.6419753086419753,0.0,0.0,0.0,0.3333333333333333,0.5,0.5854388177384106,0.02631578947368421,1.0,0.0,0.10416666666666674,0.2969602494154344,0.41841004184100417,0.1419179324416232,0.4257088846880883,1.0,0.0,1.0,0.0,0.0,0.0,0.0,0.0,0.0,0.0,0.0,0.0,1.0,0.0,0.0,0.0,0.0,1.0,0.0,0.0,0.0,0.0,0.0,1.0,0.0
7522,0.16049382716049382,1.0,0.0,0.0,0.3333333333333333,0.5,0.7559809303588871,0.02631578947368421,1.0,0.0,0.10416666666666674,0.2969602494154344,0.41841004184100417,0.1419179324416232,0.4257088846880883,1.0,0.0,0.0,0.0,0.0,0.0,0.0,0.0,0.0,0.0,0.0,0.0,0.0,1.0,0.0,0.0,0.0,0.0,0.0,0.0,1.0,0.0,0.0,1.0,0.0
7523,0.6419753086419753,0.0,0.0,0.0,0.3333333333333333,0.5,0.5821481094717212,0.02631578947368421,1.0,0.0,0.10416666666666674,0.2969602494154344,0.41841004184100417,0.1419179324416232,0.4257088846880883,1.0,0.0,1.0,0.0,0.0,0.0,0.0,0.0,0.0,0.0,0.0,0.0,1.0,0.0,0.0,0.0,0.0,1.0,0.0,0.0,0.0,0.0,0.0,1.0,0.0
7524,0.1728395061728395,0.0,0.0,0.0,0.3333333333333333,0.5,0.5984801554161608,0.0,0.002002002002002002,0.14285714285714285,0.10416666666666674,0.2969602494154344,0.41841004184100417,0.1419179324416232,0.4257088846880883,0.0,0.0,0.0,0.0,0.0,0.0,0.0,0.0,0.0,0.0,0.0,0.0,1.0,0.0,0.0,0.0,0.0,1.0,0.0,0.0,0.0,0.0,0.0,0.0,1.0
7525,0.5432098765432098,1.0,0.0,0.0,0.3333333333333333,0.5,0.821320929444214,0.02631578947368421,1.0,0.0,0.10416666666666674,0.2969602494154344,0.41841004184100417,0.1419179324416232,0.4257088846880883,1.0,0.0,0.0,0.0,0.0,0.0,0.0,0.0,0.0,0.0,0.0,0.0,1.0,0.0,0.0,0.0,0.0,0.0,0.0,0.0,1.0,0.0,1.0,1.0,0.0
7526,0.1111111111111111,1.0,0.0,0.0,0.3333333333333333,0.5,0.6312273906618776,0.0,1.0,0.0,0.10416666666666674,0.2969602494154344,0.41841004184100417,0.1419179324416232,0.4257088846880883,0.0,0.0,0.0,0.0,0.0,0.0,0.0,0.0,0.0,0.0,0.0,0.0,0.0,1.0,0.0,0.0,0.0,0.0,0.0,0.0,1.0,0.0,0.0,1.0,0.0
7527,0.43209876543209874,1.0,1.0,0.0,0.3333333333333333,0.5,0.6485730147319224,0.02631578947368421,1.0,0.0,0.10416666666666674,0.2969602494154344,0.41841004184100417,0.1419179324416232,0.4257088846880883,1.0,0.0,0.0,0.0,0.0,0.0,0.0,0.0,0.0,0.0,0.0,0.0,1.0,0.0,0.0,0.0,0.0,0.0,0.0,0.0,1.0,0.0,0.0,1.0,0.0
7528,0.4567901234567901,0.0,0.0,0.0,0.3333333333333333,0.5,0.5581708002178327,0.0,1.0,0.0,0.10416666666666674,0.2969602494154344,0.41841004184100417,0.1419179324416232,0.4257088846880883,0.0,0.0,0.0,0.0,0.0,0.0,0.0,0.0,0.0,0.0,0.0,0.0,0.0,1.0,0.0,0.0,0.0,1.0,0.0,0.0,0.0,0.0,0.0,1.0,0.0
7529,0.04938271604938271,0.0,0.0,0.0,0.3333333333333333,0.5,0.6693862850347637,0.07894736842105263,1.0,0.0,0.10416666666666674,0.2969602494154344,0.41841004184100417,0.1419179324416232,0.4257088846880883,0.0,0.0,0.0,0.0,0.0,0.0,0.0,0.0,1.0,0.0,0.0,0.0,0.0,1.0,0.0,0.0,0.0,1.0,0.0,0.0,0.0,0.0,0.0,1.0,0.0
7530,0.19753086419753085,1.0,0.0,0.0,0.3333333333333333,0.5,0.6159896330688406,0.0,1.0,0.0,0.10416666666666674,0.2969602494154344,0.41841004184100417,0.1419179324416232,0.4257088846880883,1.0,0.0,0.0,0.0,1.0,0.0,0.0,0.0,0.0,0.0,0.0,0.0,0.0,0.0,0.0,0.0,0.0,0.0,0.0,0.0,1.0,0.0,0.0,1.0,0.0
7531,0.2222222222222222,0.0,0.0,0.0,0.3333333333333333,0.75,0.7336162689894798,0.05263157894736842,1.0,0.0,0.10416666666666674,0.2969602494154344,0.41841004184100417,0.1419179324416232,0.4257088846880883,1.0,0.0,0.0,0.0,0.0,0.0,0.0,0.0,0.0,0.0,0.0,0.0,1.0,0.0,0.0,0.0,0.0,0.0,0.0,0.0,1.0,0.0,0.0,1.0,0.0
7532,0.4444444444444445,1.0,0.0,0.0,0.3333333333333333,0.75,0.6818201199369839,0.02631578947368421,0.003003003003003003,0.14285714285714285,0.10416666666666674,0.2969602494154344,0.41841004184100417,0.1419179324416232,0.4257088846880883,1.0,1.0,0.0,0.0,0.0,0.0,0.0,0.0,0.0,0.0,0.0,0.0,1.0,0.0,0.0,1.0,0.0,0.0,0.0,0.0,0.0,0.0,0.0,0.0,1.0
7533,0.419753086419753,1.0,0.0,0.0,0.3333333333333333,0.75,0.6554811725306058,0.02631578947368421,1.0,0.0,0.10416666666666674,0.2969602494154344,0.41841004184100417,0.1419179324416232,0.4257088846880883,1.0,0.0,0.0,0.0,0.0,0.0,0.0,0.0,0.0,0.0,1.0,0.0,1.0,0.0,0.0,1.0,0.0,0.0,0.0,0.0,0.0,0.0,0.0,1.0,0.0
7534,0.419753086419753,0.0,0.0,0.0,0.3333333333333333,0.75,0.6632686943784747,0.02631578947368421,1.0,0.14285714285714285,0.10416666666666674,0.2969602494154344,0.41841004184100417,0.1419179324416232,0.4257088846880883,1.0,0.0,0.0,0.0,0.0,0.0,0.0,0.0,0.0,0.0,1.0,0.0,1.0,0.0,0.0,1.0,0.0,0.0,0.0,0.0,0.0,0.0,0.0,0.0,0.0
7535,0.34567901234567905,1.0,0.0,0.0,0.3333333333333333,0.75,0.6278820898893921,0.0,1.0,0.0,0.10416666666666674,0.2969602494154344,0.41841004184100417,0.1419179324416232,0.4257088846880883,1.0,0.0,0.0,0.0,0.0,0.0,0.0,0.0,0.0,0.0,0.0,0.0,0.0,1.0,0.0,0.0,0.0,0.0,0.0,0.0,1.0,0.0,0.0,1.0,0.0
7536,0.16049382716049382,1.0,0.0,0.0,0.3333333333333333,0.75,0.5496889184613623,0.0,0.003003003003003003,0.2857142857142857,0.10416666666666674,0.2969602494154344,0.41841004184100417,0.1419179324416232,0.4257088846880883,0.0,0.0,0.0,0.0,0.0,0.0,0.0,0.0,0.0,0.0,0.0,0.0,0.0,1.0,0.0,0.0,0.0,0.0,0.0,0.0,1.0,0.0,0.0,0.0,1.0
7537,0.419753086419753,1.0,0.0,0.0,0.3333333333333333,0.75,0.5154803582186305,0.0,1.0,0.14285714285714285,0.10416666666666674,0.2969602494154344,0.41841004184100417,0.1419179324416232,0.4257088846880883,0.0,0.0,0.0,0.0,0.0,0.0,0.0,0.0,0.0,0.0,1.0,0.0,1.0,0.0,0.0,1.0,0.0,0.0,0.0,0.0,0.0,0.0,0.0,0.0,0.0
7538,0.14814814814814814,1.0,1.0,0.0,0.3333333333333333,0.75,0.7186622526414759,0.0,1.0,0.0,0.10416666666666674,0.2969602494154344,0.41841004184100417,0.1419179324416232,0.4257088846880883,1.0,0.0,0.0,0.0,0.0,0.0,0.0,0.0,0.0,0.0,0.0,0.0,0.0,1.0,0.0,0.0,0.0,0.0,0.0,0.0,1.0,0.0,0.0,1.0,0.0
7539,0.16049382716049382,1.0,0.0,0.0,0.3333333333333333,0.75,0.5550613200712357,0.02631578947368421,1.0,0.14285714285714285,0.10416666666666674,0.2969602494154344,0.41841004184100417,0.1419179324416232,0.4257088846880883,0.0,0.0,0.0,0.0,0.0,0.0,0.0,0.0,0.0,0.0,0.0,0.0,1.0,0.0,0.0,0.0,1.0,0.0,0.0,0.0,0.0,0.0,0.0,0.0,0.0
7540,0.1111111111111111,0.0,1.0,0.0,0.3333333333333333,0.75,0.6371237804409605,0.0,1.0,0.0,0.10416666666666674,0.2969602494154344,0.41841004184100417,0.1419179324416232,0.4257088846880883,1.0,0.0,0.0,0.0,0.0,0.0,0.0,0.0,0.0,0.0,0.0,0.0,0.0,1.0,0.0,0.0,0.0,0.0,0.0,0.0,1.0,0.0,0.0,1.0,0.0
7541,0.04938271604938271,0.0,0.0,0.0,0.3333333333333333,0.75,0.7051005485106072,0.0,1.0,0.0,0.10416666666666674,0.2969602494154344,0.41841004184100417,0.1419179324416232,0.4257088846880883,1.0,0.0,0.0,0.0,0.0,0.0,0.0,0.0,1.0,0.0,0.0,0.0,0.0,1.0,0.0,0.0,0.0,1.0,0.0,0.0,0.0,0.0,0.0,1.0,0.0
7542,0.09876543209876543,1.0,0.0,0.0,0.3333333333333333,0.75,0.6334058816143029,0.0,1.0,0.0,0.10416666666666674,0.2969602494154344,0.41841004184100417,0.1419179324416232,0.4257088846880883,1.0,0.0,0.0,0.0,0.0,0.0,0.0,1.0,0.0,0.0,0.0,0.0,0.0,1.0,0.0,0.0,0.0,1.0,0.0,0.0,0.0,0.0,0.0,1.0,0.0
7543,0.30864197530864196,0.0,0.0,0.0,0.3333333333333333,0.75,0.5977517620704379,0.0,1.0,0.0,0.10416666666666674,0.2969602494154344,0.41841004184100417,0.1419179324416232,0.4257088846880883,1.0,0.0,0.0,0.0,0.0,0.0,0.0,0.0,0.0,0.0,0.0,0.0,1.0,0.0,0.0,0.0,0.0,0.0,0.0,0.0,1.0,0.0,0.0,1.0,0.0
7544,0.08641975308641975,0.0,0.0,0.0,0.3333333333333333,0.75,0.6901028468283567,0.02631578947368421,1.0,0.14285714285714285,0.10416666666666674,0.2969602494154344,0.41841004184100417,0.1419179324416232,0.4257088846880883,1.0,0.0,0.0,0.0,0.0,0.0,0.0,0.0,0.0,0.0,0.0,0.0,0.0,1.0,0.0,0.0,0.0,1.0,0.0,0.0,0.0,0.0,0.0,0.0,0.0
7545,0.04938271604938271,1.0,1.0,0.0,0.3333333333333333,0.75,0.7845674047926624,0.0,1.0,0.0,0.10416666666666674,0.2969602494154344,0.41841004184100417,0.1419179324416232,0.4257088846880883,1.0,0.0,0.0,0.0,0.0,0.0,0.0,1.0,0.0,0.0,0.0,0.0,0.0,1.0,0.0,0.0,0.0,0.0,0.0,1.0,0.0,0.0,0.0,1.0,0.0
7546,0.16049382716049382,0.0,0.0,0.0,0.3333333333333333,0.75,0.6800186276166762,0.0,1.0,0.0,0.10416666666666674,0.2969602494154344,0.41841004184100417,0.1419179324416232,0.4257088846880883,1.0,0.0,0.0,0.0,0.0,0.0,0.0,0.0,0.0,0.0,0.0,0.0,0.0,1.0,0.0,0.0,0.0,0.0,0.0,0.0,1.0,0.0,0.0,1.0,0.0
7547,0.4074074074074074,1.0,1.0,0.0,0.3333333333333333,0.75,0.5140006512933829,0.0,1.0,0.0,0.10416666666666674,0.2969602494154344,0.41841004184100417,0.1419179324416232,0.4257088846880883,0.0,0.0,0.0,0.0,0.0,0.0,0.0,0.0,0.0,1.0,0.0,0.0,0.0,1.0,0.0,0.0,0.0,0.0,0.0,1.0,0.0,0.0,0.0,1.0,0.0
7548,0.4074074074074074,1.0,1.0,0.0,0.3333333333333333,0.75,0.5977517620704379,0.0,1.0,0.14285714285714285,0.10416666666666674,0.2969602494154344,0.41841004184100417,0.1419179324416232,0.4257088846880883,1.0,0.0,0.0,0.0,0.0,0.0,0.0,0.0,0.0,1.0,0.0,0.0,0.0,1.0,0.0,0.0,0.0,0.0,0.0,1.0,0.0,0.0,0.0,0.0,0.0
7549,0.06172839506172839,1.0,1.0,0.0,0.3333333333333333,0.75,0.6355447614376443,0.0,1.0,0.14285714285714285,0.10416666666666674,0.2969602494154344,0.41841004184100417,0.1419179324416232,0.4257088846880883,0.0,0.0,0.0,0.0,0.0,0.0,0.0,0.0,1.0,0.0,0.0,0.0,0.0,1.0,0.0,0.0,0.0,1.0,0.0,0.0,0.0,0.0,0.0,0.0,0.0
7550,0.09876543209876543,1.0,0.0,0.0,0.3333333333333333,0.75,0.6447157790225418,0.02631578947368421,0.003003003003003003,0.14285714285714285,0.10416666666666674,0.2969602494154344,0.41841004184100417,0.1419179324416232,0.4257088846880883,1.0,0.0,0.0,0.0,0.0,0.0,0.0,1.0,0.0,0.0,0.0,0.0,0.0,1.0,0.0,0.0,0.0,1.0,0.0,0.0,0.0,0.0,0.0,0.0,1.0
7551,0.2345679012345679,1.0,0.0,0.0,0.3333333333333333,0.75,0.5947922311468027,0.0,1.0,0.14285714285714285,0.10416666666666674,0.2969602494154344,0.41841004184100417,0.1419179324416232,0.4257088846880883,1.0,0.0,0.0,0.0,1.0,0.0,0.0,0.0,0.0,0.0,0.0,0.0,1.0,0.0,0.0,0.0,0.0,0.0,0.0,0.0,1.0,0.0,0.0,0.0,0.0
7552,0.2345679012345679,0.0,0.0,0.0,0.3333333333333333,0.75,0.6202900913078108,0.0,1.0,0.0,0.10416666666666674,0.2969602494154344,0.41841004184100417,0.1419179324416232,0.4257088846880883,1.0,0.0,0.0,0.0,1.0,0.0,0.0,0.0,0.0,0.0,0.0,0.0,1.0,0.0,0.0,0.0,0.0,0.0,0.0,0.0,1.0,0.0,0.0,1.0,0.0
7553,0.16049382716049382,1.0,0.0,0.0,0.3333333333333333,0.75,0.5381468098084997,0.02631578947368421,0.004004004004004004,0.14285714285714285,0.10416666666666674,0.2969602494154344,0.41841004184100417,0.1419179324416232,0.4257088846880883,1.0,0.0,0.0,0.0,0.0,0.0,0.0,0.0,0.0,0.0,0.0,0.0,1.0,0.0,0.0,0.0,0.0,0.0,0.0,0.0,1.0,0.0,0.0,0.0,1.0
7554,0.09876543209876543,0.0,1.0,0.0,0.3333333333333333,0.75,0.5787626916748434,0.0,1.0,0.0,0.10416666666666674,0.2969602494154344,0.41841004184100417,0.1419179324416232,0.4257088846880883,1.0,0.0,0.0,0.0,0.0,0.0,0.0,0.0,1.0,0.0,0.0,0.0,0.0,1.0,0.0,0.0,0.0,0.0,0.0,0.0,1.0,0.0,0.0,1.0,0.0
7555,0.1728395061728395,0.0,0.0,0.0,0.3333333333333333,0.75,0.5183850773918827,0.02631578947368421,1.0,0.14285714285714285,0.10416666666666674,0.2969602494154344,0.41841004184100417,0.1419179324416232,0.4257088846880883,1.0,0.0,0.0,0.0,0.0,0.0,0.0,0.0,0.0,0.0,0.0,0.0,1.0,0.0,0.0,0.0,0.0,0.0,0.0,0.0,1.0,0.0,0.0,0.0,0.0
7556,0.2222222222222222,1.0,0.0,0.0,0.3333333333333333,0.75,0.6585712040288184,0.0,1.0,0.0,0.10416666666666674,0.2969602494154344,0.41841004184100417,0.1419179324416232,0.4257088846880883,1.0,0.0,0.0,0.0,0.0,0.0,1.0,0.0,0.0,0.0,0.0,0.0,1.0,0.0,0.0,0.0,0.0,0.0,0.0,0.0,1.0,0.0,0.0,1.0,0.0
7557,0.18518518518518517,0.0,1.0,0.0,0.3333333333333333,0.75,0.6814620217929135,0.05263157894736842,0.003003003003003003,0.14285714285714285,0.10416666666666674,0.2969602494154344,0.41841004184100417,0.1419179324416232,0.4257088846880883,1.0,0.0,0.0,0.0,0.0,0.0,0.0,0.0,0.0,0.0,0.0,0.0,1.0,0.0,0.0,0.0,0.0,0.0,0.0,0.0,1.0,0.0,0.0,0.0,1.0
7558,0.13580246913580246,1.0,1.0,0.0,0.3333333333333333,0.75,0.6697830312775754,0.02631578947368421,1.0,0.0,0.10416666666666674,0.2969602494154344,0.41841004184100417,0.1419179324416232,0.4257088846880883,1.0,0.0,0.0,0.0,0.0,0.0,0.0,0.0,0.0,0.0,0.0,0.0,0.0,1.0,0.0,0.0,0.0,1.0,0.0,0.0,0.0,0.0,0.0,1.0,0.0
7559,0.4444444444444445,0.0,1.0,0.0,0.3333333333333333,0.75,0.5878478128342483,0.0,1.0,0.2857142857142857,0.10416666666666674,0.2969602494154344,0.41841004184100417,0.1419179324416232,0.4257088846880883,1.0,0.0,0.0,1.0,0.0,0.0,0.0,0.0,0.0,0.0,0.0,0.0,1.0,0.0,0.0,0.0,0.0,1.0,0.0,0.0,0.0,0.0,0.0,0.0,0.0
7560,0.2222222222222222,0.0,0.0,0.0,0.3333333333333333,0.75,0.5651217337279456,0.07894736842105263,1.0,0.0,0.10416666666666674,0.2969602494154344,0.41841004184100417,0.1419179324416232,0.4257088846880883,1.0,0.0,0.0,0.0,0.0,0.0,0.0,0.0,0.0,0.0,0.0,0.0,1.0,0.0,0.0,0.0,0.0,0.0,0.0,0.0,1.0,0.0,0.0,1.0,0.0
7561,0.18518518518518517,1.0,0.0,0.0,0.3333333333333333,0.75,0.529335783224907,0.02631578947368421,1.0,0.0,0.10416666666666674,0.2969602494154344,0.41841004184100417,0.1419179324416232,0.4257088846880883,1.0,0.0,0.0,0.0,0.0,0.0,0.0,0.0,0.0,0.0,0.0,0.0,0.0,1.0,0.0,0.0,0.0,0.0,0.0,0.0,1.0,0.0,0.0,1.0,0.0
7562,0.16049382716049382,0.0,0.0,0.0,0.3333333333333333,0.75,0.5796182238056906,0.0,1.0,0.0,0.10416666666666674,0.2969602494154344,0.41841004184100417,0.1419179324416232,0.4257088846880883,1.0,0.0,0.0,0.0,0.0,0.0,0.0,0.0,0.0,1.0,0.0,0.0,0.0,1.0,0.0,0.0,0.0,0.0,0.0,1.0,0.0,0.0,0.0,1.0,0.0
7563,0.13580246913580246,1.0,0.0,0.0,0.3333333333333333,0.75,0.6278820898893921,0.0,1.0,0.0,0.10416666666666674,0.2969602494154344,0.41841004184100417,0.1419179324416232,0.4257088846880883,0.0,0.0,0.0,0.0,0.0,0.0,1.0,0.0,0.0,0.0,0.0,0.0,0.0,1.0,0.0,0.0,0.0,0.0,0.0,1.0,0.0,0.0,0.0,1.0,0.0
7564,0.13580246913580246,1.0,0.0,0.0,0.3333333333333333,0.75,0.8302568789197602,0.0,0.004004004004004004,0.14285714285714285,0.10416666666666674,0.2969602494154344,0.41841004184100417,0.1419179324416232,0.4257088846880883,1.0,0.0,0.0,0.0,1.0,0.0,0.0,0.0,0.0,0.0,0.0,0.0,0.0,1.0,0.0,0.0,0.0,0.0,0.0,0.0,1.0,0.0,0.0,0.0,1.0
7565,0.16049382716049382,0.5,0.5,0.0,0.3333333333333333,0.75,0.6480977205520548,0.0,0.007007007007007007,0.14285714285714285,0.10416666666666674,0.2969602494154344,0.41841004184100417,0.1419179324416232,0.4257088846880883,1.0,0.0,0.0,0.0,0.0,0.0,0.0,0.0,0.0,0.0,0.0,0.0,0.0,1.0,0.0,0.0,0.0,0.0,0.0,1.0,0.0,0.0,0.0,0.0,1.0
7566,0.09876543209876543,1.0,1.0,0.0,0.3333333333333333,0.75,0.7154827307247326,0.02631578947368421,1.0,0.0,0.10416666666666674,0.2969602494154344,0.41841004184100417,0.1419179324416232,0.4257088846880883,1.0,0.0,0.0,0.0,0.0,0.0,0.0,1.0,0.0,0.0,0.0,0.0,0.0,0.0,0.0,0.0,0.0,1.0,0.0,0.0,0.0,0.0,0.0,1.0,0.0
7567,0.18518518518518517,1.0,0.0,0.0,0.3333333333333333,0.75,0.6328650293995502,0.02631578947368421,1.0,0.0,0.10416666666666674,0.2969602494154344,0.41841004184100417,0.1419179324416232,0.4257088846880883,0.0,0.0,0.0,0.0,0.0,0.0,0.0,0.0,0.0,0.0,0.0,0.0,1.0,0.0,0.0,0.0,0.0,0.0,0.0,0.0,1.0,0.0,0.0,1.0,0.0
7568,0.4444444444444445,0.0,1.0,0.0,0.3333333333333333,0.75,0.7483127678708024,0.02631578947368421,1.0,0.0,0.10416666666666674,0.2969602494154344,0.41841004184100417,0.1419179324416232,0.4257088846880883,1.0,1.0,0.0,0.0,0.0,0.0,0.0,0.0,0.0,0.0,0.0,0.0,1.0,0.0,0.0,0.0,1.0,0.0,0.0,0.0,0.0,0.0,0.0,1.0,0.0
7569,0.08641975308641975,0.5,0.5,0.0,0.3333333333333333,0.75,0.664102989715846,0.05263157894736842,1.0,0.2857142857142857,0.10416666666666674,0.2969602494154344,0.41841004184100417,0.1419179324416232,0.4257088846880883,1.0,0.0,0.0,0.0,0.0,0.0,0.0,0.0,1.0,0.0,0.0,0.0,0.0,1.0,0.0,0.0,0.0,1.0,0.0,0.0,0.0,0.0,0.0,0.0,0.0
7570,0.13580246913580246,1.0,0.0,0.0,0.3333333333333333,0.75,0.494619644821988,0.0,1.0,0.14285714285714285,0.10416666666666674,0.2969602494154344,0.41841004184100417,0.1419179324416232,0.4257088846880883,0.0,0.0,0.0,0.0,1.0,0.0,0.0,0.0,0.0,0.0,0.0,0.0,0.0,1.0,0.0,0.0,0.0,0.0,0.0,0.0,1.0,0.0,0.0,0.0,0.0
7571,0.13580246913580246,1.0,0.0,0.0,0.3333333333333333,0.75,0.506309340633733,0.0,1.0,0.14285714285714285,0.10416666666666674,0.2969602494154344,0.41841004184100417,0.1419179324416232,0.4257088846880883,0.0,0.0,0.0,0.0,0.0,0.0,0.0,0.0,0.0,0.0,0.0,0.0,1.0,0.0,0.0,0.0,0.0,0.0,0.0,0.0,1.0,0.0,0.0,0.0,0.0
7572,0.4444444444444445,0.0,0.0,0.0,0.3333333333333333,0.75,0.7511232976190926,0.05263157894736842,1.0,0.14285714285714285,0.10416666666666674,0.2969602494154344,0.41841004184100417,0.1419179324416232,0.4257088846880883,1.0,1.0,0.0,0.0,0.0,0.0,0.0,0.0,0.0,0.0,0.0,0.0,1.0,0.0,0.0,1.0,0.0,0.0,0.0,0.0,0.0,0.0,0.0,0.0,0.0
7573,0.2222222222222222,0.0,1.0,1.0,0.3333333333333333,0.75,0.5689167450775122,0.10526315789473684,1.0,0.0,0.10416666666666674,0.2969602494154344,0.41841004184100417,0.1419179324416232,0.4257088846880883,0.0,0.0,0.0,0.0,0.0,0.0,0.0,0.0,0.0,0.0,0.0,0.0,1.0,0.0,0.0,0.0,0.0,0.0,0.0,0.0,1.0,0.0,0.0,1.0,0.0
7574,0.06172839506172839,0.0,1.0,1.0,0.3333333333333333,0.75,0.6020559671887218,0.02631578947368421,1.0,0.0,0.10416666666666674,0.2969602494154344,0.41841004184100417,0.1419179324416232,0.4257088846880883,1.0,0.0,0.0,0.0,0.0,0.0,0.0,0.0,1.0,0.0,0.0,0.0,0.0,1.0,0.0,0.0,0.0,1.0,0.0,0.0,0.0,0.0,0.0,1.0,0.0
7575,0.43209876543209874,0.0,0.0,0.0,0.3333333333333333,1.0,0.6075603701023119,0.02631578947368421,0.003003003003003003,0.14285714285714285,0.10416666666666674,0.2969602494154344,0.41841004184100417,0.1437315801405577,0.4257088846880883,1.0,1.0,0.0,0.0,0.0,0.0,0.0,0.0,0.0,0.0,0.0,0.0,0.0,1.0,0.0,0.0,1.0,0.0,0.0,0.0,0.0,0.0,0.0,0.0,1.0
7576,0.14814814814814814,0.0,0.0,0.0,0.3333333333333333,1.0,0.7042171765284851,0.0,1.0,0.0,0.10416666666666674,0.2969602494154344,0.41841004184100417,0.1437315801405577,0.4257088846880883,1.0,0.0,0.0,0.0,0.0,0.0,0.0,0.0,0.0,1.0,0.0,0.0,1.0,0.0,0.0,0.0,0.0,1.0,0.0,0.0,0.0,0.0,0.0,1.0,0.0
7577,0.35802469135802467,1.0,1.0,0.0,0.3333333333333333,1.0,0.6803811399204682,0.0,0.003003003003003003,0.14285714285714285,0.10416666666666674,0.2969602494154344,0.41841004184100417,0.1437315801405577,0.4257088846880883,1.0,0.0,0.0,1.0,0.0,0.0,0.0,0.0,0.0,0.0,0.0,0.0,0.0,1.0,0.0,0.0,0.0,0.0,0.0,0.0,1.0,0.0,0.0,0.0,1.0
7578,0.16049382716049382,0.0,0.0,0.0,0.3333333333333333,1.0,0.661156696006206,0.0,1.0,0.0,0.10416666666666674,0.2969602494154344,0.41841004184100417,0.1437315801405577,0.4257088846880883,1.0,0.0,0.0,0.0,0.0,0.0,0.0,0.0,0.0,0.0,0.0,0.0,0.0,1.0,0.0,0.0,0.0,0.0,0.0,0.0,1.0,0.0,0.0,1.0,0.0
7579,0.16049382716049382,0.0,1.0,0.0,0.3333333333333333,1.0,0.623268355434684,0.0,0.003003003003003003,0.14285714285714285,0.10416666666666674,0.2969602494154344,0.41841004184100417,0.1437315801405577,0.4257088846880883,1.0,0.0,0.0,0.0,0.0,0.0,0.0,0.0,0.0,0.0,0.0,0.0,0.0,1.0,0.0,0.0,0.0,0.0,0.0,0.0,1.0,0.0,0.0,0.0,1.0
7580,0.18518518518518517,0.0,0.0,0.0,0.3333333333333333,1.0,0.6523077776041232,0.0,1.0,0.0,0.10416666666666674,0.2969602494154344,0.41841004184100417,0.1437315801405577,0.4257088846880883,1.0,0.0,0.0,0.0,0.0,0.0,0.0,0.0,0.0,0.0,0.0,0.0,0.0,1.0,0.0,0.0,0.0,0.0,0.0,0.0,1.0,0.0,0.0,1.0,0.0
7581,0.13580246913580246,1.0,0.0,0.0,0.3333333333333333,1.0,0.6412337233355714,0.0,1.0,0.0,0.10416666666666674,0.2969602494154344,0.41841004184100417,0.1437315801405577,0.4257088846880883,1.0,0.0,0.0,0.0,0.0,0.0,0.0,0.0,0.0,0.0,0.0,0.0,0.0,1.0,0.0,0.0,0.0,0.0,0.0,0.0,1.0,0.0,0.0,1.0,0.0
7582,0.18518518518518517,0.0,0.0,0.0,0.3333333333333333,1.0,0.7220124395076876,0.0,1.0,0.0,0.10416666666666674,0.2969602494154344,0.41841004184100417,0.1437315801405577,0.4257088846880883,1.0,0.0,0.0,0.0,0.0,0.0,0.0,0.0,0.0,0.0,0.0,0.0,0.0,1.0,0.0,0.0,0.0,0.0,0.0,0.0,1.0,0.0,0.0,1.0,0.0
7583,0.08641975308641975,0.0,0.0,0.0,0.3333333333333333,1.0,0.6523077776041232,0.02631578947368421,1.0,0.0,0.10416666666666674,0.2969602494154344,0.41841004184100417,0.1437315801405577,0.4257088846880883,1.0,0.0,0.0,0.0,0.0,0.0,0.0,0.0,0.0,0.0,0.0,0.0,0.0,1.0,0.0,0.0,0.0,0.0,0.0,0.0,1.0,0.0,0.0,1.0,0.0
7584,0.08641975308641975,1.0,0.0,1.0,0.3333333333333333,1.0,0.5529417104829256,0.0,1.0,0.0,0.10416666666666674,0.2969602494154344,0.41841004184100417,0.1437315801405577,0.4257088846880883,0.0,0.0,0.0,0.0,0.0,0.0,0.0,0.0,1.0,0.0,0.0,0.0,0.0,1.0,0.0,0.0,0.0,1.0,0.0,0.0,0.0,0.0,0.0,1.0,0.0
7585,0.419753086419753,0.0,0.0,1.0,0.3333333333333333,1.0,0.672135812695421,0.0,1.0,0.0,0.10416666666666674,0.2969602494154344,0.41841004184100417,0.1437315801405577,0.4257088846880883,1.0,0.0,0.0,0.0,0.0,0.0,0.0,0.0,0.0,1.0,0.0,0.0,1.0,0.0,0.0,0.0,1.0,0.0,0.0,0.0,0.0,0.0,0.0,1.0,0.0
7586,0.13580246913580246,1.0,1.0,0.0,0.3333333333333333,1.0,0.5894268318375645,0.0,0.003003003003003003,0.14285714285714285,0.10416666666666674,0.2969602494154344,0.41841004184100417,0.1437315801405577,0.4257088846880883,1.0,0.0,0.0,0.0,0.0,0.0,0.0,0.0,0.0,1.0,0.0,0.0,0.0,1.0,0.0,0.0,0.0,0.0,0.0,1.0,0.0,0.0,0.0,0.0,1.0
7587,0.09876543209876543,0.0,0.0,0.0,0.3333333333333333,1.0,0.6184662540070037,0.0,1.0,0.0,0.10416666666666674,0.2969602494154344,0.41841004184100417,0.1437315801405577,0.4257088846880883,1.0,0.0,0.0,0.0,0.0,0.0,0.0,0.0,1.0,0.0,0.0,0.0,1.0,0.0,0.0,0.0,0.0,0.0,0.0,0.0,1.0,0.0,0.0,1.0,0.0
7588,0.5185185185185184,1.0,0.0,0.0,0.3333333333333333,1.0,0.8636927636684372,0.0,1.0,0.0,0.10416666666666674,0.2969602494154344,0.41841004184100417,0.1437315801405577,0.4257088846880883,1.0,0.0,0.0,0.0,0.0,0.0,0.0,0.0,0.0,0.0,0.0,0.0,1.0,0.0,0.0,0.0,0.0,0.0,0.0,0.0,1.0,0.0,1.0,1.0,0.0
7589,0.1728395061728395,1.0,0.0,0.0,0.3333333333333333,1.0,0.6278820898893921,0.0,1.0,0.0,0.10416666666666674,0.2969602494154344,0.41841004184100417,0.1437315801405577,0.4257088846880883,1.0,0.0,0.0,0.0,0.0,0.0,1.0,0.0,0.0,0.0,0.0,0.0,1.0,0.0,0.0,0.0,0.0,0.0,0.0,0.0,1.0,0.0,0.0,1.0,0.0
7590,0.04938271604938271,0.0,0.0,0.0,0.3333333333333333,1.0,0.7296361927525703,0.02631578947368421,1.0,0.0,0.10416666666666674,0.2969602494154344,0.41841004184100417,0.1437315801405577,0.4257088846880883,1.0,0.0,0.0,0.0,0.0,0.0,0.0,0.0,1.0,0.0,0.0,0.0,0.0,1.0,0.0,0.0,0.0,0.0,0.0,0.0,1.0,0.0,0.0,1.0,0.0
7591,0.419753086419753,1.0,0.0,0.0,0.3333333333333333,1.0,0.7333858376729261,0.0,1.0,0.0,0.10416666666666674,0.2969602494154344,0.41841004184100417,0.1437315801405577,0.4257088846880883,1.0,0.0,0.0,0.0,0.0,0.0,0.0,0.0,0.0,1.0,0.0,0.0,0.0,1.0,0.0,0.0,0.0,0.0,0.0,0.0,1.0,0.0,0.0,1.0,0.0
7592,0.12345679012345678,1.0,0.0,0.0,0.3333333333333333,1.0,0.5125020940917573,0.0,1.0,0.0,0.10416666666666674,0.2969602494154344,0.41841004184100417,0.1437315801405577,0.4257088846880883,0.0,0.0,0.0,0.0,0.0,0.0,0.0,0.0,0.0,0.0,0.0,0.0,0.0,1.0,0.0,0.0,0.0,0.0,0.0,0.0,1.0,0.0,0.0,1.0,0.0
7593,0.419753086419753,0.0,0.0,0.0,0.3333333333333333,1.0,0.7633585921374992,0.0,1.0,0.0,0.10416666666666674,0.2969602494154344,0.41841004184100417,0.1437315801405577,0.4257088846880883,1.0,0.0,0.0,0.0,0.0,0.0,0.0,0.0,0.0,1.0,0.0,0.0,0.0,1.0,0.0,0.0,0.0,0.0,0.0,0.0,1.0,0.0,0.0,1.0,0.0
7594,0.14814814814814814,1.0,0.0,0.0,0.3333333333333333,1.0,0.6943571545318569,0.05263157894736842,1.0,0.0,0.10416666666666674,0.2969602494154344,0.41841004184100417,0.1437315801405577,0.4257088846880883,1.0,0.0,0.0,0.0,0.0,0.0,0.0,0.0,0.0,1.0,0.0,0.0,1.0,0.0,0.0,0.0,0.0,1.0,0.0,0.0,0.0,0.0,0.0,1.0,0.0
7595,0.419753086419753,0.0,0.0,0.0,0.3333333333333333,1.0,0.5970188304191458,0.02631578947368421,1.0,0.0,0.10416666666666674,0.2969602494154344,0.41841004184100417,0.1437315801405577,0.4257088846880883,1.0,0.0,0.0,0.0,0.0,0.0,0.0,0.0,0.0,0.0,0.0,0.0,0.0,1.0,0.0,0.0,0.0,0.0,0.0,0.0,1.0,0.0,0.0,1.0,0.0
7596,0.24691358024691357,0.0,0.0,0.0,0.3333333333333333,1.0,0.5417298832341686,0.0,1.0,0.0,0.10416666666666674,0.2969602494154344,0.41841004184100417,0.1437315801405577,0.4257088846880883,0.0,0.0,0.0,0.0,0.0,0.0,0.0,0.0,1.0,0.0,0.0,0.0,0.0,1.0,0.0,0.0,0.0,0.0,0.0,0.0,0.0,1.0,0.0,1.0,0.0
7597,0.1728395061728395,1.0,0.0,0.0,0.3333333333333333,1.0,0.6615821400485514,0.02631578947368421,1.0,0.0,0.10416666666666674,0.2969602494154344,0.41841004184100417,0.1437315801405577,0.4257088846880883,1.0,0.0,0.0,0.0,0.0,0.0,0.0,0.0,0.0,1.0,0.0,0.0,1.0,0.0,0.0,0.0,0.0,0.0,0.0,0.0,1.0,0.0,0.0,1.0,0.0
7598,0.38271604938271603,1.0,0.0,1.0,0.3333333333333333,1.0,0.7363468012409793,0.05263157894736842,1.0,0.0,0.10416666666666674,0.2969602494154344,0.41841004184100417,0.1437315801405577,0.4257088846880883,1.0,0.0,0.0,0.0,0.0,0.0,0.0,0.0,0.0,0.0,0.0,0.0,1.0,0.0,0.0,0.0,0.0,0.0,0.0,0.0,1.0,0.0,0.0,1.0,0.0
7599,0.16049382716049382,1.0,0.0,0.0,0.3333333333333333,1.0,0.6278820898893921,0.02631578947368421,0.004004004004004004,0.14285714285714285,0.10416666666666674,0.2969602494154344,0.41841004184100417,0.1437315801405577,0.4257088846880883,1.0,0.0,0.0,0.0,0.0,0.0,0.0,0.0,0.0,0.0,0.0,0.0,1.0,0.0,0.0,0.0,0.0,0.0,0.0,0.0,0.0,1.0,0.0,0.0,1.0
7600,0.13580246913580246,1.0,0.0,0.0,0.3333333333333333,1.0,0.7481094227043764,0.05263157894736842,1.0,0.0,0.10416666666666674,0.2969602494154344,0.41841004184100417,0.1437315801405577,0.4257088846880883,1.0,0.0,0.0,0.0,0.0,0.0,0.0,0.0,1.0,0.0,0.0,0.0,0.0,1.0,0.0,0.0,0.0,1.0,0.0,0.0,0.0,0.0,0.0,1.0,0.0
7601,0.09876543209876543,1.0,0.0,0.0,0.3333333333333333,1.0,0.5463436176888766,0.02631578947368421,1.0,0.0,0.10416666666666674,0.2969602494154344,0.41841004184100417,0.1437315801405577,0.4257088846880883,1.0,0.0,0.0,0.0,0.0,0.0,0.0,0.0,0.0,1.0,0.0,0.0,0.0,1.0,0.0,0.0,1.0,0.0,0.0,0.0,0.0,0.0,0.0,1.0,0.0
7602,0.2222222222222222,1.0,0.0,1.0,0.3333333333333333,1.0,0.6946781237609596,0.0,1.0,0.0,0.10416666666666674,0.2969602494154344,0.41841004184100417,0.1437315801405577,0.4257088846880883,1.0,0.0,0.0,0.0,0.0,0.0,0.0,0.0,0.0,1.0,0.0,0.0,1.0,0.0,0.0,0.0,0.0,0.0,0.0,1.0,0.0,0.0,0.0,1.0,0.0
7603,0.037037037037037035,1.0,0.0,0.0,0.3333333333333333,1.0,0.6244388640920251,0.02631578947368421,1.0,0.0,0.10416666666666674,0.2969602494154344,0.41841004184100417,0.1437315801405577,0.4257088846880883,1.0,0.0,0.0,0.0,0.0,0.0,0.0,0.0,1.0,0.0,0.0,0.0,0.0,1.0,0.0,0.0,0.0,1.0,0.0,0.0,0.0,0.0,0.0,1.0,0.0
7604,0.16049382716049382,1.0,0.0,0.0,0.3333333333333333,1.0,0.6020559671887218,0.02631578947368421,1.0,0.0,0.10416666666666674,0.2969602494154344,0.41841004184100417,0.1437315801405577,0.4257088846880883,1.0,0.0,0.0,0.0,0.0,0.0,0.0,0.0,0.0,1.0,0.0,0.0,0.0,1.0,0.0,0.0,0.0,0.0,0.0,0.0,1.0,0.0,0.0,1.0,0.0
7605,0.20987654320987653,0.0,0.0,0.0,0.3333333333333333,1.0,0.7420541031352529,0.02631578947368421,1.0,0.0,0.10416666666666674,0.2969602494154344,0.41841004184100417,0.1437315801405577,0.4257088846880883,1.0,0.0,0.0,0.0,0.0,0.0,0.0,0.0,0.0,0.0,0.0,0.0,0.0,1.0,0.0,0.0,0.0,1.0,0.0,0.0,0.0,0.0,0.0,1.0,0.0
7606,0.12345679012345678,0.0,0.0,0.0,0.3333333333333333,1.0,0.5381468098084997,0.02631578947368421,1.0,0.0,0.10416666666666674,0.2969602494154344,0.41841004184100417,0.1437315801405577,0.4257088846880883,0.0,0.0,0.0,0.0,0.0,0.0,0.0,0.0,0.0,0.0,0.0,0.0,0.0,1.0,0.0,0.0,0.0,0.0,0.0,0.0,1.0,0.0,0.0,1.0,0.0
7607,0.34567901234567905,0.0,0.0,0.0,0.3333333333333333,1.0,0.7157509980005988,0.02631578947368421,1.0,0.0,0.10416666666666674,0.2969602494154344,0.41841004184100417,0.1437315801405577,0.4257088846880883,1.0,0.0,0.0,0.0,0.0,0.0,0.0,0.0,0.0,0.0,0.0,0.0,1.0,0.0,0.0,0.0,0.0,0.0,0.0,0.0,0.0,1.0,0.0,1.0,0.0
7608,0.43209876543209874,0.0,0.0,1.0,0.3333333333333333,1.0,0.6725234082667859,0.02631578947368421,1.0,0.0,0.10416666666666674,0.2969602494154344,0.41841004184100417,0.1437315801405577,0.4257088846880883,0.0,0.0,0.0,0.0,1.0,0.0,0.0,0.0,0.0,0.0,0.0,0.0,1.0,0.0,0.0,0.0,0.0,0.0,0.0,0.0,1.0,0.0,0.0,1.0,0.0
7609,0.4444444444444445,1.0,0.0,0.0,0.3333333333333333,1.0,0.6729097309439991,0.02631578947368421,0.003003003003003003,0.14285714285714285,0.10416666666666674,0.2969602494154344,0.41841004184100417,0.1437315801405577,0.4257088846880883,1.0,0.0,0.0,0.0,0.0,0.0,0.0,0.0,0.0,0.0,0.0,0.0,0.0,1.0,0.0,0.0,0.0,0.0,0.0,0.0,1.0,0.0,0.0,0.0,1.0
7610,0.2345679012345679,0.0,0.0,0.0,0.3333333333333333,1.0,0.5870502833422594,0.02631578947368421,1.0,0.0,0.10416666666666674,0.2969602494154344,0.41841004184100417,0.1437315801405577,0.4257088846880883,1.0,0.0,0.0,0.0,0.0,0.0,0.0,0.0,0.0,1.0,0.0,0.0,0.0,1.0,0.0,0.0,0.0,0.0,0.0,1.0,0.0,0.0,0.0,1.0,0.0
7611,0.2345679012345679,1.0,0.0,0.0,0.3333333333333333,1.0,0.56984667205054,0.02631578947368421,0.003003003003003003,0.14285714285714285,0.10416666666666674,0.2969602494154344,0.41841004184100417,0.1437315801405577,0.4257088846880883,1.0,0.0,0.0,0.0,0.0,0.0,0.0,0.0,0.0,1.0,0.0,0.0,0.0,1.0,0.0,0.0,0.0,0.0,0.0,1.0,0.0,0.0,0.0,0.0,1.0
7612,0.16049382716049382,0.0,1.0,0.0,0.3333333333333333,1.0,0.647141331954917,0.15789473684210525,1.0,0.0,0.10416666666666674,0.2969602494154344,0.41841004184100417,0.1437315801405577,0.4257088846880883,1.0,0.0,0.0,0.0,1.0,0.0,0.0,0.0,0.0,0.0,0.0,0.0,0.0,1.0,0.0,0.0,0.0,0.0,0.0,0.0,1.0,0.0,0.0,1.0,0.0
7613,0.14814814814814814,0.0,0.0,0.0,0.3333333333333333,1.0,0.5955391234938983,0.02631578947368421,1.0,0.0,0.10416666666666674,0.2969602494154344,0.41841004184100417,0.1437315801405577,0.4257088846880883,1.0,0.0,0.0,0.0,0.0,0.0,0.0,0.0,0.0,1.0,0.0,0.0,1.0,0.0,0.0,0.0,0.0,1.0,0.0,0.0,0.0,0.0,0.0,1.0,0.0
7614,0.18518518518518517,0.0,0.0,0.0,0.3333333333333333,0.0,0.6532232308583403,0.02631578947368421,0.003003003003003003,0.14285714285714285,0.10416666666666674,0.2969602494154344,0.41841004184100417,0.1466787576513262,0.4257088846880883,1.0,0.0,0.0,0.0,1.0,0.0,0.0,0.0,0.0,0.0,0.0,0.0,0.0,1.0,0.0,0.0,0.0,0.0,0.0,0.0,1.0,0.0,0.0,0.0,1.0
7615,0.12345679012345678,1.0,0.0,0.0,0.3333333333333333,0.0,0.5886399717165399,0.02631578947368421,0.004004004004004004,0.14285714285714285,0.10416666666666674,0.2969602494154344,0.41841004184100417,0.1466787576513262,0.4257088846880883,1.0,1.0,0.0,0.0,0.0,0.0,0.0,0.0,0.0,0.0,0.0,0.0,0.0,1.0,0.0,0.0,0.0,1.0,0.0,0.0,0.0,0.0,0.0,0.0,1.0
7616,0.4444444444444445,1.0,0.0,0.0,0.3333333333333333,0.0,0.5507832068127649,0.05263157894736842,1.0,0.0,0.10416666666666674,0.2969602494154344,0.41841004184100417,0.1466787576513262,0.4257088846880883,1.0,0.0,0.0,0.0,0.0,1.0,0.0,0.0,0.0,0.0,0.0,0.0,0.0,1.0,0.0,0.0,0.0,0.0,0.0,0.0,0.0,0.0,0.0,1.0,0.0
7617,0.1728395061728395,0.0,0.0,0.0,0.3333333333333333,0.0,0.5707693054036078,0.05263157894736842,1.0,0.14285714285714285,0.10416666666666674,0.2969602494154344,0.41841004184100417,0.1466787576513262,0.4257088846880883,0.0,0.0,0.0,0.0,0.0,0.0,0.0,0.0,0.0,0.0,0.0,0.0,0.0,1.0,0.0,0.0,0.0,0.0,0.0,0.0,1.0,0.0,0.0,0.0,0.0
7618,0.12345679012345678,0.0,0.0,0.0,0.3333333333333333,0.0,0.580467578755373,0.05263157894736842,1.0,0.0,0.10416666666666674,0.2969602494154344,0.41841004184100417,0.1466787576513262,0.4257088846880883,1.0,0.0,0.0,0.0,0.0,0.0,0.0,0.0,0.0,0.0,0.0,0.0,0.0,1.0,0.0,0.0,0.0,0.0,0.0,0.0,1.0,0.0,0.0,1.0,0.0
7619,0.3209876543209876,1.0,0.0,0.0,0.3333333333333333,0.0,0.7209917376636646,0.13157894736842105,1.0,0.0,0.10416666666666674,0.2969602494154344,0.41841004184100417,0.1466787576513262,0.4257088846880883,1.0,1.0,0.0,0.0,0.0,0.0,0.0,0.0,0.0,0.0,0.0,0.0,1.0,0.0,0.0,1.0,0.0,0.0,0.0,0.0,0.0,0.0,0.0,1.0,0.0
7620,0.09876543209876543,0.0,0.0,0.0,0.3333333333333333,0.0,0.6717469358140523,0.05263157894736842,1.0,0.0,0.10416666666666674,0.2969602494154344,0.41841004184100417,0.1466787576513262,0.4257088846880883,1.0,0.0,0.0,0.0,0.0,0.0,0.0,0.0,1.0,0.0,0.0,0.0,0.0,1.0,0.0,0.0,0.0,0.0,0.0,0.0,0.0,1.0,0.0,1.0,0.0
7621,0.19753086419753085,1.0,0.0,0.0,0.3333333333333333,0.0,0.5540062892371289,0.02631578947368421,1.0,0.0,0.10416666666666674,0.2969602494154344,0.41841004184100417,0.1466787576513262,0.4257088846880883,0.0,1.0,0.0,0.0,0.0,0.0,0.0,0.0,0.0,0.0,0.0,0.0,1.0,0.0,0.0,0.0,0.0,1.0,0.0,0.0,0.0,0.0,0.0,1.0,0.0
7622,0.3703703703703703,1.0,0.0,0.0,0.3333333333333333,0.0,0.646660205928461,0.07894736842105263,1.0,0.0,0.10416666666666674,0.2969602494154344,0.41841004184100417,0.1466787576513262,0.4257088846880883,1.0,0.0,0.0,0.0,0.0,0.0,0.0,0.0,0.0,0.0,0.0,0.0,0.0,1.0,0.0,0.0,0.0,0.0,0.0,0.0,1.0,0.0,0.0,1.0,0.0
7623,0.2345679012345679,0.0,0.0,0.0,0.3333333333333333,0.0,0.6238550656258994,0.07894736842105263,1.0,0.0,0.10416666666666674,0.2969602494154344,0.41841004184100417,0.1466787576513262,0.4257088846880883,1.0,0.0,0.0,0.0,1.0,0.0,0.0,0.0,0.0,0.0,0.0,0.0,1.0,0.0,0.0,0.0,0.0,0.0,0.0,0.0,1.0,0.0,0.0,1.0,0.0
7624,0.3209876543209876,1.0,0.0,0.0,0.3333333333333333,0.0,0.5743891340707834,0.07894736842105263,1.0,0.14285714285714285,0.10416666666666674,0.2969602494154344,0.41841004184100417,0.1466787576513262,0.4257088846880883,1.0,1.0,0.0,0.0,0.0,0.0,0.0,0.0,0.0,0.0,0.0,0.0,1.0,0.0,0.0,1.0,0.0,0.0,0.0,0.0,0.0,0.0,0.0,0.0,0.0
7625,0.3333333333333333,0.0,0.0,0.0,0.3333333333333333,0.25,0.6422391580843787,0.02631578947368421,0.003003003003003003,0.14285714285714285,0.10416666666666674,0.2969602494154344,0.41841004184100417,0.14781228746316027,0.4257088846880883,1.0,0.0,0.0,0.0,0.0,0.0,1.0,0.0,0.0,0.0,0.0,0.0,1.0,0.0,0.0,0.0,0.0,0.0,0.0,0.0,1.0,0.0,0.0,0.0,1.0
7626,0.39506172839506176,0.0,0.0,0.0,0.3333333333333333,0.25,0.6447157790225418,0.07894736842105263,1.0,0.0,0.10416666666666674,0.2969602494154344,0.41841004184100417,0.14781228746316027,0.4257088846880883,1.0,0.0,0.0,0.0,0.0,0.0,0.0,1.0,0.0,0.0,0.0,0.0,1.0,0.0,0.0,0.0,0.0,1.0,0.0,0.0,0.0,0.0,0.0,1.0,0.0
7627,0.14814814814814814,0.0,0.0,0.0,0.3333333333333333,0.25,0.5977517620704379,0.02631578947368421,1.0,0.0,0.10416666666666674,0.2969602494154344,0.41841004184100417,0.14781228746316027,0.4257088846880883,1.0,0.0,0.0,0.0,0.0,0.0,0.0,0.0,0.0,0.0,0.0,0.0,0.0,1.0,0.0,0.0,0.0,0.0,0.0,0.0,1.0,0.0,0.0,1.0,0.0
7628,0.25925925925925924,1.0,0.0,0.0,0.3333333333333333,0.25,0.8118868880136216,0.07894736842105263,0.003003003003003003,0.14285714285714285,0.10416666666666674,0.2969602494154344,0.41841004184100417,0.14781228746316027,0.4257088846880883,1.0,0.0,0.0,0.0,0.0,0.0,0.0,0.0,0.0,1.0,0.0,0.0,1.0,0.0,0.0,0.0,0.0,0.0,0.0,1.0,0.0,0.0,0.0,0.0,1.0
7629,0.09876543209876543,0.0,0.0,0.0,0.3333333333333333,0.25,0.7379108243682493,0.02631578947368421,1.0,0.0,0.10416666666666674,0.2969602494154344,0.41841004184100417,0.14781228746316027,0.4257088846880883,1.0,0.0,0.0,0.0,0.0,0.0,0.0,0.0,0.0,0.0,1.0,0.0,1.0,0.0,0.0,0.0,0.0,0.0,0.0,0.0,1.0,0.0,0.0,1.0,0.0
7630,0.18518518518518517,1.0,0.0,0.0,0.3333333333333333,0.25,0.6134597474028101,0.02631578947368421,1.0,0.14285714285714285,0.10416666666666674,0.2969602494154344,0.41841004184100417,0.14781228746316027,0.4257088846880883,1.0,0.0,1.0,0.0,0.0,0.0,0.0,0.0,0.0,0.0,0.0,0.0,1.0,0.0,0.0,0.0,0.0,0.0,0.0,0.0,0.0,0.0,0.0,0.0,0.0
7631,0.09876543209876543,0.0,0.0,1.0,0.3333333333333333,0.25,0.6355447614376443,0.15789473684210525,1.0,0.0,0.10416666666666674,0.2969602494154344,0.41841004184100417,0.14781228746316027,0.4257088846880883,1.0,0.0,0.0,0.0,0.0,0.0,0.0,0.0,0.0,0.0,0.0,0.0,0.0,1.0,0.0,0.0,0.0,0.0,0.0,0.0,0.0,1.0,0.0,1.0,0.0
7632,0.4567901234567901,0.0,0.0,0.0,0.3333333333333333,1.0,0.6536782997023916,0.02631578947368421,1.0,0.0,0.10416666666666674,0.2969602494154344,0.41841004184100417,0.1437315801405577,0.4257088846880883,1.0,1.0,0.0,0.0,0.0,0.0,0.0,0.0,0.0,0.0,0.0,0.0,1.0,0.0,0.0,0.0,1.0,0.0,0.0,0.0,0.0,0.0,0.0,1.0,0.0
7633,0.4567901234567901,1.0,0.0,0.0,0.3333333333333333,1.0,0.6447157790225418,0.02631578947368421,0.003003003003003003,0.14285714285714285,0.10416666666666674,0.2969602494154344,0.41841004184100417,0.1437315801405577,0.4257088846880883,1.0,1.0,0.0,0.0,0.0,0.0,0.0,0.0,0.0,0.0,0.0,0.0,1.0,0.0,0.0,0.0,1.0,0.0,0.0,0.0,0.0,0.0,0.0,0.0,1.0
7634,0.4691358024691357,1.0,1.0,0.0,0.3333333333333333,1.0,0.6153622441177717,0.02631578947368421,1.0,0.0,0.10416666666666674,0.2969602494154344,0.41841004184100417,0.1437315801405577,0.4257088846880883,1.0,0.0,0.0,0.0,0.0,1.0,0.0,0.0,0.0,0.0,0.0,0.0,1.0,0.0,0.0,0.0,0.0,1.0,0.0,0.0,0.0,0.0,0.0,1.0,0.0
7635,0.06172839506172839,1.0,1.0,0.0,0.3333333333333333,1.0,0.56984667205054,0.13157894736842105,1.0,0.0,0.10416666666666674,0.2969602494154344,0.41841004184100417,0.1437315801405577,0.4257088846880883,1.0,0.0,0.0,0.0,0.0,0.0,1.0,0.0,0.0,0.0,0.0,0.0,0.0,1.0,0.0,0.0,0.0,0.0,0.0,0.0,1.0,0.0,0.0,1.0,0.0
7636,0.06172839506172839,1.0,0.0,0.0,0.3333333333333333,1.0,0.599923549592398,0.07894736842105263,1.0,0.14285714285714285,0.10416666666666674,0.2969602494154344,0.41841004184100417,0.1437315801405577,0.4257088846880883,1.0,0.0,0.0,0.0,0.0,0.0,0.0,0.0,0.0,1.0,0.0,0.0,0.0,1.0,0.0,0.0,0.0,0.0,0.0,0.0,1.0,0.0,0.0,0.0,0.0
7637,0.4074074074074074,1.0,0.0,0.0,0.3333333333333333,1.0,0.5369277818064884,0.15789473684210525,1.0,0.14285714285714285,0.10416666666666674,0.2969602494154344,0.41841004184100417,0.1437315801405577,0.4257088846880883,1.0,0.0,0.0,0.0,0.0,0.0,0.0,0.0,0.0,0.0,0.0,0.0,1.0,0.0,0.0,0.0,0.0,0.0,0.0,0.0,1.0,0.0,0.0,0.0,0.0
7638,0.09876543209876543,0.0,0.0,1.0,0.3333333333333333,0.0,0.5356959888812932,0.02631578947368421,1.0,0.0,0.10416666666666674,0.2969602494154344,0.41841004184100417,0.1419179324416232,0.4257088846880883,0.0,0.0,0.0,0.0,0.0,0.0,0.0,0.0,0.0,0.0,0.0,0.0,0.0,1.0,0.0,0.0,0.0,0.0,0.0,0.0,1.0,0.0,0.0,1.0,0.0
7639,0.19753086419753085,1.0,0.0,0.0,0.3333333333333333,0.0,0.7485157621394414,0.05263157894736842,1.0,0.0,0.10416666666666674,0.2969602494154344,0.41841004184100417,0.1419179324416232,0.4257088846880883,1.0,0.0,0.0,0.0,0.0,0.0,0.0,0.0,0.0,0.0,1.0,0.0,1.0,0.0,0.0,0.0,0.0,0.0,0.0,0.0,1.0,0.0,0.0,1.0,0.0
7640,0.13580246913580246,0.0,0.0,0.0,0.3333333333333333,0.0,0.7291589703963093,0.02631578947368421,1.0,0.0,0.10416666666666674,0.2969602494154344,0.41841004184100417,0.1419179324416232,0.4257088846880883,1.0,0.0,0.0,0.0,0.0,0.0,0.0,0.0,0.0,0.0,0.0,0.0,0.0,1.0,0.0,0.0,0.0,1.0,0.0,0.0,0.0,0.0,0.0,1.0,0.0
7641,0.18518518518518517,1.0,0.0,0.0,0.3333333333333333,0.0,0.7385748062786976,0.02631578947368421,1.0,0.0,0.10416666666666674,0.2969602494154344,0.41841004184100417,0.1419179324416232,0.4257088846880883,1.0,0.0,0.0,0.0,0.0,0.0,0.0,0.0,0.0,1.0,0.0,0.0,0.0,0.0,0.0,0.0,0.0,0.0,0.0,0.0,1.0,0.0,0.0,1.0,0.0
7642,0.037037037037037035,0.0,0.0,0.0,0.3333333333333333,0.0,0.7165521485397763,0.0,1.0,0.0,0.10416666666666674,0.2969602494154344,0.41841004184100417,0.1419179324416232,0.4257088846880883,1.0,0.0,0.0,0.0,0.0,0.0,0.0,0.0,0.0,1.0,0.0,0.0,0.0,1.0,0.0,0.0,0.0,0.0,0.0,0.0,0.0,1.0,0.0,1.0,0.0
7643,0.3333333333333333,0.0,1.0,0.0,0.3333333333333333,0.0,0.5909849360662706,0.0,1.0,0.0,0.10416666666666674,0.2969602494154344,0.41841004184100417,0.1419179324416232,0.4257088846880883,1.0,0.0,0.0,0.0,0.0,0.0,0.0,1.0,0.0,0.0,0.0,0.0,1.0,0.0,0.0,0.0,0.0,0.0,0.0,0.0,0.0,1.0,0.0,1.0,0.0
7644,0.29629629629629634,1.0,0.0,0.0,0.3333333333333333,0.0,0.5369277818064884,0.0,1.0,0.0,0.10416666666666674,0.2969602494154344,0.41841004184100417,0.1419179324416232,0.4257088846880883,1.0,0.0,0.0,0.0,0.0,0.0,0.0,0.0,0.0,0.0,0.0,0.0,0.0,1.0,0.0,0.0,0.0,0.0,0.0,0.0,1.0,0.0,0.0,1.0,0.0
7645,0.2222222222222222,1.0,0.0,1.0,0.3333333333333333,0.0,0.6897691298684182,0.13157894736842105,1.0,0.0,0.10416666666666674,0.2969602494154344,0.41841004184100417,0.1419179324416232,0.4257088846880883,1.0,0.0,1.0,0.0,0.0,0.0,0.0,0.0,0.0,0.0,0.0,0.0,0.0,0.0,0.0,0.0,0.0,0.0,0.0,0.0,1.0,0.0,0.0,1.0,0.0
7646,0.35802469135802467,1.0,0.0,0.0,0.3333333333333333,0.0,0.6965857625840003,0.0,1.0,0.0,0.10416666666666674,0.2969602494154344,0.41841004184100417,0.1419179324416232,0.4257088846880883,1.0,0.0,0.0,0.0,0.0,0.0,0.0,0.0,0.0,0.0,0.0,0.0,0.0,0.0,0.0,0.0,0.0,1.0,0.0,0.0,0.0,0.0,0.0,1.0,0.0
7647,0.16049382716049382,1.0,0.0,0.0,0.3333333333333333,0.0,0.6665709505038611,0.0,1.0,0.0,0.10416666666666674,0.2969602494154344,0.41841004184100417,0.1419179324416232,0.4257088846880883,1.0,0.0,0.0,0.0,0.0,0.0,0.0,0.0,0.0,0.0,0.0,0.0,1.0,0.0,0.0,0.0,0.0,0.0,0.0,0.0,1.0,0.0,0.0,1.0,0.0
7648,0.2345679012345679,0.0,0.0,0.0,0.3333333333333333,0.0,0.6095598825393173,0.0,1.0,0.0,0.10416666666666674,0.2969602494154344,0.41841004184100417,0.1419179324416232,0.4257088846880883,1.0,0.0,0.0,0.0,0.0,0.0,1.0,0.0,0.0,0.0,0.0,0.0,0.0,1.0,0.0,0.0,0.0,0.0,0.0,0.0,1.0,0.0,0.0,1.0,0.0
7649,0.14814814814814814,1.0,0.0,0.0,0.3333333333333333,0.0,0.7094205620899076,0.0,0.003003003003003003,0.14285714285714285,0.10416666666666674,0.2969602494154344,0.41841004184100417,0.1419179324416232,0.4257088846880883,1.0,0.0,0.0,0.0,0.0,0.0,0.0,0.0,0.0,0.0,0.0,0.0,0.0,1.0,0.0,0.0,0.0,1.0,0.0,0.0,0.0,0.0,0.0,0.0,1.0
7650,0.1728395061728395,1.0,0.0,0.0,0.3333333333333333,0.0,0.6996979850963346,0.02631578947368421,1.0,0.0,0.10416666666666674,0.2969602494154344,0.41841004184100417,0.1419179324416232,0.4257088846880883,1.0,1.0,0.0,0.0,0.0,0.0,0.0,0.0,0.0,0.0,0.0,0.0,1.0,0.0,0.0,0.0,0.0,0.0,0.0,0.0,1.0,0.0,0.0,1.0,0.0
7651,0.7037037037037037,1.0,0.0,0.0,0.3333333333333333,0.0,0.6532232308583403,0.0,1.0,0.0,0.10416666666666674,0.2969602494154344,0.41841004184100417,0.1419179324416232,0.4257088846880883,1.0,0.0,0.0,0.0,0.0,1.0,0.0,0.0,0.0,0.0,0.0,0.0,1.0,0.0,0.0,0.0,0.0,0.0,0.0,0.0,0.0,0.0,0.0,1.0,0.0
7652,0.4938271604938272,0.0,0.0,0.0,0.3333333333333333,0.0,0.5561069727294308,0.0,1.0,0.0,0.10416666666666674,0.2969602494154344,0.41841004184100417,0.1419179324416232,0.4257088846880883,1.0,0.0,0.0,0.0,1.0,0.0,0.0,0.0,0.0,0.0,0.0,0.0,1.0,0.0,0.0,0.0,0.0,0.0,0.0,0.0,0.0,1.0,0.0,1.0,0.0
7653,0.16049382716049382,1.0,0.0,0.0,0.3333333333333333,0.0,0.6121741045570199,0.02631578947368421,1.0,0.0,0.10416666666666674,0.2969602494154344,0.41841004184100417,0.1419179324416232,0.4257088846880883,1.0,0.0,0.0,0.0,0.0,0.0,0.0,1.0,0.0,0.0,0.0,0.0,0.0,1.0,0.0,0.0,0.0,1.0,0.0,0.0,0.0,0.0,0.0,1.0,0.0
7654,0.4938271604938272,1.0,0.0,0.0,0.3333333333333333,0.0,0.6649314096852046,0.0,1.0,0.0,0.10416666666666674,0.2969602494154344,0.41841004184100417,0.1419179324416232,0.4257088846880883,1.0,0.0,0.0,0.0,0.0,0.0,0.0,0.0,0.0,0.0,1.0,0.0,1.0,0.0,0.0,0.0,0.0,0.0,0.0,0.0,0.0,0.0,0.0,1.0,0.0
7655,0.4938271604938272,0.0,0.0,0.0,0.3333333333333333,0.0,0.7622810107139464,0.0,1.0,0.0,0.10416666666666674,0.2969602494154344,0.41841004184100417,0.1419179324416232,0.4257088846880883,1.0,0.0,0.0,0.0,0.0,0.0,0.0,0.0,0.0,0.0,1.0,0.0,1.0,0.0,0.0,0.0,0.0,0.0,0.0,0.0,0.0,0.0,0.0,1.0,0.0
7656,0.08641975308641975,1.0,0.0,0.0,0.3333333333333333,0.0,0.635013676339261,0.0,1.0,0.0,0.10416666666666674,0.2969602494154344,0.41841004184100417,0.1419179324416232,0.4257088846880883,1.0,0.0,0.0,0.0,0.0,0.0,0.0,0.0,1.0,0.0,0.0,0.0,0.0,1.0,0.0,0.0,0.0,0.0,0.0,0.0,0.0,1.0,0.0,1.0,0.0
7657,0.08641975308641975,0.0,1.0,0.0,0.3333333333333333,0.0,0.6166136936809081,0.0,1.0,0.0,0.10416666666666674,0.2969602494154344,0.41841004184100417,0.1419179324416232,0.4257088846880883,1.0,1.0,0.0,0.0,0.0,0.0,0.0,0.0,0.0,0.0,0.0,0.0,0.0,1.0,0.0,0.0,0.0,0.0,0.0,0.0,0.0,1.0,0.0,1.0,0.0
7658,0.14814814814814814,0.0,0.0,0.0,0.3333333333333333,0.0,0.5940405662922726,0.0,1.0,0.14285714285714285,0.10416666666666674,0.2969602494154344,0.41841004184100417,0.1419179324416232,0.4257088846880883,1.0,0.0,0.0,0.0,0.0,0.0,0.0,0.0,0.0,0.0,0.0,0.0,1.0,0.0,0.0,0.0,0.0,1.0,0.0,0.0,0.0,0.0,0.0,0.0,0.0
7659,0.09876543209876543,0.0,0.0,0.0,0.3333333333333333,0.0,0.5369277818064884,0.0,1.0,0.0,0.10416666666666674,0.2969602494154344,0.41841004184100417,0.1419179324416232,0.4257088846880883,0.0,0.0,0.0,0.0,0.0,0.0,0.0,0.0,0.0,0.0,0.0,0.0,0.0,1.0,0.0,0.0,0.0,1.0,0.0,0.0,0.0,0.0,0.0,1.0,0.0
7660,0.13580246913580246,1.0,0.0,0.0,0.3333333333333333,0.0,0.6835944393892373,0.0,1.0,0.0,0.10416666666666674,0.2969602494154344,0.41841004184100417,0.1419179324416232,0.4257088846880883,0.0,0.0,0.0,0.0,0.0,0.0,0.0,0.0,0.0,0.0,0.0,0.0,0.0,1.0,0.0,0.0,0.0,0.0,0.0,0.0,1.0,0.0,0.0,1.0,0.0
7661,0.43209876543209874,1.0,0.0,0.0,0.3333333333333333,0.0,0.6796549947166548,0.0,0.003003003003003003,0.14285714285714285,0.10416666666666674,0.2969602494154344,0.41841004184100417,0.1419179324416232,0.4257088846880883,1.0,0.0,0.0,0.0,0.0,0.0,1.0,0.0,0.0,0.0,0.0,0.0,1.0,0.0,0.0,0.0,0.0,0.0,0.0,0.0,1.0,0.0,0.0,0.0,1.0
7662,0.14814814814814814,1.0,1.0,0.0,0.3333333333333333,0.0,0.529335783224907,0.02631578947368421,1.0,0.0,0.10416666666666674,0.2969602494154344,0.41841004184100417,0.1419179324416232,0.4257088846880883,1.0,0.0,0.0,0.0,0.0,0.0,0.0,0.0,0.0,0.0,0.0,0.0,0.0,1.0,0.0,0.0,0.0,1.0,0.0,0.0,0.0,0.0,0.0,1.0,0.0
7663,0.1111111111111111,0.0,0.0,0.0,0.3333333333333333,0.0,0.5154803582186305,0.0,1.0,0.0,0.10416666666666674,0.2969602494154344,0.41841004184100417,0.1419179324416232,0.4257088846880883,0.0,0.0,0.0,0.0,0.0,0.0,0.0,0.0,0.0,0.0,0.0,0.0,1.0,0.0,0.0,0.0,0.0,1.0,0.0,0.0,0.0,0.0,0.0,1.0,0.0
7664,0.04938271604938271,0.0,0.0,0.0,0.3333333333333333,0.0,0.6068862413262684,0.0,1.0,0.0,0.10416666666666674,0.2969602494154344,0.41841004184100417,0.1419179324416232,0.4257088846880883,1.0,0.0,0.0,0.0,0.0,0.0,0.0,0.0,0.0,0.0,0.0,0.0,0.0,1.0,0.0,0.0,0.0,1.0,0.0,0.0,0.0,0.0,0.0,1.0,0.0
7665,0.24691358024691357,0.0,0.0,0.0,0.3333333333333333,0.0,0.5725931427044147,0.0,1.0,0.0,0.10416666666666674,0.2969602494154344,0.41841004184100417,0.1419179324416232,0.4257088846880883,1.0,0.0,0.0,0.0,0.0,0.0,0.0,0.0,0.0,1.0,0.0,0.0,1.0,0.0,0.0,0.0,0.0,0.0,0.0,1.0,0.0,0.0,0.0,1.0,0.0
7666,0.2222222222222222,0.0,0.0,0.0,0.3333333333333333,0.25,0.5787626916748434,0.02631578947368421,1.0,0.0,0.10416666666666674,0.2969602494154344,0.41841004184100417,0.14010428474268877,0.4257088846880883,1.0,0.0,0.0,0.0,1.0,0.0,0.0,0.0,0.0,0.0,0.0,0.0,1.0,0.0,0.0,0.0,0.0,0.0,0.0,0.0,1.0,0.0,0.0,1.0,0.0
7667,0.4444444444444445,0.0,1.0,0.0,0.3333333333333333,0.25,0.6559276062712989,0.02631578947368421,1.0,0.0,0.10416666666666674,0.2969602494154344,0.41841004184100417,0.14010428474268877,0.4257088846880883,1.0,0.0,0.0,1.0,0.0,0.0,0.0,0.0,0.0,0.0,0.0,0.0,1.0,0.0,0.0,0.0,0.0,0.0,0.0,0.0,0.0,0.0,0.0,1.0,0.0
7668,0.4444444444444445,1.0,0.0,0.0,0.3333333333333333,0.25,0.6476204981957939,0.02631578947368421,1.0,0.0,0.10416666666666674,0.2969602494154344,0.41841004184100417,0.14010428474268877,0.4257088846880883,1.0,0.0,0.0,1.0,0.0,0.0,0.0,0.0,0.0,0.0,0.0,0.0,1.0,0.0,0.0,0.0,0.0,0.0,0.0,0.0,0.0,0.0,0.0,1.0,0.0
7669,0.2839506172839506,0.0,0.0,0.0,0.3333333333333333,0.25,0.6910983547398326,0.0,1.0,0.0,0.10416666666666674,0.2969602494154344,0.41841004184100417,0.14010428474268877,0.4257088846880883,1.0,0.0,0.0,0.0,0.0,0.0,0.0,0.0,0.0,0.0,1.0,0.0,0.0,1.0,0.0,0.0,0.0,0.0,0.0,0.0,0.0,0.0,0.0,1.0,0.0
7670,0.4691358024691357,1.0,0.0,0.0,0.3333333333333333,0.25,0.5581708002178327,0.05263157894736842,1.0,0.0,0.10416666666666674,0.2969602494154344,0.41841004184100417,0.14010428474268877,0.4257088846880883,1.0,0.0,0.0,0.0,1.0,0.0,0.0,0.0,0.0,0.0,0.0,0.0,1.0,0.0,0.0,0.0,0.0,0.0,0.0,0.0,1.0,0.0,0.0,1.0,0.0
7671,0.3333333333333333,0.0,0.0,0.0,0.3333333333333333,0.25,0.6615821400485514,0.02631578947368421,1.0,0.0,0.10416666666666674,0.2969602494154344,0.41841004184100417,0.14010428474268877,0.4257088846880883,0.0,0.0,0.0,0.0,0.0,0.0,0.0,0.0,0.0,0.0,1.0,0.0,0.0,1.0,0.0,0.0,0.0,0.0,0.0,0.0,0.0,0.0,0.0,1.0,0.0
7672,0.4938271604938272,1.0,1.0,0.0,0.3333333333333333,0.25,0.5992040663129156,0.05263157894736842,1.0,0.0,0.10416666666666674,0.2969602494154344,0.41841004184100417,0.14010428474268877,0.4257088846880883,1.0,0.0,0.0,0.0,0.0,1.0,0.0,0.0,0.0,0.0,0.0,0.0,1.0,0.0,0.0,0.0,0.0,0.0,0.0,0.0,0.0,0.0,0.0,1.0,0.0
7673,0.09876543209876543,1.0,0.0,0.0,0.3333333333333333,0.25,0.7426951682067213,0.07894736842105263,1.0,0.14285714285714285,0.10416666666666674,0.2969602494154344,0.41841004184100417,0.14010428474268877,0.4257088846880883,1.0,0.0,0.0,0.0,0.0,0.0,0.0,0.0,0.0,1.0,0.0,0.0,1.0,0.0,0.0,0.0,0.0,0.0,0.0,1.0,0.0,0.0,0.0,0.0,0.0
7674,0.18518518518518517,1.0,1.0,0.0,0.3333333333333333,0.5,0.4601914110336532,0.02631578947368421,1.0,0.14285714285714285,0.10416666666666674,0.2969602494154344,0.41841004184100417,0.13829063704375427,0.4257088846880883,0.0,0.0,0.0,0.0,0.0,0.0,0.0,0.0,0.0,0.0,0.0,0.0,0.0,1.0,0.0,0.0,0.0,0.0,0.0,0.0,1.0,0.0,0.0,0.0,0.0
7675,0.2839506172839506,0.0,1.0,0.0,0.3333333333333333,0.5,0.47140323828241015,0.07894736842105263,1.0,0.0,0.10416666666666674,0.2969602494154344,0.41841004184100417,0.13829063704375427,0.4257088846880883,0.0,0.0,0.0,0.0,0.0,0.0,1.0,0.0,0.0,0.0,0.0,0.0,0.0,1.0,0.0,0.0,0.0,0.0,0.0,0.0,1.0,0.0,0.0,1.0,0.0
7676,0.14814814814814814,0.0,1.0,0.0,0.3333333333333333,0.5,0.646660205928461,0.05263157894736842,0.003003003003003003,0.2857142857142857,0.10416666666666674,0.2969602494154344,0.41841004184100417,0.13829063704375427,0.4257088846880883,1.0,0.0,0.0,0.0,0.0,0.0,0.0,0.0,0.0,0.0,1.0,0.0,0.0,1.0,0.0,0.0,0.0,0.0,0.0,0.0,0.0,0.0,0.0,0.0,1.0
7677,0.09876543209876543,1.0,1.0,0.0,0.3333333333333333,0.75,0.7030289325921469,0.02631578947368421,1.0,0.0,0.10416666666666674,0.2969602494154344,0.41841004184100417,0.13625028338245299,0.4257088846880883,1.0,0.0,0.0,0.0,0.0,0.0,0.0,0.0,1.0,0.0,0.0,0.0,0.0,1.0,0.0,0.0,0.0,0.0,0.0,0.0,1.0,0.0,0.0,1.0,0.0
7678,0.14814814814814814,0.0,1.0,0.0,0.3333333333333333,0.75,0.7883861094995741,0.07894736842105263,1.0,0.0,0.10416666666666674,0.2969602494154344,0.41841004184100417,0.13625028338245299,0.4257088846880883,1.0,0.0,0.0,0.0,0.0,0.0,0.0,0.0,0.0,0.0,0.0,0.0,0.0,1.0,0.0,0.0,0.0,0.0,0.0,0.0,1.0,0.0,0.0,1.0,0.0
7679,0.48148148148148145,1.0,0.0,0.0,0.3333333333333333,0.75,0.5280214103388018,0.05263157894736842,1.0,0.0,0.10416666666666674,0.2969602494154344,0.41841004184100417,0.13625028338245299,0.4257088846880883,0.0,0.0,0.0,0.0,0.0,0.0,1.0,0.0,0.0,0.0,0.0,0.0,1.0,0.0,0.0,0.0,0.0,0.0,0.0,0.0,1.0,0.0,0.0,1.0,0.0
7680,0.4444444444444445,0.0,1.0,1.0,0.3333333333333333,0.75,0.868177492911638,0.23684210526315788,1.0,0.0,0.10416666666666674,0.2969602494154344,0.41841004184100417,0.13625028338245299,0.4257088846880883,1.0,0.0,0.0,0.0,0.0,0.0,0.0,0.0,0.0,0.0,0.0,0.0,1.0,0.0,0.0,0.0,0.0,0.0,0.0,0.0,1.0,0.0,0.0,1.0,0.0
7681,0.12345679012345678,0.0,0.0,0.0,0.3333333333333333,0.75,0.5761581170225034,0.02631578947368421,1.0,0.14285714285714285,0.10416666666666674,0.2969602494154344,0.41841004184100417,0.13625028338245299,0.4257088846880883,0.0,0.0,1.0,0.0,0.0,0.0,0.0,0.0,0.0,0.0,0.0,0.0,0.0,1.0,0.0,0.0,0.0,0.0,0.0,0.0,1.0,0.0,0.0,0.0,0.0
7682,0.39506172839506176,0.0,0.0,0.0,0.3333333333333333,0.75,0.6541316149049302,0.02631578947368421,1.0,0.0,0.10416666666666674,0.2969602494154344,0.41841004184100417,0.13625028338245299,0.4257088846880883,1.0,0.0,0.0,0.0,0.0,0.0,0.0,0.0,0.0,0.0,0.0,0.0,1.0,0.0,0.0,0.0,0.0,0.0,0.0,0.0,1.0,0.0,0.0,1.0,0.0
7683,0.09876543209876543,0.0,1.0,1.0,0.3333333333333333,0.75,0.6632686943784747,0.13157894736842105,1.0,0.14285714285714285,0.10416666666666674,0.2969602494154344,0.41841004184100417,0.13625028338245299,0.4257088846880883,1.0,0.0,0.0,0.0,0.0,0.0,0.0,0.0,1.0,0.0,0.0,0.0,0.0,1.0,0.0,0.0,0.0,0.0,0.0,0.0,1.0,0.0,0.0,0.0,0.0
7684,0.18518518518518517,1.0,0.0,1.0,0.3333333333333333,1.0,0.6685887555427749,0.10526315789473684,1.0,0.14285714285714285,0.10416666666666674,0.2969602494154344,0.41841004184100417,0.13375651779641806,0.4257088846880883,1.0,0.0,0.0,0.0,0.0,0.0,0.0,0.0,0.0,1.0,0.0,0.0,1.0,0.0,0.0,0.0,0.0,1.0,0.0,0.0,0.0,0.0,0.0,0.0,0.0
7685,0.2716049382716049,1.0,0.0,0.0,0.3333333333333333,1.0,0.725022458297862,0.05263157894736842,1.0,0.0,0.10416666666666674,0.2969602494154344,0.41841004184100417,0.13375651779641806,0.4257088846880883,1.0,0.0,0.0,0.0,0.0,0.0,0.0,0.0,1.0,0.0,0.0,0.0,0.0,1.0,0.0,0.0,0.0,0.0,0.0,0.0,0.0,1.0,0.0,1.0,0.0
7686,0.2839506172839506,1.0,0.0,0.0,0.3333333333333333,0.0,0.6693862850347637,0.05263157894736842,1.0,0.0,0.10416666666666674,0.2969602494154344,0.41841004184100417,0.13171616413511678,0.4257088846880883,1.0,0.0,0.0,0.0,1.0,0.0,0.0,0.0,0.0,0.0,0.0,0.0,1.0,0.0,0.0,0.0,0.0,0.0,0.0,0.0,1.0,0.0,0.0,1.0,0.0
7687,0.2839506172839506,0.0,0.0,1.0,0.3333333333333333,0.0,0.7980906207402918,0.0,1.0,0.14285714285714285,0.10416666666666674,0.2969602494154344,0.41841004184100417,0.13171616413511678,0.4257088846880883,1.0,1.0,0.0,0.0,0.0,0.0,0.0,0.0,0.0,0.0,0.0,0.0,1.0,0.0,0.0,0.0,0.0,0.0,0.0,1.0,0.0,0.0,0.0,0.0,0.0
7688,0.4074074074074074,0.0,0.0,0.0,0.3333333333333333,0.0,0.6585712040288184,0.0,0.003003003003003003,0.14285714285714285,0.10416666666666674,0.2969602494154344,0.41841004184100417,0.13171616413511678,0.4257088846880883,1.0,0.0,0.0,0.0,0.0,0.0,0.0,0.0,0.0,0.0,0.0,0.0,1.0,0.0,0.0,0.0,0.0,0.0,0.0,0.0,1.0,0.0,0.0,0.0,1.0
7689,0.39506172839506176,1.0,0.0,0.0,0.3333333333333333,0.0,0.4980797516051752,0.0,0.003003003003003003,0.14285714285714285,0.10416666666666674,0.2969602494154344,0.41841004184100417,0.13171616413511678,0.4257088846880883,0.0,0.0,0.0,0.0,0.0,0.0,0.0,0.0,0.0,1.0,0.0,0.0,0.0,1.0,0.0,0.0,0.0,0.0,0.0,1.0,0.0,0.0,0.0,0.0,1.0
7690,0.2716049382716049,0.0,0.0,0.0,0.3333333333333333,0.0,0.6284462883305656,0.0,1.0,0.0,0.10416666666666674,0.2969602494154344,0.41841004184100417,0.13171616413511678,0.4257088846880883,0.0,0.0,0.0,0.0,0.0,0.0,0.0,0.0,0.0,0.0,0.0,0.0,1.0,0.0,0.0,0.0,0.0,0.0,0.0,0.0,1.0,0.0,0.0,1.0,0.0
7691,0.2716049382716049,0.0,0.0,0.0,0.3333333333333333,0.0,0.7212477446188635,0.0,1.0,0.14285714285714285,0.10416666666666674,0.2969602494154344,0.41841004184100417,0.13171616413511678,0.4257088846880883,1.0,0.0,0.0,0.0,0.0,0.0,0.0,0.0,0.0,0.0,0.0,0.0,1.0,0.0,0.0,0.0,0.0,0.0,0.0,0.0,1.0,0.0,0.0,0.0,0.0
7692,0.2345679012345679,0.0,1.0,0.0,0.3333333333333333,0.25,0.6523077776041232,0.02631578947368421,0.003003003003003003,0.14285714285714285,0.10416666666666674,0.2969602494154344,0.41841004184100417,0.1296758104738155,0.4257088846880883,1.0,0.0,0.0,0.0,0.0,0.0,0.0,1.0,0.0,0.0,0.0,0.0,1.0,0.0,0.0,0.0,0.0,0.0,0.0,0.0,1.0,0.0,0.0,0.0,1.0
7693,0.3703703703703703,0.0,1.0,0.0,0.3333333333333333,0.25,0.8092540484205877,0.02631578947368421,1.0,0.0,0.10416666666666674,0.2969602494154344,0.41841004184100417,0.1296758104738155,0.4257088846880883,0.0,1.0,0.0,0.0,0.0,0.0,0.0,0.0,0.0,0.0,0.0,0.0,1.0,0.0,0.0,0.0,0.0,0.0,0.0,1.0,0.0,0.0,0.0,1.0,0.0
7694,0.34567901234567905,1.0,0.0,0.0,0.3333333333333333,0.25,0.6244388640920251,0.0,1.0,0.0,0.10416666666666674,0.2969602494154344,0.41841004184100417,0.1296758104738155,0.4257088846880883,0.0,0.0,0.0,0.0,0.0,0.0,1.0,0.0,0.0,0.0,0.0,0.0,0.0,1.0,0.0,0.0,1.0,0.0,0.0,0.0,0.0,0.0,0.0,1.0,0.0
7695,0.08641975308641975,0.0,0.0,0.0,0.3333333333333333,0.25,0.6386818846696665,0.0,0.004004004004004004,0.14285714285714285,0.10416666666666674,0.2969602494154344,0.41841004184100417,0.1296758104738155,0.4257088846880883,1.0,0.0,0.0,0.0,0.0,0.0,0.0,0.0,0.0,1.0,0.0,0.0,0.0,1.0,0.0,0.0,0.0,0.0,0.0,1.0,0.0,0.0,0.0,0.0,1.0
7696,0.2345679012345679,0.0,0.0,0.0,0.3333333333333333,0.25,0.614731491134803,0.0,1.0,0.0,0.10416666666666674,0.2969602494154344,0.41841004184100417,0.10541827250056676,0.4257088846880883,1.0,0.0,1.0,0.0,0.0,0.0,0.0,0.0,0.0,0.0,0.0,0.0,0.0,1.0,0.0,0.0,0.0,0.0,0.0,0.0,0.0,0.0,0.0,1.0,0.0
7697,0.5802469135802468,0.0,0.0,0.0,0.3333333333333333,0.25,0.6267455095549759,0.0,1.0,0.0,0.10416666666666674,0.2969602494154344,0.41841004184100417,0.10541827250056676,0.4257088846880883,1.0,0.0,0.0,0.0,1.0,0.0,0.0,0.0,0.0,0.0,0.0,0.0,1.0,0.0,0.0,0.0,0.0,0.0,0.0,0.0,1.0,0.0,0.0,1.0,0.0
7698,0.19753086419753085,0.0,0.0,0.0,0.3333333333333333,0.25,0.6371237804409605,0.0,1.0,0.0,0.10416666666666674,0.2969602494154344,0.41841004184100417,0.10541827250056676,0.4257088846880883,1.0,0.0,0.0,1.0,0.0,0.0,0.0,0.0,0.0,0.0,0.0,0.0,1.0,0.0,0.0,0.0,0.0,0.0,0.0,0.0,1.0,0.0,0.0,1.0,0.0
7699,0.4074074074074074,0.0,0.0,0.0,0.44444444444444436,0.5,0.5821481094717212,0.05263157894736842,1.0,0.0,0.10416666666666674,0.10444271239283154,0.7196652719665269,0.10224438902743141,0.4257088846880883,1.0,0.0,0.0,0.0,0.0,0.0,0.0,0.0,0.0,0.0,0.0,0.0,1.0,0.0,0.0,0.0,0.0,1.0,0.0,0.0,0.0,0.0,0.0,1.0,0.0
7700,0.4691358024691357,0.0,1.0,0.0,0.44444444444444436,0.5,0.6545831899296645,0.02631578947368421,0.003003003003003003,0.14285714285714285,0.10416666666666674,0.10444271239283154,0.7196652719665269,0.10224438902743141,0.4257088846880883,1.0,0.0,0.0,0.0,1.0,0.0,0.0,0.0,0.0,0.0,0.0,0.0,1.0,0.0,0.0,0.0,0.0,0.0,0.0,0.0,1.0,0.0,0.0,0.0,1.0
7701,0.419753086419753,1.0,0.0,1.0,0.44444444444444436,0.5,0.6965857625840003,0.0,1.0,0.0,0.10416666666666674,0.10444271239283154,0.7196652719665269,0.10224438902743141,0.4257088846880883,1.0,0.0,0.0,0.0,0.0,0.0,0.0,0.0,0.0,0.0,0.0,0.0,0.0,1.0,0.0,0.0,0.0,1.0,0.0,0.0,0.0,0.0,0.0,1.0,0.0
7702,0.5432098765432098,1.0,1.0,1.0,0.44444444444444436,0.5,0.6550330380858423,0.07894736842105263,1.0,0.0,0.10416666666666674,0.10444271239283154,0.7196652719665269,0.10224438902743141,0.4257088846880883,1.0,0.0,0.0,0.0,0.0,0.0,0.0,0.0,0.0,0.0,0.0,0.0,1.0,0.0,0.0,0.0,0.0,0.0,0.0,0.0,1.0,0.0,0.0,1.0,0.0
7703,0.08641975308641975,0.0,1.0,0.0,0.44444444444444436,0.75,0.686722293807522,0.02631578947368421,1.0,0.0,0.10416666666666674,0.10444271239283154,0.7196652719665269,0.0992972115166629,0.4257088846880883,1.0,0.0,0.0,0.0,0.0,0.0,1.0,0.0,0.0,0.0,0.0,0.0,0.0,1.0,0.0,0.0,0.0,0.0,0.0,0.0,0.0,1.0,0.0,1.0,0.0
7704,0.20987654320987653,1.0,0.0,1.0,0.44444444444444436,0.75,0.6490463962539821,0.05263157894736842,1.0,0.0,0.10416666666666674,0.10444271239283154,0.7196652719665269,0.0992972115166629,0.4257088846880883,0.0,0.0,0.0,0.0,0.0,0.0,0.0,0.0,0.0,0.0,0.0,0.0,1.0,0.0,0.0,0.0,0.0,0.0,0.0,0.0,1.0,0.0,0.0,1.0,0.0
7705,0.34567901234567905,0.0,0.0,0.0,0.44444444444444436,0.75,0.5078883596370491,0.0,1.0,0.0,0.10416666666666674,0.10444271239283154,0.7196652719665269,0.0992972115166629,0.4257088846880883,0.0,0.0,0.0,0.0,0.0,0.0,0.0,0.0,0.0,0.0,0.0,0.0,1.0,0.0,0.0,0.0,0.0,0.0,0.0,0.0,1.0,0.0,0.0,1.0,0.0
7706,0.34567901234567905,0.0,0.0,0.0,0.44444444444444436,0.75,0.6509210996671051,0.0,1.0,0.0,0.10416666666666674,0.10444271239283154,0.7196652719665269,0.0992972115166629,0.4257088846880883,1.0,0.0,0.0,0.0,0.0,0.0,0.0,0.0,0.0,0.0,0.0,0.0,1.0,0.0,0.0,0.0,0.0,0.0,0.0,0.0,1.0,0.0,0.0,1.0,0.0
7707,0.34567901234567905,0.0,0.0,0.0,0.44444444444444436,0.75,0.6509210996671051,0.0,1.0,0.0,0.10416666666666674,0.10444271239283154,0.7196652719665269,0.0992972115166629,0.4257088846880883,1.0,0.0,0.0,0.0,0.0,0.0,0.0,0.0,0.0,0.0,0.0,0.0,1.0,0.0,0.0,0.0,0.0,0.0,0.0,0.0,1.0,0.0,0.0,1.0,0.0
7708,0.4074074074074074,0.0,0.0,0.0,0.44444444444444436,0.75,0.6914283273250159,0.0,1.0,0.0,0.10416666666666674,0.10444271239283154,0.7196652719665269,0.0992972115166629,0.4257088846880883,1.0,0.0,0.0,0.0,0.0,0.0,0.0,0.0,0.0,0.0,0.0,0.0,1.0,0.0,0.0,0.0,0.0,0.0,0.0,0.0,1.0,0.0,0.0,1.0,0.0
7709,0.5308641975308641,1.0,0.0,1.0,0.44444444444444436,0.75,0.6937125767575353,0.0,1.0,0.0,0.10416666666666674,0.10444271239283154,0.7196652719665269,0.0992972115166629,0.4257088846880883,1.0,0.0,0.0,0.0,0.0,0.0,0.0,0.0,0.0,0.0,0.0,0.0,1.0,0.0,0.0,0.0,0.0,0.0,0.0,0.0,1.0,0.0,0.0,1.0,0.0
7710,0.5185185185185184,1.0,0.0,0.0,0.44444444444444436,0.75,0.6339442585242172,0.0,1.0,0.0,0.10416666666666674,0.10444271239283154,0.7196652719665269,0.0992972115166629,0.4257088846880883,1.0,1.0,0.0,0.0,0.0,0.0,0.0,0.0,0.0,0.0,0.0,0.0,0.0,0.0,0.0,0.0,0.0,0.0,0.0,0.0,0.0,0.0,0.0,1.0,0.0
7711,0.5185185185185184,0.0,0.0,0.0,0.44444444444444436,0.75,0.6949982196033254,0.0,1.0,0.0,0.10416666666666674,0.10444271239283154,0.7196652719665269,0.0992972115166629,0.4257088846880883,1.0,1.0,0.0,0.0,0.0,0.0,0.0,0.0,0.0,0.0,0.0,0.0,0.0,0.0,0.0,0.0,0.0,0.0,0.0,0.0,0.0,0.0,0.0,1.0,0.0
7712,0.419753086419753,0.0,0.0,0.0,0.44444444444444436,0.75,0.7458491144848195,0.0,0.013013013013013013,0.14285714285714285,0.10416666666666674,0.10444271239283154,0.7196652719665269,0.0992972115166629,0.4257088846880883,1.0,0.0,0.0,0.0,0.0,0.0,0.0,0.0,0.0,1.0,0.0,0.0,1.0,0.0,0.0,0.0,0.0,0.0,0.0,1.0,0.0,0.0,0.0,0.0,1.0
7713,0.35802469135802467,1.0,0.0,0.0,0.44444444444444436,0.75,0.6748225397474605,0.0,1.0,0.0,0.10416666666666674,0.10444271239283154,0.7196652719665269,0.0992972115166629,0.4257088846880883,1.0,0.0,0.0,0.0,0.0,0.0,0.0,0.0,0.0,0.0,0.0,0.0,0.0,1.0,0.0,0.0,0.0,0.0,0.0,0.0,1.0,0.0,0.0,1.0,0.0
7714,0.35802469135802467,1.0,0.0,0.0,0.44444444444444436,0.75,0.703921238889424,0.0,1.0,0.0,0.10416666666666674,0.10444271239283154,0.7196652719665269,0.0992972115166629,0.4257088846880883,1.0,0.0,1.0,0.0,0.0,0.0,0.0,0.0,0.0,0.0,0.0,0.0,1.0,0.0,0.0,0.0,0.0,0.0,0.0,0.0,1.0,0.0,0.0,1.0,0.0
7715,0.18518518518518517,1.0,0.0,0.0,0.44444444444444436,0.75,0.8054411797427915,0.0,0.014014014014014014,0.14285714285714285,0.10416666666666674,0.10444271239283154,0.7196652719665269,0.0992972115166629,0.4257088846880883,1.0,0.0,0.0,0.0,0.0,0.0,1.0,0.0,0.0,0.0,0.0,0.0,0.0,1.0,0.0,0.0,0.0,0.0,0.0,0.0,1.0,0.0,0.0,0.0,1.0
7716,0.48148148148148145,1.0,0.0,0.0,0.44444444444444436,0.75,0.7260089223552333,0.02631578947368421,1.0,0.0,0.10416666666666674,0.10444271239283154,0.7196652719665269,0.0992972115166629,0.4257088846880883,1.0,0.0,1.0,0.0,0.0,0.0,0.0,0.0,0.0,0.0,0.0,0.0,1.0,0.0,0.0,0.0,0.0,0.0,0.0,0.0,0.0,1.0,0.0,1.0,0.0
7717,0.18518518518518517,0.0,0.0,0.0,0.44444444444444436,0.75,0.6615821400485514,0.02631578947368421,1.0,0.0,0.10416666666666674,0.10444271239283154,0.7196652719665269,0.0992972115166629,0.4257088846880883,1.0,0.0,0.0,0.0,0.0,0.0,1.0,0.0,0.0,0.0,0.0,0.0,0.0,1.0,0.0,0.0,0.0,0.0,0.0,0.0,1.0,0.0,0.0,1.0,0.0
7718,0.4074074074074074,1.0,0.0,0.0,0.44444444444444436,0.75,0.7460564011454784,0.10526315789473684,1.0,0.0,0.10416666666666674,0.10444271239283154,0.7196652719665269,0.0992972115166629,0.4257088846880883,1.0,0.0,0.0,0.0,0.0,0.0,0.0,0.0,0.0,0.0,0.0,0.0,1.0,0.0,0.0,0.0,0.0,0.0,0.0,0.0,1.0,0.0,0.0,1.0,0.0
7719,0.5308641975308641,1.0,0.0,0.0,0.44444444444444436,0.75,0.731993689478543,0.02631578947368421,0.005005005005005005,0.2857142857142857,0.10416666666666674,0.10444271239283154,0.7196652719665269,0.0992972115166629,0.4257088846880883,1.0,0.0,0.0,1.0,0.0,0.0,0.0,0.0,0.0,0.0,0.0,0.0,1.0,0.0,0.0,0.0,0.0,0.0,0.0,0.0,0.0,0.0,0.0,0.0,1.0
7720,0.419753086419753,1.0,0.0,0.0,0.44444444444444436,0.75,0.5779008918534767,0.02631578947368421,1.0,0.14285714285714285,0.10416666666666674,0.10444271239283154,0.7196652719665269,0.0992972115166629,0.4257088846880883,1.0,0.0,0.0,0.0,0.0,0.0,0.0,0.0,0.0,1.0,0.0,0.0,1.0,0.0,0.0,0.0,0.0,0.0,0.0,1.0,0.0,0.0,0.0,0.0,0.0
7721,0.35802469135802467,1.0,0.0,1.0,0.44444444444444436,0.75,0.608897147549857,0.0,1.0,0.0,0.10416666666666674,0.10444271239283154,0.7196652719665269,0.0992972115166629,0.4257088846880883,1.0,0.0,0.0,0.0,0.0,0.0,0.0,0.0,0.0,0.0,0.0,0.0,0.0,0.0,0.0,0.0,0.0,1.0,0.0,0.0,0.0,0.0,0.0,1.0,0.0
7722,0.4938271604938272,1.0,0.0,0.0,0.44444444444444436,1.0,0.6485730147319224,0.02631578947368421,1.0,0.0,0.10416666666666674,0.10444271239283154,0.7196652719665269,0.09635003400589434,0.4257088846880883,1.0,0.0,0.0,0.0,0.0,1.0,0.0,0.0,0.0,0.0,0.0,0.0,0.0,0.0,0.0,0.0,1.0,0.0,0.0,0.0,0.0,0.0,0.0,1.0,0.0
7723,0.48148148148148145,1.0,0.0,1.0,0.44444444444444436,1.0,0.6904356197503724,0.02631578947368421,1.0,0.0,0.10416666666666674,0.10444271239283154,0.7196652719665269,0.09635003400589434,0.4257088846880883,1.0,0.0,0.0,0.0,0.0,0.0,0.0,0.0,0.0,0.0,0.0,0.0,0.0,0.0,0.0,0.0,0.0,0.0,0.0,0.0,0.0,1.0,0.0,1.0,0.0
7724,0.04938271604938271,1.0,0.0,0.0,0.44444444444444436,1.0,0.6255978404568726,0.0,1.0,0.0,0.10416666666666674,0.10444271239283154,0.7196652719665269,0.09635003400589434,0.4257088846880883,1.0,0.0,0.0,0.0,0.0,0.0,0.0,0.0,0.0,0.0,1.0,0.0,0.0,1.0,0.0,0.0,0.0,1.0,0.0,0.0,0.0,0.0,0.0,1.0,0.0
7725,0.14814814814814814,0.0,0.0,0.0,0.44444444444444436,1.0,0.7178753925204513,0.0,1.0,0.0,0.10416666666666674,0.10444271239283154,0.7196652719665269,0.09635003400589434,0.4257088846880883,1.0,0.0,0.0,0.0,0.0,0.0,0.0,0.0,0.0,0.0,0.0,0.0,0.0,1.0,0.0,0.0,0.0,1.0,0.0,0.0,0.0,0.0,0.0,1.0,0.0
7726,0.3703703703703703,1.0,0.0,0.0,0.44444444444444436,1.0,0.6082306576679029,0.0,1.0,0.0,0.10416666666666674,0.10444271239283154,0.7196652719665269,0.09635003400589434,0.4257088846880883,1.0,1.0,0.0,0.0,0.0,0.0,0.0,0.0,0.0,0.0,0.0,0.0,1.0,0.0,0.0,0.0,0.0,0.0,0.0,1.0,0.0,0.0,0.0,1.0,0.0
7727,0.14814814814814814,0.0,0.0,0.0,0.44444444444444436,1.0,0.8135321616790584,0.13157894736842105,1.0,0.0,0.10416666666666674,0.10444271239283154,0.7196652719665269,0.09635003400589434,0.4257088846880883,1.0,0.0,0.0,0.0,0.0,0.0,0.0,0.0,0.0,1.0,0.0,0.0,0.0,1.0,0.0,0.0,0.0,0.0,0.0,0.0,1.0,0.0,0.0,1.0,0.0
7728,0.38271604938271603,1.0,0.0,0.0,0.44444444444444436,1.0,0.7077115468084515,0.02631578947368421,1.0,0.0,0.10416666666666674,0.10444271239283154,0.7196652719665269,0.09635003400589434,0.4257088846880883,1.0,0.0,0.0,0.0,0.0,0.0,0.0,0.0,0.0,0.0,0.0,0.0,0.0,0.0,0.0,0.0,0.0,0.0,0.0,0.0,1.0,0.0,0.0,1.0,0.0
7729,0.16049382716049382,0.0,0.0,0.0,0.44444444444444436,1.0,0.7157509980005988,0.02631578947368421,1.0,0.0,0.10416666666666674,0.10444271239283154,0.7196652719665269,0.09635003400589434,0.4257088846880883,1.0,0.0,0.0,0.0,0.0,0.0,0.0,0.0,0.0,0.0,0.0,0.0,1.0,0.0,0.0,0.0,0.0,0.0,0.0,0.0,1.0,0.0,0.0,1.0,0.0
7730,0.19753086419753085,0.0,0.0,0.0,0.44444444444444436,1.0,0.7714745788882901,0.0,1.0,0.0,0.10416666666666674,0.10444271239283154,0.7196652719665269,0.09635003400589434,0.4257088846880883,1.0,0.0,0.0,0.0,0.0,0.0,0.0,0.0,0.0,0.0,0.0,0.0,0.0,1.0,0.0,0.0,0.0,0.0,0.0,0.0,1.0,0.0,0.0,1.0,0.0
7731,0.5061728395061729,1.0,0.0,0.0,0.44444444444444436,1.0,0.6781891171876829,0.07894736842105263,1.0,0.14285714285714285,0.10416666666666674,0.10444271239283154,0.7196652719665269,0.09635003400589434,0.4257088846880883,0.0,0.0,0.0,0.0,0.0,0.0,0.0,0.0,0.0,0.0,0.0,0.0,1.0,0.0,0.0,0.0,0.0,1.0,0.0,0.0,0.0,0.0,0.0,0.0,0.0
7732,0.48148148148148145,1.0,1.0,0.0,0.44444444444444436,1.0,0.6744424581583719,0.02631578947368421,1.0,0.0,0.10416666666666674,0.10444271239283154,0.7196652719665269,0.09635003400589434,0.4257088846880883,1.0,0.0,0.0,0.0,0.0,1.0,0.0,0.0,0.0,0.0,0.0,0.0,1.0,0.0,0.0,0.0,0.0,1.0,0.0,0.0,0.0,0.0,0.0,1.0,0.0
7733,0.1728395061728395,1.0,0.0,0.0,0.44444444444444436,0.0,0.6250197795910157,0.07894736842105263,1.0,0.0,0.10416666666666674,0.10444271239283154,0.7196652719665269,0.09385626841985947,0.4257088846880883,1.0,0.0,0.0,0.0,0.0,0.0,0.0,0.0,0.0,0.0,0.0,0.0,0.0,1.0,0.0,0.0,0.0,0.0,0.0,0.0,1.0,0.0,0.0,1.0,0.0
7734,0.07407407407407407,0.0,0.0,0.0,0.44444444444444436,0.0,0.6590060849288549,0.05263157894736842,1.0,0.0,0.10416666666666674,0.10444271239283154,0.7196652719665269,0.09385626841985947,0.4257088846880883,1.0,0.0,0.0,0.0,0.0,0.0,0.0,0.0,1.0,0.0,0.0,0.0,0.0,1.0,0.0,0.0,0.0,1.0,0.0,0.0,0.0,0.0,0.0,1.0,0.0
7735,0.24691358024691357,1.0,0.0,0.0,0.44444444444444436,0.0,0.6386818846696665,0.02631578947368421,1.0,0.0,0.10416666666666674,0.10444271239283154,0.7196652719665269,0.09385626841985947,0.4257088846880883,1.0,0.0,0.0,0.0,0.0,0.0,0.0,0.0,0.0,0.0,0.0,0.0,1.0,0.0,0.0,0.0,0.0,0.0,0.0,0.0,1.0,0.0,0.0,1.0,0.0
7736,0.13580246913580246,1.0,0.0,0.0,0.44444444444444436,0.0,0.6774492710414791,0.07894736842105263,1.0,0.0,0.10416666666666674,0.10444271239283154,0.7196652719665269,0.09385626841985947,0.4257088846880883,1.0,0.0,0.0,0.0,0.0,0.0,0.0,1.0,0.0,0.0,0.0,0.0,0.0,1.0,0.0,0.0,0.0,0.0,0.0,0.0,1.0,0.0,0.0,1.0,0.0
7737,0.4444444444444445,0.0,0.0,0.0,0.44444444444444436,0.25,0.8084038164834598,0.0,1.0,0.14285714285714285,0.10416666666666674,0.10444271239283154,0.7196652719665269,0.09294944457039223,0.4257088846880883,1.0,0.0,0.0,0.0,0.0,0.0,0.0,0.0,0.0,0.0,0.0,0.0,1.0,0.0,0.0,0.0,0.0,1.0,0.0,0.0,0.0,0.0,0.0,0.0,0.0
7738,0.19753086419753085,1.0,0.0,0.0,0.44444444444444436,0.25,0.7133142794709978,0.0,1.0,0.0,0.10416666666666674,0.10444271239283154,0.7196652719665269,0.09294944457039223,0.4257088846880883,1.0,0.0,0.0,0.0,1.0,0.0,0.0,0.0,0.0,0.0,0.0,0.0,1.0,0.0,0.0,0.0,0.0,0.0,0.0,0.0,1.0,0.0,0.0,1.0,0.0
7739,0.30864197530864196,0.0,0.0,0.0,0.44444444444444436,0.25,0.5356959888812932,0.0,1.0,0.0,0.10416666666666674,0.10444271239283154,0.7196652719665269,0.09294944457039223,0.4257088846880883,0.0,0.0,0.0,0.0,0.0,0.0,0.0,0.0,0.0,0.0,0.0,0.0,0.0,0.0,0.0,0.0,0.0,0.0,0.0,0.0,1.0,0.0,0.0,1.0,0.0
7740,0.09876543209876543,1.0,0.0,0.0,0.44444444444444436,0.25,0.6962699633353183,0.0,1.0,0.0,0.10416666666666674,0.10444271239283154,0.7196652719665269,0.09294944457039223,0.4257088846880883,1.0,0.0,0.0,0.0,0.0,0.0,0.0,0.0,1.0,0.0,0.0,0.0,0.0,1.0,0.0,0.0,0.0,0.0,0.0,0.0,0.0,1.0,1.0,1.0,0.0
7741,0.35802469135802467,0.5,0.5,0.0,0.44444444444444436,0.25,0.6701784439170553,0.0,1.0,0.0,0.10416666666666674,0.10444271239283154,0.7196652719665269,0.09294944457039223,0.4257088846880883,1.0,0.0,0.0,0.0,0.0,0.0,0.0,0.0,0.0,0.0,0.0,0.0,0.0,0.0,0.0,0.0,0.0,1.0,0.0,0.0,0.0,0.0,0.0,1.0,0.0
7742,0.1111111111111111,1.0,0.0,0.0,0.44444444444444436,0.25,0.7071363126573881,0.0,0.013013013013013013,0.14285714285714285,0.10416666666666674,0.10444271239283154,0.7196652719665269,0.09294944457039223,0.4257088846880883,1.0,0.0,0.0,0.0,0.0,0.0,0.0,1.0,0.0,0.0,0.0,0.0,0.0,1.0,0.0,0.0,0.0,1.0,0.0,0.0,0.0,0.0,0.0,0.0,1.0
7743,0.1111111111111111,1.0,0.0,0.0,0.44444444444444436,0.25,0.7176119318291706,0.0,1.0,0.0,0.10416666666666674,0.10444271239283154,0.7196652719665269,0.09294944457039223,0.4257088846880883,0.0,0.0,0.0,0.0,0.0,0.0,0.0,0.0,0.0,0.0,1.0,0.0,0.0,1.0,0.0,0.0,0.0,1.0,0.0,0.0,0.0,0.0,0.0,1.0,0.0
7744,0.07407407407407407,1.0,0.0,0.0,0.44444444444444436,0.25,0.7677451984209532,0.02631578947368421,0.013013013013013013,0.14285714285714285,0.10416666666666674,0.10444271239283154,0.7196652719665269,0.09294944457039223,0.4257088846880883,1.0,0.0,0.0,0.0,0.0,0.0,0.0,0.0,1.0,0.0,0.0,0.0,0.0,1.0,0.0,0.0,0.0,1.0,0.0,0.0,0.0,0.0,0.0,0.0,1.0
7745,0.1111111111111111,0.0,0.0,0.0,0.44444444444444436,0.25,0.6115259753720838,0.02631578947368421,1.0,0.0,0.10416666666666674,0.10444271239283154,0.7196652719665269,0.09294944457039223,0.4257088846880883,1.0,0.0,0.0,0.0,0.0,0.0,0.0,1.0,0.0,0.0,0.0,0.0,0.0,1.0,0.0,0.0,0.0,1.0,0.0,0.0,0.0,0.0,0.0,1.0,0.0
7746,0.07407407407407407,0.0,0.0,0.0,0.44444444444444436,0.25,0.695953314020339,0.0,1.0,0.14285714285714285,0.10416666666666674,0.10444271239283154,0.7196652719665269,0.09294944457039223,0.4257088846880883,1.0,0.0,0.0,0.0,0.0,0.0,0.0,0.0,1.0,0.0,0.0,0.0,0.0,1.0,0.0,0.0,0.0,1.0,0.0,0.0,0.0,0.0,0.0,0.0,0.0
7747,0.12345679012345678,1.0,0.0,1.0,0.44444444444444436,0.25,0.7971554130361953,0.0,1.0,0.0,0.10416666666666674,0.10444271239283154,0.7196652719665269,0.09294944457039223,0.4257088846880883,1.0,0.0,0.0,0.0,0.0,0.0,0.0,0.0,0.0,0.0,0.0,0.0,0.0,1.0,0.0,0.0,0.0,0.0,0.0,0.0,0.0,1.0,0.0,1.0,0.0
7748,0.19753086419753085,0.0,0.0,1.0,0.44444444444444436,0.25,0.6532232308583403,0.0,1.0,0.0,0.10416666666666674,0.10444271239283154,0.7196652719665269,0.09294944457039223,0.4257088846880883,1.0,0.0,0.0,0.0,0.0,0.0,0.0,0.0,0.0,0.0,0.0,0.0,1.0,0.0,0.0,0.0,0.0,1.0,0.0,0.0,0.0,0.0,0.0,1.0,0.0
7749,0.2839506172839506,1.0,0.0,0.0,0.44444444444444436,0.25,0.646660205928461,0.0,1.0,0.0,0.10416666666666674,0.10444271239283154,0.7196652719665269,0.09294944457039223,0.4257088846880883,1.0,0.0,0.0,0.0,0.0,0.0,0.0,0.0,0.0,0.0,0.0,0.0,1.0,0.0,0.0,0.0,0.0,0.0,0.0,0.0,1.0,0.0,0.0,1.0,0.0
7750,0.1728395061728395,1.0,0.0,0.0,0.44444444444444436,0.5,0.6027582686746316,0.0,1.0,0.14285714285714285,0.10416666666666674,0.10444271239283154,0.7196652719665269,0.08954885513489003,0.4257088846880883,1.0,0.0,0.0,0.0,0.0,0.0,0.0,0.0,0.0,0.0,0.0,0.0,0.0,1.0,0.0,0.0,0.0,1.0,0.0,0.0,0.0,0.0,0.0,0.0,0.0
7751,0.30864197530864196,0.0,0.0,0.0,0.44444444444444436,0.5,0.6930644475725992,0.0,1.0,0.14285714285714285,0.10416666666666674,0.10444271239283154,0.7196652719665269,0.08954885513489003,0.4257088846880883,1.0,0.0,0.0,0.0,0.0,0.0,0.0,0.0,0.0,1.0,0.0,0.0,1.0,0.0,0.0,0.0,0.0,0.0,0.0,0.0,1.0,0.0,0.0,0.0,0.0
7752,0.30864197530864196,0.0,0.0,0.0,0.44444444444444436,0.5,0.6581347094668296,0.02631578947368421,1.0,0.0,0.10416666666666674,0.10444271239283154,0.7196652719665269,0.08954885513489003,0.4257088846880883,1.0,0.0,0.0,0.0,0.0,0.0,0.0,0.0,0.0,0.0,0.0,0.0,0.0,1.0,0.0,0.0,0.0,0.0,0.0,0.0,1.0,0.0,0.0,1.0,0.0
7753,0.14814814814814814,1.0,0.0,0.0,0.44444444444444436,0.5,0.7998079526925057,0.02631578947368421,1.0,0.0,0.10416666666666674,0.10444271239283154,0.7196652719665269,0.08954885513489003,0.4257088846880883,1.0,0.0,0.0,0.0,0.0,0.0,0.0,0.0,0.0,1.0,0.0,0.0,1.0,0.0,0.0,0.0,0.0,0.0,0.0,0.0,1.0,0.0,0.0,1.0,0.0
7754,0.29629629629629634,1.0,0.0,0.0,0.44444444444444436,0.5,0.6121741045570199,0.0,1.0,0.14285714285714285,0.10416666666666674,0.10444271239283154,0.7196652719665269,0.08954885513489003,0.4257088846880883,0.0,0.0,0.0,0.0,0.0,0.0,0.0,0.0,0.0,0.0,0.0,0.0,1.0,0.0,0.0,0.0,0.0,0.0,0.0,0.0,1.0,0.0,0.0,0.0,0.0
7755,0.037037037037037035,0.0,0.0,0.0,0.44444444444444436,0.5,0.7574939434928795,0.0,1.0,0.14285714285714285,0.10416666666666674,0.10444271239283154,0.7196652719665269,0.08954885513489003,0.4257088846880883,0.0,0.0,0.0,0.0,0.0,0.0,0.0,0.0,1.0,0.0,0.0,0.0,0.0,1.0,0.0,0.0,0.0,1.0,0.0,0.0,0.0,0.0,0.0,0.0,0.0
7756,0.037037037037037035,1.0,0.0,0.0,0.44444444444444436,0.5,0.6890988423028271,0.0,1.0,0.0,0.10416666666666674,0.10444271239283154,0.7196652719665269,0.08954885513489003,0.4257088846880883,1.0,0.0,0.0,0.0,0.0,0.0,0.0,0.0,1.0,0.0,0.0,0.0,0.0,1.0,0.0,0.0,0.0,1.0,0.0,0.0,0.0,0.0,0.0,1.0,0.0
7757,0.3333333333333333,1.0,0.0,1.0,0.44444444444444436,0.5,0.7479057254249325,0.0,1.0,0.0,0.10416666666666674,0.10444271239283154,0.7196652719665269,0.08954885513489003,0.4257088846880883,1.0,1.0,0.0,0.0,0.0,0.0,0.0,0.0,0.0,0.0,0.0,0.0,0.0,1.0,0.0,0.0,0.0,0.0,0.0,0.0,0.0,1.0,0.0,1.0,0.0
7758,0.30864197530864196,0.0,1.0,0.0,0.44444444444444436,0.5,0.7135875319736221,0.02631578947368421,1.0,0.0,0.10416666666666674,0.10444271239283154,0.7196652719665269,0.08954885513489003,0.4257088846880883,0.0,0.0,0.0,0.0,0.0,0.0,0.0,0.0,0.0,1.0,0.0,0.0,1.0,0.0,0.0,0.0,0.0,0.0,0.0,0.0,1.0,0.0,0.0,1.0,0.0
7759,0.18518518518518517,1.0,0.0,0.0,0.44444444444444436,0.5,0.6295666315558228,0.10526315789473684,1.0,0.0,0.10416666666666674,0.10444271239283154,0.7196652719665269,0.08954885513489003,0.4257088846880883,1.0,0.0,0.0,0.0,0.0,0.0,0.0,0.0,0.0,0.0,0.0,0.0,0.0,1.0,0.0,0.0,0.0,0.0,0.0,0.0,1.0,0.0,0.0,1.0,0.0
7760,0.1111111111111111,1.0,0.0,0.0,0.44444444444444436,0.5,0.5925226723355308,0.0,1.0,0.0,0.10416666666666674,0.10444271239283154,0.7196652719665269,0.08954885513489003,0.4257088846880883,1.0,0.0,0.0,0.0,0.0,0.0,0.0,0.0,0.0,0.0,0.0,0.0,0.0,1.0,0.0,0.0,0.0,0.0,0.0,0.0,1.0,0.0,0.0,1.0,0.0
7761,0.2345679012345679,1.0,0.0,0.0,0.44444444444444436,0.5,0.6128186823313415,0.05263157894736842,1.0,0.0,0.10416666666666674,0.10444271239283154,0.7196652719665269,0.08954885513489003,0.4257088846880883,0.0,0.0,0.0,0.0,0.0,0.0,0.0,0.0,0.0,1.0,0.0,0.0,1.0,0.0,0.0,0.0,0.0,0.0,0.0,1.0,0.0,0.0,0.0,1.0,0.0
7762,0.18518518518518517,1.0,0.0,0.0,0.44444444444444436,0.5,0.5393533347388635,0.05263157894736842,1.0,0.0,0.10416666666666674,0.10444271239283154,0.7196652719665269,0.08954885513489003,0.4257088846880883,1.0,0.0,0.0,0.0,0.0,0.0,0.0,0.0,0.0,0.0,0.0,0.0,0.0,1.0,0.0,0.0,0.0,0.0,0.0,0.0,1.0,0.0,0.0,1.0,0.0
7763,0.25925925925925924,1.0,1.0,1.0,0.44444444444444436,0.5,0.49105467050389934,0.05263157894736842,1.0,0.0,0.10416666666666674,0.10444271239283154,0.7196652719665269,0.08954885513489003,0.4257088846880883,0.0,0.0,0.0,0.0,0.0,0.0,0.0,0.0,0.0,0.0,0.0,0.0,1.0,0.0,0.0,0.0,0.0,1.0,0.0,0.0,0.0,0.0,0.0,1.0,0.0
7764,0.14814814814814814,1.0,0.0,0.0,0.44444444444444436,0.75,0.6513851442510553,0.02631578947368421,1.0,0.0,0.10416666666666674,0.10444271239283154,0.7196652719665269,0.08705508954885516,0.4257088846880883,1.0,0.0,0.0,0.0,0.0,0.0,0.0,0.0,1.0,0.0,0.0,0.0,0.0,1.0,0.0,0.0,0.0,1.0,0.0,0.0,0.0,0.0,0.0,1.0,0.0
7765,0.18518518518518517,1.0,0.0,0.0,0.44444444444444436,0.75,0.6770775956944137,0.07894736842105263,1.0,0.0,0.10416666666666674,0.10444271239283154,0.7196652719665269,0.08705508954885516,0.4257088846880883,0.0,0.0,0.0,0.0,0.0,0.0,0.0,0.0,0.0,0.0,0.0,0.0,0.0,1.0,0.0,0.0,0.0,0.0,0.0,0.0,1.0,0.0,0.0,1.0,0.0
7766,0.07407407407407407,0.0,0.0,0.0,0.44444444444444436,1.0,0.5474693214896542,0.02631578947368421,1.0,0.0,0.10416666666666674,0.10444271239283154,0.7196652719665269,0.0845613239628202,0.4257088846880883,1.0,1.0,0.0,0.0,0.0,0.0,0.0,0.0,0.0,0.0,0.0,0.0,0.0,1.0,0.0,0.0,0.0,1.0,0.0,0.0,0.0,0.0,0.0,1.0,0.0
7767,0.07407407407407407,1.0,0.0,1.0,0.44444444444444436,1.0,0.6846463255291116,0.07894736842105263,1.0,0.0,0.10416666666666674,0.10444271239283154,0.7196652719665269,0.0845613239628202,0.4257088846880883,1.0,0.0,0.0,0.0,0.0,0.0,0.0,0.0,0.0,1.0,0.0,0.0,0.0,1.0,0.0,0.0,0.0,0.0,0.0,1.0,0.0,0.0,0.0,1.0,0.0
7768,0.12345679012345678,1.0,0.0,0.0,0.44444444444444436,0.0,0.5689167450775122,0.02631578947368421,1.0,0.0,0.10416666666666674,0.10444271239283154,0.7196652719665269,0.07027884833371117,0.4257088846880883,1.0,0.0,0.0,0.0,1.0,0.0,0.0,0.0,0.0,0.0,0.0,0.0,0.0,1.0,0.0,0.0,0.0,0.0,0.0,0.0,1.0,0.0,0.0,1.0,0.0
7769,0.2222222222222222,0.0,0.0,0.0,0.44444444444444436,0.5,0.8221914988161192,0.07894736842105263,1.0,0.0,0.10416666666666674,0.10444271239283154,0.7196652719665269,0.06778508274767628,0.4257088846880883,1.0,0.0,1.0,0.0,0.0,0.0,0.0,0.0,0.0,0.0,0.0,0.0,1.0,0.0,0.0,0.0,0.0,1.0,0.0,0.0,0.0,0.0,0.0,1.0,0.0
7770,0.419753086419753,1.0,0.0,0.0,0.44444444444444436,1.0,0.5813108450867737,0.10526315789473684,1.0,0.0,0.10416666666666674,0.10444271239283154,0.7196652719665269,0.06506461119927456,0.4257088846880883,1.0,0.0,0.0,0.0,0.0,0.0,0.0,0.0,0.0,0.0,0.0,0.0,1.0,0.0,0.0,0.0,0.0,0.0,0.0,0.0,1.0,0.0,0.0,1.0,0.0
7771,0.16049382716049382,0.0,0.0,0.0,0.44444444444444436,0.25,0.6832417100410403,0.02631578947368421,0.013013013013013013,0.2857142857142857,0.10416666666666674,0.10444271239283154,0.7196652719665269,0.06211743368850603,0.4257088846880883,1.0,0.0,0.0,0.0,0.0,0.0,0.0,0.0,1.0,0.0,0.0,0.0,0.0,1.0,0.0,0.0,0.0,0.0,0.0,0.0,1.0,0.0,0.0,0.0,0.0
7772,0.4567901234567901,0.0,1.0,0.0,0.44444444444444436,0.25,0.7896796061552286,0.13157894736842105,0.013013013013013013,0.14285714285714285,0.10416666666666674,0.10444271239283154,0.7196652719665269,0.06211743368850603,0.4257088846880883,1.0,0.0,0.0,0.0,0.0,0.0,0.0,0.0,0.0,0.0,0.0,0.0,1.0,0.0,0.0,0.0,0.0,0.0,0.0,0.0,1.0,0.0,0.0,0.0,1.0
7773,0.12345679012345678,0.0,1.0,0.0,0.44444444444444436,0.25,0.5417298832341686,0.13157894736842105,1.0,0.14285714285714285,0.10416666666666674,0.10444271239283154,0.7196652719665269,0.06211743368850603,0.4257088846880883,1.0,0.0,0.0,0.0,0.0,0.0,0.0,0.0,0.0,0.0,0.0,0.0,1.0,0.0,0.0,0.0,0.0,0.0,0.0,0.0,1.0,0.0,0.0,0.0,0.0
7774,0.25925925925925924,0.0,0.0,0.0,0.44444444444444436,0.25,0.7279573751736251,0.10526315789473684,1.0,0.0,0.10416666666666674,0.10444271239283154,0.7196652719665269,0.06211743368850603,0.4257088846880883,1.0,0.0,0.0,0.0,1.0,0.0,0.0,0.0,0.0,0.0,0.0,0.0,1.0,0.0,0.0,0.0,0.0,0.0,0.0,0.0,1.0,0.0,0.0,1.0,0.0
7775,0.3333333333333333,0.0,0.0,0.0,0.44444444444444436,0.25,0.7472925086610567,0.10526315789473684,1.0,0.0,0.10416666666666674,0.10444271239283154,0.7196652719665269,0.06211743368850603,0.4257088846880883,1.0,0.0,0.0,0.0,0.0,0.0,0.0,0.0,0.0,0.0,0.0,0.0,0.0,0.0,0.0,0.0,0.0,1.0,0.0,0.0,0.0,0.0,0.0,1.0,0.0
7776,0.18518518518518517,0.0,0.0,0.0,0.5555555555555556,0.25,0.6267455095549759,0.0,1.0,0.0,0.10416666666666674,0.0,0.8117154811715479,0.05667649059170257,0.4257088846880883,0.0,0.0,0.0,0.0,0.0,0.0,0.0,1.0,0.0,0.0,0.0,0.0,1.0,0.0,0.0,0.0,0.0,1.0,0.0,0.0,0.0,0.0,0.0,1.0,0.0
7777,0.30864197530864196,1.0,0.0,0.0,0.5555555555555556,0.25,0.7479057254249325,0.0,0.004004004004004004,0.14285714285714285,0.10416666666666674,0.0,0.8117154811715479,0.05667649059170257,0.4257088846880883,1.0,0.0,0.0,0.0,0.0,0.0,0.0,0.0,0.0,0.0,0.0,0.0,1.0,0.0,0.0,0.0,0.0,0.0,0.0,0.0,1.0,0.0,0.0,0.0,1.0
7778,0.5432098765432098,0.0,0.0,0.0,0.5555555555555556,0.25,0.634480182683441,0.0,1.0,0.0,0.10416666666666674,0.0,0.8117154811715479,0.05667649059170257,0.4257088846880883,1.0,0.0,0.0,0.0,0.0,1.0,0.0,0.0,0.0,0.0,0.0,0.0,1.0,0.0,0.0,0.0,0.0,0.0,0.0,1.0,0.0,0.0,0.0,1.0,0.0
7779,0.1728395061728395,0.0,0.0,0.0,0.5555555555555556,0.25,0.580467578755373,0.0,0.015015015015015015,0.14285714285714285,0.10416666666666674,0.0,0.8117154811715479,0.05667649059170257,0.4257088846880883,0.0,0.0,0.0,0.0,0.0,0.0,0.0,0.0,0.0,0.0,0.0,0.0,0.0,1.0,0.0,0.0,0.0,0.0,0.0,0.0,1.0,0.0,0.0,0.0,1.0
7780,0.012345679012345678,1.0,0.0,0.0,0.5555555555555556,0.25,0.7606459012295749,0.0,1.0,0.0,0.10416666666666674,0.0,0.8117154811715479,0.05667649059170257,0.4257088846880883,1.0,0.0,0.0,0.0,0.0,0.0,0.0,0.0,1.0,0.0,0.0,0.0,0.0,1.0,0.0,0.0,1.0,0.0,0.0,0.0,0.0,0.0,0.0,1.0,0.0
7781,0.3703703703703703,1.0,1.0,0.0,0.5555555555555556,0.25,0.614731491134803,0.0,1.0,0.0,0.10416666666666674,0.0,0.8117154811715479,0.05667649059170257,0.4257088846880883,1.0,0.0,0.0,0.0,0.0,0.0,0.0,0.0,0.0,0.0,0.0,0.0,0.0,0.0,0.0,0.0,0.0,0.0,0.0,0.0,1.0,0.0,0.0,1.0,0.0
7782,0.43209876543209874,0.0,0.0,0.0,0.5555555555555556,0.25,0.752699671620228,0.0,1.0,0.0,0.10416666666666674,0.0,0.8117154811715479,0.05667649059170257,0.4257088846880883,1.0,0.0,0.0,0.0,1.0,0.0,0.0,0.0,0.0,0.0,0.0,0.0,1.0,0.0,0.0,0.0,0.0,0.0,0.0,0.0,1.0,0.0,0.0,1.0,0.0
7783,0.14814814814814814,0.5,0.5,0.0,0.5555555555555556,0.25,0.7324595718676206,0.0,0.004004004004004004,0.42857142857142855,0.10416666666666674,0.0,0.8117154811715479,0.05667649059170257,0.4257088846880883,1.0,0.0,0.0,0.0,0.0,0.0,0.0,0.0,1.0,0.0,0.0,0.0,0.0,1.0,0.0,0.0,0.0,1.0,0.0,0.0,0.0,0.0,0.0,0.0,1.0
7784,0.419753086419753,1.0,0.0,0.0,0.5555555555555556,0.25,0.580467578755373,0.0,1.0,0.0,0.10416666666666674,0.0,0.8117154811715479,0.05667649059170257,0.4257088846880883,0.0,0.0,0.0,0.0,1.0,0.0,0.0,0.0,0.0,0.0,0.0,0.0,1.0,0.0,0.0,0.0,0.0,0.0,0.0,0.0,1.0,0.0,0.0,1.0,0.0
7785,0.419753086419753,1.0,0.0,0.0,0.5555555555555556,0.25,0.649517880450222,0.0,1.0,0.0,0.10416666666666674,0.0,0.8117154811715479,0.05667649059170257,0.4257088846880883,1.0,0.0,0.0,0.0,1.0,0.0,0.0,0.0,0.0,0.0,0.0,0.0,1.0,0.0,0.0,0.0,0.0,0.0,0.0,0.0,1.0,0.0,0.0,1.0,0.0
7786,0.20987654320987653,0.0,0.0,0.0,0.5555555555555556,0.5,0.6732947890602686,0.0,1.0,0.0,0.10416666666666674,0.0,0.8117154811715479,0.05667649059170257,0.4257088846880883,1.0,0.0,0.0,0.0,0.0,0.0,0.0,0.0,0.0,1.0,0.0,0.0,0.0,1.0,0.0,0.0,0.0,0.0,0.0,1.0,0.0,0.0,0.0,1.0,0.0
7787,0.5185185185185184,1.0,0.0,0.0,0.5555555555555556,0.5,0.8149243098734416,0.02631578947368421,0.002002002002002002,0.14285714285714285,0.10416666666666674,0.0,0.8117154811715479,0.05667649059170257,0.4257088846880883,1.0,0.0,0.0,0.0,0.0,0.0,0.0,0.0,0.0,0.0,0.0,0.0,1.0,0.0,0.0,0.0,0.0,1.0,0.0,0.0,0.0,0.0,0.0,0.0,1.0
7788,0.20987654320987653,0.0,0.0,0.0,0.5555555555555556,0.5,0.6301228271521957,0.0,1.0,0.0,0.10416666666666674,0.0,0.8117154811715479,0.05667649059170257,0.4257088846880883,1.0,0.0,0.0,0.0,0.0,0.0,0.0,0.0,0.0,1.0,0.0,0.0,0.0,1.0,0.0,0.0,0.0,0.0,0.0,1.0,0.0,0.0,0.0,1.0,0.0
7789,0.24691358024691357,1.0,0.0,0.0,0.5555555555555556,0.5,0.7091374448666395,0.0,1.0,0.0,0.10416666666666674,0.0,0.8117154811715479,0.05667649059170257,0.4257088846880883,1.0,0.0,0.0,0.0,0.0,0.0,0.0,0.0,0.0,1.0,0.0,0.0,1.0,0.0,0.0,0.0,0.0,0.0,0.0,1.0,0.0,0.0,0.0,1.0,0.0
7790,0.4938271604938272,1.0,1.0,0.0,0.5555555555555556,0.5,0.6673822306124111,0.02631578947368421,0.004004004004004004,0.14285714285714285,0.10416666666666674,0.0,0.8117154811715479,0.05667649059170257,0.4257088846880883,1.0,0.0,0.0,0.0,0.0,0.0,0.0,0.0,0.0,1.0,0.0,0.0,1.0,0.0,0.0,0.0,0.0,1.0,0.0,0.0,0.0,0.0,0.0,0.0,1.0
7791,0.5185185185185184,1.0,0.0,0.0,0.5555555555555556,0.5,0.6620060509558884,0.0,1.0,0.0,0.10416666666666674,0.0,0.8117154811715479,0.05667649059170257,0.4257088846880883,1.0,0.0,0.0,0.0,0.0,0.0,0.0,0.0,0.0,0.0,0.0,0.0,1.0,0.0,0.0,0.0,0.0,1.0,0.0,0.0,0.0,0.0,0.0,1.0,0.0
7792,0.037037037037037035,0.0,1.0,0.0,0.5555555555555556,0.5,0.6518473654724107,0.0,1.0,0.0,0.10416666666666674,0.0,0.8117154811715479,0.05667649059170257,0.4257088846880883,1.0,0.0,0.0,0.0,0.0,0.0,0.0,0.0,1.0,0.0,0.0,0.0,0.0,1.0,0.0,0.0,0.0,1.0,0.0,0.0,0.0,0.0,0.0,1.0,0.0
7793,0.5185185185185184,0.5,0.5,0.0,0.5555555555555556,0.5,0.6095598825393173,0.0,1.0,0.0,0.10416666666666674,0.0,0.8117154811715479,0.05667649059170257,0.4257088846880883,0.0,0.0,0.0,0.0,0.0,1.0,0.0,0.0,0.0,0.0,0.0,0.0,1.0,0.0,0.0,0.0,0.0,0.0,0.0,0.0,0.0,1.0,0.0,1.0,0.0
7794,0.18518518518518517,1.0,1.0,0.0,0.5555555555555556,0.5,0.6513851442510553,0.0,0.004004004004004004,0.2857142857142857,0.10416666666666674,0.0,0.8117154811715479,0.05667649059170257,0.4257088846880883,1.0,0.0,0.0,0.0,0.0,0.0,0.0,1.0,0.0,0.0,0.0,0.0,0.0,1.0,0.0,0.0,0.0,1.0,0.0,0.0,0.0,0.0,0.0,0.0,1.0
7795,0.24691358024691357,0.0,0.0,0.0,0.5555555555555556,0.5,0.6108742554254224,0.02631578947368421,1.0,0.14285714285714285,0.10416666666666674,0.0,0.8117154811715479,0.05667649059170257,0.4257088846880883,1.0,0.0,0.0,0.0,0.0,0.0,0.0,0.0,0.0,0.0,0.0,0.0,1.0,0.0,0.0,0.0,0.0,1.0,0.0,0.0,0.0,0.0,0.0,0.0,0.0
7796,0.2716049382716049,0.0,0.0,0.0,0.5555555555555556,0.5,0.7033271207099517,0.0,1.0,0.0,0.10416666666666674,0.0,0.8117154811715479,0.05667649059170257,0.4257088846880883,1.0,1.0,0.0,0.0,0.0,0.0,0.0,0.0,0.0,0.0,0.0,0.0,1.0,0.0,0.0,0.0,1.0,0.0,0.0,0.0,0.0,0.0,0.0,1.0,0.0
7797,0.34567901234567905,0.0,1.0,1.0,0.5555555555555556,0.5,0.7097029995592844,0.0,1.0,0.0,0.10416666666666674,0.0,0.8117154811715479,0.05667649059170257,0.4257088846880883,0.0,0.0,0.0,0.0,0.0,0.0,0.0,0.0,0.0,0.0,1.0,0.0,0.0,0.0,0.0,0.0,0.0,0.0,0.0,0.0,0.0,0.0,0.0,1.0,0.0
7798,0.35802469135802467,0.0,0.0,1.0,0.5555555555555556,0.5,0.6407277649233879,0.02631578947368421,1.0,0.0,0.10416666666666674,0.0,0.8117154811715479,0.05667649059170257,0.4257088846880883,1.0,0.0,0.0,0.0,0.0,0.0,0.0,0.0,0.0,0.0,0.0,0.0,1.0,0.0,0.0,0.0,0.0,1.0,0.0,0.0,0.0,0.0,0.0,1.0,0.0
7799,0.5185185185185184,0.0,0.0,0.0,0.5555555555555556,0.5,0.7006158192674063,0.02631578947368421,1.0,0.14285714285714285,0.10416666666666674,0.0,0.8117154811715479,0.05667649059170257,0.4257088846880883,1.0,0.0,0.0,0.0,0.0,1.0,0.0,0.0,0.0,0.0,0.0,0.0,1.0,0.0,0.0,0.0,0.0,0.0,0.0,0.0,0.0,1.0,0.0,0.0,0.0
7800,0.24691358024691357,0.0,0.0,0.0,0.5555555555555556,0.5,0.5955391234938983,0.05263157894736842,0.004004004004004004,0.2857142857142857,0.10416666666666674,0.0,0.8117154811715479,0.05667649059170257,0.4257088846880883,1.0,0.0,0.0,0.0,0.0,0.0,0.0,0.0,0.0,1.0,0.0,0.0,1.0,0.0,0.0,0.0,0.0,0.0,0.0,1.0,0.0,0.0,0.0,0.0,1.0
7801,0.30864197530864196,0.0,0.0,0.0,0.5555555555555556,0.75,0.6082306576679029,0.07894736842105263,1.0,0.0,0.10416666666666674,0.0,0.8117154811715479,0.05644978462933575,0.4257088846880883,1.0,0.0,0.0,0.0,0.0,0.0,0.0,0.0,0.0,0.0,1.0,0.0,1.0,0.0,0.0,0.0,0.0,0.0,0.0,0.0,0.0,1.0,0.0,1.0,0.0
7802,0.43209876543209874,1.0,1.0,0.0,0.5555555555555556,0.75,0.5940405662922726,0.02631578947368421,0.004004004004004004,0.14285714285714285,0.10416666666666674,0.0,0.8117154811715479,0.05644978462933575,0.4257088846880883,1.0,0.0,0.0,0.0,0.0,1.0,0.0,0.0,0.0,0.0,0.0,0.0,0.0,0.0,0.0,0.0,0.0,0.0,0.0,0.0,1.0,0.0,0.0,0.0,1.0
7803,0.18518518518518517,0.0,1.0,0.0,0.5555555555555556,0.75,0.8097371503294917,0.07894736842105263,1.0,0.0,0.10416666666666674,0.0,0.8117154811715479,0.05644978462933575,0.4257088846880883,1.0,0.0,0.0,0.0,0.0,0.0,0.0,0.0,0.0,1.0,0.0,0.0,1.0,0.0,0.0,0.0,0.0,0.0,0.0,0.0,1.0,0.0,0.0,1.0,0.0
7804,0.43209876543209874,0.0,0.0,0.0,0.5555555555555556,0.75,0.7127658628623931,0.0,0.015015015015015015,0.14285714285714285,0.10416666666666674,0.0,0.8117154811715479,0.05644978462933575,0.4257088846880883,1.0,0.0,0.0,0.0,0.0,1.0,0.0,0.0,0.0,0.0,0.0,0.0,0.0,0.0,0.0,0.0,0.0,0.0,0.0,0.0,1.0,0.0,0.0,0.0,1.0
7805,0.765432098765432,0.0,0.0,0.0,0.5555555555555556,0.75,0.5253477691257531,0.02631578947368421,1.0,0.0,0.10416666666666674,0.0,0.8117154811715479,0.05644978462933575,0.4257088846880883,0.0,0.0,0.0,0.0,0.0,1.0,0.0,0.0,0.0,0.0,0.0,0.0,1.0,0.0,0.0,0.0,0.0,0.0,0.0,0.0,0.0,1.0,0.0,1.0,0.0
7806,0.08641975308641975,0.0,0.0,0.0,0.5555555555555556,0.75,0.6910983547398326,0.0,1.0,0.0,0.10416666666666674,0.0,0.8117154811715479,0.05644978462933575,0.4257088846880883,1.0,0.0,0.0,0.0,0.0,0.0,0.0,0.0,1.0,0.0,0.0,0.0,0.0,1.0,0.0,0.0,0.0,1.0,0.0,0.0,0.0,0.0,0.0,1.0,0.0
7807,0.4567901234567901,1.0,0.0,0.0,0.5555555555555556,0.75,0.5743891340707834,0.02631578947368421,0.004004004004004004,0.14285714285714285,0.10416666666666674,0.0,0.8117154811715479,0.05644978462933575,0.4257088846880883,1.0,0.0,0.0,0.0,0.0,0.0,0.0,0.0,0.0,0.0,0.0,0.0,0.0,0.0,0.0,0.0,0.0,1.0,0.0,0.0,0.0,0.0,0.0,0.0,1.0
7808,0.7037037037037037,1.0,0.0,0.0,0.5555555555555556,0.75,0.8565468909945467,0.0,1.0,0.14285714285714285,0.10416666666666674,0.0,0.8117154811715479,0.05644978462933575,0.4257088846880883,1.0,0.0,0.0,0.0,0.0,1.0,0.0,0.0,0.0,0.0,0.0,0.0,1.0,0.0,0.0,0.0,0.0,1.0,0.0,0.0,0.0,0.0,0.0,0.0,0.0
7809,0.30864197530864196,1.0,1.0,0.0,0.5555555555555556,0.75,0.6499874824690127,0.07894736842105263,0.004004004004004004,0.2857142857142857,0.10416666666666674,0.0,0.8117154811715479,0.05644978462933575,0.4257088846880883,1.0,0.0,0.0,0.0,0.0,0.0,0.0,0.0,0.0,0.0,1.0,0.0,1.0,0.0,0.0,0.0,0.0,0.0,0.0,0.0,0.0,1.0,0.0,0.0,1.0
7810,0.1728395061728395,1.0,0.0,0.0,0.5555555555555556,0.75,0.6752013972391346,0.02631578947368421,1.0,0.14285714285714285,0.10416666666666674,0.0,0.8117154811715479,0.05644978462933575,0.4257088846880883,1.0,0.0,0.0,0.0,0.0,0.0,0.0,0.0,0.0,1.0,0.0,0.0,0.0,0.0,0.0,0.0,0.0,0.0,0.0,1.0,0.0,0.0,0.0,0.0,0.0
7811,0.2222222222222222,1.0,0.0,1.0,0.5555555555555556,0.75,0.6853423935333421,0.0,1.0,0.0,0.10416666666666674,0.0,0.8117154811715479,0.05644978462933575,0.4257088846880883,1.0,0.0,0.0,0.0,0.0,0.0,0.0,0.0,0.0,0.0,0.0,0.0,0.0,1.0,0.0,0.0,0.0,0.0,0.0,0.0,1.0,0.0,0.0,1.0,0.0
7812,0.09876543209876543,1.0,0.0,1.0,0.5555555555555556,0.75,0.6527663947522088,0.0,1.0,0.0,0.10416666666666674,0.0,0.8117154811715479,0.05644978462933575,0.4257088846880883,1.0,0.0,0.0,0.0,0.0,0.0,0.0,0.0,0.0,1.0,0.0,0.0,0.0,1.0,0.0,0.0,0.0,0.0,0.0,0.0,1.0,0.0,0.0,1.0,0.0
7813,0.3333333333333333,1.0,0.0,0.0,0.5555555555555556,0.75,0.6518473654724107,0.02631578947368421,1.0,0.0,0.10416666666666674,0.0,0.8117154811715479,0.05644978462933575,0.4257088846880883,1.0,0.0,0.0,0.0,0.0,0.0,0.0,0.0,0.0,0.0,0.0,0.0,1.0,0.0,0.0,0.0,0.0,0.0,0.0,0.0,1.0,0.0,0.0,1.0,0.0
7814,0.728395061728395,1.0,0.0,0.0,0.5555555555555556,0.75,0.742481867786566,0.0,1.0,0.0,0.10416666666666674,0.0,0.8117154811715479,0.05644978462933575,0.4257088846880883,1.0,0.0,0.0,0.0,0.0,1.0,0.0,0.0,0.0,0.0,0.0,0.0,1.0,0.0,0.0,0.0,0.0,0.0,0.0,0.0,0.0,0.0,0.0,1.0,0.0
7815,0.728395061728395,1.0,0.0,0.0,0.5555555555555556,1.0,0.6877466992608396,0.02631578947368421,1.0,0.0,0.10416666666666674,0.0,0.8117154811715479,0.05599637270460214,0.4257088846880883,1.0,0.0,0.0,0.0,0.0,1.0,0.0,0.0,0.0,0.0,0.0,0.0,1.0,0.0,0.0,0.0,0.0,0.0,0.0,0.0,0.0,0.0,0.0,1.0,0.0
7816,0.35802469135802467,1.0,0.0,0.0,0.5555555555555556,1.0,0.6920855086403026,0.0,1.0,0.0,0.10416666666666674,0.0,0.8117154811715479,0.05599637270460214,0.4257088846880883,1.0,0.0,0.0,1.0,0.0,0.0,0.0,0.0,0.0,0.0,0.0,0.0,1.0,0.0,0.0,0.0,0.0,1.0,0.0,0.0,0.0,0.0,0.0,1.0,0.0
7817,0.19753086419753085,0.0,0.0,0.0,0.5555555555555556,1.0,0.5154803582186305,0.0,1.0,0.14285714285714285,0.10416666666666674,0.0,0.8117154811715479,0.05599637270460214,0.4257088846880883,1.0,1.0,0.0,0.0,0.0,0.0,0.0,0.0,0.0,0.0,0.0,0.0,1.0,0.0,0.0,0.0,1.0,0.0,0.0,0.0,0.0,0.0,0.0,0.0,0.0
7818,0.25925925925925924,1.0,0.0,0.0,0.5555555555555556,1.0,0.5821481094717212,0.0,1.0,0.0,0.10416666666666674,0.0,0.8117154811715479,0.05599637270460214,0.4257088846880883,0.0,0.0,0.0,0.0,0.0,0.0,0.0,0.0,0.0,0.0,0.0,0.0,0.0,1.0,0.0,0.0,0.0,0.0,0.0,0.0,1.0,0.0,0.0,1.0,0.0
7819,0.18518518518518517,1.0,0.0,1.0,0.5555555555555556,1.0,0.5507832068127649,0.02631578947368421,1.0,0.14285714285714285,0.10416666666666674,0.0,0.8117154811715479,0.05599637270460214,0.4257088846880883,0.0,0.0,0.0,0.0,0.0,0.0,0.0,0.0,0.0,1.0,0.0,0.0,0.0,1.0,0.0,0.0,0.0,0.0,0.0,1.0,0.0,0.0,0.0,0.0,0.0
7820,0.14814814814814814,0.0,0.0,0.0,0.5555555555555556,1.0,0.6669772899389259,0.02631578947368421,1.0,0.0,0.10416666666666674,0.0,0.8117154811715479,0.05599637270460214,0.4257088846880883,1.0,0.0,0.0,0.0,0.0,0.0,0.0,0.0,0.0,0.0,0.0,0.0,0.0,1.0,0.0,0.0,0.0,0.0,0.0,0.0,1.0,0.0,0.0,1.0,0.0
7821,0.7160493827160492,0.0,1.0,0.0,0.5555555555555556,1.0,0.7731314393697406,0.0,1.0,0.0,0.10416666666666674,0.0,0.8117154811715479,0.05599637270460214,0.4257088846880883,1.0,0.0,0.0,0.0,0.0,1.0,0.0,0.0,0.0,0.0,0.0,0.0,1.0,0.0,0.0,0.0,0.0,0.0,0.0,0.0,0.0,0.0,0.0,1.0,0.0
7822,0.09876543209876543,1.0,0.0,0.0,0.5555555555555556,1.0,0.6523077776041232,0.0,1.0,0.0,0.10416666666666674,0.0,0.8117154811715479,0.05599637270460214,0.4257088846880883,1.0,0.0,0.0,0.0,0.0,0.0,0.0,0.0,0.0,0.0,0.0,0.0,0.0,1.0,0.0,0.0,0.0,0.0,0.0,0.0,1.0,0.0,0.0,1.0,0.0
7823,0.20987654320987653,0.0,0.0,0.0,0.5555555555555556,1.0,0.5140006512933829,0.0,1.0,0.0,0.10416666666666674,0.0,0.8117154811715479,0.05599637270460214,0.4257088846880883,0.0,0.0,0.0,0.0,0.0,0.0,0.0,0.0,0.0,0.0,0.0,0.0,1.0,0.0,0.0,0.0,0.0,0.0,0.0,0.0,1.0,0.0,0.0,1.0,0.0
7824,0.18518518518518517,0.0,0.0,0.0,0.5555555555555556,1.0,0.5266921854673875,0.0,1.0,0.0,0.10416666666666674,0.0,0.8117154811715479,0.05599637270460214,0.4257088846880883,1.0,0.0,0.0,0.0,0.0,0.0,0.0,0.0,0.0,1.0,0.0,0.0,0.0,1.0,0.0,0.0,0.0,0.0,0.0,1.0,0.0,0.0,0.0,1.0,0.0
7825,0.419753086419753,0.0,0.0,0.0,0.5555555555555556,1.0,0.6603011638753588,0.0,1.0,0.14285714285714285,0.10416666666666674,0.0,0.8117154811715479,0.05599637270460214,0.4257088846880883,1.0,0.0,0.0,1.0,0.0,0.0,0.0,0.0,0.0,0.0,0.0,0.0,1.0,0.0,0.0,0.0,0.0,0.0,0.0,0.0,0.0,1.0,0.0,0.0,0.0
7826,0.654320987654321,1.0,0.0,0.0,0.5555555555555556,1.0,0.7381325683537684,0.02631578947368421,1.0,0.0,0.10416666666666674,0.0,0.8117154811715479,0.05599637270460214,0.4257088846880883,1.0,0.0,0.0,0.0,0.0,1.0,0.0,0.0,0.0,0.0,0.0,0.0,1.0,0.0,0.0,0.0,0.0,0.0,0.0,0.0,0.0,0.0,0.0,1.0,0.0
7827,0.08641975308641975,1.0,0.0,0.0,0.5555555555555556,1.0,0.7204780462382567,0.0,1.0,0.0,0.10416666666666674,0.0,0.8117154811715479,0.05599637270460214,0.4257088846880883,1.0,0.0,0.0,0.0,0.0,0.0,0.0,0.0,1.0,0.0,0.0,0.0,0.0,1.0,0.0,0.0,0.0,1.0,0.0,0.0,0.0,0.0,0.0,1.0,0.0
7828,0.29629629629629634,1.0,0.0,0.0,0.5555555555555556,1.0,0.5838049699531718,0.0,0.004004004004004004,0.2857142857142857,0.10416666666666674,0.0,0.8117154811715479,0.05599637270460214,0.4257088846880883,1.0,0.0,0.0,0.0,0.0,0.0,0.0,1.0,0.0,0.0,0.0,0.0,0.0,1.0,0.0,0.0,0.0,0.0,0.0,0.0,1.0,0.0,0.0,0.0,1.0
7829,0.29629629629629634,1.0,0.0,0.0,0.5555555555555556,1.0,0.680742538513431,0.0,1.0,0.0,0.10416666666666674,0.0,0.8117154811715479,0.05599637270460214,0.4257088846880883,1.0,0.0,0.0,0.0,0.0,0.0,0.0,1.0,0.0,0.0,0.0,0.0,0.0,1.0,0.0,0.0,0.0,0.0,0.0,0.0,1.0,0.0,0.0,1.0,0.0
7830,0.19753086419753085,1.0,0.0,0.0,0.5555555555555556,1.0,0.8226243793395053,0.05263157894736842,1.0,0.0,0.10416666666666674,0.0,0.8117154811715479,0.05599637270460214,0.4257088846880883,1.0,0.0,0.0,0.0,0.0,0.0,0.0,0.0,0.0,0.0,0.0,0.0,0.0,1.0,0.0,0.0,0.0,1.0,0.0,0.0,0.0,0.0,0.0,1.0,0.0
7831,0.691358024691358,0.0,0.0,0.0,0.5555555555555556,1.0,0.7197032784574716,0.0,1.0,0.0,0.10416666666666674,0.0,0.8117154811715479,0.05599637270460214,0.4257088846880883,1.0,0.0,0.0,0.0,0.0,1.0,0.0,0.0,0.0,0.0,0.0,0.0,1.0,0.0,0.0,0.0,0.0,0.0,0.0,0.0,0.0,0.0,0.0,1.0,0.0
7832,0.38271604938271603,0.0,1.0,0.0,0.5555555555555556,1.0,0.6693862850347637,0.02631578947368421,0.004004004004004004,0.2857142857142857,0.10416666666666674,0.0,0.8117154811715479,0.05599637270460214,0.4257088846880883,1.0,0.0,1.0,0.0,0.0,0.0,0.0,0.0,0.0,0.0,0.0,0.0,1.0,0.0,0.0,0.0,0.0,0.0,0.0,0.0,1.0,0.0,0.0,0.0,1.0
7833,0.691358024691358,0.0,0.0,0.0,0.5555555555555556,1.0,0.6447157790225418,0.0,0.015015015015015015,0.14285714285714285,0.10416666666666674,0.0,0.8117154811715479,0.05599637270460214,0.4257088846880883,0.0,0.0,0.0,0.0,0.0,1.0,0.0,0.0,0.0,0.0,0.0,0.0,1.0,0.0,0.0,0.0,1.0,0.0,0.0,0.0,0.0,0.0,0.0,0.0,1.0
7834,0.691358024691358,1.0,0.0,0.0,0.5555555555555556,1.0,0.6732947890602686,0.0,1.0,0.0,0.10416666666666674,0.0,0.8117154811715479,0.05599637270460214,0.4257088846880883,0.0,0.0,0.0,0.0,0.0,1.0,0.0,0.0,0.0,0.0,0.0,0.0,1.0,0.0,0.0,0.0,0.0,0.0,0.0,0.0,0.0,0.0,0.0,1.0,0.0
7835,0.13580246913580246,0.0,0.0,0.0,0.5555555555555556,1.0,0.6554811725306058,0.0,0.004004004004004004,0.2857142857142857,0.10416666666666674,0.0,0.8117154811715479,0.05599637270460214,0.4257088846880883,1.0,0.0,0.0,0.0,0.0,0.0,0.0,0.0,0.0,0.0,0.0,0.0,0.0,1.0,0.0,0.0,0.0,0.0,0.0,0.0,1.0,0.0,0.0,0.0,1.0
7836,0.13580246913580246,1.0,0.0,0.0,0.5555555555555556,1.0,0.5631773068220264,0.0,1.0,0.14285714285714285,0.10416666666666674,0.0,0.8117154811715479,0.05599637270460214,0.4257088846880883,0.0,0.0,0.0,0.0,0.0,0.0,0.0,0.0,0.0,0.0,0.0,0.0,0.0,1.0,0.0,0.0,0.0,0.0,0.0,0.0,1.0,0.0,0.0,0.0,0.0
7837,0.2345679012345679,1.0,0.0,0.0,0.5555555555555556,1.0,0.6323216790132803,0.0,1.0,0.14285714285714285,0.10416666666666674,0.0,0.8117154811715479,0.05599637270460214,0.4257088846880883,1.0,0.0,0.0,0.0,0.0,0.0,0.0,1.0,0.0,0.0,0.0,0.0,1.0,0.0,0.0,0.0,1.0,0.0,0.0,0.0,0.0,0.0,0.0,0.0,0.0
7838,0.419753086419753,1.0,1.0,0.0,0.5555555555555556,1.0,0.6581347094668296,0.0,1.0,0.0,0.10416666666666674,0.0,0.8117154811715479,0.05599637270460214,0.4257088846880883,1.0,0.0,0.0,1.0,0.0,0.0,0.0,0.0,0.0,0.0,0.0,0.0,1.0,0.0,0.0,0.0,0.0,0.0,0.0,0.0,0.0,1.0,0.0,1.0,0.0
7839,0.2345679012345679,1.0,0.0,0.0,0.5555555555555556,1.0,0.6355447614376443,0.0,0.004004004004004004,0.14285714285714285,0.10416666666666674,0.0,0.8117154811715479,0.05599637270460214,0.4257088846880883,1.0,0.0,0.0,0.0,0.0,0.0,0.0,1.0,0.0,0.0,0.0,0.0,1.0,0.0,0.0,0.0,1.0,0.0,0.0,0.0,0.0,0.0,0.0,0.0,1.0
7840,0.14814814814814814,0.0,0.0,0.0,0.5555555555555556,1.0,0.5280214103388018,0.0,1.0,0.2857142857142857,0.10416666666666674,0.0,0.8117154811715479,0.05599637270460214,0.4257088846880883,0.0,0.0,0.0,0.0,0.0,0.0,0.0,0.0,0.0,0.0,0.0,0.0,0.0,1.0,0.0,0.0,0.0,1.0,0.0,0.0,0.0,0.0,0.0,0.0,0.0
7841,0.12345679012345678,0.0,0.0,0.0,0.5555555555555556,1.0,0.6190773470668909,0.0,0.004004004004004004,0.14285714285714285,0.10416666666666674,0.0,0.8117154811715479,0.05599637270460214,0.4257088846880883,1.0,1.0,0.0,0.0,0.0,0.0,0.0,0.0,0.0,0.0,0.0,0.0,0.0,0.0,1.0,0.0,0.0,1.0,0.0,0.0,0.0,0.0,0.0,0.0,1.0
7842,0.14814814814814814,0.0,0.0,0.0,0.5555555555555556,1.0,0.573494565885327,0.0,1.0,0.0,0.10416666666666674,0.0,0.8117154811715479,0.05599637270460214,0.4257088846880883,1.0,0.0,0.0,0.0,0.0,0.0,0.0,0.0,0.0,0.0,0.0,0.0,0.0,1.0,0.0,0.0,0.0,1.0,0.0,0.0,0.0,0.0,0.0,1.0,0.0
7843,0.728395061728395,0.0,0.0,0.0,0.5555555555555556,1.0,0.6417375148956687,0.02631578947368421,1.0,0.0,0.10416666666666674,0.0,0.8117154811715479,0.05599637270460214,0.4257088846880883,1.0,0.0,0.0,0.0,0.0,1.0,0.0,0.0,0.0,0.0,0.0,0.0,1.0,0.0,0.0,0.0,0.0,0.0,0.0,0.0,1.0,0.0,0.0,1.0,0.0
7844,0.1728395061728395,1.0,0.0,0.0,0.5555555555555556,1.0,0.6904356197503724,0.02631578947368421,1.0,0.0,0.10416666666666674,0.0,0.8117154811715479,0.05599637270460214,0.4257088846880883,1.0,0.0,0.0,0.0,0.0,0.0,0.0,0.0,0.0,0.0,0.0,0.0,1.0,0.0,0.0,0.0,0.0,0.0,0.0,0.0,1.0,0.0,0.0,1.0,0.0
7845,0.19753086419753085,1.0,0.0,0.0,0.5555555555555556,1.0,0.6128186823313415,0.02631578947368421,1.0,0.14285714285714285,0.10416666666666674,0.0,0.8117154811715479,0.05599637270460214,0.4257088846880883,1.0,0.0,0.0,0.0,0.0,0.0,0.0,0.0,0.0,0.0,0.0,0.0,0.0,1.0,0.0,0.0,0.0,1.0,0.0,0.0,0.0,0.0,0.0,0.0,0.0
7846,0.3209876543209876,1.0,0.0,0.0,0.5555555555555556,1.0,0.6407277649233879,0.05263157894736842,1.0,0.0,0.10416666666666674,0.0,0.8117154811715479,0.05599637270460214,0.4257088846880883,1.0,0.0,0.0,0.0,0.0,0.0,0.0,0.0,0.0,0.0,0.0,0.0,0.0,1.0,0.0,0.0,0.0,1.0,0.0,0.0,0.0,0.0,0.0,1.0,0.0
7847,0.2222222222222222,0.5,0.5,0.0,0.5555555555555556,0.0,0.710546265890685,0.02631578947368421,1.0,0.0,0.10416666666666674,0.0,0.8117154811715479,0.05667649059170257,0.4257088846880883,0.0,0.0,0.0,0.0,0.0,0.0,0.0,1.0,0.0,0.0,0.0,0.0,0.0,1.0,0.0,0.0,0.0,0.0,0.0,0.0,1.0,0.0,0.0,1.0,0.0
7848,0.2345679012345679,0.0,0.0,1.0,0.5555555555555556,0.0,0.6818201199369839,0.0,1.0,0.0,0.10416666666666674,0.0,0.8117154811715479,0.05667649059170257,0.4257088846880883,1.0,0.0,0.0,0.0,1.0,0.0,0.0,0.0,0.0,0.0,0.0,0.0,1.0,0.0,0.0,0.0,0.0,0.0,0.0,0.0,1.0,0.0,0.0,1.0,0.0
7849,0.25925925925925924,0.0,0.0,0.0,0.5555555555555556,0.0,0.8032965653399574,0.0,1.0,0.14285714285714285,0.10416666666666674,0.0,0.8117154811715479,0.05667649059170257,0.4257088846880883,1.0,0.0,0.0,0.0,0.0,0.0,0.0,0.0,0.0,1.0,0.0,0.0,1.0,0.0,0.0,0.0,0.0,0.0,0.0,1.0,0.0,0.0,0.0,0.0,0.0
7850,0.25925925925925924,1.0,1.0,0.0,0.5555555555555556,0.0,0.6027582686746316,0.0,1.0,0.0,0.10416666666666674,0.0,0.8117154811715479,0.05667649059170257,0.4257088846880883,1.0,0.0,0.0,0.0,0.0,0.0,0.0,0.0,0.0,0.0,0.0,0.0,0.0,1.0,0.0,0.0,0.0,1.0,0.0,0.0,0.0,0.0,0.0,1.0,0.0
7851,0.2345679012345679,0.0,0.0,0.0,0.5555555555555556,0.0,0.7443877894878045,0.0,0.005005005005005005,0.14285714285714285,0.10416666666666674,0.0,0.8117154811715479,0.05667649059170257,0.4257088846880883,1.0,0.0,0.0,0.0,0.0,0.0,0.0,0.0,0.0,0.0,0.0,0.0,0.0,0.0,0.0,0.0,0.0,0.0,0.0,0.0,1.0,0.0,0.0,0.0,1.0
7852,0.2345679012345679,1.0,0.0,0.0,0.5555555555555556,0.0,0.5870502833422594,0.02631578947368421,1.0,0.2857142857142857,0.10416666666666674,0.0,0.8117154811715479,0.05667649059170257,0.4257088846880883,1.0,0.0,0.0,0.0,0.0,0.0,0.0,0.0,0.0,0.0,0.0,0.0,0.0,0.0,0.0,0.0,0.0,0.0,0.0,0.0,1.0,0.0,0.0,0.0,0.0
7853,0.24691358024691357,1.0,0.0,0.0,0.5555555555555556,0.0,0.6159896330688406,0.0,0.004004004004004004,0.14285714285714285,0.10416666666666674,0.0,0.8117154811715479,0.05667649059170257,0.4257088846880883,1.0,0.0,0.0,0.0,0.0,0.0,0.0,0.0,0.0,1.0,0.0,0.0,1.0,0.0,0.0,0.0,0.0,0.0,0.0,0.0,1.0,0.0,0.0,0.0,1.0
7854,0.5925925925925926,0.0,0.0,0.0,0.5555555555555556,0.0,0.5984801554161608,0.02631578947368421,1.0,0.14285714285714285,0.10416666666666674,0.0,0.8117154811715479,0.05667649059170257,0.4257088846880883,1.0,0.0,0.0,0.0,0.0,1.0,0.0,0.0,0.0,0.0,0.0,0.0,1.0,0.0,0.0,1.0,0.0,0.0,0.0,0.0,0.0,0.0,0.0,0.0,0.0
7855,0.19753086419753085,1.0,0.0,0.0,0.5555555555555556,0.0,0.6509210996671051,0.0,0.006006006006006006,0.14285714285714285,0.10416666666666674,0.0,0.8117154811715479,0.05667649059170257,0.4257088846880883,1.0,0.0,0.0,0.0,0.0,0.0,0.0,0.0,0.0,0.0,0.0,0.0,1.0,0.0,0.0,0.0,0.0,1.0,0.0,0.0,0.0,0.0,0.0,0.0,1.0
7856,0.3209876543209876,0.0,0.0,0.0,0.5555555555555556,0.0,0.8626212584768376,0.0,1.0,0.14285714285714285,0.10416666666666674,0.0,0.8117154811715479,0.05667649059170257,0.4257088846880883,0.0,0.0,0.0,0.0,0.0,0.0,1.0,0.0,0.0,0.0,0.0,0.0,0.0,0.0,0.0,0.0,0.0,0.0,0.0,0.0,1.0,0.0,0.0,0.0,0.0
7857,0.5679012345679011,1.0,0.0,1.0,0.5555555555555556,0.0,0.6427386711469765,0.0,0.006006006006006006,0.2857142857142857,0.10416666666666674,0.0,0.8117154811715479,0.05667649059170257,0.4257088846880883,1.0,0.0,0.0,1.0,0.0,0.0,0.0,0.0,0.0,0.0,0.0,0.0,1.0,0.0,0.0,0.0,0.0,0.0,0.0,0.0,0.0,0.0,0.0,0.0,0.0
7858,0.1728395061728395,0.0,1.0,0.0,0.5555555555555556,0.0,0.5940405662922726,0.02631578947368421,0.004004004004004004,0.14285714285714285,0.10416666666666674,0.0,0.8117154811715479,0.05667649059170257,0.4257088846880883,1.0,0.0,0.0,0.0,0.0,0.0,0.0,0.0,0.0,0.0,0.0,0.0,1.0,0.0,0.0,0.0,0.0,1.0,0.0,0.0,0.0,0.0,0.0,0.0,1.0
7859,0.19753086419753085,1.0,1.0,0.0,0.5555555555555556,0.0,0.6669772899389259,0.0,1.0,0.2857142857142857,0.10416666666666674,0.0,0.8117154811715479,0.05667649059170257,0.4257088846880883,1.0,0.0,0.0,0.0,0.0,0.0,0.0,0.0,0.0,1.0,0.0,0.0,0.0,1.0,0.0,0.0,1.0,0.0,0.0,0.0,0.0,0.0,0.0,0.0,0.0
7860,0.024691358024691357,0.0,0.0,0.0,0.5555555555555556,0.0,0.5381468098084997,0.0,0.003003003003003003,0.14285714285714285,0.10416666666666674,0.0,0.8117154811715479,0.05667649059170257,0.4257088846880883,0.0,0.0,0.0,0.0,0.0,0.0,0.0,0.0,1.0,0.0,0.0,0.0,0.0,1.0,0.0,0.0,1.0,0.0,0.0,0.0,0.0,0.0,0.0,0.0,1.0
7861,0.43209876543209874,1.0,0.0,0.0,0.5555555555555556,0.0,0.6108742554254224,0.05263157894736842,0.004004004004004004,0.2857142857142857,0.10416666666666674,0.0,0.8117154811715479,0.05667649059170257,0.4257088846880883,1.0,0.0,0.0,0.0,0.0,0.0,0.0,0.0,0.0,0.0,0.0,0.0,1.0,0.0,0.0,0.0,0.0,0.0,0.0,0.0,1.0,0.0,0.0,0.0,1.0
7862,0.24691358024691357,0.0,0.0,0.0,0.5555555555555556,0.0,0.6312273906618776,0.0,1.0,0.0,0.10416666666666674,0.0,0.8117154811715479,0.05667649059170257,0.4257088846880883,1.0,1.0,0.0,0.0,0.0,0.0,0.0,0.0,0.0,0.0,0.0,0.0,1.0,0.0,0.0,0.0,1.0,0.0,0.0,0.0,0.0,0.0,0.0,1.0,0.0
7863,0.24691358024691357,0.0,0.0,0.0,0.5555555555555556,0.25,0.6969007163182872,0.02631578947368421,1.0,0.0,0.10416666666666674,0.0,0.8117154811715479,0.05644978462933575,0.4257088846880883,0.0,1.0,0.0,0.0,0.0,0.0,0.0,0.0,0.0,0.0,0.0,0.0,1.0,0.0,0.0,0.0,1.0,0.0,0.0,0.0,0.0,0.0,0.0,1.0,0.0
7864,0.20987654320987653,1.0,0.0,0.0,0.5555555555555556,0.25,0.853595610501118,0.02631578947368421,0.012012012012012012,0.14285714285714285,0.10416666666666674,0.0,0.8117154811715479,0.05644978462933575,0.4257088846880883,1.0,0.0,0.0,0.0,0.0,0.0,0.0,0.0,0.0,1.0,0.0,0.0,0.0,1.0,0.0,0.0,0.0,0.0,0.0,1.0,0.0,0.0,0.0,0.0,1.0
7865,0.654320987654321,0.0,0.0,1.0,0.5555555555555556,0.25,0.5306356323565045,0.05263157894736842,1.0,0.14285714285714285,0.10416666666666674,0.0,0.8117154811715479,0.05644978462933575,0.4257088846880883,0.0,0.0,0.0,1.0,0.0,0.0,0.0,0.0,0.0,0.0,0.0,0.0,0.0,0.0,0.0,0.0,0.0,0.0,0.0,0.0,0.0,0.0,0.0,0.0,0.0
7866,0.1728395061728395,0.0,0.0,0.0,0.5555555555555556,0.25,0.6568154229344138,0.0,0.004004004004004004,0.42857142857142855,0.10416666666666674,0.0,0.8117154811715479,0.05644978462933575,0.4257088846880883,1.0,0.0,0.0,0.0,0.0,0.0,0.0,0.0,0.0,0.0,0.0,0.0,0.0,1.0,0.0,0.0,0.0,0.0,0.0,0.0,1.0,0.0,0.0,0.0,1.0
7867,0.4074074074074074,0.0,0.0,0.0,0.5555555555555556,0.25,0.529335783224907,0.05263157894736842,0.004004004004004004,0.14285714285714285,0.10416666666666674,0.0,0.8117154811715479,0.05644978462933575,0.4257088846880883,0.0,0.0,0.0,0.0,1.0,0.0,0.0,0.0,0.0,0.0,0.0,0.0,1.0,0.0,0.0,0.0,0.0,0.0,0.0,0.0,1.0,0.0,0.0,0.0,1.0
7868,0.1728395061728395,1.0,1.0,1.0,0.5555555555555556,0.25,0.5591892927228724,0.02631578947368421,1.0,0.0,0.10416666666666674,0.0,0.8117154811715479,0.05644978462933575,0.4257088846880883,0.0,0.0,0.0,0.0,0.0,0.0,0.0,0.0,0.0,0.0,0.0,0.0,0.0,1.0,0.0,0.0,0.0,0.0,0.0,0.0,1.0,0.0,0.0,1.0,0.0
7869,0.5061728395061729,0.0,0.0,0.0,0.5555555555555556,0.25,0.7714745788882901,0.02631578947368421,1.0,0.0,0.10416666666666674,0.0,0.8117154811715479,0.05644978462933575,0.4257088846880883,1.0,0.0,0.0,0.0,0.0,0.0,0.0,0.0,0.0,1.0,0.0,0.0,1.0,0.0,0.0,0.0,0.0,0.0,0.0,1.0,0.0,0.0,0.0,1.0,0.0
7870,0.19753086419753085,1.0,0.0,0.0,0.5555555555555556,0.25,0.5787626916748434,0.05263157894736842,1.0,0.0,0.10416666666666674,0.0,0.8117154811715479,0.05644978462933575,0.4257088846880883,1.0,0.0,0.0,0.0,0.0,0.0,0.0,0.0,0.0,0.0,0.0,0.0,0.0,1.0,0.0,0.0,0.0,1.0,0.0,0.0,0.0,0.0,0.0,1.0,0.0
7871,0.1111111111111111,1.0,0.0,0.0,0.5555555555555556,0.25,0.608897147549857,0.02631578947368421,1.0,0.14285714285714285,0.10416666666666674,0.0,0.8117154811715479,0.05644978462933575,0.4257088846880883,1.0,0.0,0.0,0.0,0.0,0.0,0.0,0.0,1.0,0.0,0.0,0.0,0.0,1.0,0.0,0.0,0.0,0.0,0.0,1.0,0.0,0.0,0.0,0.0,0.0
7872,0.2222222222222222,1.0,0.0,1.0,0.5555555555555556,0.25,0.5280214103388018,0.0,1.0,0.14285714285714285,0.10416666666666674,0.0,0.8117154811715479,0.05644978462933575,0.4257088846880883,0.0,0.0,0.0,0.0,0.0,0.0,1.0,0.0,0.0,0.0,0.0,0.0,1.0,0.0,0.0,0.0,0.0,0.0,0.0,0.0,1.0,0.0,0.0,0.0,0.0
7873,0.14814814814814814,1.0,1.0,0.0,0.5555555555555556,0.25,0.5540062892371289,0.0,1.0,0.0,0.10416666666666674,0.0,0.8117154811715479,0.05644978462933575,0.4257088846880883,0.0,0.0,0.0,0.0,0.0,0.0,0.0,0.0,0.0,1.0,0.0,0.0,0.0,1.0,0.0,0.0,0.0,0.0,0.0,1.0,0.0,0.0,0.0,1.0,0.0
7874,0.5432098765432098,1.0,0.0,0.0,0.5555555555555556,0.25,0.7622810107139464,0.0,1.0,0.0,0.10416666666666674,0.0,0.8117154811715479,0.05644978462933575,0.4257088846880883,1.0,0.0,1.0,0.0,0.0,0.0,0.0,0.0,0.0,0.0,0.0,0.0,1.0,0.0,0.0,0.0,0.0,0.0,0.0,0.0,1.0,0.0,1.0,1.0,0.0
7875,0.43209876543209874,1.0,1.0,0.0,0.5555555555555556,0.25,0.6027582686746316,0.0,0.01001001001001001,0.5714285714285714,0.10416666666666674,0.0,0.8117154811715479,0.05644978462933575,0.4257088846880883,1.0,0.0,0.0,0.0,1.0,0.0,0.0,0.0,0.0,0.0,0.0,0.0,1.0,0.0,0.0,0.0,0.0,1.0,0.0,0.0,0.0,0.0,0.0,0.0,0.0
7876,0.43209876543209874,0.0,0.0,0.0,0.5555555555555556,0.25,0.707424281343387,0.0,1.0,0.0,0.10416666666666674,0.0,0.8117154811715479,0.05644978462933575,0.4257088846880883,1.0,0.0,0.0,0.0,1.0,0.0,0.0,0.0,0.0,0.0,0.0,0.0,1.0,0.0,0.0,0.0,0.0,1.0,0.0,0.0,0.0,0.0,0.0,1.0,0.0
7877,0.30864197530864196,0.0,0.0,0.0,0.5555555555555556,0.25,0.8105778338936016,0.0,1.0,0.0,0.10416666666666674,0.0,0.8117154811715479,0.05644978462933575,0.4257088846880883,0.0,0.0,0.0,0.0,0.0,0.0,0.0,0.0,0.0,0.0,0.0,0.0,0.0,1.0,0.0,0.0,0.0,0.0,0.0,0.0,1.0,0.0,0.0,1.0,0.0
7878,0.8395061728395061,0.0,0.0,0.0,0.5555555555555556,0.25,0.5821481094717212,0.0,1.0,0.0,0.10416666666666674,0.0,0.8117154811715479,0.05644978462933575,0.4257088846880883,1.0,0.0,0.0,0.0,0.0,1.0,0.0,0.0,0.0,0.0,0.0,0.0,1.0,0.0,0.0,0.0,0.0,0.0,0.0,1.0,0.0,0.0,0.0,1.0,0.0
7879,0.16049382716049382,0.0,0.0,0.0,0.5555555555555556,0.25,0.5813108450867737,0.05263157894736842,0.006006006006006006,0.14285714285714285,0.10416666666666674,0.0,0.8117154811715479,0.05644978462933575,0.4257088846880883,1.0,0.0,0.0,0.0,0.0,0.0,0.0,0.0,0.0,0.0,0.0,0.0,1.0,0.0,0.0,0.0,0.0,0.0,0.0,0.0,1.0,0.0,0.0,0.0,1.0
7880,0.19753086419753085,1.0,1.0,0.0,0.5555555555555556,0.25,0.6255978404568726,0.0,1.0,0.0,0.10416666666666674,0.0,0.8117154811715479,0.05644978462933575,0.4257088846880883,0.0,0.0,0.0,0.0,0.0,0.0,0.0,0.0,1.0,0.0,0.0,0.0,0.0,1.0,0.0,0.0,0.0,0.0,0.0,0.0,0.0,1.0,0.0,1.0,0.0
7881,0.29629629629629634,1.0,0.0,0.0,0.5555555555555556,0.25,0.6632686943784747,0.02631578947368421,1.0,0.0,0.10416666666666674,0.0,0.8117154811715479,0.05644978462933575,0.4257088846880883,0.0,0.0,0.0,0.0,0.0,0.0,0.0,0.0,0.0,0.0,0.0,0.0,0.0,1.0,0.0,0.0,0.0,0.0,0.0,0.0,1.0,0.0,0.0,1.0,0.0
7882,0.4938271604938272,1.0,0.0,0.0,0.5555555555555556,0.25,0.5894268318375645,0.0,1.0,0.14285714285714285,0.10416666666666674,0.0,0.8117154811715479,0.05644978462933575,0.4257088846880883,1.0,0.0,0.0,0.0,0.0,0.0,0.0,0.0,0.0,0.0,0.0,0.0,1.0,0.0,0.0,0.0,0.0,0.0,0.0,0.0,1.0,0.0,0.0,0.0,0.0
7883,0.2222222222222222,0.0,1.0,0.0,0.5555555555555556,0.25,0.6890988423028271,0.0,1.0,0.42857142857142855,0.10416666666666674,0.0,0.8117154811715479,0.05644978462933575,0.4257088846880883,1.0,0.0,0.0,0.0,0.0,0.0,0.0,0.0,0.0,0.0,0.0,0.0,1.0,0.0,0.0,0.0,0.0,0.0,0.0,0.0,1.0,0.0,0.0,0.0,0.0
7884,0.7777777777777777,1.0,1.0,0.0,0.5555555555555556,0.25,0.5689167450775122,0.0,0.006006006006006006,0.14285714285714285,0.10416666666666674,0.0,0.8117154811715479,0.05644978462933575,0.4257088846880883,1.0,0.0,0.0,0.0,0.0,1.0,0.0,0.0,0.0,0.0,0.0,0.0,1.0,0.0,0.0,0.0,0.0,0.0,1.0,0.0,0.0,0.0,1.0,0.0,1.0
7885,0.1111111111111111,0.0,0.0,0.0,0.5555555555555556,0.25,0.6355447614376443,0.0,0.015015015015015015,0.14285714285714285,0.10416666666666674,0.0,0.8117154811715479,0.05644978462933575,0.4257088846880883,1.0,0.0,0.0,0.0,0.0,0.0,0.0,0.0,0.0,0.0,0.0,0.0,0.0,1.0,0.0,0.0,0.0,0.0,0.0,0.0,1.0,0.0,0.0,0.0,1.0
7886,0.3333333333333333,0.0,0.0,0.0,0.5555555555555556,0.25,0.6082306576679029,0.02631578947368421,1.0,0.2857142857142857,0.10416666666666674,0.0,0.8117154811715479,0.05644978462933575,0.4257088846880883,1.0,0.0,0.0,0.0,1.0,0.0,0.0,0.0,0.0,0.0,0.0,0.0,1.0,0.0,0.0,0.0,0.0,0.0,0.0,0.0,1.0,0.0,0.0,0.0,0.0
7887,0.5061728395061729,1.0,0.0,0.0,0.5555555555555556,0.25,0.529335783224907,0.02631578947368421,1.0,0.0,0.10416666666666674,0.0,0.8117154811715479,0.05644978462933575,0.4257088846880883,1.0,0.0,0.0,0.0,0.0,0.0,0.0,0.0,0.0,1.0,0.0,0.0,1.0,0.0,0.0,0.0,0.0,0.0,0.0,1.0,0.0,0.0,0.0,1.0,0.0
7888,0.5185185185185184,0.0,0.0,0.0,0.5555555555555556,0.25,0.6273151724090865,0.0,1.0,0.14285714285714285,0.10416666666666674,0.0,0.8117154811715479,0.05644978462933575,0.4257088846880883,1.0,0.0,0.0,0.0,0.0,0.0,0.0,0.0,0.0,0.0,0.0,0.0,0.0,0.0,0.0,0.0,0.0,0.0,0.0,1.0,0.0,0.0,0.0,0.0,0.0
7889,0.5185185185185184,0.5,0.5,0.0,0.5555555555555556,0.25,0.6255978404568726,0.0,0.004004004004004004,0.14285714285714285,0.10416666666666674,0.0,0.8117154811715479,0.05644978462933575,0.4257088846880883,1.0,0.0,0.0,0.0,0.0,0.0,0.0,0.0,0.0,0.0,0.0,0.0,0.0,0.0,0.0,0.0,0.0,0.0,0.0,1.0,0.0,0.0,0.0,0.0,1.0
7890,0.20987654320987653,0.0,0.0,0.0,0.5555555555555556,0.25,0.6576965892230189,0.02631578947368421,1.0,0.0,0.10416666666666674,0.0,0.8117154811715479,0.05644978462933575,0.4257088846880883,1.0,0.0,0.0,0.0,0.0,0.0,0.0,0.0,0.0,0.0,0.0,0.0,0.0,0.0,0.0,0.0,0.0,0.0,0.0,0.0,1.0,0.0,0.0,1.0,0.0
7891,0.16049382716049382,1.0,0.0,0.0,0.5555555555555556,0.25,0.5641535377316825,0.05263157894736842,1.0,0.14285714285714285,0.10416666666666674,0.0,0.8117154811715479,0.05644978462933575,0.4257088846880883,0.0,0.0,0.0,0.0,0.0,0.0,0.0,0.0,0.0,0.0,0.0,0.0,1.0,0.0,0.0,0.0,0.0,0.0,0.0,0.0,1.0,0.0,0.0,0.0,0.0
7892,0.4074074074074074,1.0,1.0,0.0,0.5555555555555556,0.25,0.7505266683630298,0.02631578947368421,1.0,0.0,0.10416666666666674,0.0,0.8117154811715479,0.05644978462933575,0.4257088846880883,1.0,1.0,0.0,0.0,0.0,0.0,0.0,0.0,0.0,0.0,0.0,0.0,1.0,0.0,0.0,0.0,0.0,0.0,0.0,0.0,0.0,1.0,0.0,1.0,0.0
7893,0.39506172839506176,1.0,0.0,0.0,0.5555555555555556,0.25,0.7225194883508564,0.02631578947368421,1.0,0.14285714285714285,0.10416666666666674,0.0,0.8117154811715479,0.05644978462933575,0.4257088846880883,1.0,0.0,0.0,0.0,0.0,0.0,0.0,0.0,0.0,0.0,0.0,0.0,1.0,0.0,0.0,0.0,0.0,0.0,0.0,0.0,1.0,0.0,0.0,0.0,0.0
7894,0.04938271604938271,1.0,0.0,1.0,0.5555555555555556,0.25,0.6062082270603242,0.02631578947368421,1.0,0.0,0.10416666666666674,0.0,0.8117154811715479,0.05644978462933575,0.4257088846880883,0.0,0.0,0.0,0.0,0.0,0.0,0.0,0.0,0.0,0.0,1.0,0.0,0.0,1.0,0.0,0.0,0.0,1.0,0.0,0.0,0.0,0.0,0.0,1.0,0.0
7895,0.12345679012345678,1.0,0.0,0.0,0.5555555555555556,0.5,0.7133142794709978,0.02631578947368421,1.0,0.0,0.10416666666666674,0.0,0.8117154811715479,0.055542960779868505,0.4257088846880883,1.0,0.0,0.0,0.0,0.0,0.0,0.0,0.0,0.0,0.0,0.0,0.0,0.0,1.0,0.0,0.0,0.0,0.0,0.0,0.0,1.0,0.0,0.0,1.0,0.0
7896,0.2345679012345679,0.0,1.0,0.0,0.5555555555555556,0.5,0.7571175106933035,0.02631578947368421,0.006006006006006006,0.2857142857142857,0.10416666666666674,0.0,0.8117154811715479,0.055542960779868505,0.4257088846880883,1.0,0.0,0.0,0.0,0.0,0.0,0.0,0.0,0.0,0.0,0.0,0.0,0.0,0.0,0.0,0.0,0.0,0.0,0.0,0.0,1.0,0.0,0.0,0.0,1.0
7897,0.30864197530864196,1.0,0.0,0.0,0.5555555555555556,0.5,0.5796182238056906,0.02631578947368421,0.004004004004004004,0.14285714285714285,0.10416666666666674,0.0,0.8117154811715479,0.055542960779868505,0.4257088846880883,1.0,0.0,0.0,0.0,1.0,0.0,0.0,0.0,0.0,0.0,0.0,0.0,0.0,0.0,0.0,0.0,0.0,0.0,0.0,0.0,0.0,1.0,0.0,0.0,1.0
7898,0.1111111111111111,1.0,0.0,0.0,0.5555555555555556,0.5,0.6128186823313415,0.0,0.004004004004004004,0.14285714285714285,0.10416666666666674,0.0,0.8117154811715479,0.055542960779868505,0.4257088846880883,1.0,0.0,0.0,0.0,0.0,0.0,0.0,0.0,1.0,0.0,0.0,0.0,0.0,1.0,0.0,0.0,1.0,0.0,0.0,0.0,0.0,0.0,0.0,0.0,1.0
7899,0.39506172839506176,1.0,0.0,0.0,0.5555555555555556,0.5,0.7653088804325666,0.02631578947368421,0.015015015015015015,0.14285714285714285,0.10416666666666674,0.0,0.8117154811715479,0.055542960779868505,0.4257088846880883,1.0,0.0,0.0,0.0,0.0,0.0,0.0,0.0,0.0,0.0,0.0,0.0,1.0,0.0,0.0,0.0,0.0,1.0,0.0,0.0,0.0,0.0,0.0,0.0,1.0
7900,0.1111111111111111,0.0,0.0,1.0,0.5555555555555556,0.5,0.7186622526414759,0.0,1.0,0.0,0.10416666666666674,0.0,0.8117154811715479,0.055542960779868505,0.4257088846880883,1.0,0.0,0.0,0.0,0.0,0.0,0.0,0.0,1.0,0.0,0.0,0.0,0.0,1.0,0.0,0.0,1.0,0.0,0.0,0.0,0.0,0.0,0.0,1.0,0.0
7901,0.39506172839506176,1.0,0.0,0.0,0.5555555555555556,0.5,0.5306356323565045,0.02631578947368421,1.0,0.0,0.10416666666666674,0.0,0.8117154811715479,0.055542960779868505,0.4257088846880883,0.0,0.0,0.0,0.0,0.0,0.0,0.0,0.0,0.0,0.0,0.0,0.0,1.0,0.0,0.0,0.0,0.0,1.0,0.0,0.0,0.0,0.0,0.0,1.0,0.0
7902,0.1111111111111111,1.0,0.0,0.0,0.5555555555555556,0.5,0.7491226516170062,0.0,1.0,0.0,0.10416666666666674,0.0,0.8117154811715479,0.055542960779868505,0.4257088846880883,1.0,0.0,0.0,0.0,0.0,0.0,0.0,0.0,1.0,0.0,0.0,0.0,0.0,1.0,0.0,0.0,1.0,0.0,0.0,0.0,0.0,0.0,0.0,1.0,0.0
7903,0.34567901234567905,1.0,0.0,0.0,0.5555555555555556,0.5,0.649517880450222,0.0,0.004004004004004004,0.14285714285714285,0.10416666666666674,0.0,0.8117154811715479,0.055542960779868505,0.4257088846880883,0.0,1.0,0.0,0.0,0.0,0.0,0.0,0.0,0.0,0.0,0.0,0.0,0.0,1.0,0.0,0.0,1.0,0.0,0.0,0.0,0.0,0.0,0.0,0.0,1.0
7904,0.12345679012345678,0.0,0.0,0.0,0.5555555555555556,0.5,0.846759401115351,0.02631578947368421,1.0,0.0,0.10416666666666674,0.0,0.8117154811715479,0.055542960779868505,0.4257088846880883,1.0,0.0,0.0,0.0,0.0,0.0,0.0,0.0,0.0,0.0,0.0,0.0,0.0,1.0,0.0,0.0,0.0,0.0,0.0,0.0,1.0,0.0,0.0,1.0,0.0
7905,0.7037037037037037,1.0,0.0,0.0,0.5555555555555556,0.5,0.6447157790225418,0.02631578947368421,1.0,0.14285714285714285,0.10416666666666674,0.0,0.8117154811715479,0.055542960779868505,0.4257088846880883,1.0,0.0,0.0,0.0,0.0,1.0,0.0,0.0,0.0,0.0,0.0,0.0,1.0,0.0,0.0,0.0,0.0,0.0,0.0,0.0,1.0,0.0,0.0,0.0,0.0
7906,0.18518518518518517,1.0,0.0,0.0,0.5555555555555556,0.5,0.7604628114657891,0.0,1.0,0.0,0.10416666666666674,0.0,0.8117154811715479,0.055542960779868505,0.4257088846880883,1.0,0.0,0.0,0.0,0.0,0.0,0.0,0.0,0.0,1.0,0.0,0.0,1.0,0.0,0.0,0.0,0.0,0.0,0.0,1.0,0.0,0.0,0.0,1.0,0.0
7907,0.5308641975308641,0.0,0.0,0.0,0.5555555555555556,0.5,0.7479057254249325,0.0,1.0,0.0,0.10416666666666674,0.0,0.8117154811715479,0.055542960779868505,0.4257088846880883,1.0,0.0,0.0,0.0,0.0,1.0,0.0,0.0,0.0,0.0,0.0,0.0,1.0,0.0,0.0,0.0,0.0,0.0,0.0,0.0,1.0,0.0,0.0,1.0,0.0
7908,0.48148148148148145,1.0,0.0,0.0,0.5555555555555556,0.5,0.506309340633733,0.0,0.004004004004004004,0.14285714285714285,0.10416666666666674,0.0,0.8117154811715479,0.055542960779868505,0.4257088846880883,1.0,0.0,0.0,0.0,0.0,0.0,0.0,0.0,0.0,0.0,0.0,0.0,1.0,0.0,0.0,0.0,1.0,0.0,0.0,0.0,0.0,0.0,0.0,0.0,1.0
7909,0.6049382716049383,0.0,0.0,0.0,0.5555555555555556,0.5,0.5878478128342483,0.02631578947368421,1.0,0.14285714285714285,0.10416666666666674,0.0,0.8117154811715479,0.055542960779868505,0.4257088846880883,1.0,0.0,0.0,0.0,0.0,1.0,0.0,0.0,0.0,0.0,0.0,0.0,1.0,0.0,0.0,0.0,0.0,0.0,0.0,0.0,0.0,1.0,0.0,0.0,0.0
7910,0.12345679012345678,1.0,0.0,0.0,0.5555555555555556,0.5,0.7045123715378098,0.07894736842105263,1.0,0.14285714285714285,0.10416666666666674,0.0,0.8117154811715479,0.055542960779868505,0.4257088846880883,1.0,0.0,0.0,0.0,0.0,0.0,0.0,0.0,0.0,0.0,0.0,0.0,0.0,1.0,0.0,0.0,0.0,0.0,0.0,0.0,1.0,0.0,0.0,0.0,0.0
7911,0.18518518518518517,0.0,0.0,0.0,0.5555555555555556,0.5,0.6763307033473182,0.02631578947368421,1.0,0.14285714285714285,0.10416666666666674,0.0,0.8117154811715479,0.055542960779868505,0.4257088846880883,1.0,0.0,0.0,0.0,0.0,0.0,0.0,0.0,0.0,1.0,0.0,0.0,0.0,1.0,0.0,0.0,0.0,0.0,0.0,1.0,0.0,0.0,0.0,0.0,0.0
7912,0.38271604938271603,0.0,0.0,0.0,0.5555555555555556,0.5,0.674061144536046,0.0,1.0,0.0,0.10416666666666674,0.0,0.8117154811715479,0.055542960779868505,0.4257088846880883,1.0,0.0,1.0,0.0,0.0,0.0,0.0,0.0,0.0,0.0,0.0,0.0,0.0,0.0,0.0,0.0,0.0,1.0,0.0,0.0,0.0,0.0,0.0,1.0,0.0
7913,0.037037037037037035,1.0,0.0,0.0,0.5555555555555556,0.5,0.5743891340707834,0.0,1.0,0.14285714285714285,0.10416666666666674,0.0,0.8117154811715479,0.055542960779868505,0.4257088846880883,1.0,0.0,0.0,0.0,0.0,0.0,0.0,0.0,1.0,0.0,0.0,0.0,0.0,1.0,0.0,0.0,0.0,0.0,0.0,0.0,0.0,0.0,0.0,0.0,0.0
7914,0.037037037037037035,1.0,0.0,0.0,0.5555555555555556,0.5,0.6576965892230189,0.0,1.0,0.0,0.10416666666666674,0.0,0.8117154811715479,0.055542960779868505,0.4257088846880883,1.0,0.0,0.0,0.0,0.0,0.0,0.0,0.0,1.0,0.0,0.0,0.0,0.0,1.0,0.0,0.0,0.0,0.0,0.0,0.0,0.0,0.0,0.0,1.0,0.0
7915,0.19753086419753085,1.0,0.0,0.0,0.5555555555555556,0.5,0.709984760531081,0.0,1.0,0.0,0.10416666666666674,0.0,0.8117154811715479,0.055542960779868505,0.4257088846880883,1.0,0.0,0.0,0.0,0.0,0.0,0.0,1.0,0.0,0.0,0.0,0.0,1.0,0.0,0.0,0.0,0.0,1.0,0.0,0.0,0.0,0.0,0.0,1.0,0.0
7916,0.2345679012345679,1.0,0.0,0.0,0.5555555555555556,0.5,0.5266921854673875,0.0,1.0,0.2857142857142857,0.10416666666666674,0.0,0.8117154811715479,0.055542960779868505,0.4257088846880883,0.0,0.0,0.0,0.0,0.0,0.0,0.0,0.0,0.0,0.0,0.0,0.0,0.0,1.0,0.0,0.0,0.0,0.0,0.0,0.0,1.0,0.0,0.0,0.0,0.0
7917,0.6049382716049383,1.0,0.0,0.0,0.5555555555555556,0.5,0.7879517638387855,0.05263157894736842,1.0,0.2857142857142857,0.10416666666666674,0.0,0.8117154811715479,0.055542960779868505,0.4257088846880883,1.0,0.0,0.0,0.0,0.0,1.0,0.0,0.0,0.0,0.0,0.0,0.0,0.0,0.0,1.0,0.0,1.0,0.0,0.0,0.0,0.0,0.0,0.0,0.0,0.0
7918,0.13580246913580246,0.0,0.0,0.0,0.5555555555555556,0.5,0.6250197795910157,0.0,1.0,0.0,0.10416666666666674,0.0,0.8117154811715479,0.055542960779868505,0.4257088846880883,0.0,0.0,0.0,0.0,0.0,0.0,0.0,0.0,0.0,0.0,0.0,0.0,0.0,1.0,0.0,0.0,0.0,0.0,0.0,0.0,1.0,0.0,0.0,1.0,0.0
7919,0.13580246913580246,0.0,0.0,0.0,0.5555555555555556,0.5,0.6832417100410403,0.0,1.0,0.0,0.10416666666666674,0.0,0.8117154811715479,0.055542960779868505,0.4257088846880883,1.0,0.0,0.0,0.0,0.0,0.0,0.0,0.0,0.0,0.0,0.0,0.0,0.0,1.0,0.0,0.0,0.0,0.0,0.0,0.0,1.0,0.0,0.0,1.0,0.0
7920,0.48148148148148145,0.0,0.0,0.0,0.5555555555555556,0.5,0.6853423935333421,0.02631578947368421,0.004004004004004004,0.14285714285714285,0.10416666666666674,0.0,0.8117154811715479,0.055542960779868505,0.4257088846880883,1.0,0.0,0.0,0.0,0.0,0.0,0.0,0.0,0.0,0.0,0.0,0.0,1.0,0.0,0.0,0.0,1.0,0.0,0.0,0.0,0.0,0.0,0.0,0.0,1.0
7921,0.6049382716049383,1.0,0.0,0.0,0.5555555555555556,0.5,0.5679794082497067,0.0,0.001001001001001001,0.14285714285714285,0.10416666666666674,0.0,0.8117154811715479,0.055542960779868505,0.4257088846880883,0.0,0.0,0.0,0.0,0.0,1.0,0.0,0.0,0.0,0.0,0.0,0.0,1.0,0.0,0.0,1.0,0.0,0.0,0.0,0.0,0.0,0.0,1.0,0.0,1.0
7922,0.30864197530864196,1.0,1.0,0.0,0.5555555555555556,0.5,0.7409778362545074,0.0,1.0,0.0,0.10416666666666674,0.0,0.8117154811715479,0.055542960779868505,0.4257088846880883,0.0,0.0,0.0,0.0,0.0,0.0,0.0,0.0,0.0,1.0,0.0,0.0,1.0,0.0,0.0,0.0,0.0,0.0,0.0,1.0,0.0,0.0,0.0,1.0,0.0
7923,0.13580246913580246,0.0,1.0,0.0,0.5555555555555556,0.5,0.5992040663129156,0.0,0.003003003003003003,0.14285714285714285,0.10416666666666674,0.0,0.8117154811715479,0.055542960779868505,0.4257088846880883,0.0,0.0,0.0,0.0,0.0,0.0,0.0,0.0,0.0,1.0,0.0,0.0,0.0,1.0,0.0,0.0,0.0,0.0,0.0,1.0,0.0,0.0,0.0,0.0,1.0
7924,0.25925925925925924,0.0,0.0,0.0,0.5555555555555556,0.5,0.6669772899389259,0.02631578947368421,1.0,0.0,0.10416666666666674,0.0,0.8117154811715479,0.055542960779868505,0.4257088846880883,1.0,0.0,0.0,0.0,0.0,0.0,0.0,0.0,0.0,0.0,0.0,0.0,1.0,0.0,0.0,0.0,0.0,1.0,0.0,0.0,0.0,0.0,0.0,1.0,0.0
7925,0.728395061728395,0.0,0.0,0.0,0.5555555555555556,0.5,0.6828879198511015,0.02631578947368421,1.0,0.0,0.10416666666666674,0.0,0.8117154811715479,0.055542960779868505,0.4257088846880883,0.0,0.0,0.0,0.0,0.0,1.0,0.0,0.0,0.0,0.0,0.0,0.0,1.0,0.0,0.0,0.0,0.0,0.0,0.0,0.0,0.0,0.0,0.0,1.0,0.0
7926,0.13580246913580246,0.0,0.0,0.0,0.5555555555555556,0.75,0.7286798041554323,0.10526315789473684,1.0,0.0,0.10416666666666674,0.0,0.8117154811715479,0.05418272500566765,0.4257088846880883,1.0,0.0,0.0,0.0,0.0,0.0,0.0,0.0,0.0,0.0,0.0,0.0,0.0,1.0,0.0,0.0,0.0,0.0,0.0,0.0,1.0,0.0,0.0,1.0,0.0
7927,0.12345679012345678,0.0,1.0,0.0,0.5555555555555556,0.75,0.6523077776041232,0.02631578947368421,1.0,0.14285714285714285,0.10416666666666674,0.0,0.8117154811715479,0.05418272500566765,0.4257088846880883,0.0,0.0,0.0,0.0,0.0,0.0,0.0,0.0,0.0,0.0,0.0,0.0,0.0,1.0,0.0,0.0,0.0,1.0,0.0,0.0,0.0,0.0,0.0,0.0,0.0
7928,0.07407407407407407,1.0,0.0,0.0,0.5555555555555556,0.75,0.7841187005633716,0.05263157894736842,0.015015015015015015,0.42857142857142855,0.10416666666666674,0.0,0.8117154811715479,0.05418272500566765,0.4257088846880883,1.0,0.0,0.0,0.0,0.0,0.0,0.0,0.0,1.0,0.0,0.0,0.0,0.0,1.0,0.0,0.0,0.0,1.0,0.0,0.0,0.0,0.0,0.0,0.0,0.0
7929,0.2345679012345679,0.0,0.0,0.0,0.5555555555555556,0.75,0.6360734596286551,0.0,1.0,0.0,0.10416666666666674,0.0,0.8117154811715479,0.05418272500566765,0.4257088846880883,1.0,0.0,0.0,0.0,0.0,0.0,0.0,0.0,0.0,0.0,1.0,0.0,1.0,0.0,0.0,0.0,0.0,0.0,0.0,0.0,1.0,0.0,0.0,1.0,0.0
7930,0.06172839506172839,1.0,0.0,0.0,0.5555555555555556,0.75,0.712214877548359,0.02631578947368421,1.0,0.0,0.10416666666666674,0.0,0.8117154811715479,0.05418272500566765,0.4257088846880883,1.0,0.0,0.0,0.0,0.0,0.0,0.0,0.0,1.0,0.0,0.0,0.0,0.0,1.0,0.0,0.0,0.0,1.0,0.0,0.0,0.0,0.0,0.0,1.0,0.0
7931,0.16049382716049382,1.0,0.0,1.0,0.5555555555555556,0.75,0.6121741045570199,0.0,1.0,0.0,0.10416666666666674,0.0,0.8117154811715479,0.05418272500566765,0.4257088846880883,0.0,0.0,0.0,0.0,0.0,0.0,0.0,0.0,0.0,0.0,0.0,0.0,1.0,0.0,0.0,0.0,0.0,0.0,0.0,0.0,1.0,0.0,0.0,1.0,0.0
7932,0.14814814814814814,1.0,1.0,0.0,0.5555555555555556,0.75,0.6518473654724107,0.05263157894736842,0.003003003003003003,0.14285714285714285,0.10416666666666674,0.0,0.8117154811715479,0.05418272500566765,0.4257088846880883,1.0,0.0,0.0,0.0,0.0,0.0,0.0,0.0,0.0,0.0,0.0,0.0,0.0,1.0,0.0,0.0,0.0,0.0,0.0,0.0,1.0,0.0,0.0,0.0,1.0
7933,0.1728395061728395,0.0,0.0,0.0,0.5555555555555556,0.75,0.7091374448666395,0.0,1.0,0.0,0.10416666666666674,0.0,0.8117154811715479,0.05418272500566765,0.4257088846880883,1.0,1.0,0.0,0.0,0.0,0.0,0.0,0.0,0.0,0.0,0.0,0.0,1.0,0.0,0.0,0.0,0.0,0.0,0.0,1.0,0.0,0.0,0.0,1.0,0.0
7934,0.16049382716049382,1.0,0.0,0.0,0.5555555555555556,0.75,0.5886399717165399,0.02631578947368421,1.0,0.0,0.10416666666666674,0.0,0.8117154811715479,0.05418272500566765,0.4257088846880883,1.0,0.0,0.0,0.0,0.0,0.0,0.0,1.0,0.0,0.0,0.0,0.0,0.0,1.0,0.0,0.0,0.0,1.0,0.0,0.0,0.0,0.0,0.0,1.0,0.0
7935,0.2716049382716049,0.0,0.0,0.0,0.5555555555555556,0.75,0.6770775956944137,0.02631578947368421,0.004004004004004004,0.14285714285714285,0.10416666666666674,0.0,0.8117154811715479,0.05418272500566765,0.4257088846880883,1.0,0.0,0.0,0.0,0.0,0.0,0.0,0.0,0.0,0.0,0.0,0.0,1.0,0.0,0.0,0.0,0.0,1.0,0.0,0.0,0.0,0.0,0.0,0.0,1.0
7936,0.18518518518518517,1.0,0.0,0.0,0.5555555555555556,0.75,0.664102989715846,0.0,1.0,0.0,0.10416666666666674,0.0,0.8117154811715479,0.05418272500566765,0.4257088846880883,1.0,1.0,0.0,0.0,0.0,0.0,0.0,0.0,0.0,0.0,0.0,0.0,0.0,1.0,0.0,0.0,1.0,0.0,0.0,0.0,0.0,0.0,0.0,1.0,0.0
7937,0.35802469135802467,1.0,0.0,0.0,0.5555555555555556,0.75,0.7048068276351993,0.0,1.0,0.14285714285714285,0.10416666666666674,0.0,0.8117154811715479,0.05418272500566765,0.4257088846880883,1.0,0.0,0.0,0.0,0.0,0.0,0.0,0.0,0.0,0.0,0.0,0.0,1.0,0.0,0.0,0.0,0.0,0.0,0.0,0.0,1.0,0.0,0.0,0.0,0.0
7938,0.35802469135802467,1.0,0.0,0.0,0.5555555555555556,0.75,0.6006386590863215,0.0,1.0,0.0,0.10416666666666674,0.0,0.8117154811715479,0.05418272500566765,0.4257088846880883,0.0,0.0,0.0,0.0,0.0,0.0,0.0,0.0,0.0,0.0,0.0,0.0,1.0,0.0,0.0,0.0,0.0,0.0,0.0,0.0,1.0,0.0,0.0,1.0,0.0
7939,0.2345679012345679,1.0,0.0,0.0,0.5555555555555556,0.75,0.580467578755373,0.02631578947368421,1.0,0.0,0.10416666666666674,0.0,0.8117154811715479,0.05418272500566765,0.4257088846880883,0.0,0.0,0.0,0.0,0.0,0.0,0.0,0.0,0.0,0.0,1.0,0.0,1.0,0.0,0.0,0.0,0.0,0.0,0.0,0.0,1.0,0.0,0.0,1.0,0.0
7940,0.25925925925925924,1.0,0.0,0.0,0.5555555555555556,0.75,0.6818201199369839,0.02631578947368421,1.0,0.0,0.10416666666666674,0.0,0.8117154811715479,0.05418272500566765,0.4257088846880883,0.0,0.0,0.0,0.0,1.0,0.0,0.0,0.0,0.0,0.0,0.0,0.0,1.0,0.0,0.0,0.0,0.0,0.0,0.0,0.0,1.0,0.0,0.0,1.0,0.0
7941,0.2716049382716049,0.0,0.0,0.0,0.5555555555555556,0.75,0.6190773470668909,0.05263157894736842,1.0,0.0,0.10416666666666674,0.0,0.8117154811715479,0.05418272500566765,0.4257088846880883,1.0,0.0,0.0,0.0,0.0,0.0,0.0,0.0,0.0,0.0,1.0,0.0,1.0,0.0,0.0,0.0,0.0,1.0,0.0,0.0,0.0,0.0,0.0,1.0,0.0
7942,0.35802469135802467,1.0,0.0,0.0,0.5555555555555556,0.75,0.7225194883508564,0.07894736842105263,1.0,0.0,0.10416666666666674,0.0,0.8117154811715479,0.05418272500566765,0.4257088846880883,1.0,0.0,0.0,0.0,0.0,0.0,0.0,0.0,0.0,1.0,0.0,0.0,1.0,0.0,0.0,1.0,0.0,0.0,0.0,0.0,0.0,0.0,0.0,1.0,0.0
7943,0.06172839506172839,1.0,0.0,0.0,0.5555555555555556,0.75,0.6685887555427749,0.02631578947368421,0.004004004004004004,0.2857142857142857,0.10416666666666674,0.0,0.8117154811715479,0.05418272500566765,0.4257088846880883,1.0,0.0,0.0,0.0,0.0,0.0,0.0,0.0,1.0,0.0,0.0,0.0,0.0,1.0,0.0,1.0,0.0,0.0,0.0,0.0,0.0,0.0,0.0,0.0,1.0
7944,0.2345679012345679,1.0,1.0,0.0,0.5555555555555556,0.75,0.6386818846696665,0.02631578947368421,1.0,0.14285714285714285,0.10416666666666674,0.0,0.8117154811715479,0.05418272500566765,0.4257088846880883,1.0,0.0,0.0,0.0,0.0,0.0,0.0,1.0,0.0,0.0,0.0,0.0,1.0,0.0,0.0,0.0,0.0,1.0,0.0,0.0,0.0,0.0,0.0,0.0,0.0
7945,0.5802469135802468,1.0,1.0,0.0,0.5555555555555556,0.75,0.634480182683441,0.0,1.0,0.0,0.10416666666666674,0.0,0.8117154811715479,0.05418272500566765,0.4257088846880883,0.0,0.0,0.0,0.0,0.0,0.0,0.0,0.0,0.0,0.0,0.0,1.0,1.0,0.0,0.0,0.0,0.0,0.0,0.0,0.0,0.0,1.0,0.0,1.0,0.0
7946,0.2839506172839506,0.0,0.0,0.0,0.5555555555555556,0.75,0.7257630807830285,0.02631578947368421,1.0,0.0,0.10416666666666674,0.0,0.8117154811715479,0.05418272500566765,0.4257088846880883,1.0,0.0,0.0,0.0,0.0,0.0,0.0,0.0,0.0,0.0,0.0,0.0,1.0,0.0,0.0,0.0,0.0,1.0,0.0,0.0,0.0,0.0,0.0,1.0,0.0
7947,0.7037037037037037,1.0,0.0,0.0,0.5555555555555556,0.75,0.6261730746079361,0.05263157894736842,1.0,0.14285714285714285,0.10416666666666674,0.0,0.8117154811715479,0.05418272500566765,0.4257088846880883,1.0,0.0,0.0,0.0,0.0,1.0,0.0,0.0,0.0,0.0,0.0,0.0,1.0,0.0,0.0,0.0,0.0,0.0,0.0,1.0,0.0,0.0,0.0,0.0,0.0
7948,0.728395061728395,1.0,0.0,0.0,0.5555555555555556,0.75,0.6874062210217441,0.0,1.0,0.14285714285714285,0.10416666666666674,0.0,0.8117154811715479,0.05418272500566765,0.4257088846880883,0.0,0.0,0.0,0.0,0.0,1.0,0.0,0.0,0.0,0.0,0.0,0.0,1.0,0.0,0.0,0.0,0.0,0.0,0.0,0.0,1.0,0.0,0.0,0.0,0.0
7949,0.04938271604938271,0.0,0.0,0.0,0.5555555555555556,0.75,0.614731491134803,0.02631578947368421,0.004004004004004004,0.2857142857142857,0.10416666666666674,0.0,0.8117154811715479,0.05418272500566765,0.4257088846880883,0.0,0.0,0.0,0.0,0.0,0.0,0.0,0.0,1.0,0.0,0.0,0.0,0.0,1.0,0.0,0.0,0.0,1.0,0.0,0.0,0.0,0.0,0.0,0.0,1.0
7950,0.19753086419753085,0.0,0.0,0.0,0.5555555555555556,0.75,0.777015208325988,0.0,1.0,0.0,0.10416666666666674,0.0,0.8117154811715479,0.05418272500566765,0.4257088846880883,1.0,0.0,0.0,0.0,0.0,0.0,0.0,1.0,0.0,0.0,0.0,0.0,1.0,0.0,0.0,0.0,0.0,1.0,0.0,0.0,0.0,0.0,0.0,1.0,0.0
7951,0.2716049382716049,0.0,0.0,0.0,0.5555555555555556,0.75,0.6789243392652736,0.02631578947368421,0.003003003003003003,0.14285714285714285,0.10416666666666674,0.0,0.8117154811715479,0.05418272500566765,0.4257088846880883,1.0,1.0,0.0,0.0,0.0,0.0,0.0,0.0,0.0,0.0,0.0,0.0,1.0,0.0,0.0,1.0,0.0,0.0,0.0,0.0,0.0,0.0,0.0,0.0,1.0
7952,0.19753086419753085,0.5,0.5,0.0,0.5555555555555556,0.75,0.6452049071679414,0.02631578947368421,1.0,0.0,0.10416666666666674,0.0,0.8117154811715479,0.05418272500566765,0.4257088846880883,0.0,0.0,0.0,0.0,0.0,0.0,0.0,1.0,0.0,0.0,0.0,0.0,1.0,0.0,0.0,0.0,0.0,1.0,0.0,0.0,0.0,0.0,0.0,1.0,0.0
7953,0.4938271604938272,1.0,0.0,0.0,0.5555555555555556,0.75,0.7262542512230573,0.0,1.0,0.0,0.10416666666666674,0.0,0.8117154811715479,0.05418272500566765,0.4257088846880883,1.0,0.0,0.0,0.0,0.0,0.0,0.0,0.0,0.0,0.0,0.0,0.0,0.0,1.0,0.0,0.0,0.0,1.0,0.0,0.0,0.0,0.0,0.0,1.0,0.0
7954,0.2345679012345679,1.0,1.0,0.0,0.5555555555555556,0.75,0.6907674539605011,0.05263157894736842,1.0,0.0,0.10416666666666674,0.0,0.8117154811715479,0.05418272500566765,0.4257088846880883,1.0,0.0,0.0,0.0,1.0,0.0,0.0,0.0,0.0,0.0,0.0,0.0,1.0,0.0,0.0,1.0,0.0,0.0,0.0,0.0,0.0,0.0,0.0,1.0,0.0
7955,0.13580246913580246,1.0,0.0,1.0,0.5555555555555556,1.0,0.661156696006206,0.13157894736842105,1.0,0.0,0.10416666666666674,0.0,0.8117154811715479,0.0532759011562004,0.4257088846880883,1.0,0.0,0.0,0.0,0.0,0.0,0.0,0.0,0.0,0.0,1.0,0.0,1.0,0.0,0.0,0.0,0.0,0.0,0.0,1.0,0.0,0.0,0.0,1.0,0.0
7956,0.0,1.0,0.0,0.0,0.5555555555555556,1.0,0.6128186823313415,0.02631578947368421,1.0,0.2857142857142857,0.10416666666666674,0.0,0.8117154811715479,0.0532759011562004,0.4257088846880883,0.0,0.0,0.0,0.0,0.0,0.0,0.0,0.0,1.0,0.0,0.0,0.0,0.0,1.0,0.0,0.0,1.0,0.0,0.0,0.0,0.0,0.0,0.0,0.0,0.0
7957,0.1111111111111111,1.0,0.0,0.0,0.5555555555555556,1.0,0.5902084636135368,0.02631578947368421,1.0,0.0,0.10416666666666674,0.0,0.8117154811715479,0.0532759011562004,0.4257088846880883,1.0,0.0,0.0,0.0,0.0,0.0,0.0,0.0,1.0,0.0,0.0,0.0,0.0,1.0,0.0,0.0,0.0,0.0,0.0,1.0,0.0,0.0,0.0,1.0,0.0
7958,0.2716049382716049,1.0,0.0,0.0,0.5555555555555556,1.0,0.5947922311468027,0.02631578947368421,1.0,0.0,0.10416666666666674,0.0,0.8117154811715479,0.0532759011562004,0.4257088846880883,1.0,0.0,0.0,0.0,0.0,0.0,0.0,0.0,0.0,1.0,0.0,0.0,1.0,0.0,0.0,0.0,0.0,0.0,0.0,0.0,1.0,0.0,0.0,1.0,0.0
7959,0.5555555555555556,0.0,0.0,0.0,0.5555555555555556,1.0,0.6062082270603242,0.07894736842105263,1.0,0.0,0.10416666666666674,0.0,0.8117154811715479,0.0532759011562004,0.4257088846880883,1.0,0.0,0.0,0.0,0.0,1.0,0.0,0.0,0.0,0.0,0.0,0.0,1.0,0.0,0.0,0.0,0.0,0.0,0.0,0.0,0.0,1.0,0.0,1.0,0.0
7960,0.654320987654321,0.0,0.0,0.0,0.5555555555555556,1.0,0.614731491134803,0.05263157894736842,1.0,0.14285714285714285,0.10416666666666674,0.0,0.8117154811715479,0.0532759011562004,0.4257088846880883,0.0,0.0,0.0,0.0,0.0,1.0,0.0,0.0,0.0,0.0,0.0,0.0,1.0,0.0,0.0,0.0,0.0,0.0,0.0,1.0,0.0,0.0,0.0,0.0,0.0
7961,0.2222222222222222,1.0,0.0,0.0,0.5555555555555556,1.0,0.6376454449299462,0.0,1.0,0.0,0.10416666666666674,0.0,0.8117154811715479,0.0532759011562004,0.4257088846880883,1.0,0.0,0.0,0.0,0.0,0.0,0.0,0.0,0.0,1.0,0.0,0.0,1.0,0.0,0.0,0.0,0.0,0.0,0.0,1.0,0.0,0.0,0.0,1.0,0.0
7962,0.5432098765432098,1.0,0.0,0.0,0.5555555555555556,1.0,0.6290077936901697,0.02631578947368421,0.004004004004004004,0.2857142857142857,0.10416666666666674,0.0,0.8117154811715479,0.0532759011562004,0.4257088846880883,1.0,0.0,0.0,0.0,1.0,0.0,0.0,0.0,0.0,0.0,0.0,0.0,1.0,0.0,0.0,0.0,0.0,0.0,0.0,0.0,1.0,0.0,0.0,0.0,1.0
7963,0.30864197530864196,1.0,0.0,0.0,0.5555555555555556,1.0,0.7152138502659882,0.0,0.013013013013013013,0.14285714285714285,0.10416666666666674,0.0,0.8117154811715479,0.0532759011562004,0.4257088846880883,1.0,0.0,0.0,0.0,1.0,0.0,0.0,0.0,0.0,0.0,0.0,0.0,1.0,0.0,0.0,0.0,0.0,0.0,0.0,0.0,1.0,0.0,0.0,0.0,1.0
7964,0.4567901234567901,1.0,0.0,0.0,0.5555555555555556,1.0,0.6811028302176989,0.05263157894736842,1.0,0.0,0.10416666666666674,0.0,0.8117154811715479,0.0532759011562004,0.4257088846880883,1.0,0.0,0.0,0.0,0.0,0.0,0.0,0.0,0.0,0.0,0.0,0.0,1.0,0.0,0.0,0.0,0.0,0.0,0.0,0.0,1.0,0.0,0.0,1.0,0.0
7965,0.5061728395061729,0.0,0.0,0.0,0.5555555555555556,1.0,0.6153622441177717,0.0,1.0,0.0,0.10416666666666674,0.0,0.8117154811715479,0.0532759011562004,0.4257088846880883,1.0,1.0,0.0,0.0,0.0,0.0,0.0,0.0,0.0,0.0,0.0,0.0,0.0,0.0,0.0,0.0,0.0,0.0,0.0,0.0,0.0,0.0,0.0,1.0,0.0
7966,0.4691358024691357,1.0,0.0,0.0,0.5555555555555556,1.0,0.5796182238056906,0.0,0.003003003003003003,0.14285714285714285,0.10416666666666674,0.0,0.8117154811715479,0.0532759011562004,0.4257088846880883,1.0,0.0,0.0,0.0,0.0,1.0,0.0,0.0,0.0,0.0,0.0,0.0,1.0,0.0,0.0,0.0,0.0,0.0,0.0,0.0,0.0,0.0,0.0,0.0,1.0
7967,0.6666666666666665,1.0,0.0,0.0,0.5555555555555556,1.0,0.5689167450775122,0.0,1.0,0.0,0.10416666666666674,0.0,0.8117154811715479,0.0532759011562004,0.4257088846880883,1.0,0.0,0.0,0.0,0.0,1.0,0.0,0.0,0.0,0.0,0.0,0.0,1.0,0.0,0.0,0.0,0.0,0.0,0.0,0.0,0.0,0.0,0.0,1.0,0.0
7968,0.09876543209876543,0.0,0.0,0.0,0.5555555555555556,1.0,0.7431206122490668,0.0,1.0,0.0,0.10416666666666674,0.0,0.8117154811715479,0.0532759011562004,0.4257088846880883,0.0,0.0,0.0,0.0,0.0,0.0,0.0,1.0,0.0,0.0,0.0,0.0,0.0,1.0,0.0,0.0,0.0,1.0,0.0,0.0,0.0,0.0,0.0,1.0,0.0
7969,0.654320987654321,1.0,0.0,0.0,0.5555555555555556,1.0,0.5356959888812932,0.07894736842105263,1.0,0.0,0.10416666666666674,0.0,0.8117154811715479,0.0532759011562004,0.4257088846880883,1.0,0.0,0.0,0.0,0.0,1.0,0.0,0.0,0.0,0.0,0.0,0.0,1.0,0.0,0.0,0.0,0.0,0.0,0.0,1.0,0.0,0.0,0.0,1.0,0.0
7970,0.13580246913580246,0.0,0.0,0.0,0.5555555555555556,1.0,0.6615821400485514,0.02631578947368421,1.0,0.0,0.10416666666666674,0.0,0.8117154811715479,0.0532759011562004,0.4257088846880883,1.0,0.0,0.0,0.0,0.0,0.0,0.0,0.0,0.0,0.0,1.0,0.0,1.0,0.0,0.0,0.0,0.0,0.0,0.0,1.0,0.0,0.0,0.0,1.0,0.0
7971,0.35802469135802467,1.0,0.0,0.0,0.5555555555555556,1.0,0.6128186823313415,0.13157894736842105,1.0,0.14285714285714285,0.10416666666666674,0.0,0.8117154811715479,0.0532759011562004,0.4257088846880883,1.0,0.0,0.0,0.0,0.0,0.0,0.0,0.0,0.0,1.0,0.0,0.0,1.0,0.0,0.0,0.0,0.0,0.0,0.0,1.0,0.0,0.0,0.0,0.0,0.0
7972,0.30864197530864196,1.0,0.0,0.0,0.5555555555555556,1.0,0.5429003918915096,0.02631578947368421,1.0,0.0,0.10416666666666674,0.0,0.8117154811715479,0.0532759011562004,0.4257088846880883,1.0,0.0,0.0,0.0,0.0,0.0,0.0,0.0,0.0,1.0,0.0,0.0,1.0,0.0,0.0,0.0,0.0,0.0,0.0,1.0,0.0,0.0,0.0,1.0,0.0
7973,0.2222222222222222,0.0,0.0,0.0,0.5555555555555556,1.0,0.6244388640920251,0.0,1.0,0.0,0.10416666666666674,0.0,0.8117154811715479,0.0532759011562004,0.4257088846880883,1.0,0.0,0.0,0.0,0.0,0.0,0.0,0.0,0.0,0.0,0.0,0.0,1.0,0.0,0.0,0.0,0.0,0.0,0.0,0.0,1.0,0.0,0.0,1.0,0.0
7974,0.25925925925925924,0.0,0.0,0.0,0.5555555555555556,1.0,0.7024302791398942,0.05263157894736842,1.0,0.14285714285714285,0.10416666666666674,0.0,0.8117154811715479,0.0532759011562004,0.4257088846880883,1.0,0.0,0.0,0.0,0.0,0.0,1.0,0.0,0.0,0.0,0.0,0.0,0.0,0.0,0.0,0.0,0.0,1.0,0.0,0.0,0.0,0.0,0.0,0.0,0.0
7975,0.13580246913580246,1.0,0.0,0.0,0.5555555555555556,1.0,0.6178519698461769,0.05263157894736842,1.0,0.14285714285714285,0.10416666666666674,0.0,0.8117154811715479,0.0532759011562004,0.4257088846880883,1.0,0.0,0.0,0.0,0.0,0.0,0.0,0.0,0.0,0.0,1.0,0.0,1.0,0.0,0.0,0.0,0.0,0.0,0.0,1.0,0.0,0.0,0.0,0.0,0.0
7976,0.0,0.5,0.5,0.0,0.5555555555555556,1.0,0.7308208467673027,0.02631578947368421,1.0,0.14285714285714285,0.10416666666666674,0.0,0.8117154811715479,0.0532759011562004,0.4257088846880883,1.0,0.0,0.0,0.0,0.0,0.0,0.0,0.0,1.0,0.0,0.0,0.0,0.0,1.0,0.0,0.0,1.0,0.0,0.0,0.0,0.0,0.0,0.0,0.0,0.0
7977,0.1728395061728395,0.0,0.0,0.0,0.5555555555555556,1.0,0.7976907274957492,0.05263157894736842,1.0,0.0,0.10416666666666674,0.0,0.8117154811715479,0.0532759011562004,0.4257088846880883,1.0,0.0,0.0,0.0,0.0,0.0,0.0,0.0,0.0,0.0,0.0,0.0,1.0,0.0,0.0,0.0,0.0,0.0,0.0,0.0,1.0,0.0,0.0,1.0,0.0
7978,0.14814814814814814,0.0,0.0,0.0,0.5555555555555556,1.0,0.6545831899296645,0.05263157894736842,1.0,0.0,0.10416666666666674,0.0,0.8117154811715479,0.0532759011562004,0.4257088846880883,1.0,1.0,0.0,0.0,0.0,0.0,0.0,0.0,0.0,0.0,0.0,0.0,0.0,1.0,0.0,1.0,0.0,0.0,0.0,0.0,0.0,0.0,0.0,1.0,0.0
7979,0.24691358024691357,1.0,0.0,0.0,0.5555555555555556,1.0,0.5886399717165399,0.02631578947368421,1.0,0.0,0.10416666666666674,0.0,0.8117154811715479,0.0532759011562004,0.4257088846880883,0.0,0.0,1.0,0.0,0.0,0.0,0.0,0.0,0.0,0.0,0.0,0.0,1.0,0.0,0.0,1.0,0.0,0.0,0.0,0.0,0.0,0.0,0.0,1.0,0.0
7980,0.1728395061728395,1.0,0.0,0.0,0.5555555555555556,1.0,0.6301228271521957,0.05263157894736842,1.0,0.0,0.10416666666666674,0.0,0.8117154811715479,0.0532759011562004,0.4257088846880883,1.0,0.0,1.0,0.0,0.0,0.0,0.0,0.0,0.0,0.0,0.0,0.0,0.0,1.0,0.0,0.0,0.0,0.0,0.0,0.0,1.0,0.0,0.0,1.0,0.0
7981,0.037037037037037035,0.0,0.0,1.0,0.5555555555555556,1.0,0.5970188304191458,0.02631578947368421,0.004004004004004004,0.2857142857142857,0.10416666666666674,0.0,0.8117154811715479,0.0532759011562004,0.4257088846880883,0.0,0.0,0.0,0.0,0.0,0.0,0.0,0.0,1.0,0.0,0.0,0.0,0.0,1.0,0.0,0.0,0.0,1.0,0.0,0.0,0.0,0.0,0.0,0.0,1.0
7982,0.5555555555555556,0.0,0.0,0.0,0.5555555555555556,0.0,0.7065582517915311,0.0,1.0,0.0,0.10416666666666674,0.0,0.8117154811715479,0.05146225345726593,0.4257088846880883,1.0,0.0,0.0,0.0,1.0,0.0,0.0,0.0,0.0,0.0,0.0,0.0,0.0,0.0,0.0,0.0,0.0,1.0,0.0,0.0,0.0,0.0,0.0,1.0,0.0
7983,0.1111111111111111,1.0,0.0,0.0,0.5555555555555556,0.0,0.580467578755373,0.0,1.0,0.0,0.10416666666666674,0.0,0.8117154811715479,0.05146225345726593,0.4257088846880883,0.0,0.0,0.0,0.0,0.0,0.0,0.0,0.0,0.0,0.0,0.0,0.0,0.0,1.0,0.0,0.0,0.0,0.0,0.0,0.0,1.0,0.0,0.0,1.0,0.0
7984,0.728395061728395,0.0,0.0,0.0,0.5555555555555556,0.0,0.6744424581583719,0.0,0.015015015015015015,0.14285714285714285,0.10416666666666674,0.0,0.8117154811715479,0.05146225345726593,0.4257088846880883,1.0,0.0,0.0,0.0,0.0,1.0,0.0,0.0,0.0,0.0,0.0,0.0,1.0,0.0,0.0,0.0,0.0,0.0,0.0,1.0,0.0,0.0,0.0,0.0,1.0
7985,0.3209876543209876,0.0,0.0,0.0,0.5555555555555556,0.0,0.5094464638657551,0.0,1.0,0.0,0.10416666666666674,0.0,0.8117154811715479,0.05146225345726593,0.4257088846880883,0.0,0.0,0.0,0.0,1.0,0.0,0.0,0.0,0.0,0.0,0.0,0.0,1.0,0.0,0.0,0.0,0.0,0.0,0.0,0.0,1.0,0.0,0.0,1.0,0.0
7986,0.691358024691358,0.0,0.0,0.0,0.5555555555555556,0.0,0.6887622608157357,0.0,1.0,0.0,0.10416666666666674,0.0,0.8117154811715479,0.05146225345726593,0.4257088846880883,1.0,0.0,0.0,0.0,0.0,1.0,0.0,0.0,0.0,0.0,0.0,0.0,1.0,0.0,0.0,0.0,0.0,0.0,0.0,0.0,0.0,0.0,0.0,1.0,0.0
7987,0.6172839506172838,1.0,1.0,0.0,0.5555555555555556,0.0,0.6153622441177717,0.0,1.0,0.0,0.10416666666666674,0.0,0.8117154811715479,0.05146225345726593,0.4257088846880883,1.0,0.0,0.0,0.0,0.0,1.0,0.0,0.0,0.0,0.0,0.0,0.0,1.0,0.0,0.0,0.0,0.0,0.0,0.0,1.0,0.0,0.0,0.0,1.0,0.0
7988,0.7777777777777777,0.0,0.0,1.0,0.5555555555555556,0.0,0.623268355434684,0.0,1.0,0.0,0.10416666666666674,0.0,0.8117154811715479,0.05146225345726593,0.4257088846880883,1.0,0.0,0.0,0.0,0.0,1.0,0.0,0.0,0.0,0.0,0.0,0.0,1.0,0.0,0.0,0.0,0.0,1.0,0.0,0.0,0.0,0.0,0.0,1.0,0.0
7989,0.09876543209876543,0.0,0.0,0.0,0.5555555555555556,0.0,0.6657540364605412,0.0,1.0,0.0,0.10416666666666674,0.0,0.8117154811715479,0.05146225345726593,0.4257088846880883,1.0,0.0,0.0,0.0,0.0,0.0,0.0,0.0,0.0,0.0,0.0,0.0,0.0,1.0,0.0,0.0,0.0,0.0,0.0,0.0,1.0,0.0,0.0,1.0,0.0
7990,0.09876543209876543,1.0,0.0,0.0,0.5555555555555556,0.0,0.599923549592398,0.0,0.006006006006006006,0.14285714285714285,0.10416666666666674,0.0,0.8117154811715479,0.05146225345726593,0.4257088846880883,1.0,0.0,0.0,0.0,0.0,0.0,0.0,0.0,0.0,0.0,0.0,0.0,0.0,1.0,0.0,0.0,0.0,0.0,0.0,0.0,1.0,0.0,0.0,0.0,1.0
7991,0.20987654320987653,0.0,0.0,0.0,0.5555555555555556,0.0,0.635013676339261,0.0,1.0,0.0,0.10416666666666674,0.0,0.8117154811715479,0.05146225345726593,0.4257088846880883,1.0,0.0,0.0,0.0,0.0,0.0,0.0,0.0,0.0,1.0,0.0,0.0,1.0,0.0,0.0,0.0,0.0,0.0,0.0,0.0,1.0,0.0,0.0,1.0,0.0
7992,0.20987654320987653,0.0,0.0,0.0,0.5555555555555556,0.0,0.7247745442978097,0.0,1.0,0.0,0.10416666666666674,0.0,0.8117154811715479,0.05146225345726593,0.4257088846880883,0.0,0.0,0.0,0.0,0.0,0.0,0.0,0.0,0.0,1.0,0.0,0.0,1.0,0.0,0.0,0.0,0.0,0.0,0.0,0.0,1.0,0.0,0.0,1.0,0.0
7993,0.13580246913580246,1.0,0.0,0.0,0.5555555555555556,0.0,0.6870647544554597,0.02631578947368421,1.0,0.14285714285714285,0.10416666666666674,0.0,0.8117154811715479,0.05146225345726593,0.4257088846880883,1.0,0.0,0.0,0.0,0.0,0.0,0.0,0.0,0.0,0.0,0.0,0.0,0.0,1.0,0.0,0.0,0.0,0.0,0.0,0.0,1.0,0.0,0.0,0.0,0.0
7994,0.38271604938271603,1.0,0.0,0.0,0.5555555555555556,0.0,0.7726368269403481,0.0,1.0,0.0,0.10416666666666674,0.0,0.8117154811715479,0.05146225345726593,0.4257088846880883,1.0,0.0,0.0,0.0,0.0,0.0,0.0,0.0,0.0,1.0,0.0,0.0,1.0,0.0,0.0,0.0,0.0,1.0,0.0,0.0,0.0,0.0,0.0,1.0,0.0
7995,0.3333333333333333,0.0,0.0,0.0,0.5555555555555556,0.0,0.6278820898893921,0.0,0.006006006006006006,0.14285714285714285,0.10416666666666674,0.0,0.8117154811715479,0.05146225345726593,0.4257088846880883,1.0,0.0,0.0,0.0,0.0,0.0,0.0,0.0,0.0,0.0,0.0,0.0,0.0,1.0,0.0,0.0,0.0,0.0,0.0,0.0,1.0,0.0,0.0,0.0,1.0
7996,0.07407407407407407,1.0,0.0,0.0,0.5555555555555556,0.0,0.6863788332730624,0.0,0.003003003003003003,0.2857142857142857,0.10416666666666674,0.0,0.8117154811715479,0.05146225345726593,0.4257088846880883,1.0,0.0,0.0,0.0,0.0,0.0,0.0,0.0,0.0,1.0,0.0,0.0,1.0,0.0,0.0,0.0,0.0,0.0,0.0,1.0,0.0,0.0,0.0,0.0,1.0
7997,0.12345679012345678,0.0,0.0,0.0,0.5555555555555556,0.0,0.645692009932198,0.02631578947368421,1.0,0.0,0.10416666666666674,0.0,0.8117154811715479,0.05146225345726593,0.4257088846880883,0.0,0.0,0.0,0.0,0.0,0.0,1.0,0.0,0.0,0.0,0.0,0.0,0.0,1.0,0.0,0.0,0.0,0.0,0.0,0.0,1.0,0.0,0.0,1.0,0.0
7998,0.13580246913580246,1.0,0.0,0.0,0.5555555555555556,0.0,0.6860343669962174,0.0,1.0,0.0,0.10416666666666674,0.0,0.8117154811715479,0.05146225345726593,0.4257088846880883,1.0,0.0,0.0,0.0,0.0,0.0,0.0,0.0,0.0,0.0,0.0,0.0,0.0,1.0,0.0,0.0,0.0,0.0,0.0,0.0,1.0,0.0,0.0,1.0,0.0
7999,0.13580246913580246,0.5,0.5,0.0,0.5555555555555556,0.0,0.5886399717165399,0.0,1.0,0.2857142857142857,0.10416666666666674,0.0,0.8117154811715479,0.05146225345726593,0.4257088846880883,0.0,0.0,0.0,0.0,0.0,0.0,0.0,0.0,0.0,0.0,0.0,0.0,0.0,1.0,0.0,0.0,0.0,0.0,0.0,0.0,1.0,0.0,0.0,0.0,0.0
8000,0.29629629629629634,1.0,0.0,0.0,0.5555555555555556,0.0,0.7538682423174289,0.0,0.006006006006006006,0.14285714285714285,0.10416666666666674,0.0,0.8117154811715479,0.05146225345726593,0.4257088846880883,1.0,0.0,0.0,0.0,0.0,0.0,0.0,0.0,0.0,0.0,0.0,0.0,0.0,1.0,0.0,0.0,0.0,1.0,0.0,0.0,0.0,0.0,0.0,0.0,1.0
8001,0.7037037037037037,1.0,0.0,0.0,0.5555555555555556,0.0,0.5947922311468027,0.0,1.0,0.14285714285714285,0.10416666666666674,0.0,0.8117154811715479,0.05146225345726593,0.4257088846880883,1.0,0.0,0.0,0.0,0.0,1.0,0.0,0.0,0.0,0.0,0.0,0.0,1.0,0.0,0.0,0.0,1.0,0.0,0.0,0.0,0.0,0.0,0.0,0.0,0.0
8002,0.06172839506172839,1.0,0.0,0.0,0.5555555555555556,0.0,0.5992040663129156,0.02631578947368421,1.0,0.14285714285714285,0.10416666666666674,0.0,0.8117154811715479,0.05146225345726593,0.4257088846880883,1.0,0.0,0.0,0.0,0.0,0.0,0.0,0.0,1.0,0.0,0.0,0.0,0.0,1.0,0.0,0.0,0.0,0.0,0.0,1.0,0.0,0.0,0.0,0.0,0.0
8003,0.6172839506172838,0.0,0.0,0.0,0.5555555555555556,0.25,0.7215031956410405,0.02631578947368421,1.0,0.0,0.10416666666666674,0.0,0.8117154811715479,0.051008841532532295,0.4257088846880883,1.0,0.0,0.0,0.0,0.0,1.0,0.0,0.0,0.0,0.0,0.0,0.0,1.0,0.0,0.0,1.0,0.0,0.0,0.0,0.0,0.0,0.0,0.0,1.0,0.0
8004,0.2345679012345679,0.0,0.0,0.0,0.5555555555555556,0.25,0.6624284397381989,0.0,1.0,0.0,0.10416666666666674,0.0,0.8117154811715479,0.051008841532532295,0.4257088846880883,1.0,0.0,0.0,0.0,0.0,0.0,0.0,0.0,0.0,0.0,0.0,0.0,0.0,1.0,0.0,0.0,0.0,0.0,0.0,0.0,1.0,0.0,0.0,1.0,0.0
8005,0.5432098765432098,0.0,0.0,1.0,0.5555555555555556,0.25,0.649517880450222,0.02631578947368421,0.003003003003003003,0.14285714285714285,0.10416666666666674,0.0,0.8117154811715479,0.051008841532532295,0.4257088846880883,1.0,0.0,0.0,0.0,0.0,1.0,0.0,0.0,0.0,0.0,0.0,0.0,1.0,0.0,0.0,0.0,0.0,0.0,0.0,0.0,1.0,0.0,0.0,0.0,1.0
8006,0.20987654320987653,1.0,0.0,1.0,0.5555555555555556,0.25,0.6267455095549759,0.0,1.0,0.0,0.10416666666666674,0.0,0.8117154811715479,0.051008841532532295,0.4257088846880883,1.0,0.0,0.0,0.0,0.0,0.0,0.0,0.0,0.0,0.0,0.0,0.0,0.0,1.0,0.0,0.0,0.0,0.0,0.0,0.0,1.0,0.0,0.0,1.0,0.0
8007,0.1111111111111111,1.0,0.0,1.0,0.5555555555555556,0.25,0.6323216790132803,0.0,1.0,0.14285714285714285,0.10416666666666674,0.0,0.8117154811715479,0.051008841532532295,0.4257088846880883,1.0,0.0,0.0,0.0,0.0,0.0,0.0,0.0,0.0,0.0,0.0,0.0,0.0,1.0,0.0,0.0,0.0,0.0,0.0,0.0,1.0,0.0,0.0,0.0,0.0
8008,0.3703703703703703,1.0,0.0,0.0,0.5555555555555556,0.25,0.5984801554161608,0.0,1.0,0.14285714285714285,0.10416666666666674,0.0,0.8117154811715479,0.051008841532532295,0.4257088846880883,1.0,0.0,0.0,0.0,0.0,0.0,0.0,0.0,0.0,0.0,0.0,0.0,0.0,1.0,0.0,0.0,0.0,0.0,0.0,0.0,1.0,0.0,0.0,0.0,0.0
8009,0.5185185185185184,1.0,0.0,0.0,0.5555555555555556,0.25,0.6295666315558228,0.02631578947368421,1.0,0.14285714285714285,0.10416666666666674,0.0,0.8117154811715479,0.051008841532532295,0.4257088846880883,0.0,0.0,0.0,0.0,1.0,0.0,0.0,0.0,0.0,0.0,0.0,0.0,1.0,0.0,0.0,0.0,0.0,0.0,0.0,0.0,1.0,0.0,0.0,0.0,0.0
8010,0.5432098765432098,1.0,0.0,0.0,0.5555555555555556,0.25,0.5440593682563573,0.0,1.0,0.0,0.10416666666666674,0.0,0.8117154811715479,0.051008841532532295,0.4257088846880883,0.0,0.0,0.0,0.0,0.0,1.0,0.0,0.0,0.0,0.0,0.0,0.0,1.0,0.0,0.0,0.0,0.0,0.0,0.0,0.0,1.0,0.0,0.0,1.0,0.0
8011,0.24691358024691357,1.0,0.0,0.0,0.5555555555555556,0.25,0.5886399717165399,0.0,1.0,0.2857142857142857,0.10416666666666674,0.0,0.8117154811715479,0.051008841532532295,0.4257088846880883,1.0,0.0,0.0,0.0,0.0,0.0,0.0,0.0,0.0,0.0,0.0,0.0,1.0,0.0,0.0,0.0,0.0,0.0,0.0,0.0,1.0,0.0,0.0,0.0,0.0
8012,0.6666666666666665,0.5,0.5,0.0,0.5555555555555556,0.25,0.6328650293995502,0.0,1.0,0.0,0.10416666666666674,0.0,0.8117154811715479,0.051008841532532295,0.4257088846880883,1.0,0.0,0.0,0.0,0.0,1.0,0.0,0.0,0.0,0.0,0.0,0.0,1.0,0.0,0.0,0.0,0.0,0.0,0.0,0.0,0.0,0.0,1.0,1.0,0.0
8013,0.4074074074074074,0.0,0.0,0.0,0.5555555555555556,0.25,0.7501272277432902,0.02631578947368421,1.0,0.14285714285714285,0.10416666666666674,0.0,0.8117154811715479,0.051008841532532295,0.4257088846880883,1.0,0.0,0.0,0.0,0.0,0.0,0.0,0.0,0.0,0.0,0.0,0.0,1.0,0.0,0.0,0.0,0.0,0.0,0.0,0.0,1.0,0.0,0.0,0.0,0.0
8014,0.20987654320987653,0.0,0.0,0.0,0.5555555555555556,0.25,0.6196852820090151,0.0,0.013013013013013013,0.14285714285714285,0.10416666666666674,0.0,0.8117154811715479,0.051008841532532295,0.4257088846880883,1.0,0.0,0.0,0.0,0.0,0.0,0.0,0.0,0.0,1.0,0.0,0.0,1.0,0.0,0.0,0.0,0.0,0.0,0.0,1.0,0.0,0.0,0.0,0.0,1.0
8015,0.48148148148148145,1.0,0.0,0.0,0.5555555555555556,0.25,0.695953314020339,0.02631578947368421,1.0,0.0,0.10416666666666674,0.0,0.8117154811715479,0.051008841532532295,0.4257088846880883,1.0,0.0,0.0,0.0,1.0,0.0,0.0,0.0,0.0,0.0,0.0,0.0,1.0,0.0,0.0,0.0,0.0,0.0,0.0,0.0,1.0,0.0,0.0,1.0,0.0
8016,0.19753086419753085,1.0,0.0,0.0,0.5555555555555556,0.25,0.7036245548746948,0.0,1.0,0.0,0.10416666666666674,0.0,0.8117154811715479,0.051008841532532295,0.4257088846880883,1.0,1.0,0.0,0.0,0.0,0.0,0.0,0.0,0.0,0.0,0.0,0.0,0.0,0.0,0.0,0.0,0.0,0.0,0.0,0.0,0.0,0.0,0.0,1.0,0.0
8017,0.037037037037037035,1.0,0.0,0.0,0.5555555555555556,0.25,0.7385748062786976,0.0,1.0,0.14285714285714285,0.10416666666666674,0.0,0.8117154811715479,0.051008841532532295,0.4257088846880883,1.0,0.0,0.0,0.0,0.0,0.0,0.0,0.0,1.0,0.0,0.0,0.0,0.0,1.0,0.0,0.0,0.0,1.0,0.0,0.0,0.0,0.0,0.0,0.0,0.0
8018,0.5802469135802468,0.0,0.0,0.0,0.5555555555555556,0.25,0.6717469358140523,0.0,1.0,0.14285714285714285,0.10416666666666674,0.0,0.8117154811715479,0.051008841532532295,0.4257088846880883,1.0,0.0,0.0,0.0,0.0,1.0,0.0,0.0,0.0,0.0,0.0,0.0,1.0,0.0,0.0,0.0,0.0,1.0,0.0,0.0,0.0,0.0,1.0,0.0,0.0
8019,0.2222222222222222,0.0,0.0,0.0,0.5555555555555556,0.25,0.7165521485397763,0.0,1.0,0.0,0.10416666666666674,0.0,0.8117154811715479,0.051008841532532295,0.4257088846880883,1.0,0.0,0.0,0.0,0.0,0.0,0.0,0.0,0.0,1.0,0.0,0.0,1.0,0.0,0.0,0.0,0.0,0.0,0.0,1.0,0.0,0.0,0.0,1.0,0.0
8020,0.7037037037037037,1.0,0.0,0.0,0.5555555555555556,0.5,0.7394543255121515,0.0,0.013013013013013013,0.14285714285714285,0.10416666666666674,0.0,0.8117154811715479,0.04987531172069826,0.4257088846880883,1.0,0.0,0.0,0.0,0.0,1.0,0.0,0.0,0.0,0.0,0.0,0.0,0.0,0.0,0.0,0.0,0.0,0.0,0.0,0.0,0.0,0.0,0.0,0.0,1.0
8021,0.1111111111111111,1.0,1.0,0.0,0.5555555555555556,0.5,0.492850661870268,0.0,1.0,0.0,0.10416666666666674,0.0,0.8117154811715479,0.04987531172069826,0.4257088846880883,0.0,0.0,0.0,0.0,0.0,0.0,0.0,0.0,0.0,1.0,0.0,0.0,0.0,1.0,0.0,0.0,0.0,0.0,0.0,0.0,1.0,0.0,0.0,1.0,0.0
8022,0.25925925925925924,1.0,0.0,0.0,0.5555555555555556,0.5,0.6442246085825132,0.07894736842105263,1.0,0.0,0.10416666666666674,0.0,0.8117154811715479,0.04987531172069826,0.4257088846880883,1.0,0.0,0.0,0.0,0.0,0.0,0.0,0.0,0.0,1.0,0.0,0.0,1.0,0.0,0.0,0.0,0.0,0.0,0.0,0.0,1.0,0.0,0.0,1.0,0.0
8023,0.2222222222222222,1.0,0.0,0.0,0.5555555555555556,0.5,0.7816962695415204,0.02631578947368421,1.0,0.2857142857142857,0.10416666666666674,0.0,0.8117154811715479,0.04987531172069826,0.4257088846880883,1.0,0.0,0.0,0.0,0.0,0.0,0.0,0.0,0.0,0.0,0.0,0.0,1.0,0.0,0.0,0.0,0.0,0.0,0.0,0.0,1.0,0.0,0.0,0.0,0.0
8024,0.24691358024691357,0.0,0.0,0.0,0.5555555555555556,0.5,0.6376454449299462,0.02631578947368421,1.0,0.0,0.10416666666666674,0.0,0.8117154811715479,0.04987531172069826,0.4257088846880883,1.0,0.0,0.0,0.0,0.0,0.0,0.0,0.0,0.0,0.0,0.0,0.0,1.0,0.0,0.0,0.0,0.0,0.0,0.0,0.0,1.0,0.0,0.0,1.0,0.0
8025,0.18518518518518517,1.0,0.0,0.0,0.5555555555555556,0.5,0.6452049071679414,0.02631578947368421,1.0,0.0,0.10416666666666674,0.0,0.8117154811715479,0.04987531172069826,0.4257088846880883,1.0,0.0,0.0,0.0,0.0,0.0,0.0,0.0,0.0,1.0,0.0,0.0,0.0,1.0,0.0,0.0,0.0,0.0,0.0,0.0,1.0,0.0,0.0,1.0,0.0
8026,0.19753086419753085,1.0,0.0,0.0,0.5555555555555556,0.5,0.6068862413262684,0.0,0.001001001001001001,0.14285714285714285,0.10416666666666674,0.0,0.8117154811715479,0.04987531172069826,0.4257088846880883,1.0,0.0,0.0,0.0,0.0,0.0,0.0,0.0,0.0,0.0,0.0,0.0,0.0,1.0,0.0,0.0,0.0,0.0,0.0,0.0,1.0,0.0,0.0,0.0,1.0
8027,0.4691358024691357,1.0,0.0,0.0,0.5555555555555556,0.5,0.6006386590863215,0.0,1.0,0.0,0.10416666666666674,0.0,0.8117154811715479,0.04987531172069826,0.4257088846880883,1.0,0.0,0.0,0.0,0.0,0.0,0.0,0.0,0.0,0.0,0.0,1.0,1.0,0.0,0.0,0.0,0.0,0.0,0.0,0.0,1.0,0.0,0.0,1.0,0.0
8028,0.7037037037037037,1.0,1.0,0.0,0.5555555555555556,0.5,0.6412337233355714,0.05263157894736842,1.0,0.0,0.10416666666666674,0.0,0.8117154811715479,0.04987531172069826,0.4257088846880883,1.0,0.0,0.0,0.0,0.0,1.0,0.0,0.0,0.0,0.0,0.0,0.0,1.0,0.0,0.0,0.0,0.0,0.0,0.0,0.0,1.0,0.0,0.0,1.0,0.0
8029,0.5802469135802468,1.0,0.0,0.0,0.5555555555555556,0.5,0.5862473099208212,0.0,0.003003003003003003,0.2857142857142857,0.10416666666666674,0.0,0.8117154811715479,0.04987531172069826,0.4257088846880883,1.0,0.0,0.0,0.0,0.0,1.0,0.0,0.0,0.0,0.0,0.0,0.0,1.0,0.0,0.0,0.0,0.0,0.0,0.0,0.0,0.0,0.0,0.0,0.0,1.0
8030,0.20987654320987653,0.0,0.0,0.0,0.5555555555555556,0.5,0.6208918069393788,0.0,1.0,0.0,0.10416666666666674,0.0,0.8117154811715479,0.04987531172069826,0.4257088846880883,1.0,0.0,0.0,0.0,0.0,0.0,0.0,0.0,0.0,0.0,0.0,0.0,0.0,1.0,0.0,0.0,0.0,0.0,0.0,0.0,1.0,0.0,0.0,1.0,0.0
8031,0.19753086419753085,0.0,0.0,0.0,0.5555555555555556,0.5,0.6853423935333421,0.0,1.0,0.0,0.10416666666666674,0.0,0.8117154811715479,0.04987531172069826,0.4257088846880883,1.0,0.0,0.0,0.0,0.0,0.0,0.0,0.0,0.0,0.0,0.0,0.0,0.0,1.0,0.0,0.0,0.0,0.0,0.0,0.0,1.0,0.0,0.0,1.0,0.0
8032,0.2839506172839506,1.0,0.0,0.0,0.5555555555555556,0.75,0.6554811725306058,0.02631578947368421,1.0,0.14285714285714285,0.10416666666666674,0.0,0.8117154811715479,0.04919519383359783,0.4257088846880883,0.0,0.0,0.0,0.0,0.0,0.0,0.0,0.0,0.0,0.0,0.0,0.0,0.0,0.0,0.0,0.0,0.0,1.0,0.0,0.0,0.0,0.0,0.0,0.0,0.0
8033,0.24691358024691357,0.0,0.0,0.0,0.5555555555555556,0.75,0.6821771312868369,0.05263157894736842,0.009009009009009009,0.14285714285714285,0.10416666666666674,0.0,0.8117154811715479,0.04919519383359783,0.4257088846880883,1.0,0.0,0.0,0.0,0.0,0.0,0.0,0.0,0.0,0.0,0.0,0.0,0.0,0.0,0.0,0.0,0.0,0.0,0.0,0.0,1.0,0.0,0.0,0.0,1.0
8034,0.6049382716049383,1.0,0.0,0.0,0.5555555555555556,0.75,0.6576965892230189,0.0,1.0,0.0,0.10416666666666674,0.0,0.8117154811715479,0.04919519383359783,0.4257088846880883,1.0,0.0,0.0,0.0,0.0,1.0,0.0,0.0,0.0,0.0,0.0,0.0,1.0,0.0,0.0,1.0,0.0,0.0,0.0,0.0,0.0,0.0,0.0,1.0,0.0
8035,0.2345679012345679,1.0,0.0,0.0,0.5555555555555556,0.75,0.725022458297862,0.0,1.0,0.0,0.10416666666666674,0.0,0.8117154811715479,0.04919519383359783,0.4257088846880883,1.0,0.0,0.0,0.0,0.0,0.0,0.0,0.0,0.0,1.0,0.0,0.0,0.0,1.0,0.0,0.0,0.0,0.0,0.0,1.0,0.0,0.0,0.0,1.0,0.0
8036,0.20987654320987653,1.0,0.0,0.0,0.5555555555555556,0.75,0.6981521658814236,0.13157894736842105,0.003003003003003003,0.14285714285714285,0.10416666666666674,0.0,0.8117154811715479,0.04919519383359783,0.4257088846880883,1.0,0.0,0.0,0.0,0.0,0.0,0.0,0.0,0.0,0.0,0.0,0.0,0.0,1.0,0.0,0.0,0.0,0.0,0.0,0.0,1.0,0.0,0.0,0.0,1.0
8037,0.2222222222222222,0.0,0.0,0.0,0.5555555555555556,0.75,0.5909849360662706,0.0,0.003003003003003003,0.14285714285714285,0.10416666666666674,0.0,0.8117154811715479,0.04919519383359783,0.4257088846880883,1.0,1.0,0.0,0.0,0.0,0.0,0.0,0.0,0.0,0.0,0.0,0.0,0.0,0.0,0.0,0.0,0.0,1.0,0.0,0.0,0.0,0.0,0.0,0.0,1.0
8038,0.18518518518518517,0.0,0.0,0.0,0.5555555555555556,0.75,0.5894268318375645,0.0,0.003003003003003003,0.2857142857142857,0.10416666666666674,0.0,0.8117154811715479,0.04919519383359783,0.4257088846880883,1.0,0.0,0.0,0.0,1.0,0.0,0.0,0.0,0.0,0.0,0.0,0.0,0.0,1.0,0.0,0.0,0.0,0.0,0.0,0.0,1.0,0.0,0.0,0.0,1.0
8039,0.6666666666666665,1.0,0.0,0.0,0.5555555555555556,0.75,0.6334058816143029,0.0,0.006006006006006006,0.2857142857142857,0.10416666666666674,0.0,0.8117154811715479,0.04919519383359783,0.4257088846880883,1.0,0.0,0.0,0.0,0.0,1.0,0.0,0.0,0.0,0.0,0.0,0.0,0.0,1.0,0.0,0.0,0.0,0.0,0.0,0.0,1.0,0.0,0.0,0.0,0.0
8040,0.14814814814814814,1.0,0.0,0.0,0.5555555555555556,0.75,0.49977237288625836,0.0,1.0,0.14285714285714285,0.10416666666666674,0.0,0.8117154811715479,0.04919519383359783,0.4257088846880883,0.0,0.0,0.0,0.0,0.0,0.0,0.0,0.0,0.0,0.0,0.0,0.0,1.0,0.0,0.0,0.0,0.0,0.0,0.0,0.0,1.0,0.0,0.0,0.0,0.0
8041,0.14814814814814814,0.0,0.0,0.0,0.5555555555555556,0.75,0.5743891340707834,0.0,1.0,0.0,0.10416666666666674,0.0,0.8117154811715479,0.04919519383359783,0.4257088846880883,0.0,0.0,0.0,0.0,0.0,0.0,0.0,0.0,0.0,0.0,0.0,0.0,1.0,0.0,0.0,0.0,0.0,0.0,0.0,0.0,1.0,0.0,0.0,1.0,0.0
8042,0.08641975308641975,1.0,0.0,0.0,0.5555555555555556,0.75,0.5962813035550764,0.0,1.0,0.0,0.10416666666666674,0.0,0.8117154811715479,0.04919519383359783,0.4257088846880883,1.0,0.0,0.0,0.0,0.0,0.0,0.0,0.0,0.0,0.0,0.0,0.0,0.0,1.0,0.0,0.0,0.0,0.0,0.0,0.0,1.0,0.0,0.0,1.0,0.0
8043,0.34567901234567905,0.0,1.0,0.0,0.5555555555555556,0.75,0.5955391234938983,0.0,1.0,0.0,0.10416666666666674,0.0,0.8117154811715479,0.04919519383359783,0.4257088846880883,0.0,0.0,0.0,0.0,0.0,0.0,1.0,0.0,0.0,0.0,0.0,0.0,1.0,0.0,0.0,0.0,0.0,0.0,0.0,0.0,1.0,0.0,0.0,1.0,0.0
8044,0.09876543209876543,0.0,0.0,0.0,0.5555555555555556,0.75,0.6140973378497864,0.0,1.0,0.0,0.10416666666666674,0.0,0.8117154811715479,0.04919519383359783,0.4257088846880883,1.0,0.0,0.0,0.0,0.0,0.0,0.0,0.0,1.0,0.0,0.0,0.0,0.0,1.0,0.0,0.0,0.0,0.0,0.0,0.0,1.0,0.0,0.0,1.0,0.0
8045,0.25925925925925924,0.0,0.0,0.0,0.5555555555555556,0.75,0.6244388640920251,0.02631578947368421,1.0,0.0,0.10416666666666674,0.0,0.8117154811715479,0.04919519383359783,0.4257088846880883,0.0,0.0,0.0,0.0,0.0,0.0,0.0,0.0,0.0,0.0,0.0,0.0,0.0,0.0,0.0,0.0,0.0,0.0,0.0,1.0,0.0,0.0,0.0,1.0,0.0
8046,0.13580246913580246,1.0,0.0,0.0,0.5555555555555556,0.75,0.48923083320309235,0.02631578947368421,0.003003003003003003,0.14285714285714285,0.10416666666666674,0.0,0.8117154811715479,0.04919519383359783,0.4257088846880883,1.0,0.0,0.0,0.0,0.0,0.0,0.0,0.0,0.0,1.0,0.0,0.0,0.0,1.0,0.0,0.0,0.0,0.0,0.0,1.0,0.0,0.0,0.0,0.0,1.0
8047,0.13580246913580246,1.0,0.0,0.0,0.5555555555555556,0.75,0.5140006512933829,0.05263157894736842,1.0,0.0,0.10416666666666674,0.0,0.8117154811715479,0.04919519383359783,0.4257088846880883,1.0,0.0,0.0,0.0,0.0,0.0,0.0,0.0,0.0,1.0,0.0,0.0,0.0,1.0,0.0,0.0,0.0,0.0,0.0,1.0,0.0,0.0,0.0,1.0,0.0
8048,0.20987654320987653,1.0,0.0,0.0,0.5555555555555556,0.75,0.6789243392652736,0.02631578947368421,0.003003003003003003,0.14285714285714285,0.10416666666666674,0.0,0.8117154811715479,0.04919519383359783,0.4257088846880883,1.0,0.0,0.0,0.0,0.0,0.0,0.0,0.0,0.0,1.0,0.0,0.0,0.0,1.0,0.0,0.0,0.0,0.0,0.0,0.0,0.0,1.0,0.0,0.0,1.0
8049,0.419753086419753,1.0,1.0,0.0,0.5555555555555556,1.0,0.6391967001499177,0.07894736842105263,1.0,0.0,0.10416666666666674,0.0,0.8117154811715479,0.04874178190886419,0.4257088846880883,1.0,0.0,0.0,0.0,1.0,0.0,0.0,0.0,0.0,0.0,0.0,0.0,1.0,0.0,0.0,0.0,0.0,1.0,0.0,0.0,0.0,0.0,0.0,1.0,0.0
8050,0.5432098765432098,1.0,1.0,0.0,0.5555555555555556,1.0,0.697214829053618,0.0,1.0,0.0,0.10416666666666674,0.0,0.8117154811715479,0.04874178190886419,0.4257088846880883,1.0,0.0,0.0,0.0,0.0,1.0,0.0,0.0,0.0,0.0,0.0,0.0,1.0,0.0,0.0,0.0,0.0,0.0,0.0,0.0,0.0,0.0,0.0,1.0,0.0
8051,0.5432098765432098,1.0,0.0,0.0,0.5555555555555556,1.0,0.603456402174661,0.0,0.015015015015015015,0.14285714285714285,0.10416666666666674,0.0,0.8117154811715479,0.04874178190886419,0.4257088846880883,1.0,0.0,0.0,0.0,0.0,1.0,0.0,0.0,0.0,0.0,0.0,0.0,1.0,0.0,0.0,0.0,0.0,0.0,0.0,0.0,0.0,0.0,0.0,0.0,1.0
8052,0.5432098765432098,1.0,1.0,0.0,0.5555555555555556,1.0,0.49977237288625836,0.0,1.0,0.14285714285714285,0.10416666666666674,0.0,0.8117154811715479,0.04874178190886419,0.4257088846880883,0.0,0.0,0.0,0.0,0.0,1.0,0.0,0.0,0.0,0.0,0.0,0.0,1.0,0.0,0.0,0.0,0.0,0.0,0.0,0.0,0.0,0.0,0.0,0.0,0.0
8053,0.5061728395061729,1.0,0.0,0.0,0.5555555555555556,1.0,0.5331930189342876,0.0,1.0,0.0,0.10416666666666674,0.0,0.8117154811715479,0.04874178190886419,0.4257088846880883,0.0,0.0,0.0,0.0,0.0,1.0,0.0,0.0,0.0,0.0,0.0,0.0,1.0,0.0,0.0,0.0,0.0,0.0,0.0,0.0,1.0,0.0,0.0,1.0,0.0
8054,0.8641975308641974,0.0,0.0,0.0,0.5555555555555556,1.0,0.6603011638753588,0.0,1.0,0.0,0.10416666666666674,0.0,0.8117154811715479,0.04874178190886419,0.4257088846880883,1.0,0.0,0.0,0.0,0.0,1.0,0.0,0.0,0.0,0.0,0.0,0.0,0.0,0.0,0.0,0.0,0.0,0.0,0.0,0.0,0.0,0.0,0.0,1.0,0.0
8055,0.2716049382716049,1.0,0.0,1.0,0.5555555555555556,1.0,0.5474693214896542,0.02631578947368421,1.0,0.0,0.10416666666666674,0.0,0.8117154811715479,0.04874178190886419,0.4257088846880883,0.0,0.0,0.0,0.0,0.0,0.0,0.0,0.0,1.0,0.0,0.0,0.0,0.0,1.0,0.0,0.0,0.0,0.0,0.0,0.0,0.0,1.0,0.0,1.0,0.0
8056,0.4567901234567901,1.0,1.0,0.0,0.5555555555555556,1.0,0.6261730746079361,0.0,1.0,0.14285714285714285,0.10416666666666674,0.0,0.8117154811715479,0.04874178190886419,0.4257088846880883,1.0,0.0,0.0,0.0,0.0,0.0,0.0,0.0,0.0,0.0,0.0,0.0,1.0,0.0,0.0,0.0,0.0,0.0,0.0,0.0,1.0,0.0,0.0,0.0,0.0
8057,0.08641975308641975,0.0,0.0,0.0,0.5555555555555556,1.0,0.6615821400485514,0.0,1.0,0.0,0.10416666666666674,0.0,0.8117154811715479,0.04874178190886419,0.4257088846880883,1.0,0.0,0.0,0.0,0.0,0.0,0.0,0.0,1.0,0.0,0.0,0.0,0.0,1.0,0.0,0.0,0.0,1.0,0.0,0.0,0.0,0.0,0.0,1.0,0.0
8058,0.20987654320987653,0.0,0.0,0.0,0.5555555555555556,1.0,0.7383538951349292,0.02631578947368421,0.002002002002002002,0.14285714285714285,0.10416666666666674,0.0,0.8117154811715479,0.04874178190886419,0.4257088846880883,1.0,0.0,0.0,0.0,0.0,0.0,0.0,0.0,0.0,0.0,1.0,0.0,0.0,1.0,0.0,0.0,0.0,0.0,0.0,1.0,0.0,0.0,0.0,0.0,1.0
8059,0.4567901234567901,1.0,0.0,0.0,0.5555555555555556,1.0,0.5319212752022946,0.02631578947368421,0.003003003003003003,0.14285714285714285,0.10416666666666674,0.0,0.8117154811715479,0.04874178190886419,0.4257088846880883,1.0,0.0,0.0,0.0,0.0,0.0,0.0,0.0,0.0,0.0,0.0,0.0,1.0,0.0,0.0,0.0,0.0,0.0,0.0,0.0,1.0,0.0,0.0,0.0,1.0
8060,0.5555555555555556,1.0,0.0,0.0,0.5555555555555556,1.0,0.5601990426951532,0.0,1.0,0.0,0.10416666666666674,0.0,0.8117154811715479,0.04874178190886419,0.4257088846880883,1.0,0.0,0.0,0.0,0.0,0.0,0.0,0.0,0.0,0.0,0.0,0.0,1.0,0.0,0.0,0.0,0.0,0.0,0.0,0.0,1.0,0.0,0.0,1.0,0.0
8061,0.765432098765432,0.0,0.0,0.0,0.5555555555555556,1.0,0.56984667205054,0.0,0.003003003003003003,0.2857142857142857,0.10416666666666674,0.0,0.8117154811715479,0.04874178190886419,0.4257088846880883,1.0,0.0,0.0,1.0,0.0,0.0,0.0,0.0,0.0,0.0,0.0,0.0,1.0,0.0,0.0,0.0,0.0,0.0,0.0,0.0,0.0,0.0,0.0,0.0,1.0
8062,0.16049382716049382,1.0,0.0,0.0,0.5555555555555556,1.0,0.6509210996671051,0.0,1.0,0.0,0.10416666666666674,0.0,0.8117154811715479,0.04874178190886419,0.4257088846880883,1.0,1.0,0.0,0.0,0.0,0.0,0.0,0.0,0.0,0.0,0.0,0.0,1.0,0.0,0.0,0.0,0.0,1.0,0.0,0.0,0.0,0.0,0.0,1.0,0.0
8063,0.2345679012345679,1.0,0.0,0.0,0.5555555555555556,1.0,0.5970188304191458,0.0,0.003003003003003003,0.2857142857142857,0.10416666666666674,0.0,0.8117154811715479,0.04874178190886419,0.4257088846880883,1.0,0.0,0.0,0.0,0.0,0.0,0.0,0.0,0.0,0.0,0.0,0.0,0.0,1.0,0.0,0.0,0.0,1.0,0.0,0.0,0.0,0.0,0.0,0.0,1.0
8064,0.2716049382716049,1.0,1.0,0.0,0.5555555555555556,1.0,0.6870647544554597,0.02631578947368421,0.014014014014014014,0.14285714285714285,0.10416666666666674,0.0,0.8117154811715479,0.04874178190886419,0.4257088846880883,1.0,0.0,0.0,0.0,0.0,0.0,0.0,0.0,0.0,0.0,0.0,0.0,1.0,0.0,0.0,0.0,0.0,0.0,0.0,0.0,1.0,0.0,0.0,0.0,1.0
8065,0.5802469135802468,0.0,0.0,0.0,0.5555555555555556,1.0,0.6509210996671051,0.07894736842105263,1.0,0.0,0.10416666666666674,0.0,0.8117154811715479,0.04874178190886419,0.4257088846880883,1.0,0.0,0.0,0.0,0.0,1.0,0.0,0.0,0.0,0.0,0.0,0.0,1.0,0.0,0.0,0.0,0.0,0.0,0.0,0.0,0.0,1.0,0.0,1.0,0.0
8066,0.08641975308641975,1.0,1.0,0.0,0.5555555555555556,1.0,0.7779664411331088,0.0,0.003003003003003003,0.2857142857142857,0.10416666666666674,0.0,0.8117154811715479,0.04874178190886419,0.4257088846880883,1.0,0.0,0.0,0.0,0.0,0.0,0.0,0.0,1.0,0.0,0.0,0.0,0.0,1.0,0.0,0.0,0.0,0.0,0.0,0.0,0.0,1.0,0.0,0.0,1.0
8067,0.08641975308641975,1.0,0.0,0.0,0.5555555555555556,1.0,0.7157509980005988,0.0,0.006006006006006006,0.14285714285714285,0.10416666666666674,0.0,0.8117154811715479,0.04874178190886419,0.4257088846880883,1.0,0.0,0.0,0.0,0.0,0.0,0.0,0.0,1.0,0.0,0.0,0.0,0.0,1.0,0.0,0.0,0.0,0.0,0.0,0.0,0.0,1.0,0.0,0.0,1.0
8068,0.654320987654321,1.0,0.0,0.0,0.5555555555555556,0.0,0.506309340633733,0.05263157894736842,1.0,0.14285714285714285,0.10416666666666674,0.0,0.8117154811715479,0.04738154613466333,0.4257088846880883,0.0,0.0,0.0,0.0,0.0,1.0,0.0,0.0,0.0,0.0,0.0,0.0,1.0,0.0,0.0,0.0,0.0,0.0,0.0,0.0,1.0,0.0,0.0,0.0,0.0
8069,0.7037037037037037,1.0,0.0,0.0,0.5555555555555556,0.0,0.7232759870961841,0.02631578947368421,0.006006006006006006,0.14285714285714285,0.10416666666666674,0.0,0.8117154811715479,0.04738154613466333,0.4257088846880883,1.0,0.0,0.0,0.0,0.0,1.0,0.0,0.0,0.0,0.0,0.0,0.0,1.0,0.0,0.0,0.0,0.0,0.0,0.0,0.0,0.0,0.0,1.0,0.0,1.0
8070,0.3703703703703703,1.0,0.0,0.0,0.5555555555555556,0.0,0.6412337233355714,0.02631578947368421,1.0,0.0,0.10416666666666674,0.0,0.8117154811715479,0.04738154613466333,0.4257088846880883,1.0,0.0,0.0,1.0,0.0,0.0,0.0,0.0,0.0,0.0,0.0,0.0,1.0,0.0,0.0,0.0,0.0,0.0,0.0,0.0,1.0,0.0,0.0,1.0,0.0
8071,0.25925925925925924,1.0,0.0,0.0,0.5555555555555556,0.0,0.77280192893164,0.02631578947368421,1.0,0.0,0.10416666666666674,0.0,0.8117154811715479,0.04738154613466333,0.4257088846880883,1.0,0.0,0.0,0.0,0.0,0.0,0.0,0.0,0.0,0.0,1.0,0.0,0.0,1.0,0.0,0.0,0.0,1.0,0.0,0.0,0.0,0.0,0.0,1.0,0.0
8072,0.39506172839506176,0.0,0.0,0.0,0.5555555555555556,0.25,0.5529417104829256,0.02631578947368421,1.0,0.0,0.10416666666666674,0.0,0.8117154811715479,0.046248016322829294,0.4257088846880883,0.0,0.0,0.0,0.0,0.0,0.0,0.0,0.0,0.0,1.0,0.0,0.0,0.0,0.0,0.0,0.0,0.0,1.0,0.0,0.0,0.0,0.0,0.0,1.0,0.0
8073,0.6049382716049383,1.0,0.0,0.0,0.5555555555555556,0.25,0.5838049699531718,0.02631578947368421,1.0,0.0,0.10416666666666674,0.0,0.8117154811715479,0.046248016322829294,0.4257088846880883,1.0,0.0,0.0,0.0,0.0,1.0,0.0,0.0,0.0,0.0,0.0,0.0,1.0,0.0,0.0,0.0,0.0,0.0,0.0,0.0,0.0,0.0,1.0,1.0,0.0
8074,0.5679012345679011,0.0,0.0,0.0,0.5555555555555556,0.25,0.7338462498046386,0.0,1.0,0.14285714285714285,0.10416666666666674,0.0,0.8117154811715479,0.046248016322829294,0.4257088846880883,1.0,0.0,0.0,1.0,0.0,0.0,0.0,0.0,0.0,0.0,0.0,0.0,1.0,0.0,0.0,0.0,0.0,0.0,0.0,0.0,0.0,0.0,0.0,0.0,0.0
8075,0.419753086419753,1.0,0.0,0.0,0.5555555555555556,0.25,0.6190773470668909,0.0,0.006006006006006006,0.14285714285714285,0.10416666666666674,0.0,0.8117154811715479,0.046248016322829294,0.4257088846880883,1.0,0.0,0.0,0.0,0.0,0.0,0.0,0.0,0.0,0.0,0.0,0.0,0.0,0.0,0.0,0.0,0.0,1.0,0.0,0.0,0.0,0.0,0.0,0.0,1.0
8076,0.5061728395061729,0.0,0.0,0.0,0.5555555555555556,0.25,0.573494565885327,0.02631578947368421,1.0,0.0,0.10416666666666674,0.0,0.8117154811715479,0.046248016322829294,0.4257088846880883,1.0,0.0,0.0,0.0,0.0,1.0,0.0,0.0,0.0,0.0,0.0,0.0,1.0,0.0,0.0,0.0,0.0,1.0,0.0,0.0,0.0,0.0,0.0,1.0,0.0
8077,0.4567901234567901,0.0,0.0,0.0,0.5555555555555556,0.25,0.5109842001350153,0.0,1.0,0.0,0.10416666666666674,0.0,0.8117154811715479,0.046248016322829294,0.4257088846880883,0.0,0.0,0.0,0.0,0.0,1.0,0.0,0.0,0.0,0.0,0.0,0.0,1.0,0.0,0.0,0.0,0.0,0.0,0.0,1.0,0.0,0.0,1.0,1.0,0.0
8078,0.5679012345679011,0.0,0.0,0.0,0.5555555555555556,0.25,0.7262542512230573,0.0,1.0,0.0,0.10416666666666674,0.0,0.8117154811715479,0.046248016322829294,0.4257088846880883,1.0,0.0,0.0,1.0,0.0,0.0,0.0,0.0,0.0,0.0,0.0,0.0,1.0,0.0,0.0,0.0,0.0,0.0,0.0,0.0,0.0,0.0,0.0,1.0,0.0
8079,0.4567901234567901,0.0,0.0,0.0,0.5555555555555556,0.25,0.5369277818064884,0.02631578947368421,1.0,0.0,0.10416666666666674,0.0,0.8117154811715479,0.046248016322829294,0.4257088846880883,1.0,0.0,0.0,0.0,0.0,1.0,0.0,0.0,0.0,0.0,0.0,0.0,1.0,0.0,0.0,0.0,0.0,0.0,0.0,1.0,0.0,0.0,1.0,1.0,0.0
8080,0.5555555555555556,1.0,0.0,0.0,0.5555555555555556,0.25,0.7383538951349292,0.05263157894736842,0.006006006006006006,0.14285714285714285,0.10416666666666674,0.0,0.8117154811715479,0.046248016322829294,0.4257088846880883,1.0,0.0,0.0,0.0,0.0,1.0,0.0,0.0,0.0,0.0,0.0,0.0,1.0,0.0,0.0,0.0,0.0,0.0,0.0,1.0,0.0,0.0,0.0,0.0,1.0
8081,0.5061728395061729,1.0,0.0,0.0,0.5555555555555556,0.25,0.6461771040195569,0.13157894736842105,0.003003003003003003,0.14285714285714285,0.10416666666666674,0.0,0.8117154811715479,0.046248016322829294,0.4257088846880883,1.0,0.0,0.0,0.0,0.0,1.0,0.0,0.0,0.0,0.0,0.0,0.0,1.0,0.0,0.0,0.0,0.0,1.0,0.0,0.0,0.0,0.0,0.0,0.0,1.0
8082,0.48148148148148145,0.0,1.0,0.0,0.5555555555555556,0.25,0.7435445231564038,0.05263157894736842,1.0,0.0,0.10416666666666674,0.0,0.8117154811715479,0.046248016322829294,0.4257088846880883,1.0,0.0,0.0,0.0,0.0,0.0,0.0,1.0,0.0,0.0,0.0,0.0,0.0,1.0,0.0,0.0,0.0,1.0,0.0,0.0,0.0,0.0,0.0,1.0,0.0
8083,0.3209876543209876,1.0,0.0,0.0,0.5555555555555556,0.25,0.6677857821213365,0.02631578947368421,0.003003003003003003,0.2857142857142857,0.10416666666666674,0.0,0.8117154811715479,0.046248016322829294,0.4257088846880883,1.0,0.0,0.0,0.0,0.0,0.0,0.0,0.0,0.0,0.0,0.0,0.0,1.0,0.0,0.0,0.0,0.0,1.0,0.0,0.0,0.0,0.0,0.0,0.0,1.0
8084,0.12345679012345678,0.0,0.0,1.0,0.5555555555555556,0.5,0.7094205620899076,0.05263157894736842,1.0,0.0,0.10416666666666674,0.0,0.8117154811715479,0.045341192473362046,0.4257088846880883,1.0,0.0,0.0,0.0,0.0,0.0,0.0,0.0,0.0,0.0,0.0,0.0,0.0,1.0,0.0,0.0,0.0,1.0,0.0,0.0,0.0,0.0,0.0,1.0,0.0
8085,0.30864197530864196,0.0,0.0,1.0,0.5555555555555556,0.5,0.5716847586578249,0.05263157894736842,1.0,0.0,0.10416666666666674,0.0,0.8117154811715479,0.045341192473362046,0.4257088846880883,1.0,0.0,0.0,0.0,0.0,1.0,0.0,0.0,0.0,0.0,0.0,0.0,0.0,0.0,0.0,0.0,0.0,0.0,1.0,0.0,0.0,0.0,0.0,1.0,0.0
8086,0.5185185185185184,1.0,0.0,1.0,0.5555555555555556,0.5,0.6452049071679414,0.05263157894736842,1.0,0.14285714285714285,0.10416666666666674,0.0,0.8117154811715479,0.045341192473362046,0.4257088846880883,0.0,0.0,0.0,0.0,0.0,0.0,0.0,0.0,0.0,1.0,0.0,0.0,1.0,0.0,0.0,0.0,0.0,0.0,0.0,1.0,0.0,0.0,0.0,0.0,0.0
8087,0.5185185185185184,1.0,0.0,0.0,0.5555555555555556,0.5,0.6295666315558228,0.07894736842105263,1.0,0.0,0.10416666666666674,0.0,0.8117154811715479,0.045341192473362046,0.4257088846880883,1.0,0.0,0.0,0.0,0.0,0.0,0.0,0.0,0.0,1.0,0.0,0.0,1.0,0.0,0.0,0.0,0.0,0.0,0.0,1.0,0.0,0.0,0.0,1.0,0.0
8088,0.7777777777777777,1.0,0.0,0.0,0.5555555555555556,0.5,0.6800186276166762,0.0,1.0,0.0,0.10416666666666674,0.0,0.8117154811715479,0.045341192473362046,0.4257088846880883,1.0,0.0,0.0,0.0,0.0,1.0,0.0,0.0,0.0,0.0,0.0,0.0,1.0,0.0,0.0,0.0,0.0,0.0,0.0,0.0,0.0,0.0,0.0,1.0,0.0
8089,0.30864197530864196,0.0,0.0,0.0,0.5555555555555556,0.5,0.5870502833422594,0.07894736842105263,1.0,0.0,0.10416666666666674,0.0,0.8117154811715479,0.045341192473362046,0.4257088846880883,0.0,0.0,0.0,0.0,0.0,1.0,0.0,0.0,0.0,0.0,0.0,0.0,0.0,0.0,0.0,0.0,0.0,0.0,1.0,0.0,0.0,0.0,0.0,1.0,0.0
8090,0.13580246913580246,0.0,0.0,0.0,0.5555555555555556,0.75,0.7708052447952238,0.07894736842105263,1.0,0.14285714285714285,0.10416666666666674,0.0,0.8117154811715479,0.04420766266152801,0.4257088846880883,1.0,0.0,0.0,0.0,0.0,0.0,0.0,0.0,1.0,0.0,0.0,0.0,0.0,1.0,0.0,0.0,0.0,0.0,0.0,0.0,0.0,1.0,0.0,0.0,0.0
8091,0.6666666666666665,0.0,0.0,0.0,0.5555555555555556,0.75,0.5886399717165399,0.0,1.0,0.0,0.10416666666666674,0.0,0.8117154811715479,0.04420766266152801,0.4257088846880883,0.0,0.0,0.0,0.0,0.0,1.0,0.0,0.0,0.0,0.0,0.0,0.0,1.0,0.0,0.0,0.0,0.0,0.0,0.0,0.0,1.0,0.0,0.0,1.0,0.0
8092,0.6666666666666665,1.0,0.0,0.0,0.5555555555555556,0.75,0.8251887348242504,0.0,1.0,0.0,0.10416666666666674,0.0,0.8117154811715479,0.04420766266152801,0.4257088846880883,0.0,0.0,0.0,0.0,0.0,1.0,0.0,0.0,0.0,0.0,0.0,0.0,1.0,0.0,0.0,0.0,0.0,0.0,0.0,0.0,1.0,0.0,0.0,1.0,0.0
8093,0.5185185185185184,0.0,0.0,0.0,0.5555555555555556,0.75,0.6541316149049302,0.05263157894736842,0.015015015015015015,0.14285714285714285,0.10416666666666674,0.0,0.8117154811715479,0.04420766266152801,0.4257088846880883,1.0,0.0,0.0,0.0,0.0,0.0,0.0,0.0,0.0,0.0,0.0,0.0,0.0,1.0,0.0,0.0,0.0,0.0,0.0,0.0,1.0,0.0,0.0,0.0,1.0
8094,0.419753086419753,1.0,0.0,0.0,0.5555555555555556,0.75,0.6306764053478436,0.0,1.0,0.0,0.10416666666666674,0.0,0.8117154811715479,0.04420766266152801,0.4257088846880883,1.0,0.0,0.0,0.0,0.0,0.0,0.0,0.0,0.0,0.0,0.0,0.0,1.0,0.0,0.0,0.0,0.0,0.0,0.0,0.0,1.0,0.0,0.0,1.0,0.0
8095,0.35802469135802467,1.0,0.0,0.0,0.5555555555555556,0.75,0.7176119318291706,0.05263157894736842,1.0,0.0,0.10416666666666674,0.0,0.8117154811715479,0.04420766266152801,0.4257088846880883,1.0,0.0,0.0,0.0,0.0,0.0,0.0,0.0,0.0,0.0,0.0,0.0,1.0,0.0,0.0,0.0,0.0,0.0,0.0,0.0,1.0,0.0,0.0,1.0,0.0
8096,0.4074074074074074,0.0,1.0,0.0,0.5555555555555556,0.75,0.7215031956410405,0.0,0.015015015015015015,0.2857142857142857,0.10416666666666674,0.0,0.8117154811715479,0.04420766266152801,0.4257088846880883,1.0,0.0,0.0,0.0,0.0,0.0,0.0,0.0,0.0,0.0,0.0,0.0,1.0,0.0,0.0,0.0,0.0,0.0,0.0,0.0,1.0,0.0,0.0,0.0,0.0
8097,0.5061728395061729,0.0,0.0,0.0,0.5555555555555556,0.75,0.7045123715378098,0.02631578947368421,1.0,0.14285714285714285,0.10416666666666674,0.0,0.8117154811715479,0.04420766266152801,0.4257088846880883,1.0,0.0,0.0,0.0,0.0,1.0,0.0,0.0,0.0,0.0,0.0,0.0,0.0,0.0,0.0,0.0,0.0,1.0,0.0,0.0,0.0,0.0,0.0,0.0,0.0
8098,0.1728395061728395,0.0,0.0,0.0,0.5555555555555556,0.75,0.5183850773918827,0.0,0.003003003003003003,0.14285714285714285,0.10416666666666674,0.0,0.8117154811715479,0.04420766266152801,0.4257088846880883,1.0,0.0,0.0,0.0,0.0,0.0,0.0,0.0,0.0,0.0,0.0,0.0,0.0,1.0,0.0,0.0,0.0,0.0,0.0,0.0,1.0,0.0,0.0,0.0,1.0
8099,0.09876543209876543,1.0,0.0,0.0,0.5555555555555556,1.0,0.5183850773918827,0.0,1.0,0.14285714285714285,0.10416666666666674,0.0,0.8117154811715479,0.04330083881206076,0.4257088846880883,0.0,0.0,0.0,0.0,0.0,0.0,0.0,0.0,1.0,0.0,0.0,0.0,0.0,1.0,0.0,0.0,0.0,0.0,0.0,0.0,0.0,1.0,1.0,0.0,0.0
8100,0.19753086419753085,0.0,0.0,0.0,0.5555555555555556,1.0,0.6278820898893921,0.05263157894736842,0.015015015015015015,0.14285714285714285,0.10416666666666674,0.0,0.8117154811715479,0.04330083881206076,0.4257088846880883,1.0,0.0,0.0,0.0,0.0,0.0,0.0,0.0,0.0,0.0,0.0,0.0,1.0,0.0,0.0,0.0,0.0,1.0,0.0,0.0,0.0,0.0,0.0,0.0,1.0
8101,0.4691358024691357,1.0,0.0,0.0,0.5555555555555556,1.0,0.7569288416079759,0.0,1.0,0.0,0.10416666666666674,0.0,0.8117154811715479,0.04330083881206076,0.4257088846880883,1.0,0.0,1.0,0.0,0.0,0.0,0.0,0.0,0.0,0.0,0.0,0.0,0.0,0.0,0.0,0.0,1.0,0.0,0.0,0.0,0.0,0.0,0.0,1.0,0.0
8102,0.1111111111111111,0.0,1.0,0.0,0.5555555555555556,1.0,0.6068862413262684,0.0,1.0,0.0,0.10416666666666674,0.0,0.8117154811715479,0.04330083881206076,0.4257088846880883,1.0,0.0,0.0,0.0,0.0,0.0,0.0,0.0,1.0,0.0,0.0,0.0,0.0,1.0,0.0,0.0,0.0,0.0,0.0,0.0,1.0,0.0,0.0,1.0,0.0
8103,0.5555555555555556,1.0,1.0,0.0,0.5555555555555556,1.0,0.7352167719029069,0.02631578947368421,1.0,0.14285714285714285,0.10416666666666674,0.0,0.8117154811715479,0.04330083881206076,0.4257088846880883,1.0,0.0,0.0,0.0,0.0,1.0,0.0,0.0,0.0,0.0,0.0,0.0,1.0,0.0,0.0,0.0,0.0,0.0,0.0,1.0,0.0,0.0,0.0,0.0,0.0
8104,0.1111111111111111,1.0,0.0,0.0,0.5555555555555556,1.0,0.5940405662922726,0.02631578947368421,0.006006006006006006,0.2857142857142857,0.10416666666666674,0.0,0.8117154811715479,0.04330083881206076,0.4257088846880883,1.0,0.0,0.0,0.0,0.0,0.0,0.0,0.0,1.0,0.0,0.0,0.0,0.0,1.0,0.0,0.0,0.0,1.0,0.0,0.0,0.0,0.0,0.0,0.0,0.0
8105,0.6790123456790123,1.0,1.0,0.0,0.5555555555555556,1.0,0.6278820898893921,0.18421052631578946,1.0,0.14285714285714285,0.10416666666666674,0.0,0.8117154811715479,0.04330083881206076,0.4257088846880883,1.0,0.0,0.0,0.0,0.0,0.0,0.0,0.0,0.0,0.0,0.0,1.0,1.0,0.0,0.0,0.0,0.0,0.0,0.0,0.0,0.0,1.0,0.0,0.0,0.0
8106,0.16049382716049382,0.0,0.0,0.0,0.5555555555555556,0.0,0.540547610473664,0.02631578947368421,0.003003003003003003,0.2857142857142857,0.10416666666666674,0.0,0.8117154811715479,0.04239401496259351,0.4257088846880883,1.0,0.0,0.0,0.0,0.0,0.0,0.0,0.0,1.0,0.0,0.0,0.0,1.0,0.0,0.0,0.0,0.0,0.0,0.0,0.0,1.0,0.0,0.0,0.0,1.0
8107,0.691358024691358,0.0,0.0,1.0,0.5555555555555556,0.0,0.6476204981957939,0.07894736842105263,1.0,0.0,0.10416666666666674,0.0,0.8117154811715479,0.04239401496259351,0.4257088846880883,0.0,0.0,0.0,0.0,0.0,1.0,0.0,0.0,0.0,0.0,0.0,0.0,1.0,0.0,0.0,0.0,0.0,0.0,0.0,0.0,1.0,0.0,0.0,1.0,0.0
8108,0.691358024691358,0.5,0.5,0.0,0.5555555555555556,0.0,0.5977517620704379,0.05263157894736842,1.0,0.14285714285714285,0.10416666666666674,0.0,0.8117154811715479,0.04239401496259351,0.4257088846880883,1.0,0.0,0.0,0.0,0.0,1.0,0.0,0.0,0.0,0.0,0.0,0.0,1.0,0.0,0.0,0.0,0.0,0.0,0.0,0.0,0.0,0.0,0.0,0.0,0.0
8109,0.25925925925925924,0.5,0.5,1.0,0.5555555555555556,0.0,0.7247745442978097,0.02631578947368421,0.009009009009009009,0.14285714285714285,0.10416666666666674,0.0,0.8117154811715479,0.04239401496259351,0.4257088846880883,1.0,0.0,0.0,0.0,0.0,0.0,0.0,0.0,0.0,1.0,0.0,0.0,1.0,0.0,0.0,0.0,0.0,0.0,0.0,1.0,0.0,0.0,0.0,0.0,1.0
8110,0.16049382716049382,1.0,0.0,0.0,0.5555555555555556,0.0,0.6153622441177717,0.05263157894736842,0.003003003003003003,0.14285714285714285,0.10416666666666674,0.0,0.8117154811715479,0.04239401496259351,0.4257088846880883,1.0,0.0,0.0,0.0,0.0,0.0,0.0,0.0,1.0,0.0,0.0,0.0,1.0,0.0,0.0,0.0,0.0,0.0,0.0,0.0,1.0,0.0,0.0,0.0,1.0
8111,0.4444444444444445,1.0,0.0,0.0,0.5555555555555556,0.0,0.6576965892230189,0.0,1.0,0.14285714285714285,0.10416666666666674,0.0,0.8117154811715479,0.04239401496259351,0.4257088846880883,1.0,0.0,0.0,0.0,0.0,0.0,0.0,0.0,0.0,0.0,0.0,0.0,1.0,0.0,0.0,0.0,0.0,0.0,0.0,0.0,1.0,0.0,0.0,0.0,0.0
8112,0.25925925925925924,1.0,0.0,0.0,0.5555555555555556,0.0,0.7240276519507142,0.0,0.006006006006006006,0.2857142857142857,0.10416666666666674,0.0,0.8117154811715479,0.04239401496259351,0.4257088846880883,1.0,0.0,0.0,0.0,0.0,0.0,0.0,0.0,0.0,0.0,0.0,0.0,1.0,0.0,0.0,0.0,0.0,1.0,0.0,0.0,0.0,0.0,0.0,0.0,0.0
8113,0.1728395061728395,1.0,1.0,0.0,0.5555555555555556,0.0,0.6594393640539922,0.02631578947368421,1.0,0.0,0.10416666666666674,0.0,0.8117154811715479,0.04239401496259351,0.4257088846880883,1.0,0.0,0.0,0.0,1.0,0.0,0.0,0.0,0.0,0.0,0.0,0.0,1.0,0.0,0.0,0.0,0.0,0.0,0.0,0.0,1.0,0.0,0.0,1.0,0.0
8114,0.18518518518518517,1.0,1.0,0.0,0.6666666666666667,0.25,0.49977237288625836,0.02631578947368421,1.0,0.0,0.0,0.0693686671862821,0.8786610878661085,0.0419406030378599,0.20378071833648193,0.0,0.0,0.0,0.0,0.0,0.0,0.0,0.0,0.0,0.0,0.0,0.0,0.0,1.0,0.0,0.0,0.0,0.0,0.0,0.0,1.0,0.0,0.0,1.0,0.0
8115,0.2716049382716049,1.0,0.0,0.0,0.6666666666666667,0.25,0.6568154229344138,0.02631578947368421,0.016016016016016016,0.14285714285714285,0.0,0.0693686671862821,0.8786610878661085,0.0419406030378599,0.20378071833648193,1.0,0.0,1.0,0.0,0.0,0.0,0.0,0.0,0.0,0.0,0.0,0.0,1.0,0.0,0.0,1.0,0.0,0.0,0.0,0.0,0.0,0.0,0.0,0.0,1.0
8116,0.2222222222222222,0.0,0.0,0.0,0.6666666666666667,0.25,0.5319212752022946,0.02631578947368421,1.0,0.0,0.0,0.0693686671862821,0.8786610878661085,0.0419406030378599,0.20378071833648193,0.0,0.0,1.0,0.0,0.0,0.0,0.0,0.0,0.0,0.0,0.0,0.0,1.0,0.0,0.0,0.0,0.0,1.0,0.0,0.0,0.0,0.0,0.0,1.0,0.0
8117,0.38271604938271603,0.0,0.0,0.0,0.6666666666666667,0.25,0.5417298832341686,0.05263157894736842,1.0,0.14285714285714285,0.0,0.0693686671862821,0.8786610878661085,0.0419406030378599,0.20378071833648193,0.0,0.0,0.0,0.0,0.0,0.0,0.0,0.0,0.0,1.0,0.0,0.0,1.0,0.0,0.0,0.0,1.0,0.0,0.0,0.0,0.0,0.0,0.0,0.0,0.0
8118,0.25925925925925924,1.0,1.0,0.0,0.6666666666666667,0.25,0.5591892927228724,0.0,1.0,0.0,0.0,0.0693686671862821,0.8786610878661085,0.0419406030378599,0.20378071833648193,0.0,0.0,0.0,0.0,0.0,0.0,0.0,0.0,0.0,0.0,0.0,0.0,0.0,1.0,0.0,0.0,0.0,0.0,0.0,0.0,1.0,0.0,0.0,1.0,0.0
8119,0.419753086419753,1.0,0.0,0.0,0.6666666666666667,0.25,0.5253477691257531,0.0,1.0,0.0,0.0,0.0693686671862821,0.8786610878661085,0.0419406030378599,0.20378071833648193,0.0,1.0,0.0,0.0,0.0,0.0,0.0,0.0,0.0,0.0,0.0,0.0,1.0,0.0,0.0,0.0,0.0,0.0,0.0,1.0,0.0,0.0,0.0,1.0,0.0
8120,0.19753086419753085,1.0,0.0,0.0,0.6666666666666667,0.25,0.6306764053478436,0.0,1.0,0.0,0.0,0.0693686671862821,0.8786610878661085,0.0419406030378599,0.20378071833648193,1.0,0.0,0.0,0.0,0.0,0.0,0.0,0.0,0.0,0.0,0.0,0.0,1.0,0.0,0.0,0.0,0.0,1.0,0.0,0.0,0.0,0.0,0.0,1.0,0.0
8121,0.4567901234567901,1.0,0.0,0.0,0.6666666666666667,0.25,0.5198109754500708,0.0,1.0,0.0,0.0,0.0693686671862821,0.8786610878661085,0.0419406030378599,0.20378071833648193,1.0,0.0,0.0,0.0,0.0,0.0,0.0,0.0,0.0,0.0,0.0,0.0,1.0,0.0,0.0,0.0,0.0,0.0,0.0,0.0,0.0,1.0,0.0,1.0,0.0
8122,0.765432098765432,0.0,0.0,0.0,0.6666666666666667,0.25,0.6121741045570199,0.0,1.0,0.14285714285714285,0.0,0.0693686671862821,0.8786610878661085,0.0419406030378599,0.20378071833648193,1.0,0.0,0.0,0.0,0.0,1.0,0.0,0.0,0.0,0.0,0.0,0.0,1.0,0.0,0.0,0.0,1.0,0.0,0.0,0.0,0.0,0.0,0.0,0.0,0.0
8123,0.2716049382716049,1.0,0.0,0.0,0.6666666666666667,0.25,0.7383538951349292,0.02631578947368421,1.0,0.0,0.0,0.0693686671862821,0.8786610878661085,0.0419406030378599,0.20378071833648193,1.0,0.0,1.0,0.0,0.0,0.0,0.0,0.0,0.0,0.0,0.0,0.0,1.0,0.0,0.0,1.0,0.0,0.0,0.0,0.0,0.0,0.0,0.0,1.0,0.0
8124,0.24691358024691357,1.0,0.0,0.0,0.6666666666666667,0.5,0.5821481094717212,0.02631578947368421,1.0,0.0,0.0,0.0693686671862821,0.8786610878661085,0.04058036726365902,0.20378071833648193,1.0,0.0,0.0,0.0,0.0,0.0,0.0,0.0,0.0,0.0,0.0,0.0,1.0,0.0,0.0,0.0,0.0,0.0,0.0,0.0,1.0,0.0,0.0,1.0,0.0
8125,0.20987654320987653,1.0,0.0,0.0,0.6666666666666667,0.5,0.6417375148956687,0.02631578947368421,1.0,0.0,0.0,0.0693686671862821,0.8786610878661085,0.04058036726365902,0.20378071833648193,1.0,0.0,0.0,0.0,0.0,0.0,0.0,0.0,0.0,1.0,0.0,0.0,1.0,0.0,0.0,0.0,0.0,0.0,0.0,1.0,0.0,0.0,0.0,1.0,0.0
8126,0.20987654320987653,1.0,1.0,0.0,0.6666666666666667,0.5,0.5651217337279456,0.05263157894736842,1.0,0.0,0.0,0.0693686671862821,0.8786610878661085,0.04058036726365902,0.20378071833648193,1.0,0.0,0.0,0.0,0.0,0.0,0.0,0.0,0.0,1.0,0.0,0.0,1.0,0.0,0.0,0.0,0.0,0.0,0.0,1.0,0.0,0.0,0.0,1.0,0.0
8127,0.012345679012345678,0.0,0.0,0.0,0.6666666666666667,0.75,0.7006158192674063,0.0,0.003003003003003003,0.14285714285714285,0.0,0.0693686671862821,0.8786610878661085,0.0396735434141918,0.20378071833648193,1.0,0.0,0.0,0.0,0.0,0.0,0.0,0.0,1.0,0.0,0.0,0.0,0.0,1.0,0.0,0.0,0.0,0.0,0.0,0.0,0.0,1.0,0.0,0.0,1.0
8128,0.1111111111111111,1.0,0.0,1.0,0.6666666666666667,0.75,0.7242771433474918,0.0,0.007007007007007007,0.14285714285714285,0.0,0.0693686671862821,0.8786610878661085,0.0396735434141918,0.20378071833648193,1.0,0.0,0.0,0.0,0.0,0.0,0.0,0.0,0.0,0.0,0.0,0.0,0.0,1.0,0.0,0.0,0.0,0.0,0.0,0.0,1.0,0.0,0.0,0.0,1.0
8129,0.18518518518518517,0.0,0.0,0.0,0.6666666666666667,0.75,0.7173478797553707,0.0,1.0,0.14285714285714285,0.0,0.0693686671862821,0.8786610878661085,0.0396735434141918,0.20378071833648193,1.0,0.0,0.0,0.0,0.0,0.0,0.0,0.0,0.0,0.0,0.0,0.0,1.0,0.0,0.0,0.0,0.0,0.0,0.0,0.0,1.0,0.0,0.0,0.0,0.0
8130,0.5308641975308641,1.0,0.0,0.0,0.6666666666666667,0.75,0.6943571545318569,0.0,0.003003003003003003,0.14285714285714285,0.0,0.0693686671862821,0.8786610878661085,0.0396735434141918,0.20378071833648193,1.0,0.0,0.0,0.0,0.0,1.0,0.0,0.0,0.0,0.0,0.0,0.0,1.0,0.0,0.0,0.0,0.0,0.0,0.0,1.0,0.0,0.0,0.0,0.0,1.0
8131,0.3333333333333333,1.0,0.0,0.0,0.6666666666666667,0.75,0.6828879198511015,0.0,1.0,0.0,0.0,0.0693686671862821,0.8786610878661085,0.0396735434141918,0.20378071833648193,1.0,0.0,0.0,0.0,0.0,0.0,0.0,0.0,0.0,0.0,0.0,0.0,1.0,0.0,0.0,0.0,0.0,0.0,0.0,0.0,1.0,0.0,0.0,1.0,0.0
8132,0.2839506172839506,0.0,0.0,0.0,0.6666666666666667,0.75,0.6371237804409605,0.0,1.0,0.14285714285714285,0.0,0.0693686671862821,0.8786610878661085,0.0396735434141918,0.20378071833648193,1.0,0.0,0.0,0.0,0.0,0.0,0.0,0.0,0.0,0.0,0.0,1.0,0.0,1.0,0.0,0.0,0.0,0.0,0.0,0.0,0.0,1.0,0.0,0.0,0.0
8133,0.1111111111111111,1.0,1.0,0.0,0.6666666666666667,0.75,0.7762165959614749,0.0,0.003003003003003003,0.14285714285714285,0.0,0.0693686671862821,0.8786610878661085,0.0396735434141918,0.20378071833648193,1.0,0.0,0.0,0.0,0.0,0.0,0.0,0.0,1.0,0.0,0.0,0.0,0.0,1.0,0.0,0.0,0.0,0.0,0.0,0.0,0.0,1.0,0.0,0.0,1.0
8134,0.5185185185185184,1.0,0.0,0.0,0.6666666666666667,1.0,0.6818201199369839,0.02631578947368421,0.003003003003003003,0.14285714285714285,0.0,0.0693686671862821,0.8786610878661085,0.03831330763999094,0.20378071833648193,1.0,0.0,0.0,0.0,1.0,0.0,0.0,0.0,0.0,0.0,0.0,0.0,1.0,0.0,0.0,0.0,0.0,0.0,0.0,0.0,1.0,0.0,0.0,0.0,1.0
8135,0.419753086419753,0.0,1.0,0.0,0.6666666666666667,1.0,0.7358960913046179,0.0,1.0,0.0,0.0,0.0693686671862821,0.8786610878661085,0.03831330763999094,0.20378071833648193,1.0,0.0,0.0,0.0,0.0,0.0,0.0,0.0,0.0,1.0,0.0,0.0,1.0,0.0,0.0,0.0,0.0,0.0,0.0,1.0,0.0,0.0,0.0,1.0,0.0
8136,0.4444444444444445,1.0,1.0,0.0,0.6666666666666667,1.0,0.775734813105844,0.0,1.0,0.14285714285714285,0.0,0.0693686671862821,0.8786610878661085,0.03831330763999094,0.20378071833648193,1.0,0.0,0.0,0.0,0.0,0.0,0.0,0.0,0.0,1.0,0.0,0.0,1.0,0.0,0.0,0.0,0.0,0.0,0.0,1.0,0.0,0.0,0.0,0.0,0.0
8137,0.728395061728395,0.0,0.0,0.0,0.6666666666666667,1.0,0.5571434124691511,0.0,1.0,0.0,0.0,0.0693686671862821,0.8786610878661085,0.03831330763999094,0.20378071833648193,0.0,0.0,0.0,0.0,1.0,0.0,0.0,0.0,0.0,0.0,0.0,0.0,1.0,0.0,0.0,0.0,0.0,0.0,0.0,0.0,0.0,1.0,0.0,1.0,0.0
8138,0.728395061728395,0.0,0.0,0.0,0.6666666666666667,1.0,0.7975571270844717,0.0,1.0,0.0,0.0,0.0693686671862821,0.8786610878661085,0.03831330763999094,0.20378071833648193,1.0,0.0,0.0,0.0,1.0,0.0,0.0,0.0,0.0,0.0,0.0,0.0,1.0,0.0,0.0,0.0,0.0,0.0,0.0,0.0,0.0,1.0,0.0,1.0,0.0
8139,0.2716049382716049,1.0,0.0,0.0,0.6666666666666667,1.0,0.6685887555427749,0.0,0.003003003003003003,0.14285714285714285,0.0,0.0693686671862821,0.8786610878661085,0.03831330763999094,0.20378071833648193,1.0,1.0,0.0,0.0,0.0,0.0,0.0,0.0,0.0,0.0,0.0,0.0,1.0,0.0,0.0,0.0,1.0,0.0,0.0,0.0,0.0,0.0,0.0,0.0,1.0
8140,0.6790123456790123,0.0,0.0,0.0,0.6666666666666667,1.0,0.6402196209389266,0.0,0.003003003003003003,0.2857142857142857,0.0,0.0693686671862821,0.8786610878661085,0.03831330763999094,0.20378071833648193,1.0,0.0,0.0,0.0,0.0,1.0,0.0,0.0,0.0,0.0,0.0,0.0,1.0,0.0,0.0,0.0,0.0,0.0,0.0,0.0,0.0,0.0,0.0,0.0,1.0
8141,0.012345679012345678,1.0,0.0,0.0,0.6666666666666667,1.0,0.7452250538727521,0.0,1.0,0.0,0.0,0.0693686671862821,0.8786610878661085,0.03831330763999094,0.20378071833648193,1.0,0.0,0.0,0.0,0.0,0.0,0.0,0.0,1.0,0.0,0.0,0.0,0.0,1.0,0.0,0.0,0.0,0.0,0.0,0.0,0.0,1.0,0.0,1.0,0.0
8142,0.1728395061728395,0.0,0.0,0.0,0.6666666666666667,1.0,0.5670345425314071,0.05263157894736842,1.0,0.0,0.0,0.0693686671862821,0.8786610878661085,0.03831330763999094,0.20378071833648193,0.0,0.0,0.0,0.0,0.0,0.0,0.0,0.0,0.0,0.0,0.0,0.0,0.0,1.0,0.0,0.0,0.0,0.0,0.0,0.0,1.0,0.0,0.0,1.0,0.0
8143,0.13580246913580246,0.0,0.0,0.0,0.6666666666666667,1.0,0.7435445231564038,0.02631578947368421,1.0,0.0,0.0,0.0693686671862821,0.8786610878661085,0.03831330763999094,0.20378071833648193,1.0,0.0,0.0,0.0,0.0,0.0,0.0,0.0,1.0,0.0,0.0,0.0,0.0,1.0,0.0,0.0,0.0,1.0,0.0,0.0,0.0,0.0,0.0,1.0,0.0
8144,0.4074074074074074,1.0,0.0,0.0,0.6666666666666667,1.0,0.7146742385423219,0.02631578947368421,1.0,0.0,0.0,0.0693686671862821,0.8786610878661085,0.03831330763999094,0.20378071833648193,1.0,0.0,0.0,0.0,0.0,0.0,0.0,0.0,0.0,0.0,0.0,0.0,1.0,0.0,0.0,0.0,0.0,1.0,0.0,0.0,0.0,0.0,0.0,1.0,0.0
8145,0.3703703703703703,0.0,0.0,0.0,0.6666666666666667,1.0,0.7600957748201767,0.05263157894736842,1.0,0.14285714285714285,0.0,0.0693686671862821,0.8786610878661085,0.03831330763999094,0.20378071833648193,0.0,0.0,0.0,0.0,0.0,0.0,0.0,0.0,0.0,0.0,0.0,0.0,1.0,0.0,0.0,0.0,0.0,0.0,0.0,0.0,1.0,0.0,0.0,0.0,0.0
8146,0.34567901234567905,0.0,0.0,1.0,0.6666666666666667,0.0,0.74646988188572,0.07894736842105263,1.0,0.0,0.0,0.0693686671862821,0.8786610878661085,0.03695307186579008,0.20378071833648193,1.0,0.0,0.0,1.0,0.0,0.0,0.0,0.0,0.0,0.0,0.0,0.0,0.0,1.0,0.0,0.0,0.0,0.0,0.0,0.0,0.0,0.0,0.0,1.0,0.0
8147,0.5185185185185184,1.0,1.0,0.0,0.6666666666666667,0.0,0.6636865816722366,0.05263157894736842,0.003003003003003003,0.14285714285714285,0.0,0.0693686671862821,0.8786610878661085,0.03695307186579008,0.20378071833648193,1.0,0.0,0.0,0.0,0.0,0.0,0.0,0.0,0.0,0.0,0.0,0.0,1.0,0.0,0.0,0.0,0.0,0.0,0.0,0.0,0.0,1.0,0.0,0.0,1.0
8148,0.5432098765432098,0.0,0.0,0.0,0.6666666666666667,0.0,0.6894344634990646,0.0,0.003003003003003003,0.2857142857142857,0.0,0.0693686671862821,0.8786610878661085,0.03695307186579008,0.20378071833648193,1.0,0.0,0.0,0.0,0.0,1.0,0.0,0.0,0.0,0.0,0.0,0.0,1.0,0.0,0.0,0.0,0.0,0.0,0.0,0.0,1.0,0.0,0.0,0.0,1.0
8149,0.5185185185185184,0.0,1.0,0.0,0.6666666666666667,0.0,0.6693862850347637,0.07894736842105263,1.0,0.14285714285714285,0.0,0.0693686671862821,0.8786610878661085,0.03695307186579008,0.20378071833648193,1.0,0.0,0.0,0.0,0.0,0.0,0.0,0.0,0.0,0.0,0.0,0.0,1.0,0.0,0.0,0.0,0.0,0.0,0.0,0.0,0.0,1.0,0.0,0.0,0.0
8150,0.34567901234567905,1.0,0.0,0.0,0.6666666666666667,0.0,0.634480182683441,0.0,1.0,0.0,0.0,0.0693686671862821,0.8786610878661085,0.03695307186579008,0.20378071833648193,1.0,0.0,0.0,1.0,0.0,0.0,0.0,0.0,0.0,0.0,0.0,0.0,0.0,1.0,0.0,0.0,0.0,0.0,0.0,0.0,0.0,0.0,0.0,1.0,0.0
8151,0.43209876543209874,1.0,1.0,0.0,0.6666666666666667,0.0,0.6301228271521957,0.0,1.0,0.14285714285714285,0.0,0.0693686671862821,0.8786610878661085,0.03695307186579008,0.20378071833648193,1.0,0.0,0.0,0.0,0.0,0.0,0.0,0.0,0.0,1.0,0.0,0.0,1.0,0.0,0.0,0.0,0.0,0.0,0.0,1.0,0.0,0.0,0.0,0.0,0.0
8152,0.34567901234567905,0.0,0.0,0.0,0.6666666666666667,0.0,0.7501272277432902,0.0,1.0,0.0,0.0,0.0693686671862821,0.8786610878661085,0.03695307186579008,0.20378071833648193,1.0,0.0,0.0,0.0,0.0,0.0,0.0,0.0,0.0,0.0,0.0,0.0,1.0,0.0,0.0,0.0,0.0,0.0,0.0,0.0,1.0,0.0,0.0,1.0,0.0
8153,0.34567901234567905,0.0,0.0,0.0,0.6666666666666667,0.0,0.6897691298684182,0.0,0.003003003003003003,0.2857142857142857,0.0,0.0693686671862821,0.8786610878661085,0.03695307186579008,0.20378071833648193,1.0,0.0,0.0,0.0,0.0,0.0,0.0,0.0,0.0,0.0,0.0,0.0,1.0,0.0,0.0,0.0,0.0,0.0,0.0,0.0,1.0,0.0,0.0,0.0,1.0
8154,0.29629629629629634,0.0,0.0,0.0,0.6666666666666667,0.0,0.7864922519466246,0.02631578947368421,1.0,0.14285714285714285,0.0,0.0693686671862821,0.8786610878661085,0.03695307186579008,0.20378071833648193,1.0,0.0,0.0,0.0,0.0,0.0,0.0,0.0,0.0,0.0,0.0,0.0,1.0,0.0,0.0,0.0,0.0,0.0,0.0,0.0,1.0,0.0,0.0,0.0,0.0
8155,0.16049382716049382,0.0,0.0,0.0,0.6666666666666667,0.0,0.623268355434684,0.13157894736842105,1.0,0.0,0.0,0.0693686671862821,0.8786610878661085,0.03695307186579008,0.20378071833648193,1.0,0.0,0.0,0.0,0.0,0.0,0.0,0.0,0.0,0.0,0.0,0.0,0.0,1.0,0.0,0.0,0.0,0.0,0.0,0.0,1.0,0.0,0.0,1.0,0.0
8156,0.16049382716049382,1.0,0.0,0.0,0.6666666666666667,0.25,0.5862473099208212,0.0,1.0,0.0,0.0,0.0693686671862821,0.8786610878661085,0.034912718204488796,0.20378071833648193,1.0,0.0,0.0,0.0,0.0,0.0,1.0,0.0,0.0,0.0,0.0,0.0,0.0,1.0,0.0,0.0,0.0,0.0,0.0,0.0,1.0,0.0,0.0,1.0,0.0
8157,0.3209876543209876,0.0,0.0,0.0,0.6666666666666667,0.25,0.6685887555427749,0.0,1.0,0.0,0.0,0.0693686671862821,0.8786610878661085,0.034912718204488796,0.20378071833648193,1.0,0.0,0.0,0.0,0.0,0.0,0.0,0.0,0.0,1.0,0.0,0.0,1.0,0.0,0.0,0.0,0.0,0.0,0.0,1.0,0.0,0.0,0.0,1.0,0.0
8158,0.39506172839506176,0.0,0.0,0.0,0.6666666666666667,0.25,0.7301114869324379,0.0,0.003003003003003003,0.14285714285714285,0.0,0.0693686671862821,0.8786610878661085,0.034912718204488796,0.20378071833648193,1.0,0.0,0.0,0.0,0.0,0.0,0.0,0.0,0.0,0.0,0.0,0.0,1.0,0.0,0.0,0.0,0.0,1.0,0.0,0.0,0.0,0.0,0.0,0.0,1.0
8159,0.6666666666666665,1.0,0.0,0.0,0.6666666666666667,0.25,0.6273151724090865,0.0,1.0,0.0,0.0,0.0693686671862821,0.8786610878661085,0.034912718204488796,0.20378071833648193,1.0,0.0,0.0,0.0,0.0,1.0,0.0,0.0,0.0,0.0,0.0,0.0,1.0,0.0,0.0,0.0,0.0,0.0,0.0,0.0,0.0,0.0,0.0,1.0,0.0
8160,0.6049382716049383,0.0,0.0,0.0,0.6666666666666667,0.25,0.7672273612700455,0.0,0.001001001001001001,0.14285714285714285,0.0,0.0693686671862821,0.8786610878661085,0.034912718204488796,0.20378071833648193,1.0,0.0,0.0,0.0,1.0,0.0,0.0,0.0,0.0,0.0,0.0,0.0,0.0,0.0,0.0,0.0,0.0,0.0,0.0,0.0,1.0,0.0,0.0,0.0,1.0
8161,0.728395061728395,0.0,0.0,0.0,0.6666666666666667,0.25,0.6355447614376443,0.0,1.0,0.0,0.0,0.0693686671862821,0.8786610878661085,0.034912718204488796,0.20378071833648193,0.0,0.0,0.0,0.0,0.0,1.0,0.0,0.0,0.0,0.0,0.0,0.0,0.0,0.0,0.0,0.0,0.0,0.0,0.0,0.0,0.0,0.0,0.0,1.0,0.0
8162,0.2716049382716049,0.0,0.0,0.0,0.6666666666666667,0.25,0.6550330380858423,0.0,0.003003003003003003,0.14285714285714285,0.0,0.0693686671862821,0.8786610878661085,0.034912718204488796,0.20378071833648193,1.0,0.0,0.0,0.0,0.0,0.0,1.0,0.0,0.0,0.0,0.0,0.0,0.0,0.0,0.0,0.0,0.0,1.0,0.0,0.0,0.0,0.0,0.0,0.0,1.0
8163,0.16049382716049382,0.0,0.0,0.0,0.6666666666666667,0.25,0.6041504168690148,0.0,1.0,0.0,0.0,0.0693686671862821,0.8786610878661085,0.034912718204488796,0.20378071833648193,1.0,0.0,0.0,0.0,0.0,0.0,1.0,0.0,0.0,0.0,0.0,0.0,0.0,1.0,0.0,0.0,0.0,0.0,0.0,0.0,1.0,0.0,0.0,1.0,0.0
8164,0.14814814814814814,1.0,0.0,0.0,0.6666666666666667,0.25,0.7176119318291706,0.02631578947368421,1.0,0.0,0.0,0.0693686671862821,0.8786610878661085,0.034912718204488796,0.20378071833648193,1.0,0.0,0.0,0.0,0.0,0.0,1.0,0.0,0.0,0.0,0.0,0.0,0.0,1.0,0.0,0.0,0.0,0.0,0.0,0.0,1.0,0.0,0.0,1.0,0.0
8165,0.3209876543209876,1.0,0.0,0.0,0.6666666666666667,0.25,0.6545831899296645,0.0,0.003003003003003003,0.14285714285714285,0.0,0.0693686671862821,0.8786610878661085,0.034912718204488796,0.20378071833648193,1.0,0.0,0.0,0.0,0.0,0.0,0.0,0.0,0.0,1.0,0.0,0.0,1.0,0.0,0.0,0.0,0.0,1.0,0.0,0.0,0.0,0.0,0.0,0.0,1.0
8166,0.7160493827160492,0.0,0.0,0.0,0.6666666666666667,0.25,0.6184662540070037,0.0,1.0,0.14285714285714285,0.0,0.0693686671862821,0.8786610878661085,0.034912718204488796,0.20378071833648193,1.0,0.0,0.0,0.0,0.0,1.0,0.0,0.0,0.0,0.0,0.0,0.0,1.0,0.0,0.0,0.0,0.0,0.0,0.0,0.0,0.0,1.0,0.0,0.0,0.0
8167,0.08641975308641975,0.5,0.5,0.0,0.6666666666666667,0.25,0.5796182238056906,0.0,1.0,0.0,0.0,0.0693686671862821,0.8786610878661085,0.034912718204488796,0.20378071833648193,1.0,0.0,0.0,0.0,0.0,0.0,0.0,0.0,1.0,0.0,0.0,0.0,0.0,1.0,0.0,0.0,1.0,0.0,0.0,0.0,0.0,0.0,0.0,1.0,0.0
8168,0.2716049382716049,0.0,0.0,0.0,0.6666666666666667,0.25,0.5518674094137875,0.02631578947368421,0.003003003003003003,0.14285714285714285,0.0,0.0693686671862821,0.8786610878661085,0.034912718204488796,0.20378071833648193,1.0,0.0,0.0,0.0,0.0,0.0,1.0,0.0,0.0,0.0,0.0,0.0,0.0,0.0,0.0,0.0,0.0,1.0,0.0,0.0,0.0,0.0,0.0,0.0,1.0
8169,0.20987654320987653,1.0,1.0,1.0,0.6666666666666667,0.25,0.6978405494091722,0.02631578947368421,1.0,0.0,0.0,0.0693686671862821,0.8786610878661085,0.034912718204488796,0.20378071833648193,1.0,0.0,0.0,0.0,0.0,0.0,0.0,0.0,0.0,1.0,0.0,0.0,1.0,0.0,0.0,0.0,0.0,0.0,0.0,1.0,0.0,0.0,0.0,1.0,0.0
8170,0.16049382716049382,1.0,1.0,0.0,0.6666666666666667,0.5,0.7252698509221354,0.10526315789473684,1.0,0.0,0.0,0.0693686671862821,0.8786610878661085,0.03332577646792112,0.20378071833648193,1.0,0.0,0.0,0.0,0.0,0.0,0.0,0.0,0.0,0.0,0.0,0.0,1.0,0.0,0.0,0.0,0.0,0.0,0.0,0.0,1.0,0.0,0.0,1.0,0.0
8171,0.5061728395061729,0.0,0.0,0.0,0.6666666666666667,0.5,0.7033271207099517,0.0,1.0,0.0,0.0,0.0693686671862821,0.8786610878661085,0.03332577646792112,0.20378071833648193,1.0,0.0,0.0,0.0,0.0,1.0,0.0,0.0,0.0,0.0,0.0,0.0,1.0,0.0,0.0,0.0,0.0,0.0,0.0,0.0,0.0,0.0,0.0,1.0,0.0
8172,0.2345679012345679,1.0,1.0,0.0,0.6666666666666667,0.5,0.74646988188572,0.05263157894736842,1.0,0.0,0.0,0.0693686671862821,0.8786610878661085,0.03332577646792112,0.20378071833648193,1.0,0.0,0.0,0.0,0.0,0.0,0.0,1.0,0.0,0.0,0.0,0.0,1.0,0.0,0.0,0.0,0.0,1.0,0.0,0.0,0.0,0.0,0.0,1.0,0.0
8173,0.7530864197530864,1.0,0.0,0.0,0.6666666666666667,0.5,0.6422391580843787,0.0,1.0,0.14285714285714285,0.0,0.0693686671862821,0.8786610878661085,0.03332577646792112,0.20378071833648193,1.0,0.0,0.0,0.0,0.0,0.0,0.0,0.0,0.0,0.0,0.0,1.0,1.0,0.0,0.0,0.0,0.0,0.0,0.0,0.0,0.0,1.0,0.0,0.0,0.0
8174,0.35802469135802467,1.0,0.0,0.0,0.6666666666666667,0.5,0.707424281343387,0.0,1.0,0.0,0.0,0.0693686671862821,0.8786610878661085,0.03332577646792112,0.20378071833648193,1.0,0.0,0.0,0.0,0.0,0.0,0.0,0.0,0.0,0.0,0.0,0.0,1.0,0.0,0.0,0.0,0.0,1.0,0.0,0.0,0.0,0.0,0.0,1.0,0.0
8175,0.5555555555555556,1.0,0.0,0.0,0.6666666666666667,0.5,0.5485843549516803,0.05263157894736842,1.0,0.14285714285714285,0.0,0.0693686671862821,0.8786610878661085,0.03332577646792112,0.20378071833648193,0.0,0.0,0.0,0.0,0.0,1.0,0.0,0.0,0.0,0.0,0.0,0.0,1.0,0.0,0.0,0.0,0.0,0.0,0.0,0.0,1.0,0.0,0.0,0.0,0.0
8176,0.12345679012345678,1.0,1.0,0.0,0.6666666666666667,0.5,0.6877466992608396,0.0,1.0,0.0,0.0,0.0693686671862821,0.8786610878661085,0.03332577646792112,0.20378071833648193,1.0,0.0,0.0,0.0,0.0,0.0,0.0,0.0,0.0,0.0,0.0,0.0,0.0,1.0,0.0,0.0,0.0,0.0,0.0,0.0,1.0,0.0,0.0,1.0,0.0
8177,0.12345679012345678,0.0,0.0,0.0,0.6666666666666667,0.5,0.7042171765284851,0.0,1.0,0.0,0.0,0.0693686671862821,0.8786610878661085,0.03332577646792112,0.20378071833648193,1.0,0.0,0.0,0.0,0.0,0.0,0.0,0.0,0.0,0.0,0.0,0.0,0.0,1.0,0.0,0.0,0.0,0.0,0.0,0.0,1.0,0.0,0.0,1.0,0.0
8178,0.2345679012345679,0.0,0.0,0.0,0.6666666666666667,0.5,0.6874062210217441,0.0,1.0,0.14285714285714285,0.0,0.0693686671862821,0.8786610878661085,0.03332577646792112,0.20378071833648193,1.0,0.0,0.0,0.0,0.0,0.0,0.0,0.0,0.0,0.0,1.0,0.0,1.0,0.0,0.0,0.0,0.0,0.0,0.0,0.0,0.0,1.0,1.0,0.0,0.0
8179,0.18518518518518517,0.0,0.0,1.0,0.6666666666666667,0.5,0.6620060509558884,0.10526315789473684,1.0,0.0,0.0,0.0693686671862821,0.8786610878661085,0.03332577646792112,0.20378071833648193,0.0,0.0,0.0,0.0,0.0,0.0,0.0,0.0,1.0,0.0,0.0,0.0,1.0,0.0,0.0,0.0,0.0,1.0,0.0,0.0,0.0,0.0,0.0,1.0,0.0
8180,0.728395061728395,1.0,0.0,0.0,0.6666666666666667,0.5,0.6541316149049302,0.02631578947368421,0.003003003003003003,0.14285714285714285,0.0,0.0693686671862821,0.8786610878661085,0.03332577646792112,0.20378071833648193,1.0,0.0,0.0,0.0,0.0,1.0,0.0,0.0,0.0,0.0,0.0,0.0,1.0,0.0,0.0,0.0,0.0,0.0,0.0,0.0,0.0,0.0,0.0,0.0,1.0
8181,0.48148148148148145,1.0,0.0,0.0,0.6666666666666667,0.75,0.6041504168690148,0.02631578947368421,0.003003003003003003,0.2857142857142857,0.0,0.0693686671862821,0.8786610878661085,0.03264565858082069,0.20378071833648193,1.0,0.0,0.0,0.0,0.0,0.0,0.0,0.0,0.0,0.0,0.0,0.0,1.0,0.0,0.0,0.0,0.0,0.0,0.0,0.0,1.0,0.0,0.0,0.0,1.0
8182,0.30864197530864196,1.0,0.0,0.0,0.6666666666666667,0.75,0.5226119446684994,0.05263157894736842,1.0,0.0,0.0,0.0693686671862821,0.8786610878661085,0.03264565858082069,0.20378071833648193,1.0,0.0,0.0,0.0,1.0,0.0,0.0,0.0,0.0,0.0,0.0,0.0,1.0,0.0,0.0,1.0,0.0,0.0,0.0,0.0,0.0,0.0,0.0,1.0,0.0
8183,0.09876543209876543,0.0,0.0,0.0,0.6666666666666667,0.75,0.614731491134803,0.0,0.003003003003003003,0.14285714285714285,0.0,0.0693686671862821,0.8786610878661085,0.03264565858082069,0.20378071833648193,1.0,0.0,0.0,0.0,0.0,0.0,0.0,0.0,0.0,0.0,0.0,0.0,0.0,1.0,0.0,0.0,0.0,1.0,0.0,0.0,0.0,0.0,0.0,0.0,1.0
8184,0.30864197530864196,1.0,0.0,1.0,0.6666666666666667,0.75,0.6402196209389266,0.05263157894736842,1.0,0.0,0.0,0.0693686671862821,0.8786610878661085,0.03264565858082069,0.20378071833648193,1.0,0.0,0.0,0.0,1.0,0.0,0.0,0.0,0.0,0.0,0.0,0.0,1.0,0.0,0.0,1.0,0.0,0.0,0.0,0.0,0.0,0.0,0.0,1.0,0.0
8185,0.6419753086419753,0.0,0.0,0.0,0.6666666666666667,1.0,0.6880861948773884,0.05263157894736842,1.0,0.0,0.0,0.0693686671862821,0.8786610878661085,0.031512128768986625,0.20378071833648193,1.0,0.0,0.0,0.0,0.0,1.0,0.0,0.0,0.0,0.0,0.0,0.0,1.0,0.0,0.0,0.0,0.0,1.0,0.0,0.0,0.0,0.0,0.0,1.0,0.0
8186,0.20987654320987653,0.0,0.0,0.0,0.6666666666666667,1.0,0.6545831899296645,0.05263157894736842,0.003003003003003003,0.2857142857142857,0.0,0.0693686671862821,0.8786610878661085,0.031512128768986625,0.20378071833648193,1.0,0.0,0.0,0.0,0.0,0.0,0.0,0.0,0.0,0.0,0.0,0.0,0.0,1.0,0.0,0.0,0.0,0.0,0.0,0.0,1.0,0.0,0.0,0.0,1.0
8187,0.39506172839506176,1.0,0.0,0.0,0.6666666666666667,1.0,0.664517928944963,0.05263157894736842,0.003003003003003003,0.14285714285714285,0.0,0.0693686671862821,0.8786610878661085,0.031512128768986625,0.20378071833648193,1.0,0.0,0.0,0.0,0.0,0.0,0.0,0.0,0.0,0.0,0.0,0.0,0.0,0.0,0.0,0.0,0.0,0.0,0.0,0.0,1.0,0.0,0.0,0.0,1.0
8188,0.2345679012345679,1.0,0.0,0.0,0.6666666666666667,1.0,0.6910983547398326,0.0,1.0,0.0,0.0,0.0693686671862821,0.8786610878661085,0.031512128768986625,0.20378071833648193,0.0,0.0,0.0,0.0,0.0,0.0,0.0,0.0,0.0,0.0,0.0,0.0,1.0,0.0,0.0,0.0,0.0,0.0,0.0,0.0,1.0,0.0,0.0,1.0,0.0
8189,0.3209876543209876,1.0,0.0,0.0,0.6666666666666667,1.0,0.6306764053478436,0.0,1.0,0.0,0.0,0.0693686671862821,0.8786610878661085,0.031512128768986625,0.20378071833648193,1.0,0.0,0.0,0.0,0.0,0.0,0.0,0.0,0.0,0.0,0.0,0.0,0.0,1.0,0.0,0.0,0.0,1.0,0.0,0.0,0.0,0.0,0.0,1.0,0.0
8190,0.13580246913580246,1.0,0.0,0.0,0.6666666666666667,1.0,0.5319212752022946,0.0,0.001001001001001001,0.42857142857142855,0.0,0.0693686671862821,0.8786610878661085,0.031512128768986625,0.20378071833648193,1.0,0.0,0.0,0.0,0.0,0.0,0.0,0.0,0.0,0.0,0.0,0.0,0.0,1.0,0.0,0.0,0.0,0.0,0.0,0.0,1.0,0.0,0.0,0.0,1.0
8191,0.2839506172839506,0.0,1.0,1.0,0.6666666666666667,1.0,0.5319212752022946,0.0,1.0,0.0,0.0,0.0693686671862821,0.8786610878661085,0.031512128768986625,0.20378071833648193,1.0,0.0,0.0,0.0,0.0,0.0,0.0,0.0,0.0,0.0,1.0,0.0,1.0,0.0,0.0,0.0,0.0,0.0,0.0,1.0,0.0,0.0,0.0,1.0,0.0
8192,0.1728395061728395,1.0,0.0,0.0,0.6666666666666667,1.0,0.6295666315558228,0.0,1.0,0.0,0.0,0.0693686671862821,0.8786610878661085,0.031512128768986625,0.20378071833648193,1.0,0.0,0.0,0.0,0.0,0.0,0.0,0.0,0.0,0.0,0.0,0.0,0.0,1.0,0.0,0.0,0.0,1.0,0.0,0.0,0.0,0.0,0.0,1.0,0.0
8193,0.2345679012345679,1.0,0.0,0.0,0.6666666666666667,1.0,0.5429003918915096,0.02631578947368421,1.0,0.0,0.0,0.0693686671862821,0.8786610878661085,0.031512128768986625,0.20378071833648193,1.0,0.0,0.0,0.0,0.0,0.0,0.0,0.0,0.0,0.0,0.0,0.0,0.0,1.0,0.0,0.0,0.0,0.0,0.0,0.0,1.0,0.0,0.0,1.0,0.0
8194,0.6666666666666665,1.0,0.0,0.0,0.6666666666666667,1.0,0.7635372332492569,0.07894736842105263,1.0,0.0,0.0,0.0693686671862821,0.8786610878661085,0.031512128768986625,0.20378071833648193,1.0,0.0,0.0,0.0,0.0,1.0,0.0,0.0,0.0,0.0,0.0,0.0,1.0,0.0,0.0,0.0,0.0,0.0,0.0,0.0,0.0,1.0,0.0,1.0,0.0
8195,0.20987654320987653,0.0,0.0,1.0,0.6666666666666667,1.0,0.6673822306124111,0.02631578947368421,1.0,0.0,0.0,0.0693686671862821,0.8786610878661085,0.031512128768986625,0.20378071833648193,1.0,0.0,0.0,0.0,0.0,0.0,0.0,0.0,0.0,0.0,0.0,0.0,1.0,0.0,0.0,0.0,0.0,0.0,0.0,0.0,1.0,0.0,0.0,1.0,0.0
8196,0.3703703703703703,1.0,0.0,0.0,0.6666666666666667,0.0,0.6800186276166762,0.0,0.003003003003003003,0.2857142857142857,0.0,0.0693686671862821,0.8786610878661085,0.031058716844253015,0.20378071833648193,1.0,0.0,0.0,0.0,1.0,0.0,0.0,0.0,0.0,0.0,0.0,0.0,1.0,0.0,0.0,0.0,0.0,0.0,0.0,0.0,1.0,0.0,0.0,0.0,1.0
8197,0.5555555555555556,0.0,0.0,0.0,0.6666666666666667,0.25,0.6048403610725471,0.0,1.0,0.14285714285714285,0.0,0.0693686671862821,0.8786610878661085,0.030832010881886196,0.20378071833648193,1.0,0.0,1.0,0.0,0.0,0.0,0.0,0.0,0.0,0.0,0.0,0.0,1.0,0.0,0.0,0.0,0.0,0.0,0.0,0.0,1.0,0.0,0.0,0.0,0.0
8198,0.5555555555555556,1.0,0.0,1.0,0.6666666666666667,0.25,0.7744403279718529,0.0,1.0,0.0,0.0,0.0693686671862821,0.8786610878661085,0.030832010881886196,0.20378071833648193,1.0,0.0,1.0,0.0,0.0,0.0,0.0,0.0,0.0,0.0,0.0,0.0,1.0,0.0,0.0,0.0,0.0,0.0,0.0,0.0,1.0,0.0,0.0,1.0,0.0
8199,0.654320987654321,0.0,0.0,0.0,0.6666666666666667,0.25,0.5902084636135368,0.0,0.003003003003003003,0.2857142857142857,0.0,0.0693686671862821,0.8786610878661085,0.030832010881886196,0.20378071833648193,1.0,0.0,0.0,0.0,0.0,1.0,0.0,0.0,0.0,0.0,0.0,0.0,1.0,0.0,0.0,0.0,0.0,0.0,0.0,0.0,0.0,0.0,0.0,0.0,1.0
8200,0.5185185185185184,1.0,0.0,0.0,0.6666666666666667,0.25,0.7209917376636646,0.0,1.0,0.0,0.0,0.0693686671862821,0.8786610878661085,0.030832010881886196,0.20378071833648193,1.0,0.0,0.0,0.0,0.0,1.0,0.0,0.0,0.0,0.0,0.0,0.0,1.0,0.0,0.0,0.0,0.0,0.0,0.0,0.0,0.0,0.0,0.0,1.0,0.0
8201,0.654320987654321,0.0,0.0,0.0,0.6666666666666667,0.25,0.8919366647008674,0.0,1.0,0.2857142857142857,0.0,0.0693686671862821,0.8786610878661085,0.030832010881886196,0.20378071833648193,1.0,0.0,0.0,0.0,0.0,0.0,0.0,0.0,0.0,0.0,0.0,0.0,1.0,0.0,0.0,0.0,0.0,0.0,0.0,0.0,0.0,0.0,0.0,0.0,0.0
8202,0.14814814814814814,1.0,0.0,0.0,0.6666666666666667,0.25,0.5507832068127649,0.02631578947368421,0.003003003003003003,0.14285714285714285,0.0,0.0693686671862821,0.8786610878661085,0.030832010881886196,0.20378071833648193,1.0,0.0,0.0,0.0,0.0,0.0,0.0,0.0,0.0,0.0,0.0,0.0,0.0,1.0,0.0,0.0,0.0,1.0,0.0,0.0,0.0,0.0,0.0,0.0,1.0
8203,0.12345679012345678,1.0,0.0,0.0,0.6666666666666667,0.25,0.6068862413262684,0.02631578947368421,0.006006006006006006,0.2857142857142857,0.0,0.0693686671862821,0.8786610878661085,0.030832010881886196,0.20378071833648193,1.0,0.0,0.0,0.0,0.0,0.0,0.0,0.0,0.0,0.0,0.0,0.0,1.0,0.0,0.0,0.0,0.0,0.0,0.0,0.0,1.0,0.0,0.0,0.0,0.0
8204,0.08641975308641975,1.0,1.0,0.0,0.6666666666666667,0.25,0.529335783224907,0.02631578947368421,0.003003003003003003,0.14285714285714285,0.0,0.0693686671862821,0.8786610878661085,0.030832010881886196,0.20378071833648193,1.0,0.0,0.0,0.0,0.0,0.0,0.0,0.0,0.0,1.0,0.0,0.0,1.0,0.0,0.0,0.0,0.0,0.0,0.0,0.0,1.0,0.0,0.0,0.0,1.0
8205,0.04938271604938271,0.5,0.5,0.0,0.6666666666666667,0.25,0.797021202925248,0.0,1.0,0.0,0.0,0.0693686671862821,0.8786610878661085,0.030832010881886196,0.20378071833648193,1.0,0.0,0.0,0.0,0.0,0.0,0.0,0.0,1.0,0.0,0.0,0.0,0.0,1.0,0.0,0.0,1.0,0.0,0.0,0.0,0.0,0.0,0.0,1.0,0.0
8206,0.12345679012345678,1.0,0.0,0.0,0.6666666666666667,0.25,0.56984667205054,0.02631578947368421,1.0,0.0,0.0,0.0693686671862821,0.8786610878661085,0.030832010881886196,0.20378071833648193,1.0,0.0,0.0,0.0,0.0,0.0,0.0,0.0,0.0,0.0,0.0,0.0,0.0,1.0,0.0,0.0,0.0,0.0,0.0,0.0,1.0,0.0,0.0,1.0,0.0
8207,0.654320987654321,1.0,1.0,0.0,0.6666666666666667,0.25,0.5319212752022946,0.0,0.003003003003003003,0.14285714285714285,0.0,0.0693686671862821,0.8786610878661085,0.030832010881886196,0.20378071833648193,1.0,0.0,0.0,0.0,0.0,0.0,0.0,0.0,0.0,0.0,0.0,0.0,1.0,0.0,0.0,0.0,0.0,0.0,0.0,0.0,0.0,0.0,0.0,0.0,1.0
8208,0.08641975308641975,0.0,0.0,0.0,0.6666666666666667,0.25,0.5496889184613623,0.0,0.003003003003003003,0.14285714285714285,0.0,0.0693686671862821,0.8786610878661085,0.030832010881886196,0.20378071833648193,1.0,0.0,0.0,0.0,0.0,0.0,0.0,0.0,0.0,0.0,0.0,0.0,0.0,1.0,0.0,0.0,0.0,0.0,0.0,0.0,1.0,0.0,0.0,0.0,1.0
8209,0.4444444444444445,0.0,0.0,0.0,0.6666666666666667,0.25,0.8035509117082029,0.0,0.003003003003003003,0.14285714285714285,0.0,0.0693686671862821,0.8786610878661085,0.030832010881886196,0.20378071833648193,1.0,0.0,0.0,0.0,0.0,0.0,0.0,0.0,0.0,1.0,0.0,0.0,1.0,0.0,0.0,0.0,0.0,0.0,0.0,1.0,0.0,0.0,0.0,0.0,1.0
8210,0.25925925925925924,1.0,0.0,0.0,0.6666666666666667,0.5,0.5925226723355308,0.0,0.003003003003003003,0.14285714285714285,0.0,0.0693686671862821,0.8786610878661085,0.030378598957152586,0.20378071833648193,1.0,0.0,0.0,0.0,0.0,0.0,0.0,0.0,0.0,0.0,0.0,0.0,0.0,1.0,0.0,0.0,0.0,0.0,0.0,0.0,1.0,0.0,1.0,0.0,1.0
8211,0.1728395061728395,0.0,0.0,0.0,0.6666666666666667,0.5,0.5917563168597532,0.0,0.003003003003003003,0.14285714285714285,0.0,0.0693686671862821,0.8786610878661085,0.030378598957152586,0.20378071833648193,1.0,0.0,0.0,0.0,0.0,0.0,1.0,0.0,0.0,0.0,0.0,0.0,1.0,0.0,0.0,0.0,0.0,0.0,0.0,0.0,1.0,0.0,0.0,0.0,1.0
8212,0.18518518518518517,0.0,0.0,1.0,0.6666666666666667,0.5,0.8120051737445386,0.05263157894736842,1.0,0.0,0.0,0.0693686671862821,0.8786610878661085,0.030378598957152586,0.20378071833648193,0.0,0.0,0.0,0.0,0.0,0.0,0.0,0.0,0.0,1.0,0.0,0.0,1.0,0.0,0.0,0.0,0.0,0.0,0.0,0.0,1.0,0.0,0.0,1.0,0.0
8213,0.39506172839506176,0.0,0.0,0.0,0.6666666666666667,0.5,0.6681879539642915,0.0,1.0,0.0,0.0,0.0693686671862821,0.8786610878661085,0.030378598957152586,0.20378071833648193,1.0,0.0,0.0,0.0,0.0,0.0,0.0,0.0,0.0,0.0,1.0,0.0,1.0,0.0,0.0,0.0,0.0,1.0,0.0,0.0,0.0,0.0,0.0,1.0,0.0
8214,0.39506172839506176,0.0,0.0,0.0,0.6666666666666667,0.5,0.7012237542095305,0.0,1.0,0.0,0.0,0.0693686671862821,0.8786610878661085,0.030378598957152586,0.20378071833648193,1.0,0.0,0.0,0.0,0.0,0.0,0.0,0.0,0.0,0.0,1.0,0.0,1.0,0.0,0.0,0.0,0.0,1.0,0.0,0.0,0.0,0.0,0.0,1.0,0.0
8215,0.2345679012345679,0.0,0.0,0.0,0.6666666666666667,0.75,0.7409778362545074,0.0,1.0,0.0,0.0,0.0693686671862821,0.8786610878661085,0.02992518703241895,0.20378071833648193,1.0,0.0,0.0,0.0,0.0,0.0,0.0,0.0,0.0,0.0,0.0,0.0,1.0,0.0,0.0,0.0,0.0,1.0,0.0,0.0,0.0,0.0,0.0,1.0,0.0
8216,0.35802469135802467,0.0,0.0,0.0,0.6666666666666667,1.0,0.6576965892230189,0.02631578947368421,1.0,0.14285714285714285,0.0,0.0693686671862821,0.8786610878661085,0.02901836318295173,0.20378071833648193,1.0,0.0,0.0,0.0,0.0,0.0,1.0,0.0,0.0,0.0,0.0,0.0,0.0,0.0,0.0,0.0,0.0,1.0,0.0,0.0,0.0,0.0,0.0,0.0,0.0
8217,0.48148148148148145,0.0,0.0,0.0,0.6666666666666667,1.0,0.6800186276166762,0.05263157894736842,0.006006006006006006,0.14285714285714285,0.0,0.0693686671862821,0.8786610878661085,0.02901836318295173,0.20378071833648193,1.0,0.0,0.0,0.0,0.0,0.0,0.0,0.0,0.0,0.0,1.0,0.0,1.0,0.0,0.0,0.0,0.0,0.0,0.0,1.0,0.0,0.0,0.0,0.0,1.0
8218,0.43209876543209874,0.0,0.0,0.0,0.6666666666666667,1.0,0.8243401457558298,0.02631578947368421,1.0,0.0,0.0,0.0693686671862821,0.8786610878661085,0.02901836318295173,0.20378071833648193,1.0,0.0,0.0,0.0,0.0,0.0,0.0,0.0,0.0,0.0,0.0,0.0,1.0,0.0,0.0,0.0,0.0,0.0,0.0,0.0,1.0,0.0,0.0,1.0,0.0
8219,0.24691358024691357,1.0,0.0,1.0,0.6666666666666667,0.25,0.7824586516622517,0.0,0.003003003003003003,0.2857142857142857,0.0,0.0693686671862821,0.8786610878661085,0.027431421446384052,0.20378071833648193,1.0,0.0,0.0,0.0,0.0,0.0,0.0,0.0,0.0,1.0,0.0,0.0,1.0,0.0,0.0,0.0,0.0,0.0,0.0,0.0,1.0,0.0,0.0,0.0,1.0
8220,0.2716049382716049,0.0,0.0,0.0,0.6666666666666667,0.25,0.492850661870268,0.0,1.0,0.0,0.0,0.0693686671862821,0.8786610878661085,0.027431421446384052,0.20378071833648193,1.0,0.0,0.0,0.0,0.0,0.0,0.0,1.0,0.0,0.0,0.0,0.0,1.0,0.0,0.0,0.0,0.0,1.0,0.0,0.0,0.0,0.0,0.0,1.0,0.0
8221,0.5308641975308641,0.0,0.0,0.0,0.6666666666666667,0.25,0.5212197964741162,0.0,0.003003003003003003,0.14285714285714285,0.0,0.0693686671862821,0.8786610878661085,0.027431421446384052,0.20378071833648193,1.0,0.0,0.0,0.0,0.0,0.0,1.0,0.0,0.0,0.0,0.0,0.0,0.0,0.0,0.0,0.0,0.0,0.0,0.0,0.0,1.0,0.0,0.0,0.0,1.0
8222,0.3333333333333333,1.0,0.0,0.0,0.6666666666666667,0.25,0.6068862413262684,0.0,0.004004004004004004,0.14285714285714285,0.0,0.0693686671862821,0.8786610878661085,0.027431421446384052,0.20378071833648193,1.0,0.0,0.0,0.0,0.0,0.0,0.0,0.0,0.0,1.0,0.0,0.0,1.0,0.0,0.0,0.0,0.0,0.0,0.0,1.0,0.0,0.0,0.0,0.0,1.0
8223,0.06172839506172839,1.0,1.0,0.0,0.6666666666666667,0.25,0.6447157790225418,0.0,0.003003003003003003,0.2857142857142857,0.0,0.0693686671862821,0.8786610878661085,0.027431421446384052,0.20378071833648193,1.0,0.0,0.0,0.0,0.0,0.0,0.0,1.0,0.0,0.0,0.0,0.0,0.0,1.0,0.0,0.0,0.0,0.0,0.0,1.0,0.0,0.0,0.0,0.0,1.0
8224,0.06172839506172839,1.0,1.0,0.0,0.6666666666666667,0.25,0.6956358100503017,0.0,1.0,0.0,0.0,0.0693686671862821,0.8786610878661085,0.027431421446384052,0.20378071833648193,1.0,0.0,0.0,0.0,0.0,0.0,0.0,1.0,0.0,0.0,0.0,0.0,0.0,1.0,0.0,0.0,0.0,0.0,0.0,1.0,0.0,0.0,0.0,1.0,0.0
8225,0.5679012345679011,1.0,0.0,0.0,0.6666666666666667,0.5,0.67096530403808,0.0,0.003003003003003003,0.14285714285714285,0.0,0.0693686671862821,0.8786610878661085,0.026071185672183195,0.20378071833648193,1.0,0.0,0.0,1.0,0.0,0.0,0.0,0.0,0.0,0.0,0.0,0.0,1.0,0.0,0.0,0.0,0.0,0.0,0.0,0.0,0.0,0.0,0.0,0.0,1.0
8226,0.5308641975308641,1.0,0.0,0.0,0.6666666666666667,0.75,0.48923083320309235,0.0,1.0,0.2857142857142857,0.0,0.0693686671862821,0.8786610878661085,0.02471094989798231,0.20378071833648193,0.0,0.0,0.0,0.0,0.0,1.0,0.0,0.0,0.0,0.0,0.0,0.0,0.0,0.0,0.0,0.0,0.0,0.0,0.0,1.0,0.0,0.0,0.0,0.0,0.0
8227,0.654320987654321,1.0,0.0,0.0,0.6666666666666667,1.0,0.7694550417428381,0.0,1.0,0.0,0.0,0.0693686671862821,0.8786610878661085,0.0242575379732487,0.20378071833648193,1.0,0.0,0.0,0.0,0.0,1.0,0.0,0.0,0.0,0.0,0.0,0.0,0.0,0.0,0.0,0.0,0.0,0.0,0.0,0.0,1.0,0.0,0.0,1.0,0.0
8228,0.19753086419753085,1.0,0.0,0.0,0.6666666666666667,1.0,0.5581708002178327,0.0,1.0,0.0,0.0,0.0693686671862821,0.8786610878661085,0.0242575379732487,0.20378071833648193,0.0,0.0,0.0,0.0,0.0,0.0,0.0,0.0,0.0,1.0,0.0,0.0,0.0,1.0,0.0,0.0,1.0,0.0,0.0,0.0,0.0,0.0,0.0,1.0,0.0
8229,0.5555555555555556,1.0,0.0,0.0,0.6666666666666667,1.0,0.5154803582186305,0.0,1.0,0.0,0.0,0.0693686671862821,0.8786610878661085,0.0242575379732487,0.20378071833648193,0.0,0.0,0.0,0.0,0.0,0.0,1.0,0.0,0.0,0.0,0.0,0.0,1.0,0.0,0.0,0.0,0.0,0.0,0.0,0.0,1.0,0.0,1.0,1.0,0.0
8230,0.7901234567901234,1.0,0.0,0.0,0.6666666666666667,1.0,0.6295666315558228,0.0,1.0,0.0,0.0,0.0693686671862821,0.8786610878661085,0.0242575379732487,0.20378071833648193,1.0,0.0,0.0,0.0,0.0,1.0,0.0,0.0,0.0,0.0,0.0,0.0,1.0,0.0,0.0,0.0,0.0,0.0,0.0,0.0,0.0,0.0,0.0,1.0,0.0
8231,0.6296296296296295,0.0,0.0,0.0,0.6666666666666667,0.0,0.731291387992633,0.02631578947368421,1.0,0.14285714285714285,0.0,0.0693686671862821,0.8786610878661085,0.02380412604851509,0.20378071833648193,0.0,0.0,0.0,0.0,0.0,1.0,0.0,0.0,0.0,0.0,0.0,0.0,0.0,1.0,0.0,0.0,0.0,0.0,0.0,0.0,1.0,0.0,0.0,0.0,0.0
8232,0.16049382716049382,0.0,0.0,0.0,0.6666666666666667,0.0,0.6689881961625146,0.02631578947368421,0.006006006006006006,0.14285714285714285,0.0,0.0693686671862821,0.8786610878661085,0.02380412604851509,0.20378071833648193,1.0,0.0,0.0,0.0,0.0,0.0,0.0,0.0,0.0,0.0,0.0,0.0,1.0,0.0,0.0,0.0,0.0,0.0,0.0,0.0,1.0,0.0,0.0,0.0,1.0
8233,0.3209876543209876,0.0,0.0,0.0,0.6666666666666667,0.25,0.5970188304191458,0.0,1.0,0.14285714285714285,0.0,0.0693686671862821,0.8786610878661085,0.026297891634549986,0.20378071833648193,1.0,0.0,0.0,0.0,0.0,0.0,0.0,1.0,0.0,0.0,0.0,0.0,1.0,0.0,0.0,1.0,0.0,0.0,0.0,0.0,0.0,0.0,0.0,0.0,0.0
8234,0.48148148148148145,0.0,0.0,0.0,0.6666666666666667,0.25,0.6620060509558884,0.0,1.0,0.14285714285714285,0.0,0.0693686671862821,0.8786610878661085,0.026297891634549986,0.20378071833648193,1.0,0.0,0.0,0.0,1.0,0.0,0.0,0.0,0.0,0.0,0.0,0.0,0.0,0.0,0.0,0.0,0.0,0.0,0.0,0.0,1.0,0.0,0.0,0.0,0.0
8235,0.5432098765432098,1.0,0.0,0.0,0.6666666666666667,0.5,0.5612001989464611,0.0,0.003003003003003003,0.14285714285714285,0.0,0.0693686671862821,0.8786610878661085,0.026978009521650415,0.20378071833648193,1.0,0.0,0.0,0.0,0.0,1.0,0.0,0.0,0.0,0.0,0.0,0.0,1.0,0.0,0.0,0.0,0.0,1.0,0.0,0.0,0.0,0.0,0.0,0.0,1.0
8236,0.2222222222222222,1.0,0.0,1.0,0.6666666666666667,0.5,0.6422391580843787,0.0,1.0,0.0,0.0,0.0693686671862821,0.8786610878661085,0.026978009521650415,0.20378071833648193,1.0,0.0,0.0,0.0,0.0,0.0,0.0,0.0,0.0,0.0,0.0,0.0,1.0,0.0,0.0,0.0,0.0,0.0,0.0,0.0,1.0,0.0,0.0,1.0,0.0
8237,0.24691358024691357,0.0,0.0,0.0,0.6666666666666667,0.5,0.6767047422935657,0.0,0.001001001001001001,0.14285714285714285,0.0,0.0693686671862821,0.8786610878661085,0.026978009521650415,0.20378071833648193,0.0,0.0,0.0,0.0,0.0,0.0,0.0,0.0,0.0,0.0,0.0,1.0,0.0,1.0,0.0,0.0,0.0,0.0,0.0,0.0,1.0,0.0,0.0,0.0,1.0
8238,0.4074074074074074,1.0,0.0,0.0,0.7777777777777779,0.75,0.6732947890602686,0.02631578947368421,0.004004004004004004,0.14285714285714285,0.0,0.08963367108339781,1.0,0.027204715484017233,0.20378071833648193,1.0,0.0,0.0,0.0,1.0,0.0,0.0,0.0,0.0,0.0,0.0,0.0,1.0,0.0,0.0,0.0,0.0,0.0,0.0,0.0,1.0,0.0,0.0,0.0,1.0
8239,0.24691358024691357,1.0,0.0,0.0,0.7777777777777779,0.75,0.7181382644722665,0.05263157894736842,1.0,0.0,0.0,0.08963367108339781,1.0,0.027204715484017233,0.20378071833648193,1.0,0.0,0.0,0.0,0.0,0.0,0.0,0.0,0.0,0.0,0.0,0.0,0.0,1.0,0.0,0.0,0.0,0.0,0.0,0.0,1.0,0.0,0.0,1.0,0.0
8240,0.1728395061728395,1.0,0.0,0.0,0.7777777777777779,0.75,0.7804660868325237,0.0,1.0,0.0,0.0,0.08963367108339781,1.0,0.027204715484017233,0.20378071833648193,0.0,0.0,0.0,0.0,0.0,0.0,0.0,0.0,0.0,0.0,0.0,0.0,1.0,0.0,0.0,0.0,0.0,0.0,0.0,0.0,1.0,0.0,0.0,1.0,0.0
8241,0.2222222222222222,1.0,0.0,0.0,0.7777777777777779,0.75,0.6202900913078108,0.0,0.004004004004004004,0.14285714285714285,0.0,0.08963367108339781,1.0,0.027204715484017233,0.20378071833648193,1.0,0.0,0.0,0.0,0.0,0.0,0.0,0.0,0.0,0.0,0.0,0.0,1.0,0.0,0.0,0.0,0.0,1.0,0.0,0.0,0.0,0.0,0.0,0.0,1.0
8242,0.2222222222222222,0.0,0.0,0.0,0.7777777777777779,0.75,0.672135812695421,0.0,0.004004004004004004,0.2857142857142857,0.0,0.08963367108339781,1.0,0.027204715484017233,0.20378071833648193,0.0,0.0,0.0,0.0,0.0,0.0,0.0,0.0,0.0,0.0,0.0,0.0,1.0,0.0,0.0,0.0,0.0,1.0,0.0,0.0,0.0,0.0,0.0,0.0,1.0
8243,0.6419753086419753,1.0,0.0,0.0,0.7777777777777779,0.75,0.623268355434684,0.0,1.0,0.0,0.0,0.08963367108339781,1.0,0.027204715484017233,0.20378071833648193,0.0,0.0,0.0,0.0,0.0,1.0,0.0,0.0,0.0,0.0,0.0,0.0,1.0,0.0,0.0,0.0,0.0,0.0,0.0,0.0,1.0,0.0,0.0,1.0,0.0
8244,0.39506172839506176,0.0,0.0,0.0,0.7777777777777779,0.75,0.4756049402686357,0.0,1.0,0.2857142857142857,0.0,0.08963367108339781,1.0,0.027204715484017233,0.20378071833648193,0.0,0.0,0.0,0.0,0.0,0.0,0.0,0.0,0.0,1.0,0.0,0.0,0.0,0.0,0.0,0.0,0.0,0.0,0.0,0.0,0.0,1.0,0.0,0.0,0.0
8245,0.7530864197530864,1.0,0.0,1.0,0.7777777777777779,0.75,0.6792902342709533,0.0,1.0,0.0,0.0,0.08963367108339781,1.0,0.027204715484017233,0.20378071833648193,0.0,0.0,0.0,0.0,0.0,1.0,0.0,0.0,0.0,0.0,0.0,0.0,1.0,0.0,0.0,0.0,1.0,0.0,0.0,0.0,0.0,0.0,0.0,1.0,0.0
8246,0.18518518518518517,1.0,0.0,0.0,0.7777777777777779,0.75,0.6095598825393173,0.0,1.0,0.0,0.0,0.08963367108339781,1.0,0.027204715484017233,0.20378071833648193,0.0,0.0,0.0,0.0,0.0,0.0,0.0,0.0,0.0,0.0,0.0,0.0,1.0,0.0,0.0,0.0,0.0,0.0,0.0,0.0,1.0,0.0,0.0,1.0,0.0
8247,0.07407407407407407,1.0,0.0,0.0,0.7777777777777779,0.75,0.6442246085825132,0.0,0.004004004004004004,0.14285714285714285,0.0,0.08963367108339781,1.0,0.027204715484017233,0.20378071833648193,1.0,0.0,0.0,0.0,0.0,0.0,0.0,0.0,0.0,0.0,1.0,0.0,0.0,1.0,0.0,0.0,1.0,0.0,0.0,0.0,0.0,0.0,0.0,0.0,1.0
8248,0.6666666666666665,1.0,0.0,0.0,0.7777777777777779,0.75,0.5796182238056906,0.0,1.0,0.14285714285714285,0.0,0.08963367108339781,1.0,0.027204715484017233,0.20378071833648193,1.0,0.0,0.0,0.0,0.0,1.0,0.0,0.0,0.0,0.0,0.0,0.0,1.0,0.0,0.0,0.0,0.0,0.0,0.0,0.0,0.0,0.0,0.0,0.0,0.0
8249,0.7160493827160492,1.0,0.0,0.0,0.7777777777777779,0.75,0.7317600545467579,0.0,1.0,0.0,0.0,0.08963367108339781,1.0,0.027204715484017233,0.20378071833648193,1.0,0.0,0.0,0.0,0.0,1.0,0.0,0.0,0.0,0.0,0.0,0.0,0.0,0.0,0.0,0.0,0.0,0.0,0.0,0.0,0.0,0.0,1.0,1.0,0.0
8250,0.8148148148148147,1.0,0.0,0.0,0.7777777777777779,1.0,0.7934768862855838,0.02631578947368421,0.004004004004004004,0.14285714285714285,0.0,0.08963367108339781,1.0,0.026751303559283623,0.20378071833648193,1.0,0.0,0.0,0.0,0.0,1.0,0.0,0.0,0.0,0.0,0.0,0.0,1.0,0.0,0.0,0.0,0.0,0.0,0.0,1.0,0.0,0.0,0.0,0.0,1.0
8251,0.6666666666666665,0.0,0.0,0.0,0.7777777777777779,1.0,0.5743891340707834,0.02631578947368421,1.0,0.0,0.0,0.08963367108339781,1.0,0.026751303559283623,0.20378071833648193,0.0,0.0,0.0,0.0,0.0,1.0,0.0,0.0,0.0,0.0,0.0,0.0,1.0,0.0,0.0,0.0,1.0,0.0,0.0,0.0,0.0,0.0,0.0,1.0,0.0
8252,0.8024691358024691,1.0,0.0,0.0,0.7777777777777779,0.25,0.6323216790132803,0.0,1.0,0.0,0.0,0.08963367108339781,1.0,0.02493765586034913,0.20378071833648193,1.0,0.0,0.0,0.0,0.0,1.0,0.0,0.0,0.0,0.0,0.0,0.0,1.0,0.0,0.0,0.0,0.0,0.0,0.0,0.0,1.0,0.0,0.0,1.0,0.0
8253,0.6419753086419753,0.0,0.0,0.0,0.7777777777777779,0.25,0.5854388177384106,0.0,1.0,0.0,0.0,0.08963367108339781,1.0,0.02493765586034913,0.20378071833648193,1.0,0.0,0.0,0.0,0.0,1.0,0.0,0.0,0.0,0.0,0.0,0.0,0.0,0.0,0.0,0.0,0.0,0.0,0.0,1.0,0.0,0.0,0.0,1.0,0.0
8254,0.5925925925925926,1.0,0.0,0.0,0.7777777777777779,0.25,0.7003106695515843,0.02631578947368421,1.0,0.0,0.0,0.08963367108339781,1.0,0.02493765586034913,0.20378071833648193,1.0,0.0,0.0,0.0,0.0,1.0,0.0,0.0,0.0,0.0,0.0,0.0,1.0,0.0,0.0,0.0,0.0,1.0,0.0,0.0,0.0,0.0,0.0,1.0,0.0
8255,0.48148148148148145,0.0,0.0,0.0,0.7777777777777779,0.25,0.726499069520548,0.0,0.002002002002002002,0.2857142857142857,0.0,0.08963367108339781,1.0,0.02493765586034913,0.20378071833648193,1.0,0.0,0.0,0.0,0.0,0.0,0.0,0.0,0.0,0.0,0.0,1.0,1.0,0.0,0.0,0.0,0.0,0.0,0.0,0.0,0.0,0.0,0.0,0.0,1.0
8256,0.24691358024691357,0.0,0.0,0.0,0.7777777777777779,0.25,0.6697830312775754,0.05263157894736842,1.0,0.0,0.0,0.08963367108339781,1.0,0.02493765586034913,0.20378071833648193,1.0,0.0,0.0,1.0,0.0,0.0,0.0,0.0,0.0,0.0,0.0,0.0,0.0,1.0,0.0,0.0,0.0,0.0,0.0,0.0,1.0,0.0,0.0,1.0,0.0
8257,0.4074074074074074,0.0,0.0,0.0,0.7777777777777779,0.5,0.6290077936901697,0.0,0.008008008008008008,0.42857142857142855,0.0,0.08963367108339781,1.0,0.02403083201088188,0.20378071833648193,1.0,0.0,0.0,0.0,0.0,0.0,0.0,0.0,0.0,0.0,0.0,1.0,1.0,0.0,0.0,0.0,0.0,0.0,0.0,0.0,0.0,1.0,0.0,0.0,0.0
8258,0.2222222222222222,0.0,0.0,0.0,0.7777777777777779,0.5,0.6962699633353183,0.0,1.0,0.14285714285714285,0.0,0.08963367108339781,1.0,0.02403083201088188,0.20378071833648193,1.0,0.0,0.0,0.0,0.0,0.0,0.0,0.0,0.0,0.0,0.0,0.0,1.0,0.0,0.0,0.0,0.0,0.0,0.0,0.0,1.0,0.0,0.0,0.0,0.0
8259,0.20987654320987653,0.0,0.0,0.0,0.7777777777777779,0.5,0.6244388640920251,0.0,0.005005005005005005,0.42857142857142855,0.0,0.08963367108339781,1.0,0.02403083201088188,0.20378071833648193,1.0,0.0,0.0,0.0,0.0,0.0,1.0,0.0,0.0,0.0,0.0,0.0,1.0,0.0,0.0,0.0,0.0,0.0,0.0,0.0,1.0,0.0,0.0,0.0,0.0
8260,0.25925925925925924,1.0,0.0,0.0,0.7777777777777779,0.5,0.5306356323565045,0.0,1.0,0.0,0.0,0.08963367108339781,1.0,0.02403083201088188,0.20378071833648193,0.0,0.0,0.0,0.0,0.0,0.0,0.0,0.0,0.0,0.0,0.0,0.0,1.0,0.0,0.0,0.0,0.0,0.0,0.0,0.0,1.0,0.0,0.0,1.0,0.0
8261,0.5308641975308641,1.0,0.0,0.0,0.7777777777777779,0.5,0.6673822306124111,0.0,1.0,0.14285714285714285,0.0,0.08963367108339781,1.0,0.02403083201088188,0.20378071833648193,1.0,0.0,0.0,0.0,0.0,0.0,0.0,0.0,0.0,0.0,0.0,0.0,1.0,0.0,0.0,0.0,0.0,0.0,0.0,0.0,0.0,1.0,0.0,0.0,0.0
8262,0.38271604938271603,0.0,0.0,0.0,0.7777777777777779,0.5,0.5183850773918827,0.0,0.006006006006006006,0.14285714285714285,0.0,0.08963367108339781,1.0,0.02403083201088188,0.20378071833648193,1.0,0.0,0.0,0.0,1.0,0.0,0.0,0.0,0.0,0.0,0.0,0.0,1.0,0.0,0.0,0.0,0.0,0.0,0.0,0.0,1.0,0.0,0.0,0.0,1.0
8263,0.38271604938271603,1.0,0.0,0.0,0.7777777777777779,0.5,0.6689881961625146,0.0,1.0,0.14285714285714285,0.0,0.08963367108339781,1.0,0.02403083201088188,0.20378071833648193,1.0,0.0,0.0,0.0,1.0,0.0,0.0,0.0,0.0,0.0,0.0,0.0,1.0,0.0,0.0,0.0,0.0,0.0,0.0,0.0,1.0,0.0,0.0,0.0,0.0
8264,0.18518518518518517,1.0,1.0,0.0,0.7777777777777779,0.5,0.636599792271751,0.0,1.0,0.0,0.0,0.08963367108339781,1.0,0.02403083201088188,0.20378071833648193,0.0,0.0,0.0,0.0,0.0,0.0,0.0,0.0,0.0,0.0,0.0,0.0,1.0,0.0,0.0,0.0,0.0,0.0,0.0,0.0,1.0,0.0,0.0,1.0,0.0
8265,0.5679012345679011,0.0,0.0,0.0,0.7777777777777779,0.5,0.684296740875147,0.0,1.0,0.0,0.0,0.08963367108339781,1.0,0.02403083201088188,0.20378071833648193,1.0,0.0,0.0,0.0,0.0,1.0,0.0,0.0,0.0,0.0,0.0,0.0,1.0,0.0,0.0,0.0,0.0,1.0,0.0,0.0,0.0,0.0,0.0,1.0,0.0
8266,0.5679012345679011,0.0,0.0,0.0,0.7777777777777779,0.5,0.8510783571850301,0.0,1.0,0.0,0.0,0.08963367108339781,1.0,0.02403083201088188,0.20378071833648193,0.0,0.0,0.0,0.0,0.0,1.0,0.0,0.0,0.0,0.0,0.0,0.0,1.0,0.0,0.0,0.0,0.0,1.0,0.0,0.0,0.0,0.0,0.0,1.0,0.0
8267,0.38271604938271603,0.0,0.0,0.0,0.7777777777777779,0.75,0.5571434124691511,0.0,1.0,0.0,0.0,0.08963367108339781,1.0,0.0242575379732487,0.20378071833648193,0.0,0.0,0.0,0.0,0.0,0.0,0.0,0.0,0.0,0.0,0.0,0.0,1.0,0.0,0.0,0.0,0.0,1.0,0.0,0.0,0.0,0.0,0.0,1.0,0.0
8268,0.30864197530864196,1.0,0.0,1.0,0.7777777777777779,0.75,0.6541316149049302,0.0,1.0,0.0,0.0,0.08963367108339781,1.0,0.0242575379732487,0.20378071833648193,0.0,0.0,0.0,0.0,1.0,0.0,0.0,0.0,0.0,0.0,0.0,0.0,0.0,0.0,0.0,0.0,0.0,0.0,0.0,0.0,0.0,1.0,0.0,1.0,0.0
8269,0.4567901234567901,1.0,0.0,0.0,0.7777777777777779,0.75,0.6422391580843787,0.02631578947368421,0.006006006006006006,0.14285714285714285,0.0,0.08963367108339781,1.0,0.0242575379732487,0.20378071833648193,1.0,0.0,0.0,0.0,1.0,0.0,0.0,0.0,0.0,0.0,0.0,0.0,0.0,0.0,0.0,0.0,0.0,0.0,0.0,0.0,1.0,0.0,0.0,0.0,1.0
8270,0.2345679012345679,0.0,0.0,0.0,0.7777777777777779,0.75,0.7651329115897525,0.0,1.0,0.0,0.0,0.08963367108339781,1.0,0.0242575379732487,0.20378071833648193,1.0,0.0,0.0,0.0,0.0,0.0,0.0,0.0,0.0,1.0,0.0,0.0,1.0,0.0,0.0,0.0,0.0,0.0,0.0,1.0,0.0,0.0,1.0,1.0,0.0
8271,0.24691358024691357,0.0,0.0,0.0,0.7777777777777779,0.75,0.5796182238056906,0.0,1.0,0.0,0.0,0.08963367108339781,1.0,0.0242575379732487,0.20378071833648193,1.0,0.0,0.0,0.0,1.0,0.0,0.0,0.0,0.0,0.0,0.0,0.0,0.0,1.0,0.0,0.0,1.0,0.0,0.0,0.0,0.0,0.0,0.0,1.0,0.0
8272,0.30864197530864196,0.0,0.0,0.0,0.7777777777777779,1.0,0.8245528676031013,0.02631578947368421,1.0,0.0,0.0,0.08963367108339781,1.0,0.02471094989798231,0.20378071833648193,1.0,0.0,0.0,0.0,1.0,0.0,0.0,0.0,0.0,0.0,0.0,0.0,0.0,1.0,0.0,0.0,0.0,0.0,0.0,0.0,1.0,0.0,0.0,1.0,0.0
8273,0.30864197530864196,1.0,0.0,0.0,0.7777777777777779,0.0,0.5485843549516803,0.0,1.0,0.0,0.0,0.08963367108339781,1.0,0.02471094989798231,0.20378071833648193,1.0,0.0,0.0,0.0,1.0,0.0,0.0,0.0,0.0,0.0,0.0,0.0,0.0,1.0,0.0,0.0,0.0,0.0,0.0,0.0,1.0,0.0,0.0,1.0,0.0
8274,0.5185185185185184,1.0,0.0,0.0,0.7777777777777779,0.0,0.7338462498046386,0.05263157894736842,1.0,0.14285714285714285,0.0,0.08963367108339781,1.0,0.02471094989798231,0.20378071833648193,1.0,0.0,0.0,0.0,0.0,0.0,0.0,0.0,0.0,1.0,0.0,0.0,1.0,0.0,0.0,0.0,0.0,0.0,0.0,0.0,1.0,0.0,0.0,0.0,0.0
8275,0.30864197530864196,1.0,0.0,0.0,0.7777777777777779,0.0,0.580467578755373,0.0,1.0,0.0,0.0,0.08963367108339781,1.0,0.02471094989798231,0.20378071833648193,1.0,0.0,0.0,0.0,1.0,0.0,0.0,0.0,0.0,0.0,0.0,0.0,0.0,1.0,0.0,0.0,0.0,0.0,0.0,0.0,1.0,0.0,0.0,1.0,0.0
8276,0.2345679012345679,1.0,1.0,0.0,0.7777777777777779,0.0,0.5140006512933829,0.0,1.0,0.14285714285714285,0.0,0.08963367108339781,1.0,0.02471094989798231,0.20378071833648193,1.0,0.0,0.0,0.0,0.0,0.0,0.0,0.0,0.0,0.0,0.0,0.0,1.0,0.0,0.0,0.0,0.0,0.0,0.0,0.0,1.0,0.0,0.0,0.0,0.0
8277,0.30864197530864196,0.0,0.0,0.0,0.7777777777777779,0.0,0.5870502833422594,0.0,1.0,0.0,0.0,0.08963367108339781,1.0,0.02471094989798231,0.20378071833648193,1.0,0.0,0.0,0.0,1.0,0.0,0.0,0.0,0.0,0.0,0.0,0.0,0.0,1.0,0.0,0.0,0.0,0.0,0.0,0.0,1.0,0.0,0.0,1.0,0.0
8278,0.7407407407407407,0.0,1.0,0.0,0.7777777777777779,0.0,0.6887622608157357,0.0,1.0,0.0,0.0,0.08963367108339781,1.0,0.02471094989798231,0.20378071833648193,1.0,0.0,0.0,0.0,0.0,1.0,0.0,0.0,0.0,0.0,0.0,0.0,1.0,0.0,0.0,0.0,0.0,0.0,0.0,0.0,1.0,0.0,0.0,1.0,0.0
8279,0.18518518518518517,1.0,0.0,0.0,0.7777777777777779,0.25,0.7149443538148184,0.0,1.0,0.0,0.0,0.08963367108339781,1.0,0.02448424393561552,0.20378071833648193,1.0,0.0,0.0,0.0,0.0,0.0,0.0,0.0,0.0,0.0,0.0,0.0,1.0,0.0,0.0,0.0,0.0,0.0,0.0,1.0,0.0,0.0,0.0,1.0,0.0
8280,0.16049382716049382,0.0,0.0,0.0,0.7777777777777779,0.25,0.7082839817554912,0.02631578947368421,1.0,0.0,0.0,0.08963367108339781,1.0,0.02448424393561552,0.20378071833648193,1.0,0.0,0.0,0.0,1.0,0.0,0.0,0.0,0.0,0.0,0.0,0.0,1.0,0.0,0.0,0.0,0.0,0.0,0.0,0.0,1.0,0.0,0.0,1.0,0.0
8281,0.2222222222222222,1.0,0.0,0.0,0.7777777777777779,0.25,0.5154803582186305,0.02631578947368421,1.0,0.0,0.0,0.08963367108339781,1.0,0.02448424393561552,0.20378071833648193,1.0,0.0,0.0,0.0,0.0,0.0,0.0,0.0,1.0,0.0,0.0,0.0,0.0,1.0,0.0,0.0,0.0,0.0,0.0,0.0,1.0,0.0,0.0,1.0,0.0
8282,0.16049382716049382,1.0,0.0,0.0,0.7777777777777779,0.25,0.8366597021472982,0.02631578947368421,1.0,0.0,0.0,0.08963367108339781,1.0,0.02448424393561552,0.20378071833648193,1.0,0.0,0.0,0.0,1.0,0.0,0.0,0.0,0.0,0.0,0.0,0.0,1.0,0.0,0.0,0.0,0.0,0.0,0.0,0.0,1.0,0.0,0.0,1.0,0.0
8283,0.7777777777777777,0.0,0.0,0.0,0.7777777777777779,0.25,0.6461771040195569,0.0,1.0,0.2857142857142857,0.0,0.08963367108339781,1.0,0.02448424393561552,0.20378071833648193,1.0,0.0,0.0,0.0,0.0,1.0,0.0,0.0,0.0,0.0,0.0,0.0,1.0,0.0,0.0,0.0,0.0,0.0,0.0,0.0,0.0,0.0,0.0,0.0,0.0
8284,0.34567901234567905,0.0,0.0,0.0,0.7777777777777779,0.25,0.7929220024761479,0.0,1.0,0.2857142857142857,0.0,0.08963367108339781,1.0,0.02448424393561552,0.20378071833648193,0.0,1.0,0.0,0.0,0.0,0.0,0.0,0.0,0.0,0.0,0.0,0.0,0.0,1.0,0.0,0.0,1.0,0.0,0.0,0.0,0.0,0.0,0.0,0.0,0.0
8285,0.5061728395061729,0.0,1.0,0.0,0.7777777777777779,0.25,0.4601914110336532,0.0,1.0,0.2857142857142857,0.0,0.08963367108339781,1.0,0.02448424393561552,0.20378071833648193,0.0,0.0,0.0,0.0,0.0,0.0,0.0,0.0,0.0,0.0,1.0,0.0,1.0,0.0,0.0,0.0,1.0,0.0,0.0,0.0,0.0,0.0,0.0,0.0,0.0
8286,0.18518518518518517,0.0,1.0,0.0,0.7777777777777779,0.25,0.6355447614376443,0.0,0.006006006006006006,0.14285714285714285,0.0,0.08963367108339781,1.0,0.02448424393561552,0.20378071833648193,1.0,0.0,0.0,0.0,0.0,0.0,0.0,0.0,0.0,0.0,0.0,0.0,1.0,0.0,0.0,0.0,0.0,0.0,0.0,1.0,0.0,0.0,0.0,0.0,1.0
8287,0.06172839506172839,1.0,0.0,0.0,0.7777777777777779,0.25,0.6295666315558228,0.0,0.006006006006006006,0.14285714285714285,0.0,0.08963367108339781,1.0,0.02448424393561552,0.20378071833648193,1.0,0.0,0.0,0.0,0.0,0.0,0.0,0.0,1.0,0.0,0.0,0.0,0.0,1.0,0.0,0.0,0.0,1.0,0.0,0.0,0.0,0.0,0.0,0.0,1.0
8288,0.0,0.0,1.0,0.0,0.7777777777777779,0.25,0.7998079526925057,0.0,0.002002002002002002,0.2857142857142857,0.0,0.08963367108339781,1.0,0.02448424393561552,0.20378071833648193,1.0,0.0,0.0,0.0,0.0,0.0,0.0,0.0,1.0,0.0,0.0,0.0,0.0,1.0,0.0,0.0,0.0,0.0,0.0,0.0,0.0,1.0,0.0,0.0,1.0
8289,0.19753086419753085,1.0,1.0,0.0,0.7777777777777779,0.25,0.6717469358140523,0.02631578947368421,1.0,0.0,0.0,0.08963367108339781,1.0,0.02448424393561552,0.20378071833648193,1.0,0.0,0.0,0.0,0.0,0.0,0.0,0.0,0.0,0.0,1.0,0.0,1.0,0.0,0.0,0.0,0.0,1.0,0.0,0.0,0.0,0.0,0.0,1.0,0.0
8290,0.34567901234567905,0.0,1.0,0.0,0.7777777777777779,0.25,0.6261730746079361,0.02631578947368421,1.0,0.14285714285714285,0.0,0.08963367108339781,1.0,0.02448424393561552,0.20378071833648193,1.0,1.0,0.0,0.0,0.0,0.0,0.0,0.0,0.0,0.0,0.0,0.0,0.0,1.0,0.0,0.0,1.0,0.0,0.0,0.0,0.0,0.0,0.0,0.0,0.0
8291,0.1111111111111111,1.0,0.0,1.0,0.7777777777777779,0.25,0.8130644268700435,0.05263157894736842,1.0,0.0,0.0,0.08963367108339781,1.0,0.02448424393561552,0.20378071833648193,1.0,0.0,0.0,0.0,0.0,0.0,0.0,0.0,1.0,0.0,0.0,0.0,0.0,1.0,0.0,0.0,1.0,0.0,0.0,0.0,0.0,0.0,0.0,1.0,0.0
8292,0.38271604938271603,1.0,0.0,0.0,0.7777777777777779,0.25,0.5591892927228724,0.02631578947368421,0.005005005005005005,0.2857142857142857,0.0,0.08963367108339781,1.0,0.02448424393561552,0.20378071833648193,0.0,0.0,0.0,0.0,0.0,0.0,0.0,0.0,0.0,0.0,0.0,0.0,1.0,0.0,0.0,1.0,0.0,0.0,0.0,0.0,0.0,0.0,0.0,0.0,1.0
8293,0.13580246913580246,0.0,0.0,0.0,0.7777777777777779,0.5,0.6328650293995502,0.0,1.0,0.14285714285714285,0.0,0.08963367108339781,1.0,0.02448424393561552,0.20378071833648193,1.0,0.0,0.0,0.0,0.0,0.0,0.0,0.0,0.0,1.0,0.0,0.0,0.0,1.0,0.0,0.0,0.0,1.0,0.0,0.0,0.0,0.0,0.0,0.0,0.0
8294,0.13580246913580246,0.5,0.5,0.0,0.7777777777777779,0.5,0.5226119446684994,0.0,0.006006006006006006,0.14285714285714285,0.0,0.08963367108339781,1.0,0.02448424393561552,0.20378071833648193,1.0,0.0,0.0,0.0,0.0,0.0,0.0,0.0,0.0,1.0,0.0,0.0,0.0,1.0,0.0,0.0,0.0,1.0,0.0,0.0,0.0,0.0,0.0,0.0,1.0
8295,0.13580246913580246,0.0,0.0,1.0,0.7777777777777779,0.5,0.8076701229440174,0.0,1.0,0.0,0.0,0.08963367108339781,1.0,0.02448424393561552,0.20378071833648193,1.0,0.0,0.0,0.0,0.0,0.0,0.0,0.0,0.0,0.0,0.0,0.0,0.0,1.0,0.0,0.0,0.0,1.0,0.0,0.0,0.0,0.0,0.0,1.0,0.0
8296,0.2345679012345679,0.0,0.0,0.0,0.7777777777777779,0.5,0.5870502833422594,0.0,1.0,0.14285714285714285,0.0,0.08963367108339781,1.0,0.02448424393561552,0.20378071833648193,0.0,0.0,0.0,0.0,0.0,0.0,0.0,0.0,0.0,0.0,0.0,0.0,0.0,1.0,0.0,0.0,0.0,0.0,0.0,0.0,1.0,0.0,0.0,0.0,0.0
8297,0.6666666666666665,0.0,0.0,0.0,0.7777777777777779,0.5,0.64373137872162,0.0,1.0,0.0,0.0,0.08963367108339781,1.0,0.02448424393561552,0.20378071833648193,0.0,0.0,0.0,0.0,0.0,1.0,0.0,0.0,0.0,0.0,0.0,0.0,1.0,0.0,0.0,0.0,1.0,0.0,0.0,0.0,0.0,0.0,0.0,1.0,0.0
8298,0.7037037037037037,1.0,1.0,0.0,0.7777777777777779,0.5,0.6504552172780276,0.0,1.0,0.0,0.0,0.08963367108339781,1.0,0.02448424393561552,0.20378071833648193,1.0,0.0,0.0,0.0,0.0,1.0,0.0,0.0,0.0,0.0,0.0,0.0,1.0,0.0,0.0,0.0,0.0,0.0,0.0,0.0,0.0,1.0,0.0,1.0,0.0
8299,0.24691358024691357,1.0,0.0,0.0,0.7777777777777779,0.5,0.6940353071368747,0.0,1.0,0.14285714285714285,0.0,0.08963367108339781,1.0,0.02448424393561552,0.20378071833648193,1.0,0.0,0.0,0.0,0.0,0.0,0.0,0.0,0.0,1.0,0.0,0.0,1.0,0.0,0.0,0.0,0.0,0.0,0.0,0.0,1.0,0.0,0.0,0.0,0.0
8300,0.48148148148148145,0.0,0.0,0.0,0.7777777777777779,0.5,0.5154803582186305,0.02631578947368421,1.0,0.0,0.0,0.08963367108339781,1.0,0.02448424393561552,0.20378071833648193,0.0,0.0,0.0,0.0,0.0,0.0,0.0,0.0,0.0,0.0,0.0,0.0,1.0,0.0,0.0,0.0,1.0,0.0,0.0,0.0,0.0,0.0,0.0,1.0,0.0
8301,0.25925925925925924,1.0,0.0,0.0,0.7777777777777779,0.5,0.5518674094137875,0.0,1.0,0.0,0.0,0.08963367108339781,1.0,0.02448424393561552,0.20378071833648193,0.0,0.0,0.0,0.0,0.0,0.0,0.0,0.0,0.0,0.0,0.0,0.0,1.0,0.0,0.0,0.0,0.0,1.0,0.0,0.0,0.0,0.0,0.0,1.0,0.0
8302,0.20987654320987653,0.0,0.0,1.0,0.7777777777777779,0.5,0.6673822306124111,0.02631578947368421,1.0,0.0,0.0,0.08963367108339781,1.0,0.02448424393561552,0.20378071833648193,1.0,0.0,0.0,0.0,1.0,0.0,0.0,0.0,0.0,0.0,0.0,0.0,1.0,0.0,0.0,0.0,0.0,0.0,0.0,0.0,1.0,0.0,0.0,1.0,0.0
8303,0.13580246913580246,1.0,1.0,0.0,0.7777777777777779,0.5,0.6020559671887218,0.02631578947368421,1.0,0.0,0.0,0.08963367108339781,1.0,0.02448424393561552,0.20378071833648193,0.0,0.0,0.0,0.0,0.0,0.0,0.0,0.0,0.0,1.0,0.0,0.0,0.0,1.0,0.0,0.0,0.0,0.0,0.0,0.0,1.0,0.0,0.0,1.0,0.0
8304,0.19753086419753085,0.0,0.0,0.0,0.7777777777777779,0.75,0.7165521485397763,0.10526315789473684,1.0,0.14285714285714285,0.0,0.08963367108339781,1.0,0.02403083201088188,0.20378071833648193,1.0,0.0,0.0,0.0,0.0,0.0,0.0,0.0,0.0,0.0,0.0,0.0,0.0,1.0,0.0,0.0,0.0,0.0,0.0,0.0,1.0,0.0,0.0,0.0,0.0
8305,0.3333333333333333,0.0,0.0,0.0,0.7777777777777779,0.75,0.7591731414671088,0.0,1.0,0.0,0.0,0.08963367108339781,1.0,0.02403083201088188,0.20378071833648193,0.0,0.0,0.0,0.0,0.0,0.0,0.0,0.0,0.0,0.0,0.0,0.0,0.0,0.0,0.0,0.0,0.0,1.0,0.0,0.0,0.0,0.0,0.0,1.0,0.0
8306,0.2839506172839506,1.0,0.0,0.0,0.7777777777777779,0.75,0.647141331954917,0.0,0.003003003003003003,0.14285714285714285,0.0,0.08963367108339781,1.0,0.02403083201088188,0.20378071833648193,1.0,0.0,0.0,0.0,0.0,0.0,0.0,1.0,0.0,0.0,0.0,0.0,1.0,0.0,0.0,0.0,0.0,0.0,0.0,1.0,0.0,0.0,0.0,0.0,1.0
8307,0.7037037037037037,1.0,0.0,0.0,0.7777777777777779,0.75,0.5770327318283031,0.02631578947368421,0.006006006006006006,0.14285714285714285,0.0,0.08963367108339781,1.0,0.02403083201088188,0.20378071833648193,1.0,0.0,0.0,0.0,0.0,1.0,0.0,0.0,0.0,0.0,0.0,0.0,1.0,0.0,0.0,0.0,1.0,0.0,0.0,0.0,0.0,0.0,0.0,0.0,1.0
8308,0.24691358024691357,0.0,0.0,0.0,0.7777777777777779,0.75,0.5716847586578249,0.02631578947368421,0.006006006006006006,0.42857142857142855,0.0,0.08963367108339781,1.0,0.02403083201088188,0.20378071833648193,1.0,1.0,0.0,0.0,0.0,0.0,0.0,0.0,0.0,0.0,0.0,0.0,1.0,0.0,0.0,1.0,0.0,0.0,0.0,0.0,0.0,0.0,0.0,0.0,0.0
8309,0.19753086419753085,1.0,0.0,1.0,0.7777777777777779,0.75,0.6020559671887218,0.05263157894736842,0.006006006006006006,0.2857142857142857,0.0,0.08963367108339781,1.0,0.02403083201088188,0.20378071833648193,1.0,0.0,0.0,0.0,0.0,0.0,0.0,0.0,0.0,0.0,0.0,0.0,0.0,1.0,0.0,0.0,0.0,0.0,0.0,0.0,1.0,0.0,0.0,0.0,1.0
8310,0.24691358024691357,0.0,0.0,0.0,0.7777777777777779,0.75,0.7466760785195581,0.0,1.0,0.14285714285714285,0.0,0.08963367108339781,1.0,0.02403083201088188,0.20378071833648193,1.0,0.0,0.0,0.0,1.0,0.0,0.0,0.0,0.0,0.0,0.0,0.0,0.0,1.0,0.0,0.0,0.0,0.0,0.0,0.0,1.0,0.0,0.0,0.0,0.0
8311,0.09876543209876543,1.0,1.0,0.0,0.7777777777777779,1.0,0.5591892927228724,0.0,1.0,0.14285714285714285,0.0,0.08963367108339781,1.0,0.02380412604851509,0.20378071833648193,1.0,0.0,0.0,0.0,0.0,0.0,0.0,0.0,0.0,0.0,0.0,0.0,0.0,1.0,0.0,0.0,0.0,0.0,0.0,0.0,1.0,0.0,0.0,0.0,0.0
8312,0.13580246913580246,1.0,0.0,1.0,0.7777777777777779,1.0,0.6153622441177717,0.0,1.0,0.14285714285714285,0.0,0.08963367108339781,1.0,0.02380412604851509,0.20378071833648193,1.0,0.0,0.0,0.0,0.0,0.0,0.0,1.0,0.0,0.0,0.0,0.0,1.0,0.0,0.0,0.0,1.0,0.0,0.0,0.0,0.0,0.0,0.0,0.0,0.0
8313,0.13580246913580246,1.0,0.0,0.0,0.7777777777777779,1.0,0.7931997715532266,0.0,0.002002002002002002,0.14285714285714285,0.0,0.08963367108339781,1.0,0.02380412604851509,0.20378071833648193,1.0,0.0,0.0,0.0,0.0,0.0,0.0,1.0,0.0,0.0,0.0,0.0,1.0,0.0,0.0,0.0,1.0,0.0,0.0,0.0,0.0,0.0,0.0,0.0,1.0
8314,0.06172839506172839,0.0,0.0,0.0,0.7777777777777779,1.0,0.5932840675469451,0.02631578947368421,1.0,0.14285714285714285,0.0,0.08963367108339781,1.0,0.02380412604851509,0.20378071833648193,1.0,0.0,0.0,0.0,0.0,0.0,0.0,0.0,1.0,0.0,0.0,0.0,0.0,1.0,0.0,0.0,0.0,1.0,0.0,0.0,0.0,0.0,0.0,0.0,0.0
8315,0.18518518518518517,0.0,1.0,0.0,0.7777777777777779,1.0,0.4735228478707203,0.02631578947368421,1.0,0.0,0.0,0.08963367108339781,1.0,0.02380412604851509,0.20378071833648193,0.0,0.0,0.0,0.0,0.0,0.0,1.0,0.0,0.0,0.0,0.0,0.0,1.0,0.0,0.0,0.0,0.0,0.0,0.0,1.0,0.0,0.0,0.0,1.0,0.0
8316,0.2716049382716049,0.0,0.0,0.0,0.7777777777777779,1.0,0.6048403610725471,0.0,0.006006006006006006,0.14285714285714285,0.0,0.08963367108339781,1.0,0.02380412604851509,0.20378071833648193,1.0,0.0,0.0,0.0,0.0,0.0,0.0,0.0,0.0,1.0,0.0,0.0,1.0,0.0,0.0,0.0,0.0,0.0,0.0,0.0,1.0,0.0,0.0,0.0,1.0
8317,0.19753086419753085,1.0,0.0,0.0,0.7777777777777779,1.0,0.5932840675469451,0.02631578947368421,1.0,0.0,0.0,0.08963367108339781,1.0,0.02380412604851509,0.20378071833648193,1.0,0.0,0.0,0.0,0.0,0.0,0.0,0.0,0.0,1.0,0.0,0.0,1.0,0.0,0.0,0.0,0.0,0.0,0.0,1.0,0.0,0.0,0.0,1.0,0.0
8318,0.2716049382716049,1.0,0.0,0.0,0.7777777777777779,1.0,0.5829794567444476,0.0,0.007007007007007007,0.2857142857142857,0.0,0.08963367108339781,1.0,0.02380412604851509,0.20378071833648193,0.0,0.0,0.0,0.0,0.0,0.0,0.0,0.0,0.0,1.0,0.0,0.0,1.0,0.0,0.0,0.0,0.0,0.0,0.0,0.0,1.0,0.0,0.0,0.0,0.0
8319,0.19753086419753085,1.0,0.0,0.0,0.7777777777777779,1.0,0.6417375148956687,0.0,1.0,0.0,0.0,0.08963367108339781,1.0,0.02380412604851509,0.20378071833648193,1.0,0.0,0.0,0.0,0.0,0.0,0.0,0.0,0.0,0.0,0.0,0.0,0.0,1.0,0.0,0.0,0.0,0.0,0.0,0.0,1.0,0.0,0.0,1.0,0.0
8320,0.1111111111111111,0.0,0.0,0.0,0.7777777777777779,1.0,0.6736785908672379,0.0,1.0,0.0,0.0,0.08963367108339781,1.0,0.02380412604851509,0.20378071833648193,1.0,0.0,0.0,0.0,0.0,0.0,0.0,0.0,0.0,0.0,0.0,0.0,0.0,1.0,0.0,0.0,0.0,0.0,0.0,0.0,1.0,0.0,0.0,1.0,0.0
8321,0.2345679012345679,1.0,0.0,0.0,0.7777777777777779,1.0,0.5474693214896542,0.0,0.006006006006006006,0.14285714285714285,0.0,0.08963367108339781,1.0,0.02380412604851509,0.20378071833648193,0.0,0.0,0.0,0.0,0.0,0.0,0.0,1.0,0.0,0.0,0.0,0.0,1.0,0.0,0.0,0.0,0.0,1.0,0.0,0.0,0.0,0.0,0.0,0.0,1.0
8322,0.2345679012345679,0.0,0.0,0.0,0.7777777777777779,1.0,0.5829794567444476,0.0,1.0,0.2857142857142857,0.0,0.08963367108339781,1.0,0.02380412604851509,0.20378071833648193,0.0,0.0,0.0,0.0,0.0,0.0,0.0,1.0,0.0,0.0,0.0,0.0,1.0,0.0,0.0,0.0,0.0,1.0,0.0,0.0,0.0,0.0,0.0,0.0,0.0
8323,0.39506172839506176,1.0,0.0,1.0,0.7777777777777779,1.0,0.7146742385423219,0.0,1.0,0.14285714285714285,0.0,0.08963367108339781,1.0,0.02380412604851509,0.20378071833648193,1.0,0.0,0.0,0.0,0.0,0.0,0.0,0.0,0.0,0.0,0.0,0.0,0.0,1.0,0.0,0.0,0.0,1.0,0.0,0.0,0.0,0.0,0.0,0.0,0.0
8324,0.4074074074074074,0.5,0.5,0.0,0.7777777777777779,1.0,0.7181382644722665,0.0,0.008008008008008008,0.2857142857142857,0.0,0.08963367108339781,1.0,0.02380412604851509,0.20378071833648193,1.0,0.0,0.0,0.0,0.0,0.0,0.0,0.0,0.0,1.0,0.0,0.0,1.0,0.0,0.0,0.0,0.0,0.0,0.0,1.0,0.0,0.0,0.0,0.0,0.0
8325,0.19753086419753085,0.0,0.0,0.0,0.7777777777777779,1.0,0.573494565885327,0.0,0.006006006006006006,0.14285714285714285,0.0,0.08963367108339781,1.0,0.02380412604851509,0.20378071833648193,1.0,0.0,0.0,0.0,0.0,0.0,0.0,0.0,0.0,0.0,0.0,0.0,1.0,0.0,0.0,0.0,0.0,0.0,0.0,0.0,1.0,0.0,0.0,0.0,1.0
8326,0.25925925925925924,0.0,0.0,0.0,0.7777777777777779,1.0,0.5947922311468027,0.0,1.0,0.0,0.0,0.08963367108339781,1.0,0.02380412604851509,0.20378071833648193,1.0,0.0,0.0,0.0,0.0,0.0,0.0,0.0,0.0,1.0,0.0,0.0,1.0,0.0,0.0,0.0,0.0,0.0,0.0,0.0,1.0,0.0,0.0,1.0,0.0
8327,0.13580246913580246,0.0,0.0,0.0,0.7777777777777779,1.0,0.6803811399204682,0.0,1.0,0.14285714285714285,0.0,0.08963367108339781,1.0,0.02380412604851509,0.20378071833648193,1.0,0.0,0.0,0.0,1.0,0.0,0.0,0.0,0.0,0.0,0.0,0.0,0.0,1.0,0.0,0.0,0.0,0.0,0.0,0.0,1.0,0.0,0.0,0.0,0.0
8328,0.5555555555555556,0.0,0.0,0.0,0.7777777777777779,1.0,0.773623980840818,0.02631578947368421,1.0,0.0,0.0,0.08963367108339781,1.0,0.02380412604851509,0.20378071833648193,1.0,0.0,0.0,0.0,0.0,1.0,0.0,0.0,0.0,0.0,0.0,0.0,1.0,0.0,0.0,0.0,0.0,0.0,0.0,0.0,1.0,0.0,1.0,1.0,0.0
8329,0.39506172839506176,1.0,0.0,0.0,0.7777777777777779,1.0,0.5787626916748434,0.02631578947368421,1.0,0.0,0.0,0.08963367108339781,1.0,0.02380412604851509,0.20378071833648193,1.0,0.0,0.0,0.0,0.0,0.0,0.0,0.0,0.0,0.0,0.0,0.0,0.0,1.0,0.0,0.0,0.0,1.0,0.0,0.0,0.0,0.0,0.0,1.0,0.0
8330,0.2345679012345679,0.0,0.0,0.0,0.7777777777777779,1.0,0.686722293807522,0.0,1.0,0.2857142857142857,0.0,0.08963367108339781,1.0,0.02380412604851509,0.20378071833648193,1.0,0.0,0.0,0.0,0.0,0.0,0.0,0.0,0.0,0.0,0.0,0.0,1.0,0.0,0.0,0.0,0.0,0.0,0.0,0.0,1.0,0.0,0.0,0.0,0.0
8331,0.654320987654321,1.0,0.0,0.0,0.7777777777777779,0.0,0.5743891340707834,0.0,1.0,0.0,0.0,0.08963367108339781,1.0,0.02380412604851509,0.20378071833648193,1.0,0.0,0.0,0.0,0.0,1.0,0.0,0.0,0.0,0.0,0.0,0.0,1.0,0.0,0.0,0.0,0.0,0.0,0.0,0.0,0.0,0.0,0.0,1.0,0.0
8332,0.04938271604938271,0.0,1.0,0.0,0.7777777777777779,0.0,0.6442246085825132,0.0,1.0,0.0,0.0,0.08963367108339781,1.0,0.02380412604851509,0.20378071833648193,0.0,0.0,0.0,0.0,0.0,0.0,0.0,0.0,1.0,0.0,0.0,0.0,0.0,1.0,0.0,0.0,0.0,1.0,0.0,0.0,0.0,0.0,0.0,1.0,0.0
8333,0.5308641975308641,0.0,0.0,0.0,0.7777777777777779,0.0,0.540547610473664,0.0,1.0,0.0,0.0,0.08963367108339781,1.0,0.02380412604851509,0.20378071833648193,1.0,0.0,0.0,0.0,0.0,1.0,0.0,0.0,0.0,0.0,0.0,0.0,1.0,0.0,0.0,0.0,0.0,0.0,0.0,0.0,0.0,0.0,0.0,1.0,0.0
8334,0.5308641975308641,0.0,0.0,0.0,0.7777777777777779,0.0,0.7525037762385953,0.0,1.0,0.14285714285714285,0.0,0.08963367108339781,1.0,0.02380412604851509,0.20378071833648193,0.0,0.0,0.0,0.0,0.0,1.0,0.0,0.0,0.0,0.0,0.0,0.0,1.0,0.0,0.0,0.0,0.0,0.0,0.0,0.0,0.0,0.0,0.0,0.0,0.0
8335,0.5308641975308641,0.0,0.0,0.0,0.7777777777777779,0.0,0.5198109754500708,0.0,1.0,0.0,0.0,0.08963367108339781,1.0,0.02380412604851509,0.20378071833648193,0.0,0.0,0.0,0.0,0.0,1.0,0.0,0.0,0.0,0.0,0.0,0.0,1.0,0.0,0.0,0.0,0.0,0.0,0.0,0.0,0.0,0.0,0.0,1.0,0.0
8336,0.16049382716049382,1.0,0.0,0.0,0.7777777777777779,0.0,0.7006158192674063,0.02631578947368421,1.0,0.0,0.0,0.08963367108339781,1.0,0.02380412604851509,0.20378071833648193,1.0,0.0,0.0,0.0,0.0,0.0,0.0,1.0,0.0,0.0,0.0,0.0,0.0,1.0,0.0,0.0,0.0,1.0,0.0,0.0,0.0,0.0,0.0,1.0,0.0
8337,0.4567901234567901,0.0,0.0,1.0,0.7777777777777779,0.0,0.6159896330688406,0.02631578947368421,1.0,0.0,0.0,0.08963367108339781,1.0,0.02380412604851509,0.20378071833648193,0.0,0.0,0.0,1.0,0.0,0.0,0.0,0.0,0.0,0.0,0.0,0.0,1.0,0.0,0.0,0.0,0.0,0.0,0.0,1.0,0.0,0.0,0.0,1.0,0.0
8338,0.2222222222222222,0.5,0.5,0.0,0.7777777777777779,0.0,0.5670345425314071,0.02631578947368421,1.0,0.0,0.0,0.08963367108339781,1.0,0.02380412604851509,0.20378071833648193,0.0,0.0,0.0,0.0,0.0,0.0,1.0,0.0,0.0,0.0,0.0,0.0,0.0,1.0,0.0,0.0,0.0,0.0,0.0,0.0,1.0,0.0,0.0,1.0,0.0
8339,0.04938271604938271,0.0,0.0,0.0,0.7777777777777779,0.0,0.6818201199369839,0.0,1.0,0.0,0.0,0.08963367108339781,1.0,0.02380412604851509,0.20378071833648193,1.0,0.0,0.0,0.0,0.0,0.0,0.0,0.0,1.0,0.0,0.0,0.0,0.0,1.0,0.0,0.0,0.0,1.0,0.0,0.0,0.0,0.0,0.0,1.0,0.0
8340,0.2345679012345679,1.0,0.0,0.0,0.7777777777777779,0.25,0.6832417100410403,0.0,1.0,0.14285714285714285,0.0,0.08963367108339781,1.0,0.023350714123781452,0.20378071833648193,1.0,0.0,0.0,0.0,1.0,0.0,0.0,0.0,0.0,0.0,0.0,0.0,1.0,0.0,0.0,1.0,0.0,0.0,0.0,0.0,0.0,0.0,0.0,0.0,0.0
8341,0.19753086419753085,1.0,0.0,0.0,0.7777777777777779,0.25,0.5886399717165399,0.02631578947368421,0.006006006006006006,0.14285714285714285,0.0,0.08963367108339781,1.0,0.023350714123781452,0.20378071833648193,1.0,0.0,0.0,0.0,0.0,0.0,0.0,0.0,0.0,0.0,0.0,0.0,1.0,0.0,0.0,0.0,0.0,0.0,0.0,0.0,1.0,0.0,0.0,0.0,1.0
8342,0.1728395061728395,1.0,0.0,0.0,0.7777777777777779,0.25,0.5507832068127649,0.0,1.0,0.0,0.0,0.08963367108339781,1.0,0.023350714123781452,0.20378071833648193,0.0,0.0,0.0,0.0,0.0,0.0,0.0,0.0,0.0,0.0,0.0,0.0,1.0,0.0,0.0,0.0,0.0,0.0,0.0,0.0,1.0,0.0,0.0,1.0,0.0
8343,0.4938271604938272,0.5,0.5,1.0,0.7777777777777779,0.25,0.7343048669527241,0.0,1.0,0.0,0.0,0.08963367108339781,1.0,0.023350714123781452,0.20378071833648193,1.0,0.0,0.0,0.0,0.0,0.0,0.0,0.0,0.0,0.0,0.0,0.0,0.0,1.0,0.0,0.0,0.0,1.0,0.0,0.0,0.0,0.0,0.0,1.0,0.0
8344,0.1728395061728395,1.0,0.0,1.0,0.7777777777777779,0.25,0.6969007163182872,0.0,1.0,0.0,0.0,0.08963367108339781,1.0,0.023350714123781452,0.20378071833648193,1.0,0.0,0.0,0.0,0.0,0.0,0.0,1.0,0.0,0.0,0.0,0.0,0.0,1.0,0.0,0.0,0.0,0.0,0.0,1.0,0.0,0.0,0.0,1.0,0.0
8345,0.1728395061728395,1.0,0.0,0.0,0.7777777777777779,0.25,0.6312273906618776,0.0,1.0,0.0,0.0,0.08963367108339781,1.0,0.023350714123781452,0.20378071833648193,1.0,0.0,0.0,0.0,0.0,0.0,0.0,0.0,0.0,0.0,0.0,0.0,1.0,0.0,0.0,0.0,0.0,0.0,0.0,0.0,1.0,0.0,0.0,1.0,0.0
8346,0.5308641975308641,1.0,0.0,0.0,0.7777777777777779,0.25,0.7517169161175707,0.02631578947368421,0.006006006006006006,0.14285714285714285,0.0,0.08963367108339781,1.0,0.023350714123781452,0.20378071833648193,1.0,0.0,0.0,0.0,0.0,0.0,0.0,0.0,0.0,1.0,0.0,0.0,1.0,0.0,0.0,0.0,0.0,0.0,0.0,0.0,0.0,0.0,0.0,0.0,1.0
8347,0.5185185185185184,1.0,0.0,0.0,0.7777777777777779,0.25,0.7354436478642356,0.02631578947368421,0.006006006006006006,0.14285714285714285,0.0,0.08963367108339781,1.0,0.023350714123781452,0.20378071833648193,1.0,0.0,0.0,1.0,0.0,0.0,0.0,0.0,0.0,0.0,0.0,0.0,1.0,0.0,0.0,0.0,0.0,0.0,0.0,0.0,0.0,0.0,0.0,0.0,1.0
8348,0.4444444444444445,1.0,0.0,1.0,0.7777777777777779,0.25,0.6504552172780276,0.02631578947368421,1.0,0.0,0.0,0.08963367108339781,1.0,0.023350714123781452,0.20378071833648193,0.0,0.0,1.0,0.0,0.0,0.0,0.0,0.0,0.0,0.0,0.0,0.0,1.0,0.0,0.0,0.0,0.0,0.0,0.0,0.0,0.0,0.0,0.0,1.0,0.0
8349,0.16049382716049382,1.0,0.0,0.0,0.7777777777777779,0.25,0.7127658628623931,0.0,1.0,0.0,0.0,0.08963367108339781,1.0,0.023350714123781452,0.20378071833648193,1.0,0.0,0.0,0.0,0.0,0.0,0.0,0.0,0.0,1.0,0.0,0.0,1.0,0.0,0.0,0.0,0.0,0.0,0.0,1.0,0.0,0.0,0.0,1.0,0.0
8350,0.08641975308641975,1.0,0.0,0.0,0.7777777777777779,0.25,0.7667072344853819,0.02631578947368421,1.0,0.14285714285714285,0.0,0.08963367108339781,1.0,0.023350714123781452,0.20378071833648193,1.0,0.0,0.0,0.0,1.0,0.0,0.0,0.0,0.0,0.0,0.0,0.0,0.0,1.0,0.0,0.0,0.0,0.0,0.0,0.0,1.0,0.0,0.0,0.0,0.0
8351,0.2716049382716049,1.0,0.0,0.0,0.7777777777777779,0.25,0.7009201794617362,0.0,1.0,0.0,0.0,0.08963367108339781,1.0,0.023350714123781452,0.20378071833648193,1.0,0.0,0.0,0.0,0.0,0.0,0.0,0.0,0.0,0.0,0.0,0.0,0.0,1.0,0.0,0.0,0.0,1.0,0.0,0.0,0.0,0.0,0.0,1.0,0.0
8352,0.3333333333333333,1.0,0.0,0.0,0.7777777777777779,0.5,0.6190773470668909,0.05263157894736842,0.006006006006006006,0.14285714285714285,0.0,0.08963367108339781,1.0,0.022897302199047842,0.20378071833648193,1.0,0.0,0.0,0.0,0.0,0.0,0.0,0.0,0.0,0.0,0.0,0.0,1.0,0.0,0.0,0.0,0.0,0.0,0.0,0.0,1.0,0.0,0.0,0.0,1.0
8353,0.25925925925925924,1.0,0.0,0.0,0.7777777777777779,0.5,0.7905341025237766,0.0,1.0,0.14285714285714285,0.0,0.08963367108339781,1.0,0.022897302199047842,0.20378071833648193,1.0,0.0,0.0,0.0,0.0,0.0,0.0,0.0,0.0,0.0,0.0,0.0,1.0,0.0,0.0,0.0,0.0,0.0,0.0,0.0,1.0,0.0,0.0,0.0,0.0
8354,0.25925925925925924,1.0,0.0,0.0,0.7777777777777779,0.5,0.7479057254249325,0.0,0.006006006006006006,0.14285714285714285,0.0,0.08963367108339781,1.0,0.022897302199047842,0.20378071833648193,1.0,0.0,0.0,0.0,0.0,0.0,0.0,0.0,0.0,0.0,0.0,0.0,1.0,0.0,0.0,0.0,0.0,0.0,0.0,0.0,1.0,0.0,0.0,0.0,1.0
8355,0.19753086419753085,0.0,1.0,0.0,0.7777777777777779,0.5,0.5540062892371289,0.0,1.0,0.2857142857142857,0.0,0.08963367108339781,1.0,0.022897302199047842,0.20378071833648193,0.0,0.0,0.0,0.0,0.0,0.0,0.0,0.0,0.0,0.0,0.0,0.0,0.0,1.0,0.0,0.0,0.0,0.0,0.0,0.0,1.0,0.0,0.0,0.0,0.0
8356,0.2345679012345679,1.0,0.0,0.0,0.7777777777777779,0.5,0.790107630215635,0.0,0.006006006006006006,0.14285714285714285,0.0,0.08963367108339781,1.0,0.022897302199047842,0.20378071833648193,1.0,0.0,0.0,0.0,0.0,0.0,0.0,0.0,0.0,0.0,0.0,0.0,1.0,0.0,0.0,0.0,0.0,0.0,0.0,0.0,1.0,0.0,0.0,0.0,1.0
8357,0.18518518518518517,1.0,0.0,0.0,0.7777777777777779,0.5,0.7232759870961841,0.02631578947368421,0.006006006006006006,0.14285714285714285,0.0,0.08963367108339781,1.0,0.022897302199047842,0.20378071833648193,1.0,0.0,0.0,0.0,0.0,0.0,0.0,0.0,0.0,0.0,0.0,0.0,1.0,0.0,0.0,0.0,0.0,0.0,0.0,0.0,1.0,0.0,0.0,0.0,1.0
8358,0.8765432098765431,0.0,0.0,0.0,0.7777777777777779,0.5,0.7340757818764584,0.02631578947368421,0.006006006006006006,0.14285714285714285,0.0,0.08963367108339781,1.0,0.022897302199047842,0.20378071833648193,1.0,0.0,0.0,0.0,0.0,1.0,0.0,0.0,0.0,0.0,0.0,0.0,0.0,0.0,0.0,0.0,0.0,0.0,0.0,0.0,0.0,0.0,0.0,0.0,1.0
8359,0.3333333333333333,1.0,0.0,1.0,0.7777777777777779,0.5,0.7787533012541334,0.0,1.0,0.0,0.0,0.08963367108339781,1.0,0.022897302199047842,0.20378071833648193,1.0,0.0,0.0,0.0,0.0,0.0,0.0,0.0,0.0,0.0,0.0,0.0,1.0,0.0,0.0,0.0,0.0,0.0,0.0,0.0,1.0,0.0,0.0,1.0,0.0
8360,0.2345679012345679,0.0,0.0,0.0,0.7777777777777779,0.5,0.5779008918534767,0.0,1.0,0.0,0.0,0.08963367108339781,1.0,0.022897302199047842,0.20378071833648193,1.0,0.0,0.0,0.0,0.0,0.0,0.0,0.0,0.0,0.0,0.0,0.0,1.0,0.0,0.0,0.0,0.0,0.0,0.0,0.0,1.0,0.0,0.0,1.0,0.0
8361,0.30864197530864196,1.0,0.0,0.0,0.7777777777777779,0.5,0.674061144536046,0.0,0.007007007007007007,0.14285714285714285,0.0,0.08963367108339781,1.0,0.022897302199047842,0.20378071833648193,1.0,1.0,0.0,0.0,0.0,0.0,0.0,0.0,0.0,0.0,0.0,0.0,1.0,0.0,0.0,0.0,0.0,0.0,0.0,1.0,0.0,0.0,0.0,0.0,1.0
8362,0.30864197530864196,0.0,0.0,0.0,0.7777777777777779,0.5,0.6661632026103997,0.0,1.0,0.0,0.0,0.08963367108339781,1.0,0.022897302199047842,0.20378071833648193,1.0,1.0,0.0,0.0,0.0,0.0,0.0,0.0,0.0,0.0,0.0,0.0,1.0,0.0,0.0,0.0,0.0,0.0,0.0,1.0,0.0,0.0,0.0,1.0,0.0
8363,0.14814814814814814,0.0,1.0,0.0,0.7777777777777779,0.5,0.5507832068127649,0.02631578947368421,1.0,0.0,0.0,0.08963367108339781,1.0,0.022897302199047842,0.20378071833648193,1.0,1.0,0.0,0.0,0.0,0.0,0.0,0.0,0.0,0.0,0.0,0.0,0.0,1.0,0.0,0.0,1.0,0.0,0.0,0.0,0.0,0.0,0.0,1.0,0.0
8364,0.4567901234567901,1.0,0.0,0.0,0.7777777777777779,0.5,0.6238550656258994,0.0,1.0,0.0,0.0,0.08963367108339781,1.0,0.022897302199047842,0.20378071833648193,1.0,0.0,0.0,0.0,0.0,0.0,0.0,0.0,0.0,0.0,1.0,0.0,1.0,0.0,0.0,0.0,1.0,0.0,0.0,0.0,0.0,0.0,0.0,1.0,0.0
8365,0.20987654320987653,1.0,0.0,0.0,0.7777777777777779,0.5,0.716817990798646,0.02631578947368421,0.008008008008008008,0.14285714285714285,0.0,0.08963367108339781,1.0,0.022897302199047842,0.20378071833648193,1.0,0.0,0.0,0.0,0.0,0.0,0.0,0.0,0.0,1.0,0.0,0.0,1.0,0.0,0.0,0.0,0.0,0.0,0.0,1.0,0.0,0.0,0.0,0.0,1.0
8366,0.18518518518518517,1.0,0.0,0.0,0.7777777777777779,0.5,0.6220860826741794,0.02631578947368421,1.0,0.0,0.0,0.08963367108339781,1.0,0.022897302199047842,0.20378071833648193,0.0,0.0,0.0,0.0,0.0,0.0,0.0,0.0,0.0,0.0,0.0,0.0,0.0,1.0,0.0,0.0,0.0,0.0,0.0,0.0,1.0,0.0,0.0,1.0,0.0
8367,0.24691358024691357,1.0,0.0,0.0,0.7777777777777779,0.75,0.649517880450222,0.02631578947368421,1.0,0.14285714285714285,0.0,0.08963367108339781,1.0,0.022443890274314204,0.20378071833648193,1.0,0.0,0.0,0.0,0.0,0.0,0.0,0.0,0.0,0.0,1.0,0.0,1.0,0.0,0.0,0.0,0.0,0.0,0.0,0.0,1.0,0.0,0.0,0.0,0.0
8368,0.2222222222222222,0.0,0.0,0.0,0.7777777777777779,0.75,0.6927390389294485,0.10526315789473684,1.0,0.0,0.0,0.08963367108339781,1.0,0.022443890274314204,0.20378071833648193,1.0,0.0,0.0,0.0,0.0,0.0,0.0,0.0,0.0,0.0,1.0,0.0,1.0,0.0,0.0,0.0,0.0,0.0,0.0,0.0,1.0,0.0,0.0,1.0,0.0
8369,0.48148148148148145,0.0,0.0,0.0,0.7777777777777779,0.75,0.6532232308583403,0.0,0.006006006006006006,0.14285714285714285,0.0,0.08963367108339781,1.0,0.022443890274314204,0.20378071833648193,1.0,0.0,0.0,0.0,0.0,0.0,0.0,0.0,0.0,1.0,0.0,0.0,1.0,0.0,0.0,0.0,0.0,0.0,0.0,0.0,0.0,0.0,0.0,0.0,1.0
8370,0.19753086419753085,1.0,0.0,0.0,0.7777777777777779,0.75,0.6763307033473182,0.05263157894736842,1.0,0.0,0.0,0.08963367108339781,1.0,0.022443890274314204,0.20378071833648193,1.0,0.0,0.0,0.0,0.0,0.0,0.0,1.0,0.0,0.0,0.0,0.0,1.0,0.0,0.0,0.0,0.0,1.0,0.0,0.0,0.0,0.0,0.0,1.0,0.0
8371,0.6666666666666665,1.0,0.0,0.0,0.7777777777777779,0.75,0.5707693054036078,0.05263157894736842,1.0,0.2857142857142857,0.0,0.08963367108339781,1.0,0.022443890274314204,0.20378071833648193,1.0,0.0,0.0,0.0,1.0,0.0,0.0,0.0,0.0,0.0,0.0,0.0,1.0,0.0,0.0,0.0,0.0,0.0,0.0,0.0,1.0,0.0,0.0,0.0,0.0
8372,0.48148148148148145,0.5,0.5,0.0,0.7777777777777779,0.75,0.6121741045570199,0.0,0.006006006006006006,0.14285714285714285,0.0,0.08963367108339781,1.0,0.022443890274314204,0.20378071833648193,1.0,0.0,0.0,0.0,0.0,1.0,0.0,0.0,0.0,0.0,0.0,0.0,1.0,0.0,0.0,0.0,0.0,0.0,0.0,1.0,0.0,0.0,0.0,0.0,1.0
8373,0.48148148148148145,0.0,0.0,0.0,0.7777777777777779,0.75,0.5761581170225034,0.0,0.003003003003003003,0.14285714285714285,0.0,0.08963367108339781,1.0,0.022443890274314204,0.20378071833648193,1.0,0.0,0.0,0.0,0.0,1.0,0.0,0.0,0.0,0.0,0.0,0.0,1.0,0.0,0.0,0.0,0.0,0.0,0.0,1.0,0.0,0.0,0.0,0.0,1.0
8374,0.1728395061728395,0.0,0.0,0.0,0.7777777777777779,0.75,0.6839461142385569,0.0,1.0,0.0,0.0,0.08963367108339781,1.0,0.022443890274314204,0.20378071833648193,0.0,0.0,0.0,0.0,0.0,0.0,0.0,0.0,0.0,0.0,0.0,0.0,0.0,1.0,0.0,0.0,0.0,0.0,0.0,0.0,1.0,0.0,0.0,1.0,0.0
8375,0.34567901234567905,0.0,0.0,0.0,0.7777777777777779,0.75,0.7322268613080786,0.0,0.006006006006006006,0.14285714285714285,0.0,0.08963367108339781,1.0,0.022443890274314204,0.20378071833648193,1.0,0.0,0.0,0.0,0.0,0.0,0.0,0.0,0.0,1.0,0.0,0.0,1.0,0.0,0.0,0.0,0.0,0.0,0.0,1.0,0.0,0.0,0.0,0.0,1.0
8376,0.16049382716049382,1.0,0.0,1.0,0.7777777777777779,0.75,0.8129472019978762,0.07894736842105263,1.0,0.0,0.0,0.08963367108339781,1.0,0.022443890274314204,0.20378071833648193,1.0,0.0,0.0,0.0,0.0,0.0,0.0,0.0,0.0,0.0,0.0,0.0,0.0,1.0,0.0,0.0,0.0,0.0,0.0,0.0,1.0,0.0,0.0,1.0,0.0
8377,0.48148148148148145,0.0,0.0,0.0,0.7777777777777779,0.75,0.6736785908672379,0.05263157894736842,0.003003003003003003,0.14285714285714285,0.0,0.08963367108339781,1.0,0.022443890274314204,0.20378071833648193,1.0,0.0,0.0,0.0,0.0,0.0,0.0,0.0,0.0,1.0,0.0,0.0,1.0,0.0,0.0,0.0,0.0,0.0,0.0,0.0,0.0,0.0,0.0,0.0,1.0
8378,0.09876543209876543,1.0,0.0,0.0,0.7777777777777779,0.75,0.6545831899296645,0.02631578947368421,1.0,0.0,0.0,0.08963367108339781,1.0,0.022443890274314204,0.20378071833648193,1.0,0.0,0.0,0.0,0.0,0.0,0.0,1.0,0.0,0.0,0.0,0.0,0.0,1.0,0.0,0.0,0.0,1.0,0.0,0.0,0.0,0.0,0.0,1.0,0.0
8379,0.08641975308641975,1.0,1.0,1.0,0.7777777777777779,0.75,0.5393533347388635,0.0,1.0,0.0,0.0,0.08963367108339781,1.0,0.022443890274314204,0.20378071833648193,1.0,0.0,0.0,0.0,0.0,0.0,0.0,0.0,0.0,0.0,0.0,0.0,0.0,1.0,0.0,0.0,0.0,0.0,0.0,0.0,1.0,0.0,0.0,1.0,0.0
8380,0.2222222222222222,0.0,0.0,0.0,0.7777777777777779,0.75,0.6874062210217441,0.0,0.006006006006006006,0.14285714285714285,0.0,0.08963367108339781,1.0,0.022443890274314204,0.20378071833648193,1.0,0.0,0.0,0.0,0.0,0.0,0.0,0.0,0.0,0.0,1.0,0.0,1.0,0.0,0.0,0.0,0.0,0.0,0.0,0.0,1.0,0.0,0.0,0.0,1.0
8381,0.5432098765432098,1.0,0.0,0.0,0.7777777777777779,1.0,0.6846463255291116,0.02631578947368421,1.0,0.14285714285714285,0.0,0.08963367108339781,1.0,0.021763772387213776,0.20378071833648193,1.0,0.0,0.0,0.0,1.0,0.0,0.0,0.0,0.0,0.0,0.0,0.0,1.0,0.0,0.0,0.0,0.0,0.0,0.0,0.0,1.0,0.0,0.0,0.0,0.0
8382,0.06172839506172839,0.0,0.0,0.0,0.7777777777777779,1.0,0.6590060849288549,0.05263157894736842,0.006006006006006006,0.14285714285714285,0.0,0.08963367108339781,1.0,0.021763772387213776,0.20378071833648193,1.0,0.0,0.0,0.0,0.0,0.0,0.0,0.0,1.0,0.0,0.0,0.0,0.0,1.0,0.0,0.0,0.0,1.0,0.0,0.0,0.0,0.0,0.0,0.0,1.0
8383,0.5802469135802468,1.0,0.0,0.0,0.7777777777777779,1.0,0.573494565885327,0.0,1.0,0.14285714285714285,0.0,0.08963367108339781,1.0,0.021763772387213776,0.20378071833648193,1.0,0.0,0.0,0.0,0.0,0.0,0.0,0.0,0.0,0.0,0.0,0.0,1.0,0.0,0.0,0.0,0.0,1.0,0.0,0.0,0.0,0.0,0.0,0.0,0.0
8384,0.07407407407407407,1.0,0.0,0.0,0.7777777777777779,1.0,0.697214829053618,0.0,1.0,0.0,0.0,0.08963367108339781,1.0,0.021763772387213776,0.20378071833648193,1.0,0.0,0.0,0.0,0.0,0.0,0.0,0.0,0.0,1.0,0.0,0.0,0.0,1.0,0.0,0.0,0.0,0.0,0.0,0.0,1.0,0.0,0.0,1.0,0.0
8385,0.04938271604938271,1.0,0.0,0.0,0.7777777777777779,1.0,0.5894268318375645,0.0,1.0,0.0,0.0,0.08963367108339781,1.0,0.021763772387213776,0.20378071833648193,1.0,0.0,0.0,0.0,0.0,0.0,0.0,0.0,1.0,0.0,0.0,0.0,0.0,1.0,0.0,0.0,0.0,1.0,0.0,0.0,0.0,0.0,0.0,1.0,0.0
8386,0.08641975308641975,1.0,0.0,0.0,0.7777777777777779,1.0,0.7215031956410405,0.0,1.0,0.0,0.0,0.08963367108339781,1.0,0.021763772387213776,0.20378071833648193,1.0,0.0,0.0,0.0,0.0,0.0,0.0,0.0,1.0,0.0,0.0,0.0,0.0,1.0,0.0,0.0,0.0,0.0,0.0,0.0,0.0,1.0,0.0,1.0,0.0
8387,1.0,1.0,0.0,0.0,0.7777777777777779,1.0,0.7255167243589877,0.0,0.002002002002002002,0.2857142857142857,0.0,0.08963367108339781,1.0,0.021763772387213776,0.20378071833648193,1.0,0.0,0.0,0.0,0.0,1.0,0.0,0.0,0.0,0.0,0.0,0.0,1.0,0.0,0.0,0.0,0.0,0.0,0.0,0.0,0.0,0.0,1.0,0.0,1.0
8388,0.5802469135802468,1.0,0.0,0.0,0.7777777777777779,1.0,0.7127658628623931,0.0,1.0,0.14285714285714285,0.0,0.08963367108339781,1.0,0.021763772387213776,0.20378071833648193,1.0,0.0,0.0,0.0,0.0,0.0,0.0,0.0,0.0,0.0,0.0,0.0,1.0,0.0,0.0,0.0,0.0,1.0,0.0,0.0,0.0,0.0,0.0,0.0,0.0
8389,0.2222222222222222,0.0,0.0,0.0,0.7777777777777779,1.0,0.7569288416079759,0.0,0.006006006006006006,0.14285714285714285,0.0,0.08963367108339781,1.0,0.021763772387213776,0.20378071833648193,0.0,1.0,0.0,0.0,0.0,0.0,0.0,0.0,0.0,0.0,0.0,0.0,0.0,1.0,0.0,0.0,0.0,1.0,0.0,0.0,0.0,0.0,0.0,0.0,1.0
8390,1.0,1.0,0.0,0.0,0.7777777777777779,1.0,0.6598710531604159,0.02631578947368421,1.0,0.0,0.0,0.08963367108339781,1.0,0.021763772387213776,0.20378071833648193,1.0,0.0,0.0,0.0,0.0,1.0,0.0,0.0,0.0,0.0,0.0,0.0,1.0,0.0,0.0,0.0,0.0,0.0,0.0,0.0,0.0,0.0,1.0,1.0,0.0
8391,0.06172839506172839,0.0,0.0,0.0,0.7777777777777779,1.0,0.7157509980005988,0.0,1.0,0.14285714285714285,0.0,0.08963367108339781,1.0,0.021763772387213776,0.20378071833648193,1.0,0.0,0.0,0.0,0.0,0.0,0.0,0.0,1.0,0.0,0.0,0.0,0.0,1.0,0.0,0.0,1.0,0.0,0.0,0.0,0.0,0.0,0.0,0.0,0.0
8392,0.06172839506172839,0.0,0.0,0.0,0.7777777777777779,1.0,0.6355447614376443,0.02631578947368421,0.006006006006006006,0.14285714285714285,0.0,0.08963367108339781,1.0,0.021763772387213776,0.20378071833648193,1.0,0.0,0.0,0.0,0.0,0.0,0.0,0.0,1.0,0.0,0.0,0.0,0.0,1.0,0.0,0.0,1.0,0.0,0.0,0.0,0.0,0.0,0.0,0.0,1.0
8393,0.14814814814814814,1.0,0.0,0.0,0.7777777777777779,1.0,0.6681879539642915,0.0,0.006006006006006006,0.14285714285714285,0.0,0.08963367108339781,1.0,0.021763772387213776,0.20378071833648193,1.0,0.0,0.0,0.0,0.0,0.0,0.0,0.0,0.0,0.0,0.0,0.0,0.0,1.0,0.0,0.0,0.0,1.0,0.0,0.0,0.0,0.0,0.0,0.0,1.0
8394,0.20987654320987653,0.0,0.0,0.0,0.7777777777777779,1.0,0.6636865816722366,0.0,1.0,0.2857142857142857,0.0,0.08963367108339781,1.0,0.021763772387213776,0.20378071833648193,1.0,0.0,0.0,0.0,0.0,0.0,0.0,0.0,0.0,0.0,0.0,0.0,1.0,0.0,0.0,0.0,0.0,0.0,0.0,0.0,1.0,0.0,0.0,0.0,0.0
8395,0.24691358024691357,0.0,0.0,1.0,0.7777777777777779,1.0,0.5743891340707834,0.0,1.0,0.0,0.0,0.08963367108339781,1.0,0.021763772387213776,0.20378071833648193,0.0,1.0,0.0,0.0,0.0,0.0,0.0,0.0,0.0,0.0,0.0,0.0,1.0,0.0,0.0,1.0,0.0,0.0,0.0,0.0,0.0,0.0,0.0,1.0,0.0
8396,0.1111111111111111,0.0,0.0,1.0,0.7777777777777779,1.0,0.6532232308583403,0.02631578947368421,0.004004004004004004,0.14285714285714285,0.0,0.08963367108339781,1.0,0.021763772387213776,0.20378071833648193,1.0,0.0,0.0,0.0,0.0,0.0,0.0,0.0,0.0,0.0,0.0,0.0,0.0,1.0,0.0,0.0,0.0,1.0,0.0,0.0,0.0,0.0,0.0,0.0,1.0
8397,0.14814814814814814,1.0,0.0,0.0,0.7777777777777779,0.0,0.5417298832341686,0.02631578947368421,1.0,0.14285714285714285,0.0,0.08963367108339781,1.0,0.021990478349580594,0.20378071833648193,0.0,0.0,0.0,0.0,0.0,0.0,0.0,0.0,0.0,0.0,0.0,0.0,0.0,1.0,0.0,0.0,0.0,0.0,0.0,0.0,1.0,0.0,0.0,0.0,0.0
8398,0.19753086419753085,0.0,0.0,0.0,0.7777777777777779,0.0,0.6504552172780276,0.0,1.0,0.0,0.0,0.08963367108339781,1.0,0.021990478349580594,0.20378071833648193,1.0,0.0,0.0,0.0,0.0,0.0,0.0,0.0,0.0,0.0,0.0,0.0,0.0,1.0,0.0,0.0,0.0,1.0,0.0,0.0,0.0,0.0,0.0,1.0,0.0
8399,0.1111111111111111,1.0,0.0,0.0,0.7777777777777779,0.0,0.7713076020689337,0.0,1.0,0.0,0.0,0.08963367108339781,1.0,0.021990478349580594,0.20378071833648193,1.0,0.0,0.0,0.0,0.0,0.0,0.0,0.0,0.0,0.0,0.0,0.0,1.0,0.0,0.0,0.0,0.0,1.0,0.0,0.0,0.0,0.0,0.0,1.0,0.0
8400,0.1111111111111111,1.0,1.0,0.0,0.7777777777777779,0.0,0.56984667205054,0.0,1.0,0.0,0.0,0.08963367108339781,1.0,0.021990478349580594,0.20378071833648193,0.0,0.0,0.0,0.0,0.0,0.0,0.0,0.0,0.0,0.0,0.0,0.0,1.0,0.0,0.0,0.0,0.0,1.0,0.0,0.0,0.0,0.0,0.0,1.0,0.0
8401,0.30864197530864196,1.0,0.0,0.0,0.7777777777777779,0.0,0.6910983547398326,0.0,1.0,0.14285714285714285,0.0,0.08963367108339781,1.0,0.021990478349580594,0.20378071833648193,1.0,0.0,0.0,0.0,1.0,0.0,0.0,0.0,0.0,0.0,0.0,0.0,1.0,0.0,0.0,0.0,0.0,0.0,0.0,0.0,1.0,0.0,0.0,0.0,0.0
8402,0.4691358024691357,0.0,0.0,0.0,0.7777777777777779,0.25,0.5743891340707834,0.0,1.0,0.0,0.0,0.08963367108339781,1.0,0.021310360462480166,0.20378071833648193,1.0,0.0,0.0,0.0,0.0,0.0,0.0,0.0,0.0,0.0,1.0,0.0,1.0,0.0,0.0,0.0,1.0,0.0,0.0,0.0,0.0,0.0,0.0,1.0,0.0
8403,0.6790123456790123,0.0,1.0,0.0,0.7777777777777779,0.25,0.5846247304098844,0.0,0.006006006006006006,0.14285714285714285,0.0,0.08963367108339781,1.0,0.021310360462480166,0.20378071833648193,1.0,0.0,0.0,0.0,0.0,0.0,0.0,0.0,0.0,0.0,0.0,0.0,1.0,0.0,0.0,0.0,0.0,0.0,0.0,0.0,1.0,0.0,1.0,0.0,1.0
8404,0.6666666666666665,0.0,0.0,0.0,0.7777777777777779,0.25,0.6278820898893921,0.0,1.0,0.0,0.0,0.08963367108339781,1.0,0.021310360462480166,0.20378071833648193,1.0,0.0,0.0,0.0,0.0,1.0,0.0,0.0,0.0,0.0,0.0,0.0,1.0,0.0,0.0,0.0,0.0,0.0,0.0,0.0,0.0,0.0,0.0,1.0,0.0
8405,0.18518518518518517,0.0,0.0,0.0,0.7777777777777779,0.25,0.5381468098084997,0.0,1.0,0.14285714285714285,0.0,0.08963367108339781,1.0,0.021310360462480166,0.20378071833648193,1.0,0.0,0.0,0.0,0.0,0.0,0.0,0.0,0.0,1.0,0.0,0.0,0.0,1.0,0.0,0.0,0.0,0.0,0.0,0.0,1.0,0.0,0.0,0.0,0.0
8406,0.43209876543209874,0.0,0.0,0.0,0.7777777777777779,0.25,0.6701784439170553,0.0,1.0,0.2857142857142857,0.0,0.08963367108339781,1.0,0.021310360462480166,0.20378071833648193,1.0,0.0,0.0,1.0,0.0,0.0,0.0,0.0,0.0,0.0,0.0,0.0,1.0,0.0,0.0,0.0,0.0,1.0,0.0,0.0,0.0,0.0,0.0,0.0,0.0
8407,0.6296296296296295,1.0,0.0,0.0,0.7777777777777779,0.25,0.5452070373544604,0.0,0.006006006006006006,0.2857142857142857,0.0,0.08963367108339781,1.0,0.021310360462480166,0.20378071833648193,1.0,0.0,0.0,0.0,0.0,1.0,0.0,0.0,0.0,0.0,0.0,0.0,1.0,0.0,0.0,0.0,0.0,0.0,0.0,0.0,0.0,0.0,0.0,0.0,1.0
8408,0.34567901234567905,0.0,0.0,1.0,0.7777777777777779,0.25,0.5154803582186305,0.02631578947368421,1.0,0.0,0.0,0.08963367108339781,1.0,0.021310360462480166,0.20378071833648193,0.0,1.0,0.0,0.0,0.0,0.0,0.0,0.0,0.0,0.0,0.0,0.0,1.0,0.0,0.0,0.0,0.0,0.0,0.0,0.0,1.0,0.0,0.0,1.0,0.0
8409,0.14814814814814814,0.0,0.0,0.0,0.7777777777777779,0.25,0.7119384140850683,0.0,1.0,0.14285714285714285,0.0,0.08963367108339781,1.0,0.021310360462480166,0.20378071833648193,1.0,0.0,0.0,0.0,0.0,0.0,0.0,1.0,0.0,0.0,0.0,0.0,1.0,0.0,0.0,0.0,0.0,1.0,0.0,0.0,0.0,0.0,0.0,0.0,0.0
8410,0.19753086419753085,0.0,0.0,0.0,0.7777777777777779,0.25,0.5796182238056906,0.0,1.0,0.0,0.0,0.08963367108339781,1.0,0.021310360462480166,0.20378071833648193,1.0,0.0,0.0,0.0,0.0,0.0,0.0,1.0,0.0,0.0,0.0,0.0,0.0,1.0,0.0,0.0,0.0,1.0,0.0,0.0,0.0,0.0,0.0,1.0,0.0
8411,0.5925925925925926,0.5,0.5,0.0,0.7777777777777779,0.25,0.7803114054828394,0.02631578947368421,1.0,0.0,0.0,0.08963367108339781,1.0,0.021310360462480166,0.20378071833648193,1.0,0.0,0.0,1.0,0.0,0.0,0.0,0.0,0.0,0.0,0.0,0.0,1.0,0.0,0.0,0.0,0.0,0.0,0.0,0.0,0.0,0.0,0.0,1.0,0.0
8412,0.30864197530864196,0.0,0.0,1.0,0.7777777777777779,0.25,0.5212197964741162,0.0,0.003003003003003003,0.14285714285714285,0.0,0.08963367108339781,1.0,0.021310360462480166,0.20378071833648193,1.0,0.0,0.0,0.0,1.0,0.0,0.0,0.0,0.0,0.0,0.0,0.0,1.0,0.0,0.0,0.0,0.0,0.0,0.0,0.0,1.0,0.0,0.0,0.0,1.0
8413,0.5432098765432098,0.0,0.0,1.0,0.7777777777777779,0.25,0.7347617030588557,0.0,1.0,0.0,0.0,0.08963367108339781,1.0,0.021310360462480166,0.20378071833648193,0.0,0.0,0.0,0.0,0.0,1.0,0.0,0.0,0.0,0.0,0.0,0.0,1.0,0.0,0.0,0.0,0.0,1.0,0.0,0.0,0.0,0.0,0.0,1.0,0.0
8414,0.06172839506172839,1.0,0.0,0.0,0.7777777777777779,0.25,0.529335783224907,0.0,1.0,0.0,0.0,0.08963367108339781,1.0,0.021310360462480166,0.20378071833648193,0.0,0.0,0.0,0.0,0.0,0.0,0.0,0.0,1.0,0.0,0.0,0.0,0.0,1.0,0.0,1.0,0.0,0.0,0.0,0.0,0.0,0.0,0.0,1.0,0.0
8415,0.5679012345679011,1.0,0.0,0.0,0.7777777777777779,0.25,0.6705725318885943,0.0,1.0,0.0,0.0,0.08963367108339781,1.0,0.021310360462480166,0.20378071833648193,1.0,0.0,0.0,0.0,0.0,0.0,0.0,0.0,0.0,1.0,0.0,0.0,1.0,0.0,0.0,0.0,0.0,0.0,0.0,1.0,0.0,0.0,0.0,1.0,0.0
8416,0.5925925925925926,1.0,0.0,0.0,0.7777777777777779,0.25,0.6513851442510553,0.02631578947368421,1.0,0.14285714285714285,0.0,0.08963367108339781,1.0,0.021310360462480166,0.20378071833648193,0.0,0.0,0.0,1.0,0.0,0.0,0.0,0.0,0.0,0.0,0.0,0.0,1.0,0.0,0.0,0.0,0.0,0.0,0.0,0.0,0.0,0.0,0.0,0.0,0.0
8417,0.1728395061728395,1.0,0.0,0.0,0.7777777777777779,0.25,0.6523077776041232,0.05263157894736842,0.004004004004004004,0.14285714285714285,0.0,0.08963367108339781,1.0,0.021310360462480166,0.20378071833648193,1.0,0.0,0.0,0.0,1.0,0.0,0.0,0.0,0.0,0.0,0.0,0.0,1.0,0.0,0.0,0.0,0.0,0.0,0.0,0.0,1.0,0.0,0.0,0.0,1.0
8418,0.6296296296296295,1.0,0.0,0.0,0.7777777777777779,0.25,0.7102658482382652,0.02631578947368421,1.0,0.0,0.0,0.08963367108339781,1.0,0.021310360462480166,0.20378071833648193,1.0,0.0,0.0,0.0,0.0,1.0,0.0,0.0,0.0,0.0,0.0,0.0,0.0,0.0,0.0,0.0,0.0,0.0,0.0,1.0,0.0,0.0,0.0,1.0,0.0
8419,0.35802469135802467,1.0,0.0,0.0,0.7777777777777779,0.25,0.492850661870268,0.0,1.0,0.14285714285714285,0.0,0.08963367108339781,1.0,0.021310360462480166,0.20378071833648193,0.0,1.0,0.0,0.0,0.0,0.0,0.0,0.0,0.0,0.0,0.0,0.0,1.0,0.0,0.0,0.0,1.0,0.0,0.0,0.0,0.0,0.0,0.0,0.0,0.0
8420,0.6666666666666665,0.0,0.0,0.0,0.7777777777777779,0.25,0.6904356197503724,0.0,1.0,0.0,0.0,0.08963367108339781,1.0,0.021310360462480166,0.20378071833648193,1.0,0.0,0.0,0.0,0.0,1.0,0.0,0.0,0.0,0.0,0.0,0.0,1.0,0.0,0.0,0.0,0.0,0.0,0.0,0.0,0.0,0.0,0.0,1.0,0.0
8421,0.04938271604938271,0.0,0.0,0.0,0.7777777777777779,0.25,0.5571434124691511,0.0,1.0,0.0,0.0,0.08963367108339781,1.0,0.021310360462480166,0.20378071833648193,1.0,0.0,0.0,0.0,0.0,0.0,0.0,0.0,1.0,0.0,0.0,0.0,0.0,1.0,0.0,0.0,0.0,1.0,0.0,0.0,0.0,0.0,0.0,1.0,0.0
8422,0.18518518518518517,1.0,0.0,0.0,0.7777777777777779,0.25,0.5894268318375645,0.0,1.0,0.0,0.0,0.08963367108339781,1.0,0.021310360462480166,0.20378071833648193,1.0,0.0,0.0,0.0,0.0,0.0,0.0,0.0,0.0,1.0,0.0,0.0,0.0,1.0,0.0,0.0,0.0,0.0,0.0,0.0,1.0,0.0,0.0,1.0,0.0
8423,0.5679012345679011,1.0,0.0,0.0,0.7777777777777779,0.5,0.5381468098084997,0.0,1.0,0.0,0.0,0.08963367108339781,1.0,0.020403536613012918,0.20378071833648193,1.0,0.0,0.0,0.0,0.0,1.0,0.0,0.0,0.0,0.0,0.0,0.0,1.0,0.0,0.0,0.0,0.0,1.0,0.0,0.0,0.0,0.0,0.0,1.0,0.0
8424,0.34567901234567905,1.0,0.0,0.0,0.7777777777777779,0.5,0.8230556727630015,0.0,1.0,0.0,0.0,0.08963367108339781,1.0,0.020403536613012918,0.20378071833648193,0.0,0.0,0.0,0.0,0.0,0.0,0.0,0.0,0.0,0.0,0.0,0.0,1.0,0.0,0.0,0.0,0.0,1.0,0.0,0.0,0.0,0.0,0.0,1.0,0.0
8425,0.5061728395061729,1.0,0.0,1.0,0.7777777777777779,0.5,0.7333858376729261,0.0,1.0,0.0,0.0,0.08963367108339781,1.0,0.020403536613012918,0.20378071833648193,1.0,0.0,0.0,0.0,0.0,0.0,0.0,0.0,0.0,0.0,1.0,0.0,0.0,0.0,0.0,0.0,1.0,0.0,0.0,0.0,0.0,0.0,0.0,1.0,0.0
8426,0.18518518518518517,0.0,0.0,0.0,0.7777777777777779,0.5,0.6962699633353183,0.0,1.0,0.0,0.0,0.08963367108339781,1.0,0.020403536613012918,0.20378071833648193,1.0,0.0,0.0,0.0,0.0,0.0,0.0,0.0,0.0,0.0,0.0,0.0,0.0,1.0,0.0,0.0,0.0,0.0,0.0,0.0,1.0,0.0,0.0,1.0,0.0
8427,0.16049382716049382,1.0,0.0,0.0,0.7777777777777779,0.5,0.5761581170225034,0.0,1.0,0.0,0.0,0.08963367108339781,1.0,0.020403536613012918,0.20378071833648193,0.0,0.0,0.0,0.0,0.0,0.0,0.0,0.0,0.0,0.0,0.0,0.0,1.0,0.0,0.0,0.0,0.0,0.0,0.0,0.0,1.0,0.0,0.0,1.0,0.0
8428,0.691358024691358,1.0,0.0,1.0,0.7777777777777779,0.5,0.614731491134803,0.0,1.0,0.0,0.0,0.08963367108339781,1.0,0.020403536613012918,0.20378071833648193,0.0,0.0,0.0,0.0,0.0,1.0,0.0,0.0,0.0,0.0,0.0,0.0,1.0,0.0,0.0,0.0,0.0,0.0,0.0,0.0,0.0,0.0,0.0,1.0,0.0
8429,0.20987654320987653,0.0,0.0,1.0,0.7777777777777779,0.5,0.5239878100544288,0.0,1.0,0.0,0.0,0.08963367108339781,1.0,0.020403536613012918,0.20378071833648193,0.0,0.0,0.0,0.0,0.0,0.0,0.0,0.0,0.0,0.0,0.0,1.0,0.0,1.0,0.0,0.0,0.0,0.0,0.0,0.0,1.0,0.0,0.0,1.0,0.0
8430,0.2839506172839506,0.0,0.0,0.0,0.7777777777777779,0.5,0.7367957909062232,0.05263157894736842,1.0,0.14285714285714285,0.0,0.08963367108339781,1.0,0.020403536613012918,0.20378071833648193,1.0,0.0,0.0,0.0,0.0,0.0,0.0,0.0,0.0,0.0,0.0,0.0,1.0,0.0,0.0,0.0,0.0,1.0,0.0,0.0,0.0,0.0,0.0,0.0,0.0
8431,0.5555555555555556,0.0,0.0,0.0,0.7777777777777779,0.5,0.6278820898893921,0.0,0.006006006006006006,0.14285714285714285,0.0,0.08963367108339781,1.0,0.020403536613012918,0.20378071833648193,1.0,0.0,0.0,0.0,0.0,1.0,0.0,0.0,0.0,0.0,0.0,0.0,1.0,0.0,0.0,0.0,0.0,1.0,0.0,0.0,0.0,0.0,0.0,0.0,1.0
8432,0.4567901234567901,0.0,1.0,0.0,0.7777777777777779,0.75,0.6006386590863215,0.02631578947368421,1.0,0.0,0.0,0.08963367108339781,1.0,0.019950124688279308,0.20378071833648193,1.0,0.0,0.0,0.0,0.0,1.0,0.0,0.0,0.0,0.0,0.0,0.0,1.0,0.0,0.0,0.0,0.0,0.0,0.0,0.0,0.0,0.0,0.0,1.0,0.0
8433,0.08641975308641975,1.0,0.0,0.0,0.7777777777777779,0.75,0.7116612993527112,0.05263157894736842,1.0,0.0,0.0,0.08963367108339781,1.0,0.019950124688279308,0.20378071833648193,1.0,0.0,0.0,0.0,0.0,0.0,0.0,0.0,1.0,0.0,0.0,0.0,0.0,1.0,0.0,0.0,0.0,1.0,0.0,0.0,0.0,0.0,0.0,1.0,0.0
8434,0.2345679012345679,0.0,0.0,0.0,0.7777777777777779,0.75,0.6870647544554597,0.02631578947368421,1.0,0.14285714285714285,0.0,0.08963367108339781,1.0,0.019950124688279308,0.20378071833648193,0.0,0.0,0.0,0.0,0.0,0.0,0.0,0.0,0.0,0.0,0.0,0.0,1.0,0.0,0.0,0.0,0.0,0.0,0.0,0.0,1.0,0.0,0.0,0.0,0.0
8435,0.1728395061728395,1.0,0.0,0.0,0.7777777777777779,0.75,0.6585712040288184,0.02631578947368421,1.0,0.14285714285714285,0.0,0.08963367108339781,1.0,0.019950124688279308,0.20378071833648193,0.0,0.0,0.0,0.0,0.0,0.0,0.0,0.0,0.0,0.0,0.0,0.0,1.0,0.0,0.0,0.0,0.0,1.0,0.0,0.0,0.0,0.0,0.0,0.0,0.0
8436,0.4691358024691357,1.0,0.0,0.0,0.7777777777777779,0.75,0.5813108450867737,0.0,1.0,0.0,0.0,0.08963367108339781,1.0,0.019950124688279308,0.20378071833648193,1.0,0.0,0.0,0.0,0.0,1.0,0.0,0.0,0.0,0.0,0.0,0.0,1.0,0.0,0.0,0.0,0.0,0.0,0.0,0.0,0.0,0.0,0.0,1.0,0.0
8437,0.19753086419753085,0.0,0.0,0.0,0.7777777777777779,0.75,0.7079981124787547,0.0,1.0,0.14285714285714285,0.0,0.08963367108339781,1.0,0.019950124688279308,0.20378071833648193,1.0,0.0,0.0,0.0,0.0,0.0,0.0,0.0,0.0,0.0,0.0,0.0,0.0,1.0,0.0,0.0,0.0,0.0,0.0,0.0,1.0,0.0,0.0,0.0,0.0
8438,0.7777777777777777,1.0,0.0,0.0,0.7777777777777779,0.75,0.6041504168690148,0.0,1.0,0.0,0.0,0.08963367108339781,1.0,0.019950124688279308,0.20378071833648193,1.0,0.0,0.0,0.0,0.0,1.0,0.0,0.0,0.0,0.0,0.0,0.0,0.0,0.0,0.0,0.0,0.0,1.0,0.0,0.0,0.0,0.0,0.0,1.0,0.0
8439,0.1728395061728395,0.0,0.0,0.0,0.7777777777777779,0.75,0.6006386590863215,0.0,1.0,0.0,0.0,0.08963367108339781,1.0,0.019950124688279308,0.20378071833648193,1.0,0.0,1.0,0.0,0.0,0.0,0.0,0.0,0.0,0.0,0.0,0.0,0.0,0.0,1.0,0.0,0.0,0.0,0.0,0.0,1.0,0.0,0.0,1.0,0.0
8440,0.1728395061728395,0.0,0.0,0.0,0.7777777777777779,0.75,0.5838049699531718,0.0,1.0,0.0,0.0,0.08963367108339781,1.0,0.019950124688279308,0.20378071833648193,1.0,0.0,0.0,0.0,0.0,0.0,0.0,0.0,0.0,0.0,0.0,0.0,1.0,0.0,0.0,0.0,0.0,1.0,0.0,0.0,0.0,0.0,0.0,1.0,0.0
8441,0.4444444444444445,0.0,0.0,0.0,0.7777777777777779,0.75,0.6290077936901697,0.0,1.0,0.0,0.0,0.08963367108339781,1.0,0.019950124688279308,0.20378071833648193,1.0,0.0,0.0,0.0,0.0,0.0,0.0,0.0,0.0,0.0,0.0,0.0,0.0,0.0,0.0,0.0,0.0,1.0,0.0,0.0,0.0,0.0,0.0,1.0,0.0
8442,0.16049382716049382,1.0,1.0,0.0,0.7777777777777779,0.75,0.875567637197635,0.02631578947368421,1.0,0.0,0.0,0.08963367108339781,1.0,0.019950124688279308,0.20378071833648193,1.0,0.0,0.0,0.0,0.0,0.0,0.0,0.0,0.0,1.0,0.0,0.0,1.0,0.0,0.0,0.0,0.0,0.0,0.0,1.0,0.0,0.0,0.0,1.0,0.0
8443,0.6790123456790123,1.0,1.0,0.0,0.7777777777777779,0.75,0.6172344610818086,0.05263157894736842,1.0,0.0,0.0,0.08963367108339781,1.0,0.019950124688279308,0.20378071833648193,1.0,0.0,0.0,0.0,0.0,1.0,0.0,0.0,0.0,0.0,0.0,0.0,1.0,0.0,0.0,1.0,0.0,0.0,0.0,0.0,0.0,0.0,0.0,1.0,0.0
8444,0.8024691358024691,1.0,0.0,0.0,0.7777777777777779,0.75,0.6504552172780276,0.02631578947368421,1.0,0.0,0.0,0.08963367108339781,1.0,0.019950124688279308,0.20378071833648193,1.0,0.0,0.0,0.0,0.0,1.0,0.0,0.0,0.0,0.0,0.0,0.0,0.0,1.0,0.0,0.0,0.0,0.0,0.0,0.0,0.0,0.0,0.0,1.0,0.0
8445,0.20987654320987653,0.0,0.0,0.0,0.7777777777777779,0.75,0.7053935378264148,0.0,1.0,0.0,0.0,0.08963367108339781,1.0,0.019950124688279308,0.20378071833648193,1.0,0.0,0.0,0.0,0.0,0.0,0.0,0.0,0.0,0.0,0.0,0.0,1.0,0.0,0.0,0.0,0.0,0.0,0.0,0.0,1.0,0.0,0.0,1.0,0.0
8446,0.6172839506172838,0.0,0.0,0.0,0.7777777777777779,0.75,0.67096530403808,0.02631578947368421,0.002002002002002002,0.2857142857142857,0.0,0.08963367108339781,1.0,0.019950124688279308,0.20378071833648193,1.0,0.0,0.0,0.0,0.0,0.0,0.0,0.0,0.0,0.0,0.0,0.0,1.0,0.0,0.0,0.0,0.0,0.0,0.0,0.0,0.0,0.0,1.0,0.0,1.0
8447,0.38271604938271603,0.0,0.0,0.0,0.7777777777777779,0.75,0.6563723521677338,0.0,1.0,0.0,0.0,0.08963367108339781,1.0,0.019950124688279308,0.20378071833648193,1.0,0.0,0.0,0.0,0.0,0.0,0.0,0.0,0.0,1.0,0.0,0.0,1.0,0.0,0.0,0.0,0.0,1.0,0.0,0.0,0.0,0.0,0.0,1.0,0.0
8448,0.5432098765432098,0.0,0.0,0.0,0.7777777777777779,0.75,0.5496889184613623,0.02631578947368421,1.0,0.14285714285714285,0.0,0.08963367108339781,1.0,0.019950124688279308,0.20378071833648193,1.0,0.0,0.0,0.0,0.0,0.0,0.0,0.0,0.0,1.0,0.0,0.0,1.0,0.0,0.0,0.0,0.0,0.0,0.0,1.0,0.0,0.0,0.0,0.0,0.0
8449,0.38271604938271603,1.0,0.0,0.0,0.7777777777777779,0.75,0.6323216790132803,0.02631578947368421,1.0,0.0,0.0,0.08963367108339781,1.0,0.019950124688279308,0.20378071833648193,1.0,0.0,0.0,0.0,0.0,0.0,0.0,0.0,0.0,1.0,0.0,0.0,1.0,0.0,0.0,0.0,0.0,1.0,0.0,0.0,0.0,0.0,0.0,1.0,0.0
8450,0.38271604938271603,0.0,1.0,0.0,0.7777777777777779,0.75,0.6665709505038611,0.05263157894736842,1.0,0.0,0.0,0.08963367108339781,1.0,0.019950124688279308,0.20378071833648193,1.0,0.0,0.0,0.0,0.0,0.0,0.0,0.0,0.0,1.0,0.0,0.0,1.0,0.0,0.0,0.0,0.0,1.0,0.0,0.0,0.0,0.0,0.0,1.0,0.0
8451,0.6172839506172838,0.0,0.0,0.0,0.7777777777777779,0.75,0.5821481094717212,0.02631578947368421,1.0,0.0,0.0,0.08963367108339781,1.0,0.019950124688279308,0.20378071833648193,0.0,0.0,0.0,0.0,0.0,1.0,0.0,0.0,0.0,0.0,0.0,0.0,1.0,0.0,0.0,0.0,0.0,0.0,0.0,0.0,0.0,1.0,0.0,1.0,0.0
8452,0.6419753086419753,1.0,0.0,0.0,0.7777777777777779,0.75,0.5679794082497067,0.0,1.0,0.0,0.0,0.08963367108339781,1.0,0.019950124688279308,0.20378071833648193,1.0,0.0,0.0,0.0,0.0,1.0,0.0,0.0,0.0,0.0,0.0,0.0,1.0,0.0,0.0,0.0,0.0,0.0,0.0,0.0,0.0,0.0,0.0,1.0,0.0
8453,0.20987654320987653,0.0,0.0,0.0,0.7777777777777779,0.75,0.5787626916748434,0.0,1.0,0.14285714285714285,0.0,0.08963367108339781,1.0,0.019950124688279308,0.20378071833648193,1.0,0.0,0.0,0.0,0.0,0.0,0.0,0.0,0.0,1.0,0.0,0.0,0.0,1.0,0.0,0.0,0.0,0.0,0.0,0.0,1.0,0.0,0.0,0.0,0.0
8454,0.18518518518518517,1.0,0.0,1.0,0.7777777777777779,0.75,0.635013676339261,0.05263157894736842,1.0,0.0,0.0,0.08963367108339781,1.0,0.019950124688279308,0.20378071833648193,1.0,0.0,0.0,0.0,0.0,0.0,0.0,0.0,0.0,0.0,0.0,0.0,0.0,1.0,0.0,0.0,0.0,0.0,0.0,0.0,1.0,0.0,0.0,1.0,0.0
8455,0.419753086419753,1.0,0.0,0.0,0.7777777777777779,0.75,0.7782818170578935,0.02631578947368421,1.0,0.0,0.0,0.08963367108339781,1.0,0.019950124688279308,0.20378071833648193,1.0,1.0,0.0,0.0,0.0,0.0,0.0,0.0,0.0,0.0,0.0,0.0,1.0,0.0,0.0,0.0,1.0,0.0,0.0,0.0,0.0,0.0,0.0,1.0,0.0
8456,0.4567901234567901,0.0,0.0,0.0,0.7777777777777779,0.75,0.6981521658814236,0.0,1.0,0.0,0.0,0.08963367108339781,1.0,0.019950124688279308,0.20378071833648193,1.0,0.0,0.0,0.0,0.0,1.0,0.0,0.0,0.0,0.0,0.0,0.0,1.0,0.0,0.0,0.0,0.0,0.0,0.0,0.0,0.0,0.0,0.0,1.0,0.0
8457,0.4691358024691357,1.0,0.0,0.0,0.7777777777777779,0.75,0.7119384140850683,0.02631578947368421,0.007007007007007007,0.14285714285714285,0.0,0.08963367108339781,1.0,0.019950124688279308,0.20378071833648193,1.0,0.0,0.0,0.0,0.0,1.0,0.0,0.0,0.0,0.0,0.0,0.0,1.0,0.0,0.0,0.0,0.0,1.0,0.0,0.0,0.0,0.0,0.0,0.0,1.0
8458,0.7530864197530864,0.0,0.0,0.0,0.7777777777777779,1.0,0.7586160678949291,0.02631578947368421,1.0,0.2857142857142857,0.0,0.08963367108339781,1.0,0.01949671276354567,0.20378071833648193,0.0,0.0,0.0,0.0,0.0,1.0,0.0,0.0,0.0,0.0,0.0,0.0,0.0,0.0,0.0,1.0,0.0,0.0,0.0,0.0,0.0,0.0,0.0,0.0,0.0
8459,0.12345679012345678,1.0,1.0,1.0,0.7777777777777779,1.0,0.5014409845439322,0.05263157894736842,1.0,0.0,0.0,0.08963367108339781,1.0,0.01949671276354567,0.20378071833648193,0.0,0.0,0.0,0.0,0.0,0.0,0.0,0.0,0.0,0.0,0.0,0.0,0.0,1.0,0.0,0.0,0.0,0.0,0.0,0.0,1.0,0.0,0.0,1.0,0.0
8460,0.7530864197530864,0.0,0.0,0.0,0.7777777777777779,1.0,0.6306764053478436,0.02631578947368421,1.0,0.0,0.0,0.08963367108339781,1.0,0.01949671276354567,0.20378071833648193,1.0,0.0,0.0,0.0,0.0,1.0,0.0,0.0,0.0,0.0,0.0,0.0,0.0,0.0,0.0,1.0,0.0,0.0,0.0,0.0,0.0,0.0,0.0,1.0,0.0
8461,0.1111111111111111,0.0,0.0,0.0,0.7777777777777779,1.0,0.6969007163182872,0.05263157894736842,1.0,0.0,0.0,0.08963367108339781,1.0,0.01949671276354567,0.20378071833648193,1.0,0.0,0.0,0.0,0.0,0.0,0.0,0.0,1.0,0.0,0.0,0.0,0.0,1.0,0.0,0.0,0.0,1.0,0.0,0.0,0.0,0.0,0.0,1.0,0.0
8462,0.2716049382716049,0.0,1.0,0.0,0.7777777777777779,1.0,0.5689167450775122,0.0,1.0,0.0,0.0,0.08963367108339781,1.0,0.01949671276354567,0.20378071833648193,1.0,0.0,0.0,0.0,0.0,0.0,0.0,0.0,0.0,1.0,0.0,0.0,0.0,1.0,0.0,0.0,0.0,0.0,0.0,0.0,1.0,0.0,1.0,1.0,0.0
8463,0.2716049382716049,1.0,0.0,0.0,0.7777777777777779,1.0,0.6334058816143029,0.0,1.0,0.0,0.0,0.08963367108339781,1.0,0.01949671276354567,0.20378071833648193,1.0,0.0,0.0,0.0,0.0,0.0,0.0,0.0,0.0,1.0,0.0,0.0,0.0,1.0,0.0,0.0,0.0,0.0,0.0,0.0,1.0,0.0,1.0,1.0,0.0
8464,0.20987654320987653,0.0,0.0,0.0,0.7777777777777779,1.0,0.5854388177384106,0.0,1.0,0.0,0.0,0.08963367108339781,1.0,0.01949671276354567,0.20378071833648193,1.0,0.0,0.0,0.0,0.0,0.0,0.0,0.0,0.0,1.0,0.0,0.0,0.0,1.0,0.0,0.0,0.0,0.0,0.0,0.0,1.0,0.0,0.0,1.0,0.0
8465,0.2345679012345679,0.0,0.0,0.0,0.7777777777777779,1.0,0.726499069520548,0.0,1.0,0.0,0.0,0.08963367108339781,1.0,0.01949671276354567,0.20378071833648193,1.0,0.0,0.0,0.0,0.0,0.0,1.0,0.0,0.0,0.0,0.0,0.0,0.0,1.0,0.0,0.0,0.0,0.0,0.0,0.0,1.0,0.0,0.0,1.0,0.0
8466,0.5185185185185184,0.0,0.0,0.0,0.7777777777777779,1.0,0.7176119318291706,0.0,1.0,0.0,0.0,0.08963367108339781,1.0,0.01949671276354567,0.20378071833648193,1.0,0.0,0.0,0.0,0.0,0.0,0.0,0.0,0.0,1.0,0.0,0.0,1.0,0.0,0.0,0.0,1.0,0.0,0.0,0.0,0.0,0.0,0.0,1.0,0.0
8467,0.09876543209876543,0.0,0.0,0.0,0.7777777777777779,1.0,0.6689881961625146,0.0,1.0,0.14285714285714285,0.0,0.08963367108339781,1.0,0.01949671276354567,0.20378071833648193,1.0,0.0,0.0,0.0,0.0,0.0,0.0,0.0,1.0,0.0,0.0,0.0,0.0,1.0,0.0,0.0,0.0,1.0,0.0,0.0,0.0,0.0,0.0,0.0,0.0
8468,0.6419753086419753,1.0,1.0,0.0,0.7777777777777779,1.0,0.6532232308583403,0.05263157894736842,1.0,0.0,0.0,0.08963367108339781,1.0,0.01949671276354567,0.20378071833648193,1.0,0.0,0.0,0.0,0.0,1.0,0.0,0.0,0.0,0.0,0.0,0.0,1.0,0.0,0.0,0.0,0.0,0.0,0.0,0.0,0.0,0.0,0.0,1.0,0.0
8469,0.012345679012345678,0.0,1.0,0.0,0.7777777777777779,1.0,0.6953174467991899,0.02631578947368421,1.0,0.0,0.0,0.08963367108339781,1.0,0.01949671276354567,0.20378071833648193,1.0,0.0,0.0,0.0,0.0,0.0,0.0,0.0,1.0,0.0,0.0,0.0,0.0,1.0,0.0,1.0,0.0,0.0,0.0,0.0,0.0,0.0,0.0,1.0,0.0
8470,0.24691358024691357,0.0,0.0,0.0,0.7777777777777779,1.0,0.7097029995592844,0.02631578947368421,1.0,0.0,0.0,0.08963367108339781,1.0,0.01949671276354567,0.20378071833648193,1.0,0.0,0.0,0.0,0.0,0.0,0.0,0.0,0.0,0.0,0.0,0.0,0.0,1.0,0.0,0.0,0.0,0.0,0.0,0.0,1.0,0.0,0.0,1.0,0.0
8471,0.20987654320987653,1.0,0.0,0.0,0.8888888888888888,0.0,0.5651217337279456,0.02631578947368421,1.0,0.14285714285714285,0.0,0.17459080280592332,0.8661087866108785,0.019950124688279308,0.20378071833648193,1.0,0.0,0.0,0.0,0.0,0.0,0.0,0.0,0.0,0.0,0.0,0.0,0.0,1.0,0.0,0.0,0.0,1.0,0.0,0.0,0.0,0.0,0.0,0.0,0.0
8472,0.2222222222222222,0.0,1.0,0.0,0.8888888888888888,0.0,0.5094464638657551,0.02631578947368421,1.0,0.0,0.0,0.17459080280592332,0.8661087866108785,0.019950124688279308,0.20378071833648193,0.0,0.0,0.0,0.0,1.0,0.0,0.0,0.0,0.0,0.0,0.0,0.0,0.0,1.0,0.0,0.0,0.0,0.0,0.0,0.0,1.0,0.0,0.0,1.0,0.0
8473,0.16049382716049382,0.0,0.0,0.0,0.8888888888888888,0.0,0.5496889184613623,0.0,1.0,0.0,0.0,0.17459080280592332,0.8661087866108785,0.019950124688279308,0.20378071833648193,1.0,0.0,0.0,0.0,0.0,0.0,0.0,0.0,0.0,0.0,0.0,0.0,0.0,1.0,0.0,0.0,0.0,0.0,0.0,0.0,1.0,0.0,0.0,1.0,0.0
8474,0.24691358024691357,1.0,1.0,0.0,0.8888888888888888,0.0,0.815499544024505,0.0,0.005005005005005005,0.14285714285714285,0.0,0.17459080280592332,0.8661087866108785,0.019950124688279308,0.20378071833648193,1.0,0.0,0.0,0.0,0.0,0.0,1.0,0.0,0.0,0.0,0.0,0.0,1.0,0.0,0.0,0.0,0.0,0.0,0.0,1.0,0.0,0.0,0.0,0.0,1.0
8475,0.3703703703703703,1.0,0.0,0.0,0.8888888888888888,0.0,0.6128186823313415,0.0,1.0,0.14285714285714285,0.0,0.17459080280592332,0.8661087866108785,0.019950124688279308,0.20378071833648193,1.0,0.0,0.0,0.0,0.0,0.0,0.0,0.0,0.0,1.0,0.0,0.0,0.0,0.0,0.0,0.0,0.0,1.0,0.0,0.0,0.0,0.0,0.0,0.0,0.0
8476,0.34567901234567905,1.0,0.0,0.0,0.8888888888888888,0.0,0.5992040663129156,0.02631578947368421,1.0,0.0,0.0,0.17459080280592332,0.8661087866108785,0.019950124688279308,0.20378071833648193,1.0,1.0,0.0,0.0,0.0,0.0,0.0,0.0,0.0,0.0,0.0,0.0,1.0,0.0,0.0,0.0,0.0,1.0,0.0,0.0,0.0,0.0,0.0,1.0,0.0
8477,0.43209876543209874,0.0,0.0,0.0,0.8888888888888888,0.0,0.6290077936901697,0.02631578947368421,1.0,0.14285714285714285,0.0,0.17459080280592332,0.8661087866108785,0.019950124688279308,0.20378071833648193,1.0,0.0,0.0,0.0,1.0,0.0,0.0,0.0,0.0,0.0,0.0,0.0,1.0,0.0,0.0,1.0,0.0,0.0,0.0,0.0,0.0,0.0,0.0,0.0,0.0
8478,0.6666666666666665,1.0,0.0,0.0,0.8888888888888888,0.25,0.5452070373544604,0.0,1.0,0.0,0.0,0.17459080280592332,0.8661087866108785,0.01949671276354567,0.20378071833648193,1.0,0.0,0.0,0.0,0.0,1.0,0.0,0.0,0.0,0.0,0.0,0.0,1.0,0.0,0.0,0.0,0.0,0.0,0.0,1.0,0.0,0.0,0.0,1.0,0.0
8479,0.43209876543209874,1.0,0.0,0.0,0.8888888888888888,0.25,0.7426951682067213,0.0,1.0,0.42857142857142855,0.0,0.17459080280592332,0.8661087866108785,0.01949671276354567,0.20378071833648193,0.0,0.0,0.0,0.0,0.0,0.0,0.0,0.0,0.0,0.0,0.0,0.0,0.0,0.0,0.0,0.0,0.0,0.0,0.0,0.0,1.0,0.0,0.0,0.0,0.0
8480,0.48148148148148145,0.5,0.5,0.0,0.8888888888888888,0.25,0.6669772899389259,0.0,1.0,0.0,0.0,0.17459080280592332,0.8661087866108785,0.01949671276354567,0.20378071833648193,1.0,0.0,0.0,0.0,1.0,0.0,0.0,0.0,0.0,0.0,0.0,0.0,1.0,0.0,0.0,0.0,0.0,0.0,0.0,0.0,1.0,0.0,0.0,1.0,0.0
8481,0.18518518518518517,0.0,0.0,0.0,0.8888888888888888,0.25,0.837328900251396,0.0,1.0,0.14285714285714285,0.0,0.17459080280592332,0.8661087866108785,0.01949671276354567,0.20378071833648193,1.0,0.0,0.0,0.0,0.0,0.0,0.0,0.0,0.0,0.0,0.0,0.0,0.0,1.0,0.0,0.0,0.0,1.0,0.0,0.0,0.0,0.0,0.0,0.0,0.0
8482,0.2345679012345679,0.0,1.0,0.0,0.8888888888888888,0.25,0.6159896330688406,0.0,1.0,0.0,0.0,0.17459080280592332,0.8661087866108785,0.01949671276354567,0.20378071833648193,1.0,0.0,0.0,0.0,0.0,0.0,0.0,0.0,0.0,0.0,0.0,0.0,0.0,1.0,0.0,0.0,0.0,0.0,0.0,0.0,1.0,0.0,0.0,1.0,0.0
8483,0.765432098765432,0.0,1.0,0.0,0.8888888888888888,0.25,0.5894268318375645,0.0,1.0,0.0,0.0,0.17459080280592332,0.8661087866108785,0.01949671276354567,0.20378071833648193,1.0,0.0,0.0,0.0,0.0,1.0,0.0,0.0,0.0,0.0,0.0,0.0,1.0,0.0,0.0,0.0,0.0,0.0,0.0,0.0,0.0,0.0,0.0,1.0,0.0
8484,0.48148148148148145,1.0,0.0,0.0,0.8888888888888888,0.25,0.7458491144848195,0.0,0.007007007007007007,0.2857142857142857,0.0,0.17459080280592332,0.8661087866108785,0.01949671276354567,0.20378071833648193,1.0,0.0,0.0,1.0,0.0,0.0,0.0,0.0,0.0,0.0,0.0,0.0,0.0,0.0,0.0,0.0,0.0,0.0,0.0,1.0,0.0,0.0,0.0,0.0,0.0
8485,0.16049382716049382,1.0,0.0,0.0,0.8888888888888888,0.25,0.7396731816673451,0.0,1.0,0.0,0.0,0.17459080280592332,0.8661087866108785,0.01949671276354567,0.20378071833648193,1.0,0.0,0.0,0.0,0.0,0.0,0.0,0.0,0.0,0.0,1.0,0.0,0.0,1.0,0.0,0.0,1.0,0.0,0.0,0.0,0.0,0.0,0.0,1.0,0.0
8486,0.12345679012345678,0.0,0.0,0.0,0.8888888888888888,0.25,0.6334058816143029,0.0,1.0,0.2857142857142857,0.0,0.17459080280592332,0.8661087866108785,0.01949671276354567,0.20378071833648193,1.0,1.0,0.0,0.0,0.0,0.0,0.0,0.0,0.0,0.0,0.0,0.0,0.0,1.0,0.0,0.0,1.0,0.0,0.0,0.0,0.0,0.0,0.0,0.0,0.0
8487,0.3703703703703703,0.0,0.0,0.0,0.8888888888888888,0.25,0.6121741045570199,0.07894736842105263,0.006006006006006006,0.14285714285714285,0.0,0.17459080280592332,0.8661087866108785,0.01949671276354567,0.20378071833648193,1.0,0.0,0.0,0.0,0.0,0.0,0.0,0.0,0.0,0.0,0.0,0.0,0.0,0.0,0.0,0.0,0.0,0.0,0.0,0.0,1.0,0.0,0.0,0.0,1.0
8488,0.4567901234567901,1.0,1.0,0.0,0.8888888888888888,0.25,0.6323216790132803,0.0,1.0,0.0,0.0,0.17459080280592332,0.8661087866108785,0.01949671276354567,0.20378071833648193,1.0,0.0,0.0,0.0,0.0,0.0,0.0,0.0,0.0,0.0,0.0,0.0,1.0,0.0,0.0,0.0,0.0,0.0,0.0,0.0,1.0,0.0,0.0,1.0,0.0
8489,0.06172839506172839,1.0,0.0,0.0,0.8888888888888888,0.25,0.6920855086403026,0.0,1.0,0.0,0.0,0.17459080280592332,0.8661087866108785,0.01949671276354567,0.20378071833648193,1.0,0.0,0.0,0.0,0.0,0.0,0.0,0.0,0.0,1.0,0.0,0.0,0.0,1.0,0.0,0.0,0.0,0.0,0.0,1.0,0.0,0.0,0.0,1.0,0.0
8490,0.13580246913580246,1.0,0.0,0.0,0.8888888888888888,0.25,0.6108742554254224,0.0,1.0,0.0,0.0,0.17459080280592332,0.8661087866108785,0.01949671276354567,0.20378071833648193,1.0,0.0,0.0,0.0,0.0,0.0,1.0,0.0,0.0,0.0,0.0,0.0,1.0,0.0,0.0,0.0,0.0,0.0,0.0,1.0,0.0,0.0,0.0,1.0,0.0
8491,0.18518518518518517,1.0,0.0,0.0,0.8888888888888888,0.25,0.6796549947166548,0.0,1.0,0.0,0.0,0.17459080280592332,0.8661087866108785,0.01949671276354567,0.20378071833648193,1.0,0.0,0.0,0.0,0.0,0.0,0.0,0.0,0.0,0.0,0.0,0.0,1.0,0.0,0.0,0.0,0.0,1.0,0.0,0.0,0.0,0.0,0.0,1.0,0.0
8492,0.4567901234567901,0.0,0.0,0.0,0.8888888888888888,0.25,0.6649314096852046,0.02631578947368421,1.0,0.14285714285714285,0.0,0.17459080280592332,0.8661087866108785,0.01949671276354567,0.20378071833648193,1.0,0.0,0.0,0.0,0.0,0.0,0.0,0.0,0.0,1.0,0.0,0.0,1.0,0.0,0.0,0.0,1.0,0.0,0.0,0.0,0.0,0.0,0.0,0.0,0.0
8493,0.6666666666666665,1.0,1.0,1.0,0.8888888888888888,0.25,0.7000047262075192,0.0,1.0,0.0,0.0,0.17459080280592332,0.8661087866108785,0.01949671276354567,0.20378071833648193,1.0,0.0,0.0,0.0,0.0,1.0,0.0,0.0,0.0,0.0,0.0,0.0,1.0,0.0,0.0,0.0,0.0,0.0,0.0,1.0,0.0,0.0,0.0,1.0,0.0
8494,0.24691358024691357,1.0,1.0,0.0,0.8888888888888888,0.5,0.6536782997023916,0.02631578947368421,1.0,0.14285714285714285,0.0,0.17459080280592332,0.8661087866108785,0.01927000680117888,0.20378071833648193,0.0,0.0,1.0,0.0,0.0,0.0,0.0,0.0,0.0,0.0,0.0,0.0,0.0,0.0,0.0,0.0,0.0,1.0,0.0,0.0,0.0,0.0,0.0,0.0,0.0
8495,0.24691358024691357,0.0,0.0,0.0,0.8888888888888888,0.5,0.5601990426951532,0.07894736842105263,1.0,0.14285714285714285,0.0,0.17459080280592332,0.8661087866108785,0.01927000680117888,0.20378071833648193,0.0,0.0,1.0,0.0,0.0,0.0,0.0,0.0,0.0,0.0,0.0,0.0,0.0,0.0,0.0,0.0,0.0,1.0,0.0,0.0,0.0,0.0,0.0,0.0,0.0
8496,0.1111111111111111,0.0,1.0,0.0,0.8888888888888888,0.5,0.6920855086403026,0.0,0.009009009009009009,0.2857142857142857,0.0,0.17459080280592332,0.8661087866108785,0.01927000680117888,0.20378071833648193,1.0,0.0,0.0,0.0,0.0,0.0,0.0,0.0,0.0,1.0,0.0,0.0,0.0,1.0,0.0,0.0,0.0,0.0,0.0,1.0,0.0,0.0,0.0,0.0,0.0
8497,0.48148148148148145,1.0,0.0,0.0,0.8888888888888888,0.5,0.5947922311468027,0.0,1.0,0.0,0.0,0.17459080280592332,0.8661087866108785,0.01927000680117888,0.20378071833648193,0.0,0.0,0.0,0.0,0.0,1.0,0.0,0.0,0.0,0.0,0.0,0.0,1.0,0.0,0.0,0.0,0.0,0.0,0.0,0.0,1.0,0.0,0.0,1.0,0.0
8498,0.691358024691358,0.0,1.0,0.0,0.8888888888888888,0.75,0.7787533012541334,0.15789473684210525,1.0,0.0,0.0,0.17459080280592332,0.8661087866108785,0.01858988891407845,0.20378071833648193,1.0,0.0,0.0,0.0,0.0,1.0,0.0,0.0,0.0,0.0,0.0,0.0,1.0,0.0,0.0,0.0,0.0,0.0,0.0,0.0,1.0,0.0,0.0,1.0,0.0
8499,0.6419753086419753,1.0,0.0,0.0,0.8888888888888888,0.75,0.6910983547398326,0.05263157894736842,1.0,0.0,0.0,0.17459080280592332,0.8661087866108785,0.01858988891407845,0.20378071833648193,1.0,0.0,0.0,0.0,0.0,1.0,0.0,0.0,0.0,0.0,0.0,0.0,1.0,0.0,0.0,1.0,0.0,0.0,0.0,0.0,0.0,0.0,0.0,1.0,0.0
8500,0.20987654320987653,0.0,0.0,0.0,0.8888888888888888,1.0,0.7225194883508564,0.10526315789473684,1.0,0.14285714285714285,0.0,0.17459080280592332,0.8661087866108785,0.01858988891407845,0.20378071833648193,1.0,0.0,0.0,0.0,0.0,0.0,0.0,0.0,0.0,0.0,1.0,0.0,0.0,1.0,0.0,0.0,0.0,0.0,0.0,0.0,1.0,0.0,0.0,0.0,0.0
8501,0.4567901234567901,1.0,0.0,0.0,0.8888888888888888,1.0,0.7056857992177067,0.0,0.003003003003003003,0.42857142857142855,0.0,0.17459080280592332,0.8661087866108785,0.01858988891407845,0.20378071833648193,1.0,0.0,0.0,0.0,0.0,0.0,0.0,0.0,0.0,0.0,0.0,0.0,1.0,0.0,0.0,0.0,0.0,1.0,0.0,0.0,0.0,0.0,0.0,0.0,1.0
8502,0.20987654320987653,1.0,0.0,0.0,0.8888888888888888,1.0,0.675955471292364,0.0,1.0,0.0,0.0,0.17459080280592332,0.8661087866108785,0.01858988891407845,0.20378071833648193,0.0,0.0,0.0,0.0,0.0,0.0,0.0,0.0,0.0,1.0,0.0,0.0,1.0,0.0,0.0,0.0,0.0,0.0,0.0,0.0,1.0,0.0,0.0,1.0,0.0
8503,0.4567901234567901,1.0,0.0,0.0,0.8888888888888888,1.0,0.7202203568701819,0.02631578947368421,1.0,0.0,0.0,0.17459080280592332,0.8661087866108785,0.01858988891407845,0.20378071833648193,1.0,0.0,0.0,0.0,0.0,0.0,0.0,0.0,0.0,0.0,0.0,0.0,1.0,0.0,0.0,0.0,0.0,0.0,0.0,0.0,1.0,0.0,0.0,1.0,0.0
8504,0.4444444444444445,0.0,1.0,0.0,0.8888888888888888,1.0,0.6953174467991899,0.02631578947368421,0.003003003003003003,0.14285714285714285,0.0,0.17459080280592332,0.8661087866108785,0.01858988891407845,0.20378071833648193,1.0,0.0,0.0,0.0,1.0,0.0,0.0,0.0,0.0,0.0,0.0,0.0,0.0,0.0,0.0,0.0,0.0,0.0,0.0,0.0,1.0,0.0,0.0,0.0,1.0
8505,0.48148148148148145,0.0,0.0,0.0,0.8888888888888888,1.0,0.6102189047082401,0.02631578947368421,0.003003003003003003,0.14285714285714285,0.0,0.17459080280592332,0.8661087866108785,0.01858988891407845,0.20378071833648193,1.0,0.0,0.0,0.0,0.0,0.0,0.0,0.0,0.0,1.0,0.0,0.0,0.0,0.0,0.0,0.0,0.0,0.0,0.0,0.0,1.0,0.0,0.0,0.0,1.0
8506,0.6419753086419753,0.0,0.0,0.0,0.8888888888888888,0.0,0.6102189047082401,0.0,1.0,0.0,0.0,0.17459080280592332,0.8661087866108785,0.018363182951711632,0.20378071833648193,1.0,0.0,0.0,0.0,0.0,1.0,0.0,0.0,0.0,0.0,0.0,0.0,1.0,0.0,0.0,0.0,0.0,1.0,0.0,0.0,0.0,0.0,0.0,1.0,0.0
8507,0.1111111111111111,1.0,0.0,0.0,0.8888888888888888,0.0,0.6554811725306058,0.0,0.003003003003003003,0.14285714285714285,0.0,0.17459080280592332,0.8661087866108785,0.018363182951711632,0.20378071833648193,1.0,0.0,0.0,0.0,0.0,0.0,0.0,0.0,0.0,0.0,0.0,0.0,0.0,1.0,0.0,0.0,0.0,1.0,0.0,0.0,0.0,0.0,0.0,0.0,1.0
8508,0.1111111111111111,0.5,0.5,0.0,0.8888888888888888,0.0,0.6884247135267839,0.0,1.0,0.0,0.0,0.17459080280592332,0.8661087866108785,0.018363182951711632,0.20378071833648193,1.0,0.0,0.0,0.0,0.0,0.0,0.0,0.0,0.0,0.0,0.0,0.0,0.0,1.0,0.0,0.0,0.0,1.0,0.0,0.0,0.0,0.0,0.0,1.0,0.0
8509,0.12345679012345678,0.0,1.0,0.0,0.8888888888888888,0.0,0.5621929065211045,0.0,1.0,0.0,0.0,0.17459080280592332,0.8661087866108785,0.018363182951711632,0.20378071833648193,1.0,0.0,0.0,0.0,0.0,0.0,0.0,0.0,1.0,0.0,0.0,0.0,0.0,1.0,0.0,0.0,0.0,0.0,0.0,0.0,1.0,0.0,0.0,1.0,0.0
8510,0.4938271604938272,1.0,0.0,0.0,0.8888888888888888,0.0,0.6041504168690148,0.0,0.003003003003003003,0.42857142857142855,0.0,0.17459080280592332,0.8661087866108785,0.018363182951711632,0.20378071833648193,1.0,0.0,0.0,0.0,0.0,0.0,0.0,0.0,0.0,0.0,0.0,0.0,1.0,0.0,0.0,0.0,0.0,1.0,0.0,0.0,0.0,0.0,0.0,0.0,1.0
8511,0.09876543209876543,0.0,1.0,0.0,0.8888888888888888,0.0,0.6013494476505862,0.0,0.003003003003003003,0.2857142857142857,0.0,0.17459080280592332,0.8661087866108785,0.018363182951711632,0.20378071833648193,1.0,0.0,0.0,0.0,0.0,0.0,0.0,0.0,0.0,0.0,0.0,0.0,0.0,1.0,0.0,0.0,0.0,0.0,0.0,0.0,1.0,0.0,0.0,0.0,1.0
8512,0.08641975308641975,1.0,0.0,0.0,0.8888888888888888,0.0,0.540547610473664,0.0,1.0,0.14285714285714285,0.0,0.17459080280592332,0.8661087866108785,0.018363182951711632,0.20378071833648193,1.0,0.0,0.0,0.0,0.0,0.0,0.0,0.0,0.0,0.0,1.0,0.0,1.0,0.0,0.0,0.0,0.0,1.0,0.0,0.0,0.0,0.0,0.0,0.0,0.0
8513,0.14814814814814814,0.0,1.0,1.0,0.8888888888888888,0.0,0.6244388640920251,0.0,1.0,0.0,0.0,0.17459080280592332,0.8661087866108785,0.018363182951711632,0.20378071833648193,1.0,0.0,0.0,1.0,0.0,0.0,0.0,0.0,0.0,0.0,0.0,0.0,0.0,1.0,0.0,0.0,0.0,0.0,0.0,0.0,1.0,0.0,0.0,1.0,0.0
8514,0.06172839506172839,0.0,0.0,0.0,0.8888888888888888,0.0,0.5571434124691511,0.05263157894736842,1.0,0.0,0.0,0.17459080280592332,0.8661087866108785,0.018363182951711632,0.20378071833648193,1.0,0.0,0.0,0.0,0.0,0.0,0.0,0.0,1.0,0.0,0.0,0.0,0.0,1.0,0.0,0.0,0.0,0.0,0.0,1.0,0.0,0.0,0.0,1.0,0.0
8515,0.7901234567901234,1.0,0.0,0.0,0.8888888888888888,0.0,0.5984801554161608,0.0,1.0,0.14285714285714285,0.0,0.17459080280592332,0.8661087866108785,0.018363182951711632,0.20378071833648193,1.0,0.0,0.0,0.0,0.0,0.0,0.0,0.0,0.0,0.0,0.0,1.0,0.0,0.0,0.0,0.0,0.0,0.0,0.0,0.0,0.0,1.0,1.0,0.0,0.0
8516,0.29629629629629634,0.0,0.0,0.0,0.8888888888888888,0.0,0.7701320804432977,0.02631578947368421,0.007007007007007007,0.42857142857142855,0.0,0.17459080280592332,0.8661087866108785,0.018363182951711632,0.20378071833648193,1.0,0.0,0.0,0.0,1.0,0.0,0.0,0.0,0.0,0.0,0.0,0.0,1.0,0.0,0.0,0.0,0.0,0.0,0.0,0.0,1.0,0.0,0.0,0.0,0.0
8517,0.7901234567901234,1.0,0.0,0.0,0.8888888888888888,0.0,0.6559276062712989,0.0,1.0,0.14285714285714285,0.0,0.17459080280592332,0.8661087866108785,0.018363182951711632,0.20378071833648193,1.0,0.0,0.0,0.0,0.0,0.0,0.0,0.0,0.0,0.0,0.0,1.0,0.0,0.0,0.0,0.0,0.0,0.0,0.0,0.0,0.0,1.0,1.0,0.0,0.0
8518,0.14814814814814814,0.0,0.0,0.0,0.8888888888888888,0.0,0.6532232308583403,0.0,1.0,0.0,0.0,0.17459080280592332,0.8661087866108785,0.018363182951711632,0.20378071833648193,0.0,0.0,0.0,1.0,0.0,0.0,0.0,0.0,0.0,0.0,0.0,0.0,0.0,1.0,0.0,0.0,0.0,0.0,0.0,0.0,1.0,0.0,0.0,1.0,0.0
8519,0.728395061728395,0.0,0.0,0.0,0.8888888888888888,0.0,0.6884247135267839,0.07894736842105263,0.006006006006006006,0.14285714285714285,0.0,0.17459080280592332,0.8661087866108785,0.018363182951711632,0.20378071833648193,1.0,0.0,0.0,0.0,0.0,1.0,0.0,0.0,0.0,0.0,0.0,0.0,0.0,1.0,0.0,0.0,0.0,0.0,0.0,0.0,0.0,0.0,0.0,0.0,1.0
8520,0.25925925925925924,0.0,0.0,0.0,0.8888888888888888,0.25,0.6128186823313415,0.02631578947368421,0.007007007007007007,0.14285714285714285,0.0,0.17459080280592332,0.8661087866108785,0.018363182951711632,0.20378071833648193,1.0,0.0,0.0,0.0,0.0,0.0,0.0,0.0,0.0,0.0,0.0,0.0,1.0,0.0,0.0,0.0,0.0,0.0,0.0,0.0,1.0,0.0,0.0,0.0,1.0
8521,0.12345679012345678,0.0,0.0,0.0,0.8888888888888888,0.25,0.7827622264100459,0.02631578947368421,0.008008008008008008,0.2857142857142857,0.0,0.17459080280592332,0.8661087866108785,0.018363182951711632,0.20378071833648193,1.0,1.0,0.0,0.0,0.0,0.0,0.0,0.0,0.0,0.0,0.0,0.0,0.0,1.0,0.0,0.0,0.0,1.0,0.0,0.0,0.0,0.0,0.0,0.0,0.0
8522,0.6666666666666665,1.0,0.0,0.0,0.8888888888888888,0.25,0.6196852820090151,0.02631578947368421,1.0,0.0,0.0,0.17459080280592332,0.8661087866108785,0.018363182951711632,0.20378071833648193,1.0,0.0,0.0,1.0,0.0,0.0,0.0,0.0,0.0,0.0,0.0,0.0,1.0,0.0,0.0,0.0,0.0,0.0,0.0,0.0,0.0,0.0,0.0,1.0,0.0
8523,0.13580246913580246,0.0,0.0,0.0,0.8888888888888888,0.25,0.7068476372990588,0.02631578947368421,1.0,0.0,0.0,0.17459080280592332,0.8661087866108785,0.018363182951711632,0.20378071833648193,1.0,0.0,0.0,0.0,0.0,0.0,0.0,0.0,0.0,0.0,0.0,0.0,1.0,0.0,0.0,0.0,0.0,1.0,0.0,0.0,0.0,0.0,0.0,1.0,0.0
8524,0.20987654320987653,1.0,0.0,0.0,0.8888888888888888,0.25,0.6846463255291116,0.07894736842105263,1.0,0.0,0.0,0.17459080280592332,0.8661087866108785,0.018363182951711632,0.20378071833648193,1.0,0.0,0.0,0.0,0.0,0.0,0.0,0.0,0.0,1.0,0.0,0.0,1.0,0.0,0.0,0.0,0.0,0.0,0.0,1.0,0.0,0.0,0.0,1.0,0.0
8525,0.5432098765432098,1.0,0.0,0.0,0.8888888888888888,0.25,0.5878478128342483,0.0,0.003003003003003003,0.2857142857142857,0.0,0.17459080280592332,0.8661087866108785,0.018363182951711632,0.20378071833648193,1.0,0.0,0.0,0.0,1.0,0.0,0.0,0.0,0.0,0.0,0.0,0.0,1.0,0.0,0.0,0.0,0.0,0.0,0.0,0.0,1.0,0.0,0.0,0.0,1.0
8526,0.5432098765432098,1.0,0.0,0.0,0.8888888888888888,0.25,0.6208918069393788,0.0,0.007007007007007007,0.14285714285714285,0.0,0.17459080280592332,0.8661087866108785,0.018363182951711632,0.20378071833648193,1.0,0.0,0.0,0.0,1.0,0.0,0.0,0.0,0.0,0.0,0.0,0.0,1.0,0.0,0.0,0.0,0.0,0.0,0.0,0.0,1.0,0.0,0.0,0.0,1.0
8527,0.29629629629629634,0.0,0.0,1.0,0.8888888888888888,0.25,0.6422391580843787,0.02631578947368421,0.003003003003003003,0.14285714285714285,0.0,0.17459080280592332,0.8661087866108785,0.018363182951711632,0.20378071833648193,1.0,0.0,0.0,0.0,0.0,0.0,0.0,0.0,0.0,0.0,0.0,0.0,1.0,0.0,0.0,0.0,0.0,0.0,0.0,0.0,1.0,0.0,0.0,0.0,1.0
8528,0.19753086419753085,1.0,0.0,0.0,0.8888888888888888,0.25,0.6781891171876829,0.02631578947368421,0.003003003003003003,0.42857142857142855,0.0,0.17459080280592332,0.8661087866108785,0.018363182951711632,0.20378071833648193,1.0,0.0,0.0,0.0,0.0,0.0,0.0,0.0,0.0,0.0,0.0,0.0,1.0,0.0,0.0,0.0,0.0,0.0,0.0,0.0,1.0,0.0,0.0,0.0,1.0
8529,0.25925925925925924,1.0,0.0,0.0,0.8888888888888888,0.25,0.49105467050389934,0.0,0.003003003003003003,0.42857142857142855,0.0,0.17459080280592332,0.8661087866108785,0.018363182951711632,0.20378071833648193,1.0,0.0,0.0,0.0,0.0,0.0,0.0,0.0,0.0,0.0,0.0,0.0,1.0,0.0,0.0,0.0,0.0,0.0,0.0,0.0,1.0,0.0,0.0,0.0,1.0
8530,0.29629629629629634,1.0,0.0,0.0,0.8888888888888888,0.25,0.5369277818064884,0.0,0.003003003003003003,0.14285714285714285,0.0,0.17459080280592332,0.8661087866108785,0.018363182951711632,0.20378071833648193,1.0,0.0,0.0,0.0,0.0,0.0,0.0,0.0,0.0,0.0,0.0,0.0,1.0,0.0,0.0,0.0,0.0,0.0,0.0,0.0,1.0,0.0,0.0,0.0,1.0
8531,0.43209876543209874,1.0,0.0,0.0,0.8888888888888888,0.25,0.529335783224907,0.0,0.003003003003003003,0.2857142857142857,0.0,0.17459080280592332,0.8661087866108785,0.018363182951711632,0.20378071833648193,1.0,0.0,0.0,0.0,0.0,0.0,0.0,0.0,0.0,0.0,0.0,0.0,0.0,0.0,0.0,0.0,0.0,0.0,0.0,0.0,1.0,0.0,0.0,0.0,1.0
8532,0.19753086419753085,1.0,0.0,0.0,0.8888888888888888,0.25,0.6874062210217441,0.02631578947368421,0.003003003003003003,0.14285714285714285,0.0,0.17459080280592332,0.8661087866108785,0.018363182951711632,0.20378071833648193,1.0,0.0,0.0,0.0,0.0,0.0,0.0,0.0,0.0,0.0,0.0,0.0,1.0,0.0,0.0,0.0,0.0,0.0,0.0,0.0,1.0,0.0,0.0,0.0,1.0
8533,0.16049382716049382,0.0,0.0,0.0,0.8888888888888888,0.25,0.6572568311427133,0.02631578947368421,1.0,0.2857142857142857,0.0,0.17459080280592332,0.8661087866108785,0.018363182951711632,0.20378071833648193,1.0,0.0,0.0,0.0,0.0,0.0,0.0,0.0,0.0,0.0,0.0,0.0,0.0,1.0,0.0,0.0,0.0,0.0,0.0,0.0,1.0,0.0,0.0,0.0,0.0
8534,0.765432098765432,0.0,1.0,0.0,0.8888888888888888,0.25,0.6717469358140523,0.02631578947368421,0.003003003003003003,0.14285714285714285,0.0,0.17459080280592332,0.8661087866108785,0.018363182951711632,0.20378071833648193,1.0,0.0,0.0,0.0,0.0,1.0,0.0,0.0,0.0,0.0,0.0,0.0,1.0,0.0,0.0,0.0,0.0,0.0,0.0,0.0,0.0,0.0,0.0,0.0,1.0
8535,0.13580246913580246,1.0,0.0,0.0,0.8888888888888888,0.25,0.6518473654724107,0.10526315789473684,1.0,0.0,0.0,0.17459080280592332,0.8661087866108785,0.018363182951711632,0.20378071833648193,1.0,0.0,0.0,0.0,0.0,0.0,0.0,0.0,0.0,0.0,0.0,0.0,1.0,0.0,0.0,0.0,0.0,1.0,0.0,0.0,0.0,0.0,0.0,1.0,0.0
8536,0.4567901234567901,0.0,0.0,0.0,0.8888888888888888,0.25,0.6685887555427749,0.05263157894736842,0.007007007007007007,0.2857142857142857,0.0,0.17459080280592332,0.8661087866108785,0.018363182951711632,0.20378071833648193,1.0,0.0,0.0,0.0,0.0,0.0,0.0,0.0,0.0,1.0,0.0,0.0,1.0,0.0,0.0,0.0,1.0,0.0,0.0,0.0,0.0,0.0,0.0,0.0,0.0
8537,0.765432098765432,1.0,0.0,0.0,0.8888888888888888,0.25,0.7515193759376735,0.0,0.003003003003003003,0.14285714285714285,0.0,0.17459080280592332,0.8661087866108785,0.018363182951711632,0.20378071833648193,1.0,0.0,0.0,0.0,0.0,1.0,0.0,0.0,0.0,0.0,0.0,0.0,1.0,0.0,0.0,0.0,0.0,0.0,0.0,0.0,0.0,0.0,0.0,0.0,1.0
8538,0.04938271604938271,0.0,0.0,0.0,0.8888888888888888,0.25,0.6632686943784747,0.0,0.007007007007007007,0.2857142857142857,0.0,0.17459080280592332,0.8661087866108785,0.018363182951711632,0.20378071833648193,0.0,0.0,0.0,0.0,0.0,0.0,0.0,0.0,1.0,0.0,0.0,0.0,0.0,1.0,0.0,0.0,0.0,1.0,0.0,0.0,0.0,0.0,0.0,0.0,0.0
8539,0.43209876543209874,0.0,0.0,0.0,0.8888888888888888,0.25,0.6312273906618776,0.0,1.0,0.0,0.0,0.17459080280592332,0.8661087866108785,0.018363182951711632,0.20378071833648193,1.0,0.0,0.0,0.0,0.0,0.0,0.0,0.0,0.0,0.0,0.0,0.0,0.0,0.0,0.0,0.0,0.0,0.0,0.0,0.0,1.0,0.0,0.0,1.0,0.0
8540,0.5679012345679011,1.0,0.0,0.0,0.8888888888888888,0.25,0.5743891340707834,0.07894736842105263,1.0,0.2857142857142857,0.0,0.17459080280592332,0.8661087866108785,0.018363182951711632,0.20378071833648193,1.0,0.0,0.0,0.0,1.0,0.0,0.0,0.0,0.0,0.0,0.0,0.0,1.0,0.0,0.0,0.0,0.0,0.0,0.0,0.0,0.0,0.0,1.0,0.0,0.0
8541,0.34567901234567905,0.5,0.5,0.0,0.8888888888888888,0.25,0.5761581170225034,0.05263157894736842,1.0,0.14285714285714285,0.0,0.17459080280592332,0.8661087866108785,0.018363182951711632,0.20378071833648193,0.0,0.0,0.0,0.0,0.0,0.0,0.0,0.0,0.0,0.0,0.0,0.0,0.0,1.0,0.0,0.0,0.0,0.0,0.0,0.0,1.0,0.0,0.0,0.0,0.0
8542,0.24691358024691357,0.0,0.0,0.0,0.8888888888888888,0.5,0.7212477446188635,0.02631578947368421,1.0,0.2857142857142857,0.0,0.17459080280592332,0.8661087866108785,0.018363182951711632,0.20378071833648193,1.0,0.0,0.0,0.0,0.0,0.0,0.0,1.0,0.0,0.0,0.0,0.0,1.0,0.0,0.0,0.0,0.0,1.0,0.0,0.0,0.0,0.0,0.0,0.0,0.0
8543,0.6790123456790123,1.0,0.0,0.0,0.8888888888888888,0.5,0.7068476372990588,0.0,1.0,0.14285714285714285,0.0,0.17459080280592332,0.8661087866108785,0.018363182951711632,0.20378071833648193,1.0,0.0,0.0,0.0,0.0,1.0,0.0,0.0,0.0,0.0,0.0,0.0,1.0,0.0,0.0,0.0,0.0,0.0,0.0,0.0,0.0,0.0,0.0,0.0,0.0
8544,0.037037037037037035,1.0,0.0,0.0,0.8888888888888888,0.5,0.6020559671887218,0.0,0.007007007007007007,0.14285714285714285,0.0,0.17459080280592332,0.8661087866108785,0.018363182951711632,0.20378071833648193,1.0,0.0,0.0,0.0,0.0,0.0,0.0,0.0,1.0,0.0,0.0,0.0,0.0,1.0,0.0,0.0,0.0,1.0,0.0,0.0,0.0,0.0,0.0,0.0,1.0
8545,0.09876543209876543,0.0,1.0,0.0,0.8888888888888888,0.5,0.5154803582186305,0.07894736842105263,1.0,0.0,0.0,0.17459080280592332,0.8661087866108785,0.018363182951711632,0.20378071833648193,0.0,0.0,0.0,0.0,0.0,0.0,0.0,0.0,0.0,1.0,0.0,0.0,0.0,1.0,0.0,0.0,0.0,0.0,0.0,0.0,1.0,0.0,0.0,1.0,0.0
8546,0.13580246913580246,0.0,0.0,0.0,0.8888888888888888,0.5,0.49977237288625836,0.05263157894736842,1.0,0.0,0.0,0.17459080280592332,0.8661087866108785,0.018363182951711632,0.20378071833648193,1.0,0.0,0.0,0.0,1.0,0.0,0.0,0.0,0.0,0.0,0.0,0.0,1.0,0.0,0.0,0.0,0.0,0.0,0.0,0.0,1.0,0.0,0.0,1.0,0.0
8547,0.6790123456790123,1.0,0.0,0.0,0.8888888888888888,0.5,0.623268355434684,0.0,1.0,0.0,0.0,0.17459080280592332,0.8661087866108785,0.018363182951711632,0.20378071833648193,1.0,0.0,0.0,0.0,0.0,1.0,0.0,0.0,0.0,0.0,0.0,0.0,0.0,0.0,0.0,1.0,0.0,0.0,0.0,0.0,0.0,0.0,0.0,1.0,0.0
8548,0.037037037037037035,0.0,0.0,0.0,0.8888888888888888,0.5,0.5743891340707834,0.0,1.0,0.42857142857142855,0.0,0.17459080280592332,0.8661087866108785,0.018363182951711632,0.20378071833648193,1.0,0.0,0.0,0.0,0.0,0.0,0.0,0.0,1.0,0.0,0.0,0.0,0.0,1.0,0.0,0.0,0.0,1.0,0.0,0.0,0.0,0.0,0.0,0.0,0.0
8549,0.037037037037037035,0.0,0.0,0.0,0.8888888888888888,0.5,0.6397092724183482,0.02631578947368421,0.003003003003003003,0.42857142857142855,0.0,0.17459080280592332,0.8661087866108785,0.018363182951711632,0.20378071833648193,1.0,0.0,0.0,0.0,0.0,0.0,0.0,0.0,1.0,0.0,0.0,0.0,0.0,1.0,0.0,0.0,0.0,1.0,0.0,0.0,0.0,0.0,0.0,0.0,1.0
8550,0.2345679012345679,0.0,1.0,0.0,0.8888888888888888,0.5,0.6020559671887218,0.05263157894736842,0.003003003003003003,0.42857142857142855,0.0,0.17459080280592332,0.8661087866108785,0.018363182951711632,0.20378071833648193,1.0,0.0,0.0,0.0,1.0,0.0,0.0,0.0,0.0,0.0,0.0,0.0,1.0,0.0,0.0,0.0,0.0,0.0,0.0,0.0,1.0,0.0,0.0,0.0,1.0
8551,0.6790123456790123,1.0,0.0,0.0,0.8888888888888888,0.5,0.647141331954917,0.02631578947368421,1.0,0.0,0.0,0.17459080280592332,0.8661087866108785,0.018363182951711632,0.20378071833648193,1.0,0.0,0.0,0.0,0.0,1.0,0.0,0.0,0.0,0.0,0.0,0.0,0.0,0.0,0.0,1.0,0.0,0.0,0.0,0.0,0.0,0.0,0.0,1.0,0.0
8552,0.14814814814814814,0.0,1.0,0.0,0.8888888888888888,0.5,0.5962813035550764,0.0,0.003003003003003003,0.14285714285714285,0.0,0.17459080280592332,0.8661087866108785,0.018363182951711632,0.20378071833648193,1.0,0.0,0.0,0.0,0.0,0.0,0.0,0.0,0.0,0.0,0.0,0.0,0.0,1.0,0.0,0.0,0.0,0.0,0.0,0.0,1.0,0.0,0.0,0.0,1.0
8553,0.07407407407407407,1.0,0.0,0.0,0.8888888888888888,0.5,0.6062082270603242,0.0,0.003003003003003003,0.2857142857142857,0.0,0.17459080280592332,0.8661087866108785,0.018363182951711632,0.20378071833648193,1.0,0.0,0.0,0.0,0.0,0.0,0.0,0.0,1.0,0.0,0.0,0.0,0.0,1.0,0.0,0.0,0.0,0.0,0.0,0.0,1.0,0.0,0.0,0.0,1.0
8554,0.19753086419753085,1.0,0.0,1.0,0.8888888888888888,0.5,0.645692009932198,0.0,0.003003003003003003,0.14285714285714285,0.0,0.17459080280592332,0.8661087866108785,0.018363182951711632,0.20378071833648193,1.0,0.0,0.0,0.0,0.0,0.0,0.0,0.0,0.0,0.0,0.0,0.0,1.0,0.0,0.0,0.0,0.0,0.0,0.0,0.0,1.0,0.0,0.0,0.0,1.0
8555,0.4444444444444445,0.0,1.0,1.0,0.8888888888888888,0.5,0.7343048669527241,0.0,0.003003003003003003,0.14285714285714285,0.0,0.17459080280592332,0.8661087866108785,0.018363182951711632,0.20378071833648193,1.0,0.0,0.0,1.0,0.0,0.0,0.0,0.0,0.0,0.0,0.0,0.0,1.0,0.0,0.0,0.0,0.0,0.0,0.0,0.0,0.0,0.0,0.0,0.0,1.0
8556,0.25925925925925924,0.0,0.0,1.0,0.8888888888888888,0.75,0.5030862582093689,0.0,0.013013013013013013,0.14285714285714285,0.0,0.17459080280592332,0.8661087866108785,0.018136476989344813,0.20378071833648193,1.0,0.0,0.0,0.0,0.0,0.0,0.0,0.0,0.0,0.0,0.0,0.0,1.0,0.0,0.0,0.0,0.0,0.0,0.0,0.0,1.0,0.0,0.0,0.0,1.0
8557,0.2839506172839506,1.0,0.0,0.0,0.8888888888888888,0.75,0.5306356323565045,0.05263157894736842,0.003003003003003003,0.2857142857142857,0.0,0.17459080280592332,0.8661087866108785,0.018136476989344813,0.20378071833648193,1.0,0.0,0.0,0.0,0.0,0.0,0.0,1.0,0.0,0.0,0.0,0.0,1.0,0.0,0.0,0.0,0.0,1.0,0.0,0.0,0.0,0.0,0.0,0.0,1.0
8558,0.14814814814814814,0.0,0.0,0.0,0.8888888888888888,0.75,0.6386818846696665,0.05263157894736842,0.003003003003003003,0.2857142857142857,0.0,0.17459080280592332,0.8661087866108785,0.018136476989344813,0.20378071833648193,1.0,0.0,0.0,0.0,0.0,0.0,0.0,0.0,1.0,0.0,0.0,0.0,0.0,1.0,0.0,0.0,0.0,0.0,0.0,1.0,0.0,0.0,0.0,0.0,1.0
8559,0.14814814814814814,1.0,1.0,0.0,0.8888888888888888,0.75,0.5670345425314071,0.0,0.007007007007007007,0.14285714285714285,0.0,0.17459080280592332,0.8661087866108785,0.018136476989344813,0.20378071833648193,1.0,0.0,0.0,0.0,0.0,0.0,0.0,0.0,1.0,0.0,0.0,0.0,0.0,1.0,0.0,0.0,0.0,0.0,0.0,1.0,0.0,0.0,0.0,0.0,1.0
8560,0.5925925925925926,0.0,0.0,0.0,0.8888888888888888,0.75,0.6513851442510553,0.0,1.0,0.2857142857142857,0.0,0.17459080280592332,0.8661087866108785,0.018136476989344813,0.20378071833648193,1.0,0.0,0.0,0.0,0.0,1.0,0.0,0.0,0.0,0.0,0.0,0.0,0.0,1.0,0.0,0.0,0.0,0.0,0.0,0.0,1.0,0.0,0.0,0.0,0.0
8561,0.3209876543209876,0.0,0.0,0.0,0.8888888888888888,0.75,0.6381648062569562,0.0,1.0,0.0,0.0,0.17459080280592332,0.8661087866108785,0.018136476989344813,0.20378071833648193,1.0,0.0,0.0,0.0,1.0,0.0,0.0,0.0,0.0,0.0,0.0,0.0,1.0,0.0,0.0,0.0,0.0,1.0,0.0,0.0,0.0,0.0,0.0,1.0,0.0
8562,0.09876543209876543,0.0,0.0,0.0,0.8888888888888888,0.75,0.645692009932198,0.0,1.0,0.0,0.0,0.17459080280592332,0.8661087866108785,0.018136476989344813,0.20378071833648193,1.0,0.0,0.0,0.0,0.0,0.0,0.0,0.0,0.0,0.0,0.0,0.0,1.0,0.0,0.0,0.0,0.0,0.0,0.0,0.0,0.0,1.0,0.0,1.0,0.0
8563,0.5802469135802468,1.0,0.0,0.0,0.8888888888888888,0.75,0.7127658628623931,0.0,1.0,0.0,0.0,0.17459080280592332,0.8661087866108785,0.018136476989344813,0.20378071833648193,0.0,0.0,0.0,0.0,0.0,0.0,0.0,0.0,0.0,0.0,1.0,0.0,1.0,0.0,0.0,0.0,0.0,0.0,0.0,0.0,0.0,0.0,0.0,1.0,0.0
8564,0.09876543209876543,0.0,0.0,0.0,0.8888888888888888,0.75,0.5540062892371289,0.0,1.0,0.14285714285714285,0.0,0.17459080280592332,0.8661087866108785,0.018136476989344813,0.20378071833648193,1.0,0.0,0.0,0.0,0.0,0.0,0.0,0.0,0.0,0.0,0.0,0.0,1.0,0.0,0.0,0.0,0.0,0.0,0.0,0.0,0.0,1.0,0.0,0.0,0.0
8565,0.5925925925925926,0.0,0.0,0.0,0.8888888888888888,0.75,0.5280214103388018,0.02631578947368421,0.003003003003003003,0.2857142857142857,0.0,0.17459080280592332,0.8661087866108785,0.018136476989344813,0.20378071833648193,1.0,0.0,0.0,0.0,0.0,1.0,0.0,0.0,0.0,0.0,0.0,0.0,0.0,1.0,0.0,0.0,0.0,0.0,0.0,0.0,1.0,0.0,0.0,0.0,1.0
8566,0.14814814814814814,0.0,0.0,0.0,0.8888888888888888,0.75,0.5770327318283031,0.02631578947368421,0.009009009009009009,0.2857142857142857,0.0,0.17459080280592332,0.8661087866108785,0.018136476989344813,0.20378071833648193,1.0,0.0,0.0,0.0,0.0,0.0,0.0,0.0,0.0,0.0,0.0,0.0,0.0,1.0,0.0,0.0,0.0,0.0,0.0,0.0,1.0,0.0,0.0,0.0,0.0
8567,0.25925925925925924,0.0,0.0,0.0,0.8888888888888888,0.75,0.56984667205054,0.0,0.007007007007007007,0.5714285714285714,0.0,0.17459080280592332,0.8661087866108785,0.018136476989344813,0.20378071833648193,1.0,0.0,0.0,0.0,0.0,0.0,0.0,0.0,0.0,0.0,0.0,0.0,1.0,0.0,0.0,0.0,0.0,0.0,0.0,0.0,1.0,0.0,0.0,0.0,0.0
8568,0.6172839506172838,1.0,0.0,0.0,0.8888888888888888,0.75,0.5417298832341686,0.0,1.0,0.0,0.0,0.17459080280592332,0.8661087866108785,0.018136476989344813,0.20378071833648193,1.0,0.0,0.0,0.0,0.0,1.0,0.0,0.0,0.0,0.0,0.0,0.0,1.0,0.0,0.0,0.0,0.0,0.0,0.0,0.0,0.0,0.0,0.0,1.0,0.0
8569,0.419753086419753,1.0,0.0,0.0,0.8888888888888888,0.75,0.5474693214896542,0.0,1.0,0.0,0.0,0.17459080280592332,0.8661087866108785,0.018136476989344813,0.20378071833648193,1.0,0.0,0.0,0.0,0.0,0.0,1.0,0.0,0.0,0.0,0.0,0.0,0.0,1.0,0.0,0.0,1.0,0.0,0.0,0.0,0.0,0.0,0.0,1.0,0.0
8570,0.39506172839506176,1.0,0.0,1.0,0.8888888888888888,0.75,0.6381648062569562,0.0,1.0,0.0,0.0,0.17459080280592332,0.8661087866108785,0.018136476989344813,0.20378071833648193,1.0,0.0,0.0,0.0,0.0,0.0,0.0,0.0,0.0,0.0,1.0,0.0,1.0,0.0,0.0,0.0,0.0,0.0,0.0,1.0,0.0,0.0,0.0,1.0,0.0
8571,0.20987654320987653,1.0,0.0,0.0,0.8888888888888888,0.75,0.529335783224907,0.0,0.003003003003003003,0.2857142857142857,0.0,0.17459080280592332,0.8661087866108785,0.018136476989344813,0.20378071833648193,1.0,0.0,0.0,0.0,0.0,0.0,0.0,0.0,0.0,0.0,0.0,0.0,0.0,1.0,0.0,0.0,0.0,0.0,0.0,0.0,1.0,0.0,0.0,0.0,1.0
8572,0.20987654320987653,0.0,0.0,0.0,0.8888888888888888,0.75,0.6041504168690148,0.0,0.007007007007007007,0.2857142857142857,0.0,0.17459080280592332,0.8661087866108785,0.018136476989344813,0.20378071833648193,1.0,0.0,0.0,0.0,0.0,0.0,0.0,0.0,0.0,0.0,0.0,0.0,0.0,1.0,0.0,0.0,0.0,0.0,0.0,0.0,1.0,0.0,0.0,0.0,1.0
8573,0.20987654320987653,0.0,0.0,0.0,0.8888888888888888,0.75,0.5779008918534767,0.0,0.006006006006006006,0.14285714285714285,0.0,0.17459080280592332,0.8661087866108785,0.018136476989344813,0.20378071833648193,1.0,0.0,0.0,0.0,0.0,0.0,0.0,0.0,0.0,0.0,0.0,0.0,0.0,1.0,0.0,0.0,0.0,0.0,0.0,0.0,1.0,0.0,0.0,0.0,1.0
8574,0.48148148148148145,0.0,0.0,0.0,0.8888888888888888,0.75,0.5770327318283031,0.0,1.0,0.0,0.0,0.17459080280592332,0.8661087866108785,0.018136476989344813,0.20378071833648193,1.0,1.0,0.0,0.0,0.0,0.0,0.0,0.0,0.0,0.0,0.0,0.0,0.0,0.0,0.0,0.0,0.0,0.0,0.0,0.0,0.0,0.0,0.0,1.0,0.0
8575,0.18518518518518517,1.0,0.0,0.0,0.8888888888888888,0.75,0.6485730147319224,0.0,0.006006006006006006,0.42857142857142855,0.0,0.17459080280592332,0.8661087866108785,0.018136476989344813,0.20378071833648193,1.0,0.0,0.0,0.0,0.0,0.0,1.0,0.0,0.0,0.0,0.0,0.0,1.0,0.0,0.0,0.0,0.0,0.0,0.0,0.0,1.0,0.0,0.0,0.0,0.0
8576,0.14814814814814814,1.0,0.0,1.0,0.8888888888888888,0.75,0.5679794082497067,0.02631578947368421,1.0,0.0,0.0,0.17459080280592332,0.8661087866108785,0.018136476989344813,0.20378071833648193,0.0,0.0,0.0,0.0,0.0,0.0,0.0,0.0,1.0,0.0,0.0,0.0,0.0,1.0,0.0,0.0,0.0,0.0,0.0,1.0,0.0,0.0,0.0,1.0,0.0
8577,0.43209876543209874,1.0,0.0,0.0,0.8888888888888888,0.75,0.6184662540070037,0.05263157894736842,0.009009009009009009,0.14285714285714285,0.0,0.17459080280592332,0.8661087866108785,0.018136476989344813,0.20378071833648193,0.0,1.0,0.0,0.0,0.0,0.0,0.0,0.0,0.0,0.0,0.0,0.0,0.0,1.0,0.0,0.0,1.0,0.0,0.0,0.0,0.0,0.0,0.0,0.0,1.0
8578,0.6049382716049383,1.0,1.0,1.0,0.8888888888888888,0.75,0.8267635260732674,0.0,1.0,0.0,0.0,0.17459080280592332,0.8661087866108785,0.018136476989344813,0.20378071833648193,1.0,0.0,0.0,0.0,0.0,1.0,0.0,0.0,0.0,0.0,0.0,0.0,1.0,0.0,0.0,0.0,0.0,0.0,0.0,0.0,0.0,0.0,0.0,1.0,0.0
8579,0.13580246913580246,1.0,0.0,0.0,0.8888888888888888,0.75,0.6172344610818086,0.02631578947368421,1.0,0.0,0.0,0.17459080280592332,0.8661087866108785,0.018136476989344813,0.20378071833648193,0.0,0.0,0.0,0.0,0.0,0.0,0.0,0.0,0.0,0.0,0.0,0.0,0.0,1.0,0.0,0.0,0.0,0.0,0.0,0.0,1.0,0.0,0.0,1.0,0.0
8580,0.48148148148148145,1.0,0.0,0.0,0.8888888888888888,0.75,0.7994138647209665,0.15789473684210525,1.0,0.0,0.0,0.17459080280592332,0.8661087866108785,0.018136476989344813,0.20378071833648193,1.0,0.0,0.0,0.0,1.0,0.0,0.0,0.0,0.0,0.0,0.0,0.0,0.0,0.0,0.0,0.0,0.0,0.0,0.0,0.0,0.0,1.0,0.0,1.0,0.0
8581,0.2222222222222222,1.0,0.0,0.0,0.8888888888888888,0.75,0.6190773470668909,0.02631578947368421,1.0,0.14285714285714285,0.0,0.17459080280592332,0.8661087866108785,0.018136476989344813,0.20378071833648193,1.0,0.0,0.0,0.0,0.0,0.0,0.0,0.0,0.0,1.0,0.0,0.0,0.0,1.0,0.0,0.0,0.0,0.0,0.0,1.0,0.0,0.0,0.0,0.0,0.0
8582,0.18518518518518517,0.0,0.0,0.0,0.8888888888888888,0.75,0.7719740919508878,0.02631578947368421,0.003003003003003003,0.2857142857142857,0.0,0.17459080280592332,0.8661087866108785,0.018136476989344813,0.20378071833648193,1.0,0.0,0.0,0.0,0.0,0.0,1.0,0.0,0.0,0.0,0.0,0.0,1.0,0.0,0.0,0.0,0.0,0.0,0.0,0.0,1.0,0.0,0.0,0.0,1.0
8583,0.5308641975308641,0.0,0.0,0.0,0.8888888888888888,0.75,0.7578691755478335,0.02631578947368421,0.006006006006006006,0.14285714285714285,0.0,0.17459080280592332,0.8661087866108785,0.018136476989344813,0.20378071833648193,1.0,0.0,0.0,0.0,0.0,0.0,0.0,0.0,0.0,0.0,1.0,0.0,1.0,0.0,0.0,0.0,0.0,0.0,0.0,0.0,0.0,0.0,0.0,0.0,1.0
8584,0.5555555555555556,1.0,0.0,0.0,0.8888888888888888,0.75,0.64373137872162,0.0,0.003003003003003003,0.42857142857142855,0.0,0.17459080280592332,0.8661087866108785,0.018136476989344813,0.20378071833648193,0.0,0.0,0.0,1.0,0.0,0.0,0.0,0.0,0.0,0.0,0.0,0.0,1.0,0.0,0.0,0.0,0.0,0.0,0.0,0.0,1.0,0.0,0.0,0.0,1.0
8585,0.25925925925925924,0.0,0.0,1.0,0.8888888888888888,0.75,0.7082839817554912,0.07894736842105263,1.0,0.0,0.0,0.17459080280592332,0.8661087866108785,0.018136476989344813,0.20378071833648193,1.0,0.0,0.0,0.0,0.0,0.0,0.0,0.0,0.0,0.0,0.0,0.0,1.0,0.0,0.0,0.0,0.0,0.0,0.0,0.0,1.0,0.0,0.0,1.0,0.0
8586,0.14814814814814814,1.0,0.0,0.0,0.8888888888888888,1.0,0.608897147549857,0.02631578947368421,0.007007007007007007,0.2857142857142857,0.0,0.17459080280592332,0.8661087866108785,0.018136476989344813,0.20378071833648193,1.0,0.0,0.0,0.0,0.0,0.0,0.0,0.0,0.0,0.0,0.0,0.0,0.0,1.0,0.0,0.0,0.0,1.0,0.0,0.0,0.0,0.0,0.0,0.0,1.0
8587,0.1111111111111111,1.0,0.0,0.0,0.8888888888888888,1.0,0.6853423935333421,0.0,0.007007007007007007,0.14285714285714285,0.0,0.17459080280592332,0.8661087866108785,0.018136476989344813,0.20378071833648193,1.0,0.0,0.0,0.0,0.0,0.0,0.0,0.0,0.0,0.0,0.0,0.0,1.0,0.0,0.0,0.0,0.0,1.0,0.0,0.0,0.0,0.0,0.0,0.0,1.0
8588,0.1111111111111111,0.0,0.0,0.0,0.8888888888888888,1.0,0.6121741045570199,0.0,0.007007007007007007,0.14285714285714285,0.0,0.17459080280592332,0.8661087866108785,0.018136476989344813,0.20378071833648193,1.0,0.0,0.0,0.0,0.0,0.0,0.0,0.0,1.0,0.0,0.0,0.0,0.0,1.0,0.0,0.0,0.0,0.0,0.0,0.0,1.0,0.0,0.0,0.0,1.0
8589,0.1111111111111111,1.0,0.0,1.0,0.8888888888888888,1.0,0.6284462883305656,0.02631578947368421,0.003003003003003003,0.14285714285714285,0.0,0.17459080280592332,0.8661087866108785,0.018136476989344813,0.20378071833648193,1.0,1.0,0.0,0.0,0.0,0.0,0.0,0.0,0.0,0.0,0.0,0.0,0.0,1.0,0.0,0.0,0.0,1.0,0.0,0.0,0.0,0.0,0.0,0.0,1.0
8590,0.14814814814814814,0.0,0.0,0.0,0.8888888888888888,1.0,0.5660820259952785,0.0,0.003003003003003003,0.2857142857142857,0.0,0.17459080280592332,0.8661087866108785,0.018136476989344813,0.20378071833648193,1.0,0.0,0.0,0.0,0.0,0.0,0.0,0.0,0.0,0.0,0.0,0.0,0.0,1.0,0.0,0.0,0.0,0.0,0.0,0.0,1.0,0.0,0.0,0.0,1.0
8591,0.18518518518518517,1.0,0.0,1.0,0.8888888888888888,1.0,0.904540319682557,0.02631578947368421,1.0,0.14285714285714285,0.0,0.17459080280592332,0.8661087866108785,0.018136476989344813,0.20378071833648193,1.0,0.0,0.0,0.0,0.0,0.0,0.0,0.0,0.0,0.0,0.0,0.0,0.0,1.0,0.0,0.0,0.0,0.0,0.0,0.0,1.0,0.0,0.0,0.0,0.0
8592,0.18518518518518517,1.0,0.0,1.0,0.8888888888888888,1.0,0.5779008918534767,0.0,1.0,0.0,0.0,0.17459080280592332,0.8661087866108785,0.018136476989344813,0.20378071833648193,1.0,0.0,0.0,0.0,0.0,0.0,0.0,0.0,0.0,0.0,0.0,0.0,0.0,1.0,0.0,0.0,0.0,0.0,0.0,0.0,1.0,0.0,0.0,1.0,0.0
8593,0.4444444444444445,1.0,1.0,1.0,0.8888888888888888,1.0,0.6306764053478436,0.05263157894736842,1.0,0.14285714285714285,0.0,0.17459080280592332,0.8661087866108785,0.018136476989344813,0.20378071833648193,1.0,0.0,0.0,0.0,0.0,0.0,0.0,0.0,0.0,0.0,0.0,0.0,0.0,1.0,0.0,0.0,0.0,0.0,0.0,0.0,1.0,0.0,0.0,0.0,0.0
8594,0.7777777777777777,1.0,1.0,0.0,0.8888888888888888,1.0,0.6153622441177717,0.02631578947368421,0.003003003003003003,0.14285714285714285,0.0,0.17459080280592332,0.8661087866108785,0.018136476989344813,0.20378071833648193,1.0,0.0,0.0,0.0,0.0,1.0,0.0,0.0,0.0,0.0,0.0,0.0,0.0,0.0,0.0,0.0,0.0,0.0,0.0,0.0,0.0,1.0,0.0,0.0,1.0
8595,0.1728395061728395,0.0,0.0,0.0,0.8888888888888888,1.0,0.7308208467673027,0.0,1.0,0.14285714285714285,0.0,0.17459080280592332,0.8661087866108785,0.018136476989344813,0.20378071833648193,1.0,0.0,0.0,0.0,0.0,0.0,0.0,0.0,0.0,1.0,0.0,0.0,1.0,0.0,0.0,0.0,0.0,0.0,0.0,0.0,0.0,1.0,0.0,0.0,0.0
8596,0.5925925925925926,0.0,0.0,0.0,0.8888888888888888,1.0,0.6381648062569562,0.0,0.003003003003003003,0.42857142857142855,0.0,0.17459080280592332,0.8661087866108785,0.018136476989344813,0.20378071833648193,1.0,0.0,0.0,0.0,0.0,1.0,0.0,0.0,0.0,0.0,0.0,0.0,1.0,0.0,0.0,0.0,0.0,0.0,0.0,0.0,1.0,0.0,0.0,0.0,1.0
8597,0.3209876543209876,0.0,1.0,0.0,0.8888888888888888,1.0,0.5660820259952785,0.10526315789473684,1.0,0.0,0.0,0.17459080280592332,0.8661087866108785,0.018136476989344813,0.20378071833648193,0.0,0.0,0.0,0.0,0.0,0.0,0.0,0.0,0.0,1.0,0.0,0.0,0.0,1.0,0.0,0.0,0.0,0.0,0.0,0.0,1.0,0.0,0.0,1.0,0.0
8598,0.14814814814814814,1.0,0.0,0.0,0.8888888888888888,1.0,0.6295666315558228,0.0,0.003003003003003003,0.14285714285714285,0.0,0.17459080280592332,0.8661087866108785,0.018136476989344813,0.20378071833648193,1.0,0.0,0.0,0.0,0.0,0.0,0.0,0.0,0.0,1.0,0.0,0.0,1.0,0.0,0.0,0.0,0.0,0.0,0.0,0.0,1.0,0.0,0.0,0.0,1.0
8599,0.43209876543209874,1.0,0.0,0.0,0.8888888888888888,1.0,0.7301114869324379,0.0,0.003003003003003003,0.14285714285714285,0.0,0.17459080280592332,0.8661087866108785,0.018136476989344813,0.20378071833648193,1.0,0.0,0.0,0.0,0.0,0.0,0.0,0.0,0.0,1.0,0.0,0.0,1.0,0.0,0.0,0.0,0.0,0.0,0.0,1.0,0.0,0.0,0.0,0.0,1.0
8600,0.43209876543209874,1.0,0.0,0.0,0.8888888888888888,1.0,0.6541316149049302,0.0,1.0,0.14285714285714285,0.0,0.17459080280592332,0.8661087866108785,0.018136476989344813,0.20378071833648193,1.0,0.0,0.0,0.0,0.0,0.0,0.0,0.0,0.0,1.0,0.0,0.0,1.0,0.0,0.0,0.0,0.0,0.0,0.0,1.0,0.0,0.0,0.0,0.0,0.0
8601,0.2716049382716049,1.0,0.0,0.0,0.8888888888888888,1.0,0.6447157790225418,0.02631578947368421,0.003003003003003003,0.2857142857142857,0.0,0.17459080280592332,0.8661087866108785,0.018136476989344813,0.20378071833648193,1.0,0.0,0.0,0.0,1.0,0.0,0.0,0.0,0.0,0.0,0.0,0.0,0.0,1.0,0.0,0.0,0.0,0.0,0.0,0.0,1.0,0.0,0.0,0.0,1.0
8602,0.7407407407407407,1.0,0.0,0.0,0.8888888888888888,1.0,0.6993904420466923,0.0,1.0,0.0,0.0,0.17459080280592332,0.8661087866108785,0.018136476989344813,0.20378071833648193,1.0,0.0,0.0,0.0,0.0,1.0,0.0,0.0,0.0,0.0,0.0,0.0,1.0,0.0,0.0,0.0,0.0,0.0,0.0,0.0,0.0,1.0,0.0,1.0,0.0
8603,0.7407407407407407,1.0,0.0,0.0,0.8888888888888888,1.0,0.6196852820090151,0.0,0.003003003003003003,0.14285714285714285,0.0,0.17459080280592332,0.8661087866108785,0.018136476989344813,0.20378071833648193,1.0,0.0,0.0,0.0,0.0,1.0,0.0,0.0,0.0,0.0,0.0,0.0,1.0,0.0,0.0,0.0,0.0,0.0,0.0,0.0,0.0,1.0,0.0,0.0,1.0
8604,0.1728395061728395,0.0,0.0,1.0,0.8888888888888888,1.0,0.6594393640539922,0.02631578947368421,0.003003003003003003,0.2857142857142857,0.0,0.17459080280592332,0.8661087866108785,0.018136476989344813,0.20378071833648193,1.0,0.0,0.0,0.0,0.0,0.0,0.0,1.0,0.0,0.0,0.0,0.0,1.0,0.0,0.0,0.0,0.0,1.0,0.0,0.0,0.0,0.0,0.0,0.0,1.0
8605,0.29629629629629634,0.0,1.0,0.0,0.8888888888888888,1.0,0.5725931427044147,0.02631578947368421,0.003003003003003003,0.2857142857142857,0.0,0.17459080280592332,0.8661087866108785,0.018136476989344813,0.20378071833648193,1.0,0.0,0.0,0.0,1.0,0.0,0.0,0.0,0.0,0.0,0.0,0.0,1.0,0.0,0.0,0.0,0.0,0.0,0.0,0.0,0.0,1.0,0.0,0.0,1.0
8606,0.4691358024691357,0.0,0.0,0.0,0.8888888888888888,1.0,0.6386818846696665,0.02631578947368421,1.0,0.0,0.0,0.17459080280592332,0.8661087866108785,0.018136476989344813,0.20378071833648193,1.0,1.0,0.0,0.0,0.0,0.0,0.0,0.0,0.0,0.0,0.0,0.0,1.0,0.0,0.0,0.0,0.0,0.0,0.0,0.0,0.0,0.0,0.0,1.0,0.0
8607,0.7530864197530864,1.0,0.0,0.0,0.8888888888888888,1.0,0.6128186823313415,0.02631578947368421,0.003003003003003003,0.14285714285714285,0.0,0.17459080280592332,0.8661087866108785,0.018136476989344813,0.20378071833648193,1.0,0.0,0.0,0.0,0.0,1.0,0.0,0.0,0.0,0.0,0.0,0.0,0.0,0.0,0.0,0.0,0.0,0.0,0.0,0.0,0.0,0.0,0.0,0.0,1.0
8608,0.012345679012345678,0.0,0.0,0.0,0.8888888888888888,1.0,0.6527663947522088,0.02631578947368421,0.007007007007007007,0.2857142857142857,0.0,0.17459080280592332,0.8661087866108785,0.018136476989344813,0.20378071833648193,1.0,0.0,0.0,0.0,0.0,0.0,0.0,0.0,1.0,0.0,0.0,0.0,0.0,1.0,0.0,0.0,0.0,1.0,0.0,0.0,0.0,0.0,0.0,0.0,0.0
8609,0.2839506172839506,1.0,0.0,0.0,0.8888888888888888,0.0,0.5813108450867737,0.02631578947368421,0.003003003003003003,0.14285714285714285,0.0,0.17459080280592332,0.8661087866108785,0.018136476989344813,0.20378071833648193,0.0,0.0,0.0,0.0,0.0,0.0,0.0,0.0,0.0,1.0,0.0,0.0,0.0,1.0,0.0,0.0,0.0,0.0,0.0,0.0,1.0,0.0,0.0,0.0,1.0
8610,0.2839506172839506,0.0,0.0,0.0,0.8888888888888888,0.0,0.573494565885327,0.0,0.007007007007007007,0.2857142857142857,0.0,0.17459080280592332,0.8661087866108785,0.018136476989344813,0.20378071833648193,1.0,0.0,0.0,0.0,0.0,0.0,0.0,0.0,0.0,1.0,0.0,0.0,0.0,1.0,0.0,0.0,0.0,0.0,0.0,0.0,1.0,0.0,0.0,0.0,0.0
8611,0.09876543209876543,0.0,1.0,0.0,0.8888888888888888,0.0,0.6693862850347637,0.0,0.007007007007007007,0.2857142857142857,0.0,0.17459080280592332,0.8661087866108785,0.018136476989344813,0.20378071833648193,1.0,0.0,0.0,0.0,0.0,0.0,0.0,0.0,0.0,0.0,0.0,0.0,0.0,1.0,0.0,0.0,0.0,0.0,0.0,0.0,1.0,0.0,0.0,0.0,1.0
8612,0.5432098765432098,1.0,0.0,0.0,0.8888888888888888,0.0,0.6717469358140523,0.0,0.009009009009009009,0.42857142857142855,0.0,0.17459080280592332,0.8661087866108785,0.018136476989344813,0.20378071833648193,1.0,0.0,0.0,0.0,0.0,1.0,0.0,0.0,0.0,0.0,0.0,0.0,1.0,0.0,0.0,0.0,0.0,0.0,0.0,0.0,0.0,0.0,0.0,0.0,0.0
8613,0.5802469135802468,0.0,0.0,0.0,0.8888888888888888,0.0,0.5870502833422594,0.0,0.003003003003003003,0.14285714285714285,0.0,0.17459080280592332,0.8661087866108785,0.018136476989344813,0.20378071833648193,1.0,0.0,0.0,0.0,0.0,1.0,0.0,0.0,0.0,0.0,0.0,0.0,1.0,0.0,0.0,0.0,0.0,1.0,0.0,0.0,0.0,0.0,0.0,0.0,1.0
8614,0.6172839506172838,0.0,0.0,1.0,0.8888888888888888,0.0,0.6027582686746316,0.0,1.0,0.0,0.0,0.17459080280592332,0.8661087866108785,0.018136476989344813,0.20378071833648193,1.0,0.0,0.0,0.0,0.0,1.0,0.0,0.0,0.0,0.0,0.0,0.0,1.0,0.0,0.0,0.0,0.0,0.0,0.0,0.0,0.0,0.0,0.0,1.0,0.0
8615,0.4074074074074074,1.0,0.0,0.0,0.8888888888888888,0.0,0.6134597474028101,0.0,0.003003003003003003,0.14285714285714285,0.0,0.17459080280592332,0.8661087866108785,0.018136476989344813,0.20378071833648193,1.0,0.0,0.0,0.0,0.0,0.0,0.0,0.0,0.0,0.0,0.0,0.0,1.0,0.0,0.0,0.0,0.0,0.0,0.0,0.0,1.0,0.0,0.0,0.0,1.0
8616,0.4074074074074074,0.0,0.0,0.0,0.8888888888888888,0.0,0.608897147549857,0.0,0.007007007007007007,0.2857142857142857,0.0,0.17459080280592332,0.8661087866108785,0.018136476989344813,0.20378071833648193,0.0,0.0,0.0,0.0,0.0,0.0,0.0,0.0,0.0,0.0,0.0,0.0,1.0,0.0,0.0,0.0,0.0,0.0,0.0,0.0,1.0,0.0,0.0,0.0,1.0
8617,0.48148148148148145,1.0,0.0,0.0,0.8888888888888888,0.0,0.5679794082497067,0.0,1.0,0.0,0.0,0.17459080280592332,0.8661087866108785,0.018136476989344813,0.20378071833648193,0.0,0.0,0.0,0.0,1.0,0.0,0.0,0.0,0.0,0.0,0.0,0.0,1.0,0.0,0.0,0.0,0.0,0.0,0.0,0.0,1.0,0.0,0.0,1.0,0.0
8618,0.16049382716049382,0.5,0.5,0.0,0.8888888888888888,0.0,0.6427386711469765,0.10526315789473684,1.0,0.0,0.0,0.17459080280592332,0.8661087866108785,0.018136476989344813,0.20378071833648193,1.0,1.0,0.0,0.0,0.0,0.0,0.0,0.0,0.0,0.0,0.0,0.0,0.0,1.0,0.0,0.0,0.0,1.0,0.0,0.0,0.0,0.0,0.0,1.0,0.0
8619,0.1111111111111111,1.0,0.0,0.0,0.8888888888888888,0.0,0.7141321401199037,0.10526315789473684,1.0,0.0,0.0,0.17459080280592332,0.8661087866108785,0.018136476989344813,0.20378071833648193,1.0,0.0,0.0,0.0,0.0,0.0,0.0,0.0,0.0,0.0,0.0,0.0,1.0,0.0,0.0,0.0,0.0,1.0,0.0,0.0,0.0,0.0,0.0,1.0,0.0
8620,0.2222222222222222,1.0,1.0,0.0,0.8888888888888888,0.0,0.647141331954917,0.02631578947368421,1.0,0.14285714285714285,0.0,0.17459080280592332,0.8661087866108785,0.018136476989344813,0.20378071833648193,0.0,0.0,0.0,0.0,1.0,0.0,0.0,0.0,0.0,0.0,0.0,0.0,1.0,0.0,0.0,0.0,0.0,0.0,0.0,0.0,1.0,0.0,0.0,0.0,0.0
8621,0.16049382716049382,0.0,0.0,0.0,0.8888888888888888,0.0,0.6499874824690127,0.0,1.0,0.0,0.0,0.17459080280592332,0.8661087866108785,0.018136476989344813,0.20378071833648193,1.0,1.0,0.0,0.0,0.0,0.0,0.0,0.0,0.0,0.0,0.0,0.0,0.0,1.0,0.0,0.0,0.0,1.0,0.0,0.0,0.0,0.0,0.0,1.0,0.0
8622,0.1728395061728395,0.0,0.0,1.0,0.8888888888888888,0.0,0.4776508205223571,0.07894736842105263,1.0,0.0,0.0,0.17459080280592332,0.8661087866108785,0.018136476989344813,0.20378071833648193,0.0,0.0,0.0,0.0,0.0,0.0,0.0,0.0,0.0,1.0,0.0,0.0,1.0,0.0,0.0,0.0,0.0,0.0,0.0,0.0,1.0,0.0,0.0,1.0,0.0
8623,0.6049382716049383,1.0,0.0,0.0,0.8888888888888888,0.0,0.6082306576679029,0.0,0.007007007007007007,0.14285714285714285,0.0,0.17459080280592332,0.8661087866108785,0.018136476989344813,0.20378071833648193,1.0,0.0,0.0,0.0,0.0,1.0,0.0,0.0,0.0,0.0,0.0,0.0,1.0,0.0,0.0,0.0,0.0,0.0,0.0,0.0,0.0,0.0,0.0,0.0,1.0
8624,0.20987654320987653,1.0,0.0,0.0,0.8888888888888888,0.0,0.5344511608683252,0.0,1.0,0.14285714285714285,0.0,0.17459080280592332,0.8661087866108785,0.018136476989344813,0.20378071833648193,0.0,0.0,0.0,0.0,0.0,0.0,0.0,0.0,0.0,1.0,0.0,0.0,1.0,0.0,0.0,0.0,0.0,0.0,0.0,1.0,0.0,0.0,0.0,0.0,0.0
8625,0.024691358024691357,1.0,0.0,0.0,0.8888888888888888,0.0,0.6990820928544513,0.0,1.0,0.14285714285714285,0.0,0.17459080280592332,0.8661087866108785,0.018136476989344813,0.20378071833648193,1.0,0.0,0.0,0.0,0.0,0.0,0.0,0.0,1.0,0.0,0.0,0.0,0.0,1.0,0.0,0.0,0.0,0.0,0.0,0.0,0.0,1.0,0.0,0.0,0.0
8626,0.09876543209876543,1.0,0.0,0.0,0.8888888888888888,0.0,0.6993904420466923,0.0,1.0,0.14285714285714285,0.0,0.17459080280592332,0.8661087866108785,0.018136476989344813,0.20378071833648193,1.0,0.0,0.0,0.0,0.0,0.0,0.0,0.0,0.0,0.0,0.0,0.0,0.0,1.0,0.0,0.0,0.0,0.0,0.0,0.0,0.0,1.0,0.0,0.0,0.0
8627,0.6790123456790123,0.0,0.0,0.0,0.8888888888888888,0.0,0.6532232308583403,0.0,1.0,0.0,0.0,0.17459080280592332,0.8661087866108785,0.018136476989344813,0.20378071833648193,1.0,0.0,0.0,0.0,0.0,1.0,0.0,0.0,0.0,0.0,0.0,0.0,1.0,0.0,0.0,0.0,0.0,1.0,0.0,0.0,0.0,0.0,0.0,1.0,0.0
8628,0.7407407407407407,1.0,0.0,0.0,0.8888888888888888,0.0,0.7176119318291706,0.02631578947368421,1.0,0.14285714285714285,0.0,0.17459080280592332,0.8661087866108785,0.018136476989344813,0.20378071833648193,1.0,0.0,0.0,0.0,0.0,1.0,0.0,0.0,0.0,0.0,0.0,0.0,0.0,0.0,0.0,0.0,0.0,0.0,0.0,0.0,0.0,0.0,0.0,0.0,0.0
8629,0.2839506172839506,0.0,0.0,0.0,0.8888888888888888,0.0,0.5485843549516803,0.02631578947368421,0.003003003003003003,0.14285714285714285,0.0,0.17459080280592332,0.8661087866108785,0.018136476989344813,0.20378071833648193,1.0,0.0,0.0,0.0,0.0,0.0,0.0,0.0,0.0,1.0,0.0,0.0,0.0,1.0,0.0,0.0,0.0,0.0,0.0,0.0,1.0,0.0,0.0,0.0,1.0
8630,0.2839506172839506,0.0,0.0,0.0,0.8888888888888888,0.0,0.8108169298082005,0.10526315789473684,1.0,0.0,0.0,0.17459080280592332,0.8661087866108785,0.018136476989344813,0.20378071833648193,1.0,0.0,0.0,0.0,0.0,0.0,0.0,0.0,0.0,1.0,0.0,0.0,0.0,1.0,0.0,0.0,0.0,0.0,0.0,0.0,1.0,0.0,0.0,1.0,0.0
8631,0.6296296296296295,0.0,0.0,0.0,0.8888888888888888,0.0,0.8387502040838664,0.02631578947368421,1.0,0.14285714285714285,0.0,0.17459080280592332,0.8661087866108785,0.018136476989344813,0.20378071833648193,1.0,0.0,0.0,0.0,0.0,1.0,0.0,0.0,0.0,0.0,0.0,0.0,1.0,0.0,0.0,0.0,0.0,1.0,0.0,0.0,0.0,0.0,0.0,0.0,0.0
8632,0.20987654320987653,0.0,1.0,1.0,0.8888888888888888,0.25,0.5239878100544288,0.0,1.0,0.0,0.0,0.17459080280592332,0.8661087866108785,0.018363182951711632,0.20378071833648193,1.0,0.0,0.0,0.0,0.0,0.0,1.0,0.0,0.0,0.0,0.0,0.0,0.0,1.0,0.0,0.0,0.0,0.0,0.0,0.0,1.0,0.0,0.0,1.0,0.0
8633,0.3703703703703703,1.0,0.0,0.0,0.8888888888888888,0.25,0.7723059261610165,0.02631578947368421,1.0,0.0,0.0,0.17459080280592332,0.8661087866108785,0.018363182951711632,0.20378071833648193,1.0,0.0,0.0,0.0,1.0,0.0,0.0,0.0,0.0,0.0,0.0,0.0,1.0,0.0,0.0,0.0,1.0,0.0,0.0,0.0,0.0,0.0,0.0,1.0,0.0
8634,0.2222222222222222,1.0,0.0,0.0,0.8888888888888888,0.25,0.6290077936901697,0.0,1.0,0.2857142857142857,0.0,0.17459080280592332,0.8661087866108785,0.018363182951711632,0.20378071833648193,1.0,0.0,0.0,0.0,1.0,0.0,0.0,0.0,0.0,0.0,0.0,0.0,1.0,0.0,0.0,0.0,0.0,0.0,0.0,0.0,1.0,0.0,0.0,0.0,0.0
8635,0.8024691358024691,1.0,0.0,0.0,0.8888888888888888,0.25,0.5770327318283031,0.02631578947368421,0.003003003003003003,0.14285714285714285,0.0,0.17459080280592332,0.8661087866108785,0.018363182951711632,0.20378071833648193,1.0,0.0,0.0,0.0,0.0,1.0,0.0,0.0,0.0,0.0,0.0,0.0,0.0,0.0,0.0,0.0,0.0,0.0,0.0,0.0,0.0,0.0,0.0,0.0,1.0
8636,0.38271604938271603,1.0,1.0,0.0,0.8888888888888888,0.25,0.7784391885188026,0.02631578947368421,1.0,0.0,0.0,0.17459080280592332,0.8661087866108785,0.018363182951711632,0.20378071833648193,1.0,0.0,0.0,0.0,1.0,0.0,0.0,0.0,0.0,0.0,0.0,0.0,1.0,0.0,0.0,0.0,0.0,0.0,0.0,0.0,1.0,0.0,0.0,1.0,0.0
8637,0.4444444444444445,1.0,0.0,0.0,0.8888888888888888,0.25,0.7077115468084515,0.02631578947368421,1.0,0.0,0.0,0.17459080280592332,0.8661087866108785,0.018363182951711632,0.20378071833648193,1.0,0.0,0.0,0.0,0.0,0.0,0.0,0.0,0.0,0.0,0.0,0.0,1.0,0.0,0.0,0.0,0.0,0.0,0.0,0.0,1.0,0.0,0.0,1.0,0.0
8638,0.3209876543209876,1.0,0.0,1.0,0.8888888888888888,0.25,0.5779008918534767,0.0,1.0,0.0,0.0,0.17459080280592332,0.8661087866108785,0.018363182951711632,0.20378071833648193,1.0,0.0,0.0,0.0,0.0,0.0,0.0,0.0,0.0,0.0,0.0,0.0,1.0,0.0,0.0,0.0,0.0,0.0,0.0,0.0,1.0,0.0,0.0,1.0,0.0
8639,0.20987654320987653,1.0,0.0,0.0,0.8888888888888888,0.25,0.7030289325921469,0.07894736842105263,1.0,0.0,0.0,0.17459080280592332,0.8661087866108785,0.018363182951711632,0.20378071833648193,1.0,0.0,0.0,1.0,0.0,0.0,0.0,0.0,0.0,0.0,0.0,0.0,0.0,1.0,0.0,0.0,0.0,0.0,0.0,0.0,0.0,0.0,0.0,1.0,0.0
8640,0.3209876543209876,1.0,0.0,0.0,0.8888888888888888,0.25,0.6523077776041232,0.0,1.0,0.0,0.0,0.17459080280592332,0.8661087866108785,0.018363182951711632,0.20378071833648193,1.0,0.0,0.0,0.0,0.0,0.0,0.0,0.0,0.0,0.0,0.0,0.0,1.0,0.0,0.0,0.0,0.0,0.0,0.0,0.0,1.0,0.0,0.0,1.0,0.0
8641,0.1111111111111111,1.0,0.0,0.0,0.8888888888888888,0.25,0.6748225397474605,0.05263157894736842,0.007007007007007007,0.14285714285714285,0.0,0.17459080280592332,0.8661087866108785,0.018363182951711632,0.20378071833648193,1.0,0.0,0.0,0.0,0.0,0.0,0.0,0.0,0.0,0.0,0.0,0.0,0.0,1.0,0.0,0.0,0.0,0.0,0.0,0.0,1.0,0.0,0.0,0.0,1.0
8642,0.6049382716049383,1.0,0.0,0.0,0.8888888888888888,0.25,0.7370196447311212,0.05263157894736842,1.0,0.0,0.0,0.17459080280592332,0.8661087866108785,0.018363182951711632,0.20378071833648193,1.0,0.0,0.0,0.0,0.0,1.0,0.0,0.0,0.0,0.0,0.0,0.0,0.0,1.0,0.0,0.0,0.0,0.0,0.0,0.0,0.0,0.0,0.0,1.0,0.0
8643,0.8148148148148147,0.0,0.0,0.0,0.8888888888888888,0.25,0.6461771040195569,0.0,0.003003003003003003,0.42857142857142855,0.0,0.17459080280592332,0.8661087866108785,0.01858988891407845,0.20378071833648193,1.0,0.0,0.0,0.0,0.0,1.0,0.0,0.0,0.0,0.0,0.0,0.0,0.0,0.0,0.0,0.0,0.0,0.0,0.0,0.0,0.0,0.0,0.0,0.0,1.0
8644,0.2222222222222222,0.0,0.0,0.0,0.8888888888888888,0.25,0.6178519698461769,0.05263157894736842,0.007007007007007007,0.42857142857142855,0.0,0.17459080280592332,0.8661087866108785,0.01858988891407845,0.20378071833648193,0.0,0.0,0.0,0.0,1.0,0.0,0.0,0.0,0.0,0.0,0.0,0.0,1.0,0.0,0.0,0.0,0.0,0.0,0.0,0.0,1.0,0.0,0.0,0.0,0.0
8645,0.12345679012345678,1.0,0.0,0.0,0.8888888888888888,0.25,0.680742538513431,0.0,0.003003003003003003,0.14285714285714285,0.0,0.17459080280592332,0.8661087866108785,0.01858988891407845,0.20378071833648193,1.0,0.0,0.0,0.0,1.0,0.0,0.0,0.0,0.0,0.0,0.0,0.0,0.0,1.0,0.0,0.0,0.0,0.0,0.0,1.0,0.0,0.0,0.0,0.0,1.0
8646,0.48148148148148145,1.0,0.0,0.0,0.8888888888888888,0.5,0.8088904155205662,0.02631578947368421,0.003003003003003003,0.42857142857142855,0.0,0.17459080280592332,0.8661087866108785,0.01858988891407845,0.20378071833648193,1.0,0.0,0.0,0.0,0.0,1.0,0.0,0.0,0.0,0.0,0.0,0.0,1.0,0.0,0.0,0.0,0.0,0.0,0.0,0.0,1.0,0.0,0.0,0.0,1.0
8647,0.08641975308641975,1.0,0.0,0.0,0.8888888888888888,0.5,0.6653434421536871,0.02631578947368421,0.003003003003003003,0.42857142857142855,0.0,0.17459080280592332,0.8661087866108785,0.01858988891407845,0.20378071833648193,1.0,0.0,0.0,0.0,0.0,0.0,0.0,0.0,1.0,0.0,0.0,0.0,0.0,1.0,0.0,0.0,0.0,0.0,0.0,0.0,0.0,1.0,0.0,0.0,1.0
8648,0.06172839506172839,0.0,0.0,0.0,0.8888888888888888,0.5,0.5266921854673875,0.0,1.0,0.0,0.0,0.17459080280592332,0.8661087866108785,0.01858988891407845,0.20378071833648193,0.0,0.0,0.0,0.0,0.0,0.0,0.0,0.0,1.0,0.0,0.0,0.0,0.0,1.0,0.0,0.0,0.0,0.0,0.0,0.0,0.0,1.0,0.0,1.0,0.0
8649,0.1728395061728395,0.0,0.0,0.0,0.8888888888888888,0.5,0.6965857625840003,0.0,1.0,0.0,0.0,0.17459080280592332,0.8661087866108785,0.01858988891407845,0.20378071833648193,1.0,0.0,0.0,0.0,0.0,0.0,0.0,0.0,0.0,1.0,0.0,0.0,0.0,1.0,0.0,0.0,0.0,0.0,0.0,0.0,1.0,0.0,0.0,1.0,0.0
8650,0.4938271604938272,0.0,0.0,0.0,0.8888888888888888,0.5,0.6128186823313415,0.0,0.003003003003003003,0.2857142857142857,0.0,0.17459080280592332,0.8661087866108785,0.01858988891407845,0.20378071833648193,1.0,0.0,0.0,0.0,0.0,0.0,0.0,0.0,0.0,0.0,0.0,0.0,1.0,0.0,0.0,0.0,0.0,0.0,0.0,0.0,1.0,0.0,0.0,0.0,1.0
8651,0.5432098765432098,1.0,0.0,0.0,0.8888888888888888,0.5,0.6422391580843787,0.0,1.0,0.0,0.0,0.17459080280592332,0.8661087866108785,0.01858988891407845,0.20378071833648193,1.0,0.0,0.0,0.0,0.0,1.0,0.0,0.0,0.0,0.0,0.0,0.0,1.0,0.0,0.0,0.0,0.0,0.0,0.0,0.0,0.0,0.0,0.0,1.0,0.0
8652,0.5061728395061729,1.0,0.0,0.0,0.8888888888888888,0.5,0.7281986781289764,0.0,1.0,0.2857142857142857,0.0,0.17459080280592332,0.8661087866108785,0.01858988891407845,0.20378071833648193,1.0,0.0,0.0,0.0,0.0,1.0,0.0,0.0,0.0,0.0,0.0,0.0,1.0,0.0,0.0,0.0,0.0,0.0,0.0,0.0,0.0,0.0,0.0,0.0,0.0
8653,0.48148148148148145,0.0,0.0,0.0,0.8888888888888888,0.5,0.6412337233355714,0.0,0.003003003003003003,0.14285714285714285,0.0,0.17459080280592332,0.8661087866108785,0.01858988891407845,0.20378071833648193,1.0,0.0,0.0,0.0,0.0,1.0,0.0,0.0,0.0,0.0,0.0,0.0,1.0,0.0,0.0,0.0,0.0,0.0,0.0,0.0,1.0,0.0,0.0,0.0,1.0
8654,0.38271604938271603,1.0,0.0,0.0,0.8888888888888888,0.5,0.6284462883305656,0.0,0.003003003003003003,0.14285714285714285,0.0,0.17459080280592332,0.8661087866108785,0.01858988891407845,0.20378071833648193,1.0,0.0,0.0,0.0,1.0,0.0,0.0,0.0,0.0,0.0,0.0,0.0,0.0,0.0,0.0,0.0,0.0,0.0,0.0,0.0,1.0,0.0,0.0,0.0,1.0
8655,0.48148148148148145,1.0,0.0,0.0,0.8888888888888888,0.5,0.7091374448666395,0.0,1.0,0.14285714285714285,0.0,0.17459080280592332,0.8661087866108785,0.01858988891407845,0.20378071833648193,1.0,0.0,0.0,1.0,0.0,0.0,0.0,0.0,0.0,0.0,0.0,0.0,0.0,0.0,0.0,0.0,0.0,0.0,0.0,0.0,0.0,0.0,0.0,0.0,0.0
8656,0.13580246913580246,1.0,0.0,0.0,0.8888888888888888,0.5,0.6697830312775754,0.0,1.0,0.14285714285714285,0.0,0.17459080280592332,0.8661087866108785,0.01858988891407845,0.20378071833648193,1.0,0.0,0.0,0.0,0.0,0.0,0.0,0.0,0.0,1.0,0.0,0.0,0.0,1.0,0.0,0.0,0.0,0.0,0.0,1.0,0.0,0.0,0.0,0.0,0.0
8657,0.12345679012345678,0.0,1.0,0.0,0.8888888888888888,0.5,0.686722293807522,0.0,1.0,0.0,0.0,0.17459080280592332,0.8661087866108785,0.01858988891407845,0.20378071833648193,1.0,0.0,0.0,0.0,0.0,0.0,0.0,0.0,0.0,1.0,0.0,0.0,0.0,1.0,0.0,0.0,0.0,0.0,0.0,0.0,1.0,0.0,0.0,1.0,0.0
8658,0.13580246913580246,1.0,0.0,0.0,0.8888888888888888,0.5,0.6442246085825132,0.02631578947368421,0.006006006006006006,0.14285714285714285,0.0,0.17459080280592332,0.8661087866108785,0.01858988891407845,0.20378071833648193,1.0,0.0,0.0,0.0,0.0,0.0,0.0,0.0,0.0,1.0,0.0,0.0,0.0,1.0,0.0,0.0,0.0,0.0,0.0,1.0,0.0,0.0,0.0,0.0,1.0
8659,0.09876543209876543,1.0,0.0,0.0,0.8888888888888888,0.5,0.7405445571293703,0.0,1.0,0.0,0.0,0.17459080280592332,0.8661087866108785,0.01858988891407845,0.20378071833648193,1.0,0.0,0.0,0.0,0.0,0.0,0.0,0.0,0.0,1.0,0.0,0.0,0.0,1.0,0.0,0.0,0.0,0.0,0.0,1.0,0.0,0.0,0.0,1.0,0.0
8660,0.7530864197530864,0.0,0.0,0.0,0.8888888888888888,1.0,0.6785573026196613,0.02631578947368421,1.0,0.14285714285714285,0.0,0.17459080280592332,0.8661087866108785,0.01904330083881206,0.20378071833648193,1.0,0.0,0.0,0.0,0.0,1.0,0.0,0.0,0.0,0.0,0.0,0.0,1.0,0.0,0.0,0.0,0.0,0.0,0.0,1.0,0.0,0.0,0.0,0.0,0.0
8661,0.691358024691358,0.0,0.0,0.0,0.8888888888888888,1.0,0.5977517620704379,0.0,1.0,0.0,0.0,0.17459080280592332,0.8661087866108785,0.01904330083881206,0.20378071833648193,1.0,0.0,0.0,0.0,0.0,1.0,0.0,0.0,0.0,0.0,0.0,0.0,1.0,0.0,0.0,0.0,0.0,0.0,0.0,0.0,1.0,0.0,0.0,1.0,0.0
8662,0.3333333333333333,1.0,0.0,1.0,0.8888888888888888,0.0,0.8699968169799065,0.02631578947368421,0.006006006006006006,0.14285714285714285,0.0,0.17459080280592332,0.8661087866108785,0.01927000680117888,0.20378071833648193,1.0,0.0,0.0,0.0,0.0,0.0,0.0,0.0,0.0,0.0,0.0,0.0,0.0,0.0,0.0,0.0,0.0,1.0,0.0,0.0,0.0,0.0,0.0,0.0,1.0
8663,0.1728395061728395,1.0,0.0,0.0,0.8888888888888888,0.0,0.5507832068127649,0.0,1.0,0.2857142857142857,0.0,0.17459080280592332,0.8661087866108785,0.01927000680117888,0.20378071833648193,0.0,1.0,0.0,0.0,0.0,0.0,0.0,0.0,0.0,0.0,0.0,0.0,1.0,0.0,0.0,1.0,0.0,0.0,0.0,0.0,0.0,0.0,0.0,0.0,0.0
8664,0.5308641975308641,1.0,0.0,0.0,1.0,0.5,0.6917573769087555,0.0,1.0,0.0,0.08333333333333337,0.19953234606391135,0.7447698744769873,0.01972341872591249,0.22646502835538485,1.0,0.0,0.0,0.0,0.0,0.0,0.0,0.0,0.0,0.0,0.0,0.0,1.0,0.0,0.0,0.0,0.0,0.0,0.0,0.0,0.0,1.0,1.0,1.0,0.0
8665,0.25925925925925924,1.0,1.0,0.0,1.0,0.5,0.6752013972391346,0.0,1.0,0.0,0.08333333333333337,0.19953234606391135,0.7447698744769873,0.01972341872591249,0.22646502835538485,1.0,0.0,0.0,0.0,0.0,0.0,0.0,0.0,0.0,1.0,0.0,0.0,1.0,0.0,0.0,0.0,0.0,0.0,0.0,0.0,1.0,0.0,0.0,1.0,0.0
8666,0.4567901234567901,1.0,0.0,0.0,1.0,0.5,0.6880861948773884,0.0,1.0,0.0,0.08333333333333337,0.19953234606391135,0.7447698744769873,0.01972341872591249,0.22646502835538485,1.0,0.0,0.0,0.0,0.0,0.0,0.0,0.0,0.0,0.0,1.0,0.0,1.0,0.0,0.0,0.0,0.0,1.0,0.0,0.0,0.0,0.0,0.0,1.0,0.0
8667,0.25925925925925924,0.0,0.0,0.0,1.0,0.5,0.7094205620899076,0.0,1.0,0.2857142857142857,0.08333333333333337,0.19953234606391135,0.7447698744769873,0.01972341872591249,0.22646502835538485,1.0,0.0,0.0,0.0,0.0,0.0,0.0,0.0,0.0,1.0,0.0,0.0,1.0,0.0,0.0,0.0,0.0,0.0,0.0,0.0,1.0,0.0,0.0,0.0,0.0
8668,0.16049382716049382,1.0,0.0,0.0,1.0,0.75,0.647141331954917,0.02631578947368421,0.006006006006006006,0.14285714285714285,0.08333333333333337,0.19953234606391135,0.7447698744769873,0.01949671276354567,0.22646502835538485,1.0,0.0,0.0,0.0,0.0,0.0,0.0,0.0,0.0,1.0,0.0,0.0,1.0,0.0,0.0,0.0,0.0,0.0,0.0,0.0,1.0,0.0,0.0,0.0,1.0
8669,0.4691358024691357,1.0,0.0,0.0,1.0,0.75,0.6649314096852046,0.0,1.0,0.14285714285714285,0.08333333333333337,0.19953234606391135,0.7447698744769873,0.01949671276354567,0.22646502835538485,1.0,0.0,0.0,0.0,0.0,0.0,0.0,0.0,0.0,1.0,0.0,0.0,1.0,0.0,0.0,0.0,0.0,1.0,0.0,0.0,0.0,0.0,0.0,0.0,0.0
8670,0.5061728395061729,1.0,0.0,0.0,1.0,0.75,0.5932840675469451,0.0,1.0,0.14285714285714285,0.08333333333333337,0.19953234606391135,0.7447698744769873,0.01949671276354567,0.22646502835538485,1.0,0.0,0.0,0.0,0.0,0.0,0.0,0.0,0.0,0.0,0.0,1.0,1.0,0.0,0.0,0.0,1.0,0.0,0.0,0.0,0.0,0.0,0.0,0.0,0.0
8671,0.8148148148148147,0.0,0.0,0.0,1.0,0.75,0.5940405662922726,0.0,0.004004004004004004,0.42857142857142855,0.08333333333333337,0.19953234606391135,0.7447698744769873,0.01949671276354567,0.22646502835538485,1.0,0.0,0.0,0.0,0.0,1.0,0.0,0.0,0.0,0.0,0.0,0.0,1.0,0.0,0.0,0.0,0.0,1.0,0.0,0.0,0.0,0.0,0.0,0.0,1.0
8672,0.5802469135802468,0.0,1.0,0.0,1.0,0.75,0.8820655083460175,0.05263157894736842,1.0,0.0,0.08333333333333337,0.19953234606391135,0.7447698744769873,0.01949671276354567,0.22646502835538485,0.0,0.0,0.0,0.0,0.0,0.0,0.0,0.0,0.0,0.0,0.0,0.0,1.0,0.0,0.0,0.0,0.0,0.0,0.0,0.0,1.0,0.0,0.0,1.0,0.0
8673,0.5308641975308641,0.0,0.0,0.0,1.0,0.75,0.7245261067197548,0.0,1.0,0.0,0.08333333333333337,0.19953234606391135,0.7447698744769873,0.01949671276354567,0.22646502835538485,1.0,0.0,0.0,0.0,0.0,1.0,0.0,0.0,0.0,0.0,0.0,0.0,1.0,0.0,0.0,0.0,0.0,1.0,0.0,0.0,0.0,0.0,0.0,1.0,0.0
8674,0.38271604938271603,0.0,1.0,0.0,1.0,0.75,0.6607297076989791,0.0,0.008008008008008008,0.14285714285714285,0.08333333333333337,0.19953234606391135,0.7447698744769873,0.01949671276354567,0.22646502835538485,1.0,0.0,0.0,0.0,0.0,0.0,0.0,0.0,0.0,0.0,0.0,0.0,1.0,0.0,0.0,0.0,0.0,1.0,0.0,0.0,0.0,0.0,1.0,0.0,1.0
8675,0.4074074074074074,1.0,0.0,1.0,1.0,1.0,0.771641319028872,0.02631578947368421,1.0,0.0,0.08333333333333337,0.19953234606391135,0.7447698744769873,0.01904330083881206,0.22646502835538485,1.0,0.0,0.0,0.0,0.0,0.0,0.0,0.0,0.0,0.0,0.0,0.0,0.0,1.0,0.0,0.0,0.0,1.0,0.0,0.0,0.0,0.0,0.0,1.0,0.0
8676,0.5308641975308641,0.0,0.0,0.0,1.0,1.0,0.7160186548839563,0.05263157894736842,0.006006006006006006,0.2857142857142857,0.08333333333333337,0.19953234606391135,0.7447698744769873,0.01904330083881206,0.22646502835538485,1.0,0.0,0.0,0.0,0.0,1.0,0.0,0.0,0.0,0.0,0.0,0.0,1.0,0.0,0.0,0.0,0.0,0.0,0.0,0.0,1.0,0.0,0.0,0.0,1.0
8677,0.07407407407407407,1.0,0.0,0.0,1.0,1.0,0.5707693054036078,0.02631578947368421,0.006006006006006006,0.2857142857142857,0.08333333333333337,0.19953234606391135,0.7447698744769873,0.01904330083881206,0.22646502835538485,0.0,0.0,0.0,0.0,0.0,0.0,0.0,0.0,1.0,0.0,0.0,0.0,0.0,1.0,0.0,0.0,0.0,0.0,0.0,0.0,1.0,0.0,0.0,0.0,1.0
8678,0.35802469135802467,0.5,0.5,0.0,1.0,1.0,0.7701320804432977,0.23684210526315788,1.0,0.0,0.08333333333333337,0.19953234606391135,0.7447698744769873,0.01904330083881206,0.22646502835538485,1.0,0.0,0.0,0.0,0.0,0.0,0.0,0.0,0.0,0.0,0.0,0.0,1.0,0.0,0.0,0.0,0.0,0.0,0.0,0.0,1.0,0.0,0.0,1.0,0.0
8679,0.4074074074074074,1.0,0.0,0.0,1.0,0.0,0.6397092724183482,0.0,1.0,0.14285714285714285,0.08333333333333337,0.19953234606391135,0.7447698744769873,0.018816594876445242,0.22646502835538485,1.0,0.0,0.0,0.0,0.0,0.0,0.0,0.0,0.0,1.0,0.0,0.0,1.0,0.0,0.0,0.0,0.0,1.0,0.0,0.0,0.0,0.0,0.0,0.0,0.0
8680,0.2345679012345679,0.5,0.5,0.0,1.0,0.0,0.726499069520548,0.0,1.0,0.14285714285714285,0.08333333333333337,0.19953234606391135,0.7447698744769873,0.018816594876445242,0.22646502835538485,1.0,0.0,0.0,0.0,0.0,0.0,0.0,0.0,0.0,0.0,0.0,0.0,0.0,1.0,0.0,0.0,0.0,1.0,0.0,0.0,0.0,0.0,0.0,0.0,0.0
8681,0.4567901234567901,0.0,0.0,0.0,1.0,0.0,0.6874062210217441,0.0,1.0,0.0,0.08333333333333337,0.19953234606391135,0.7447698744769873,0.018816594876445242,0.22646502835538485,1.0,1.0,0.0,0.0,0.0,0.0,0.0,0.0,0.0,0.0,0.0,0.0,1.0,0.0,0.0,0.0,0.0,1.0,0.0,0.0,0.0,0.0,0.0,1.0,0.0
8682,0.3209876543209876,0.0,1.0,0.0,1.0,0.0,0.7094205620899076,0.02631578947368421,0.008008008008008008,0.2857142857142857,0.08333333333333337,0.19953234606391135,0.7447698744769873,0.018816594876445242,0.22646502835538485,1.0,0.0,0.0,0.0,0.0,0.0,0.0,0.0,0.0,0.0,0.0,0.0,1.0,0.0,0.0,0.0,0.0,1.0,0.0,0.0,0.0,0.0,0.0,0.0,0.0
8683,0.39506172839506176,1.0,0.0,0.0,1.0,0.0,0.749324254321852,0.02631578947368421,0.006006006006006006,0.14285714285714285,0.08333333333333337,0.19953234606391135,0.7447698744769873,0.018816594876445242,0.22646502835538485,1.0,0.0,0.0,1.0,0.0,0.0,0.0,0.0,0.0,0.0,0.0,0.0,0.0,1.0,0.0,0.0,0.0,0.0,0.0,0.0,1.0,0.0,0.0,0.0,1.0
8684,0.4074074074074074,0.0,0.0,0.0,1.0,0.0,0.7565505932129979,0.05263157894736842,1.0,0.0,0.08333333333333337,0.19953234606391135,0.7447698744769873,0.018816594876445242,0.22646502835538485,1.0,0.0,0.0,0.0,0.0,0.0,0.0,0.0,0.0,1.0,0.0,0.0,1.0,0.0,0.0,0.0,0.0,1.0,0.0,0.0,0.0,0.0,0.0,1.0,0.0
8685,0.25925925925925924,1.0,0.0,0.0,1.0,0.0,0.6821771312868369,0.02631578947368421,1.0,0.0,0.08333333333333337,0.19953234606391135,0.7447698744769873,0.018816594876445242,0.22646502835538485,1.0,0.0,0.0,0.0,0.0,0.0,0.0,0.0,0.0,1.0,0.0,0.0,0.0,1.0,0.0,0.0,0.0,0.0,0.0,0.0,1.0,0.0,0.0,1.0,0.0
8686,0.4567901234567901,0.0,0.0,0.0,1.0,0.5,0.6665709505038611,0.15789473684210525,0.006006006006006006,0.2857142857142857,0.08333333333333337,0.19953234606391135,0.7447698744769873,0.018363182951711632,0.22646502835538485,1.0,0.0,0.0,0.0,0.0,0.0,0.0,0.0,0.0,0.0,0.0,0.0,0.0,0.0,0.0,0.0,0.0,0.0,0.0,0.0,1.0,0.0,0.0,0.0,1.0
8687,0.30864197530864196,0.0,0.0,0.0,1.0,0.5,0.6108742554254224,0.0,0.006006006006006006,0.14285714285714285,0.08333333333333337,0.19953234606391135,0.7447698744769873,0.018363182951711632,0.22646502835538485,1.0,0.0,0.0,0.0,0.0,0.0,0.0,1.0,0.0,0.0,0.0,0.0,1.0,0.0,0.0,0.0,0.0,0.0,0.0,0.0,1.0,0.0,0.0,0.0,1.0
8688,0.16049382716049382,0.0,0.0,0.0,1.0,0.5,0.6870647544554597,0.0,0.004004004004004004,0.2857142857142857,0.08333333333333337,0.19953234606391135,0.7447698744769873,0.018363182951711632,0.22646502835538485,1.0,0.0,0.0,0.0,0.0,0.0,0.0,0.0,1.0,0.0,0.0,0.0,0.0,1.0,0.0,0.0,0.0,0.0,0.0,0.0,0.0,1.0,0.0,0.0,1.0
8689,0.1728395061728395,0.0,0.0,0.0,1.0,0.5,0.7941668304891158,0.0,1.0,0.0,0.08333333333333337,0.19953234606391135,0.7447698744769873,0.018363182951711632,0.22646502835538485,1.0,0.0,0.0,0.0,0.0,0.0,1.0,0.0,0.0,0.0,0.0,0.0,0.0,1.0,0.0,0.0,0.0,0.0,0.0,0.0,1.0,0.0,0.0,1.0,0.0
8690,0.18518518518518517,1.0,1.0,0.0,1.0,0.5,0.7262542512230573,0.02631578947368421,1.0,0.0,0.08333333333333337,0.19953234606391135,0.7447698744769873,0.018363182951711632,0.22646502835538485,1.0,0.0,0.0,0.0,0.0,0.0,0.0,0.0,0.0,0.0,0.0,0.0,1.0,0.0,0.0,0.0,0.0,1.0,0.0,0.0,0.0,0.0,0.0,1.0,0.0
8691,0.8518518518518516,0.0,0.0,1.0,1.0,0.5,0.6870647544554597,0.02631578947368421,1.0,0.0,0.08333333333333337,0.19953234606391135,0.7447698744769873,0.018363182951711632,0.22646502835538485,1.0,0.0,0.0,0.0,0.0,1.0,0.0,0.0,0.0,0.0,0.0,0.0,1.0,0.0,0.0,0.0,0.0,0.0,0.0,1.0,0.0,0.0,0.0,1.0,0.0
8692,0.29629629629629634,0.5,0.5,1.0,1.0,0.5,0.7517169161175707,0.0,1.0,0.0,0.08333333333333337,0.19953234606391135,0.7447698744769873,0.018363182951711632,0.22646502835538485,1.0,0.0,0.0,0.0,0.0,0.0,1.0,0.0,0.0,0.0,0.0,0.0,1.0,0.0,0.0,0.0,0.0,0.0,0.0,0.0,1.0,0.0,0.0,1.0,0.0
8693,0.1111111111111111,1.0,0.0,1.0,1.0,0.5,0.7036245548746948,0.0,1.0,0.0,0.08333333333333337,0.19953234606391135,0.7447698744769873,0.018363182951711632,0.22646502835538485,1.0,0.0,0.0,0.0,0.0,0.0,0.0,0.0,0.0,0.0,0.0,0.0,0.0,1.0,0.0,0.0,0.0,0.0,0.0,0.0,1.0,0.0,0.0,1.0,0.0
8694,0.5925925925925926,0.0,0.0,0.0,1.0,0.5,0.7204780462382567,0.02631578947368421,0.009009009009009009,0.14285714285714285,0.08333333333333337,0.19953234606391135,0.7447698744769873,0.018363182951711632,0.22646502835538485,1.0,0.0,0.0,0.0,1.0,0.0,0.0,0.0,0.0,0.0,0.0,0.0,1.0,0.0,0.0,0.0,0.0,0.0,0.0,0.0,0.0,1.0,0.0,0.0,1.0
8695,0.654320987654321,0.0,0.0,1.0,1.0,0.5,0.635013676339261,0.02631578947368421,1.0,0.0,0.08333333333333337,0.19953234606391135,0.7447698744769873,0.018363182951711632,0.22646502835538485,0.0,0.0,0.0,0.0,0.0,1.0,0.0,0.0,0.0,0.0,0.0,0.0,0.0,0.0,0.0,0.0,1.0,0.0,0.0,0.0,0.0,0.0,0.0,1.0,0.0
8696,0.5925925925925926,1.0,0.0,1.0,1.0,0.5,0.6278820898893921,0.05263157894736842,1.0,0.14285714285714285,0.08333333333333337,0.19953234606391135,0.7447698744769873,0.018363182951711632,0.22646502835538485,1.0,0.0,0.0,0.0,1.0,0.0,0.0,0.0,0.0,0.0,0.0,0.0,1.0,0.0,0.0,0.0,0.0,0.0,0.0,0.0,0.0,1.0,0.0,0.0,0.0
8697,0.24691358024691357,0.0,0.0,0.0,1.0,0.5,0.5894268318375645,0.05263157894736842,1.0,0.0,0.08333333333333337,0.19953234606391135,0.7447698744769873,0.018363182951711632,0.22646502835538485,1.0,0.0,0.0,0.0,1.0,0.0,0.0,0.0,0.0,0.0,0.0,0.0,1.0,0.0,0.0,0.0,0.0,0.0,0.0,0.0,0.0,1.0,0.0,1.0,0.0
8698,0.5802469135802468,1.0,1.0,0.0,1.0,0.75,0.6846463255291116,0.10526315789473684,1.0,0.0,0.08333333333333337,0.19953234606391135,0.7447698744769873,0.018136476989344813,0.22646502835538485,1.0,0.0,0.0,1.0,0.0,0.0,0.0,0.0,0.0,0.0,0.0,0.0,1.0,0.0,0.0,0.0,0.0,0.0,0.0,0.0,0.0,0.0,0.0,1.0,0.0
8699,0.48148148148148145,0.0,0.0,0.0,1.0,0.75,0.7133142794709978,0.0,1.0,0.0,0.08333333333333337,0.19953234606391135,0.7447698744769873,0.018136476989344813,0.22646502835538485,1.0,0.0,0.0,0.0,0.0,1.0,0.0,0.0,0.0,0.0,0.0,0.0,1.0,0.0,0.0,0.0,0.0,0.0,0.0,0.0,0.0,0.0,0.0,1.0,0.0
8700,0.4691358024691357,1.0,0.0,0.0,1.0,0.75,0.7861981639197403,0.0,0.009009009009009009,0.2857142857142857,0.08333333333333337,0.19953234606391135,0.7447698744769873,0.018136476989344813,0.22646502835538485,1.0,0.0,0.0,0.0,0.0,0.0,0.0,0.0,0.0,0.0,0.0,0.0,1.0,0.0,0.0,0.0,0.0,0.0,0.0,1.0,0.0,0.0,0.0,0.0,1.0
8701,0.14814814814814814,0.0,0.0,1.0,1.0,0.75,0.787224271418222,0.0,1.0,0.0,0.08333333333333337,0.19953234606391135,0.7447698744769873,0.018136476989344813,0.22646502835538485,1.0,0.0,0.0,0.0,0.0,0.0,0.0,0.0,0.0,0.0,1.0,0.0,1.0,0.0,0.0,0.0,0.0,0.0,0.0,0.0,0.0,0.0,0.0,1.0,0.0
8702,0.5802469135802468,0.0,0.0,0.0,1.0,0.75,0.7113835302756325,0.0,0.006006006006006006,0.2857142857142857,0.08333333333333337,0.19953234606391135,0.7447698744769873,0.018136476989344813,0.22646502835538485,1.0,0.0,0.0,1.0,0.0,0.0,0.0,0.0,0.0,0.0,0.0,0.0,1.0,0.0,0.0,0.0,0.0,0.0,0.0,0.0,0.0,0.0,0.0,0.0,1.0
8703,0.5802469135802468,0.0,0.0,0.0,1.0,0.75,0.6412337233355714,0.0,1.0,0.0,0.08333333333333337,0.19953234606391135,0.7447698744769873,0.018136476989344813,0.22646502835538485,1.0,0.0,0.0,1.0,0.0,0.0,0.0,0.0,0.0,0.0,0.0,0.0,1.0,0.0,0.0,0.0,0.0,0.0,0.0,0.0,0.0,0.0,0.0,1.0,0.0
8704,0.48148148148148145,0.0,0.0,0.0,1.0,0.75,0.7491226516170062,0.07894736842105263,1.0,0.0,0.08333333333333337,0.19953234606391135,0.7447698744769873,0.018136476989344813,0.22646502835538485,1.0,0.0,0.0,0.0,0.0,1.0,0.0,0.0,0.0,0.0,0.0,0.0,1.0,0.0,0.0,0.0,0.0,0.0,0.0,0.0,0.0,0.0,0.0,1.0,0.0
8705,0.5555555555555556,1.0,0.0,0.0,1.0,1.0,0.5829794567444476,0.02631578947368421,1.0,0.0,0.08333333333333337,0.19953234606391135,0.7447698744769873,0.018136476989344813,0.22646502835538485,1.0,0.0,0.0,1.0,0.0,0.0,0.0,0.0,0.0,0.0,0.0,0.0,1.0,0.0,0.0,0.0,0.0,0.0,0.0,1.0,0.0,0.0,0.0,1.0,0.0
8706,0.7901234567901234,1.0,0.0,0.0,1.0,1.0,0.6020559671887218,0.05263157894736842,1.0,0.0,0.08333333333333337,0.19953234606391135,0.7447698744769873,0.018136476989344813,0.22646502835538485,1.0,0.0,0.0,0.0,0.0,1.0,0.0,0.0,0.0,0.0,0.0,0.0,0.0,0.0,0.0,0.0,0.0,0.0,0.0,0.0,0.0,0.0,0.0,1.0,0.0
8707,0.5432098765432098,0.0,0.0,0.0,1.0,0.0,0.6559276062712989,0.0,1.0,0.14285714285714285,0.08333333333333337,0.19953234606391135,0.7447698744769873,0.018363182951711632,0.22646502835538485,0.0,0.0,0.0,0.0,0.0,0.0,0.0,0.0,0.0,0.0,0.0,0.0,1.0,0.0,0.0,0.0,0.0,0.0,0.0,0.0,1.0,0.0,0.0,0.0,0.0
8708,0.5679012345679011,1.0,0.0,0.0,1.0,0.0,0.7336162689894798,0.02631578947368421,1.0,0.14285714285714285,0.08333333333333337,0.19953234606391135,0.7447698744769873,0.018363182951711632,0.22646502835538485,1.0,0.0,0.0,0.0,0.0,0.0,0.0,0.0,0.0,1.0,0.0,0.0,1.0,0.0,0.0,0.0,0.0,0.0,0.0,0.0,0.0,1.0,0.0,0.0,0.0
8709,0.8395061728395061,1.0,0.0,0.0,1.0,0.0,0.6792902342709533,0.05263157894736842,0.006006006006006006,0.14285714285714285,0.08333333333333337,0.19953234606391135,0.7447698744769873,0.018363182951711632,0.22646502835538485,1.0,0.0,0.0,0.0,0.0,1.0,0.0,0.0,0.0,0.0,0.0,0.0,0.0,0.0,0.0,0.0,0.0,0.0,0.0,0.0,0.0,0.0,1.0,0.0,1.0
8710,0.8271604938271604,0.0,0.0,0.0,1.0,0.25,0.6897691298684182,0.0,1.0,0.0,0.08333333333333337,0.19953234606391135,0.7447698744769873,0.018363182951711632,0.22646502835538485,1.0,0.0,0.0,0.0,0.0,1.0,0.0,0.0,0.0,0.0,0.0,0.0,1.0,0.0,0.0,0.0,0.0,1.0,0.0,0.0,0.0,0.0,0.0,1.0,0.0
8711,0.5185185185185184,0.0,0.0,1.0,1.0,0.25,0.7255167243589877,0.0,1.0,0.14285714285714285,0.08333333333333337,0.19953234606391135,0.7447698744769873,0.018363182951711632,0.22646502835538485,1.0,0.0,0.0,0.0,0.0,1.0,0.0,0.0,0.0,0.0,0.0,0.0,1.0,0.0,0.0,0.0,0.0,0.0,0.0,1.0,0.0,0.0,0.0,0.0,0.0
8712,0.35802469135802467,1.0,1.0,0.0,1.0,0.25,0.6803811399204682,0.02631578947368421,1.0,0.0,0.08333333333333337,0.19953234606391135,0.7447698744769873,0.018363182951711632,0.22646502835538485,1.0,0.0,0.0,0.0,0.0,0.0,0.0,0.0,0.0,0.0,0.0,0.0,0.0,1.0,0.0,0.0,0.0,0.0,0.0,0.0,1.0,0.0,0.0,1.0,0.0
8713,0.48148148148148145,1.0,0.0,0.0,1.0,0.25,0.6632686943784747,0.05263157894736842,0.006006006006006006,0.14285714285714285,0.08333333333333337,0.19953234606391135,0.7447698744769873,0.018363182951711632,0.22646502835538485,1.0,1.0,0.0,0.0,0.0,0.0,0.0,0.0,0.0,0.0,0.0,0.0,1.0,0.0,0.0,0.0,0.0,0.0,0.0,0.0,0.0,0.0,1.0,0.0,1.0
8714,0.4691358024691357,1.0,0.0,0.0,1.0,0.5,0.6767047422935657,0.0,0.006006006006006006,0.14285714285714285,0.08333333333333337,0.19953234606391135,0.7447698744769873,0.018363182951711632,0.22646502835538485,1.0,0.0,0.0,0.0,0.0,0.0,0.0,1.0,0.0,0.0,0.0,0.0,1.0,0.0,0.0,0.0,1.0,0.0,0.0,0.0,0.0,0.0,0.0,0.0,1.0
8715,0.5802469135802468,1.0,0.0,0.0,1.0,0.5,0.6907674539605011,0.0,1.0,0.0,0.08333333333333337,0.19953234606391135,0.7447698744769873,0.018363182951711632,0.22646502835538485,1.0,0.0,0.0,0.0,0.0,1.0,0.0,0.0,0.0,0.0,0.0,0.0,1.0,0.0,0.0,0.0,0.0,1.0,0.0,0.0,0.0,0.0,0.0,1.0,0.0
8716,0.654320987654321,0.0,0.0,0.0,1.0,0.5,0.7416247772956214,0.02631578947368421,1.0,0.0,0.08333333333333337,0.19953234606391135,0.7447698744769873,0.018363182951711632,0.22646502835538485,1.0,0.0,0.0,0.0,0.0,1.0,0.0,0.0,0.0,0.0,0.0,0.0,1.0,0.0,0.0,0.0,0.0,0.0,0.0,0.0,0.0,0.0,0.0,1.0,0.0
8717,0.6296296296296295,1.0,0.0,0.0,1.0,0.75,0.5393533347388635,0.0,1.0,0.2857142857142857,0.08333333333333337,0.19953234606391135,0.7447698744769873,0.017683065064611203,0.22646502835538485,0.0,0.0,0.0,0.0,1.0,0.0,0.0,0.0,0.0,0.0,0.0,0.0,1.0,0.0,0.0,0.0,1.0,0.0,0.0,0.0,0.0,0.0,0.0,0.0,0.0
8718,0.6296296296296295,0.0,0.0,0.0,1.0,0.75,0.5829794567444476,0.07894736842105263,1.0,0.0,0.08333333333333337,0.19953234606391135,0.7447698744769873,0.017683065064611203,0.22646502835538485,0.0,0.0,0.0,0.0,0.0,0.0,0.0,0.0,0.0,1.0,0.0,0.0,1.0,0.0,0.0,0.0,0.0,0.0,0.0,0.0,0.0,1.0,0.0,1.0,0.0
8719,0.012345679012345678,0.0,0.0,0.0,1.0,0.75,0.7085691580151198,0.02631578947368421,1.0,0.0,0.08333333333333337,0.19953234606391135,0.7447698744769873,0.017683065064611203,0.22646502835538485,1.0,0.0,0.0,0.0,0.0,0.0,0.0,0.0,1.0,0.0,0.0,0.0,0.0,1.0,0.0,0.0,1.0,0.0,0.0,0.0,0.0,0.0,0.0,1.0,0.0
8720,0.728395061728395,1.0,1.0,0.0,1.0,0.75,0.6825330624191547,0.02631578947368421,0.004004004004004004,0.2857142857142857,0.08333333333333337,0.19953234606391135,0.7447698744769873,0.017683065064611203,0.22646502835538485,1.0,0.0,0.0,0.0,0.0,1.0,0.0,0.0,0.0,0.0,0.0,0.0,1.0,0.0,0.0,0.0,0.0,0.0,0.0,0.0,1.0,0.0,0.0,0.0,1.0
8721,0.08641975308641975,1.0,0.0,0.0,1.0,0.75,0.7750893511326109,0.05263157894736842,1.0,0.0,0.08333333333333337,0.19953234606391135,0.7447698744769873,0.017683065064611203,0.22646502835538485,1.0,0.0,0.0,0.0,0.0,0.0,0.0,0.0,1.0,0.0,0.0,0.0,0.0,1.0,0.0,0.0,0.0,1.0,0.0,0.0,0.0,0.0,0.0,1.0,0.0
8722,0.728395061728395,0.0,1.0,0.0,1.0,0.75,0.6803811399204682,0.05263157894736842,0.004004004004004004,0.2857142857142857,0.08333333333333337,0.19953234606391135,0.7447698744769873,0.017683065064611203,0.22646502835538485,1.0,0.0,0.0,0.0,0.0,1.0,0.0,0.0,0.0,0.0,0.0,0.0,1.0,0.0,0.0,0.0,0.0,0.0,0.0,0.0,1.0,0.0,0.0,0.0,1.0
8723,0.25925925925925924,1.0,0.0,0.0,1.0,1.0,0.6048403610725471,0.07894736842105263,0.006006006006006006,0.14285714285714285,0.08333333333333337,0.19953234606391135,0.7447698744769873,0.017229653139877565,0.22646502835538485,1.0,0.0,0.0,0.0,0.0,0.0,0.0,0.0,0.0,0.0,1.0,0.0,0.0,1.0,0.0,0.0,0.0,1.0,0.0,0.0,0.0,0.0,0.0,0.0,1.0
8724,0.04938271604938271,1.0,0.0,0.0,1.0,1.0,0.698772933282324,0.05263157894736842,0.006006006006006006,0.14285714285714285,0.08333333333333337,0.19953234606391135,0.7447698744769873,0.017229653139877565,0.22646502835538485,1.0,0.0,0.0,0.0,0.0,0.0,0.0,0.0,1.0,0.0,0.0,0.0,0.0,1.0,0.0,0.0,0.0,0.0,0.0,0.0,1.0,0.0,0.0,0.0,1.0
8725,0.43209876543209874,0.0,0.0,0.0,1.0,1.0,0.7068476372990588,0.0,1.0,0.14285714285714285,0.08333333333333337,0.19953234606391135,0.7447698744769873,0.017229653139877565,0.22646502835538485,1.0,0.0,0.0,0.0,0.0,0.0,0.0,0.0,0.0,1.0,0.0,0.0,1.0,0.0,0.0,0.0,0.0,1.0,0.0,0.0,0.0,0.0,0.0,0.0,0.0
8726,0.4691358024691357,0.0,0.0,0.0,1.0,1.0,0.7094205620899076,0.15789473684210525,1.0,0.0,0.08333333333333337,0.19953234606391135,0.7447698744769873,0.017229653139877565,0.22646502835538485,1.0,0.0,1.0,0.0,0.0,0.0,0.0,0.0,0.0,0.0,0.0,0.0,0.0,0.0,0.0,0.0,1.0,0.0,0.0,0.0,0.0,0.0,0.0,1.0,0.0
8727,0.3209876543209876,1.0,0.0,1.0,1.0,0.0,0.8977816398748186,0.02631578947368421,0.008008008008008008,0.14285714285714285,0.08333333333333337,0.19953234606391135,0.7447698744769873,0.017002947177510774,0.22646502835538485,1.0,0.0,0.0,0.0,1.0,0.0,0.0,0.0,0.0,0.0,0.0,0.0,1.0,0.0,0.0,0.0,0.0,0.0,0.0,0.0,0.0,1.0,0.0,0.0,1.0
8728,0.14814814814814814,0.0,0.0,0.0,1.0,0.0,0.5125020940917573,0.05263157894736842,1.0,0.14285714285714285,0.08333333333333337,0.19953234606391135,0.7447698744769873,0.017002947177510774,0.22646502835538485,0.0,0.0,0.0,0.0,0.0,0.0,0.0,0.0,0.0,0.0,0.0,0.0,1.0,0.0,0.0,0.0,0.0,0.0,0.0,0.0,1.0,0.0,0.0,0.0,0.0
8729,0.14814814814814814,1.0,0.0,0.0,1.0,0.0,0.6563723521677338,0.02631578947368421,1.0,0.0,0.08333333333333337,0.19953234606391135,0.7447698744769873,0.017002947177510774,0.22646502835538485,1.0,0.0,0.0,0.0,0.0,0.0,0.0,0.0,0.0,1.0,0.0,0.0,0.0,1.0,0.0,0.0,0.0,0.0,0.0,0.0,1.0,0.0,0.0,1.0,0.0
8730,0.1728395061728395,0.0,1.0,0.0,1.0,0.0,0.6949982196033254,0.02631578947368421,1.0,0.14285714285714285,0.08333333333333337,0.19953234606391135,0.7447698744769873,0.017002947177510774,0.22646502835538485,1.0,0.0,0.0,0.0,0.0,0.0,0.0,0.0,0.0,0.0,0.0,0.0,1.0,0.0,0.0,0.0,0.0,0.0,0.0,1.0,0.0,0.0,0.0,0.0,0.0
8731,0.419753086419753,0.0,1.0,0.0,1.0,0.0,0.6576965892230189,0.02631578947368421,1.0,0.0,0.08333333333333337,0.19953234606391135,0.7447698744769873,0.017002947177510774,0.22646502835538485,1.0,0.0,0.0,0.0,0.0,0.0,0.0,0.0,0.0,1.0,0.0,0.0,1.0,0.0,0.0,0.0,0.0,0.0,0.0,1.0,0.0,0.0,0.0,1.0,0.0
8732,0.07407407407407407,1.0,0.0,0.0,1.0,0.25,0.6792902342709533,0.02631578947368421,1.0,0.0,0.08333333333333337,0.19953234606391135,0.7447698744769873,0.016776241215143955,0.22646502835538485,1.0,0.0,0.0,0.0,0.0,0.0,0.0,0.0,1.0,0.0,0.0,0.0,0.0,1.0,0.0,0.0,1.0,0.0,0.0,0.0,0.0,0.0,0.0,1.0,0.0
8733,0.12345679012345678,1.0,0.0,0.0,1.0,0.25,0.703921238889424,0.0,1.0,0.0,0.08333333333333337,0.19953234606391135,0.7447698744769873,0.016776241215143955,0.22646502835538485,0.0,0.0,0.0,0.0,0.0,0.0,0.0,0.0,1.0,0.0,0.0,0.0,0.0,1.0,0.0,0.0,0.0,1.0,0.0,0.0,0.0,0.0,0.0,1.0,0.0
8734,0.07407407407407407,1.0,0.0,0.0,1.0,0.25,0.6527663947522088,0.02631578947368421,1.0,0.0,0.08333333333333337,0.19953234606391135,0.7447698744769873,0.016776241215143955,0.22646502835538485,1.0,0.0,0.0,0.0,0.0,0.0,0.0,0.0,1.0,0.0,0.0,0.0,0.0,1.0,0.0,0.0,1.0,0.0,0.0,0.0,0.0,0.0,0.0,1.0,0.0
8735,0.4074074074074074,1.0,0.0,0.0,1.0,0.25,0.7079981124787547,0.05263157894736842,1.0,0.0,0.08333333333333337,0.19953234606391135,0.7447698744769873,0.016776241215143955,0.22646502835538485,1.0,0.0,0.0,0.0,0.0,0.0,0.0,0.0,0.0,0.0,0.0,0.0,1.0,0.0,0.0,0.0,0.0,0.0,0.0,0.0,1.0,0.0,0.0,1.0,0.0
8736,0.12345679012345678,1.0,0.0,0.0,1.0,0.25,0.6732947890602686,0.05263157894736842,0.01001001001001001,0.14285714285714285,0.08333333333333337,0.19953234606391135,0.7447698744769873,0.016776241215143955,0.22646502835538485,1.0,0.0,0.0,0.0,0.0,0.0,0.0,0.0,0.0,1.0,0.0,0.0,0.0,1.0,0.0,0.0,0.0,0.0,0.0,0.0,1.0,0.0,0.0,0.0,1.0
8737,0.07407407407407407,1.0,0.0,0.0,1.0,0.25,0.5962813035550764,0.02631578947368421,1.0,0.0,0.08333333333333337,0.19953234606391135,0.7447698744769873,0.016776241215143955,0.22646502835538485,0.0,0.0,0.0,0.0,0.0,0.0,0.0,0.0,1.0,0.0,0.0,0.0,0.0,1.0,0.0,0.0,1.0,0.0,0.0,0.0,0.0,0.0,0.0,1.0,0.0
8738,0.5555555555555556,1.0,0.0,0.0,1.0,0.5,0.664102989715846,0.0,0.006006006006006006,0.14285714285714285,0.08333333333333337,0.19953234606391135,0.7447698744769873,0.016322829290410346,0.22646502835538485,1.0,0.0,0.0,0.0,0.0,1.0,0.0,0.0,0.0,0.0,0.0,0.0,1.0,0.0,0.0,0.0,0.0,0.0,0.0,0.0,1.0,0.0,0.0,0.0,1.0
8739,0.4938271604938272,1.0,0.0,0.0,1.0,0.5,0.7024302791398942,0.02631578947368421,1.0,0.0,0.08333333333333337,0.19953234606391135,0.7447698744769873,0.016322829290410346,0.22646502835538485,1.0,0.0,0.0,0.0,0.0,0.0,0.0,0.0,0.0,0.0,0.0,0.0,1.0,0.0,0.0,0.0,0.0,0.0,0.0,0.0,0.0,1.0,0.0,1.0,0.0
8740,0.29629629629629634,1.0,0.0,0.0,1.0,0.75,0.7113835302756325,0.02631578947368421,1.0,0.0,0.08333333333333337,0.19953234606391135,0.7447698744769873,0.016549535252777137,0.22646502835538485,1.0,0.0,0.0,0.0,0.0,0.0,0.0,0.0,0.0,0.0,0.0,0.0,1.0,0.0,0.0,0.0,0.0,0.0,0.0,0.0,1.0,0.0,0.0,1.0,0.0
8741,0.29629629629629634,0.0,0.0,0.0,1.0,0.75,0.6312273906618776,0.0,1.0,0.0,0.08333333333333337,0.19953234606391135,0.7447698744769873,0.016549535252777137,0.22646502835538485,1.0,0.0,0.0,0.0,0.0,0.0,0.0,0.0,0.0,0.0,0.0,0.0,1.0,0.0,0.0,0.0,0.0,0.0,0.0,0.0,1.0,0.0,0.0,1.0,0.0
8742,0.29629629629629634,1.0,0.0,0.0,1.0,0.75,0.731291387992633,0.0,1.0,0.0,0.08333333333333337,0.19953234606391135,0.7447698744769873,0.016549535252777137,0.22646502835538485,1.0,0.0,0.0,0.0,0.0,0.0,0.0,0.0,0.0,0.0,0.0,0.0,1.0,0.0,0.0,0.0,0.0,0.0,0.0,0.0,1.0,0.0,0.0,1.0,0.0
8743,0.2222222222222222,1.0,0.0,0.0,1.0,0.75,0.5485843549516803,0.0,0.004004004004004004,0.42857142857142855,0.08333333333333337,0.19953234606391135,0.7447698744769873,0.016549535252777137,0.22646502835538485,0.0,1.0,0.0,0.0,0.0,0.0,0.0,0.0,0.0,0.0,0.0,0.0,1.0,0.0,0.0,0.0,1.0,0.0,0.0,0.0,0.0,0.0,0.0,0.0,1.0
8744,0.34567901234567905,0.0,0.0,0.0,1.0,0.75,0.5902084636135368,0.02631578947368421,0.006006006006006006,0.14285714285714285,0.08333333333333337,0.19953234606391135,0.7447698744769873,0.016549535252777137,0.22646502835538485,1.0,0.0,0.0,0.0,0.0,0.0,0.0,0.0,0.0,0.0,0.0,0.0,1.0,0.0,0.0,0.0,0.0,0.0,0.0,0.0,1.0,0.0,0.0,0.0,1.0
8745,0.2222222222222222,1.0,1.0,0.0,1.0,0.75,0.48737827287699675,0.05263157894736842,1.0,0.14285714285714285,0.08333333333333337,0.19953234606391135,0.7447698744769873,0.016549535252777137,0.22646502835538485,0.0,0.0,0.0,0.0,0.0,0.0,0.0,0.0,0.0,0.0,1.0,0.0,1.0,0.0,0.0,0.0,0.0,0.0,0.0,1.0,0.0,0.0,0.0,0.0,0.0
8746,0.35802469135802467,1.0,0.0,1.0,1.0,0.0,0.7672273612700455,0.0,1.0,0.0,0.08333333333333337,0.19953234606391135,0.7447698744769873,0.016322829290410346,0.22646502835538485,1.0,0.0,0.0,0.0,0.0,0.0,0.0,0.0,0.0,1.0,0.0,0.0,1.0,0.0,0.0,0.0,0.0,0.0,0.0,1.0,0.0,0.0,0.0,1.0,0.0
8747,0.06172839506172839,1.0,0.0,0.0,1.0,0.0,0.8282145507200736,0.0,1.0,0.0,0.08333333333333337,0.19953234606391135,0.7447698744769873,0.016322829290410346,0.22646502835538485,1.0,0.0,0.0,0.0,0.0,0.0,0.0,0.0,0.0,1.0,0.0,0.0,0.0,1.0,0.0,0.0,0.0,0.0,0.0,1.0,0.0,0.0,0.0,1.0,0.0
8748,0.24691358024691357,0.0,1.0,0.0,1.0,0.0,0.6273151724090865,0.02631578947368421,0.006006006006006006,0.14285714285714285,0.08333333333333337,0.19953234606391135,0.7447698744769873,0.016322829290410346,0.22646502835538485,1.0,0.0,0.0,0.0,0.0,0.0,0.0,0.0,0.0,0.0,0.0,0.0,1.0,0.0,0.0,0.0,0.0,0.0,0.0,0.0,1.0,0.0,0.0,0.0,1.0
8749,0.2222222222222222,1.0,0.0,0.0,1.0,0.0,0.6770775956944137,0.0,0.006006006006006006,0.14285714285714285,0.08333333333333337,0.19953234606391135,0.7447698744769873,0.016322829290410346,0.22646502835538485,1.0,0.0,0.0,0.0,0.0,0.0,0.0,0.0,0.0,0.0,1.0,0.0,1.0,0.0,0.0,0.0,0.0,0.0,0.0,1.0,0.0,0.0,0.0,0.0,1.0
8750,0.2716049382716049,1.0,0.0,0.0,1.0,0.0,0.7012237542095305,0.0,0.006006006006006006,0.2857142857142857,0.08333333333333337,0.19953234606391135,0.7447698744769873,0.016322829290410346,0.22646502835538485,1.0,0.0,0.0,0.0,0.0,0.0,0.0,0.0,0.0,0.0,1.0,0.0,0.0,1.0,0.0,0.0,0.0,0.0,0.0,0.0,1.0,0.0,0.0,0.0,1.0
8751,0.4444444444444445,1.0,1.0,1.0,1.0,0.0,0.7899651285028904,0.0,0.006006006006006006,0.2857142857142857,0.08333333333333337,0.19953234606391135,0.7447698744769873,0.016322829290410346,0.22646502835538485,1.0,0.0,0.0,0.0,0.0,0.0,0.0,0.0,0.0,0.0,0.0,0.0,1.0,0.0,0.0,0.0,0.0,0.0,0.0,0.0,1.0,0.0,0.0,0.0,1.0
8752,0.18518518518518517,1.0,0.0,0.0,1.0,0.0,0.6267455095549759,0.07894736842105263,1.0,0.14285714285714285,0.08333333333333337,0.19953234606391135,0.7447698744769873,0.016322829290410346,0.22646502835538485,1.0,0.0,0.0,0.0,0.0,0.0,1.0,0.0,0.0,0.0,0.0,0.0,0.0,1.0,0.0,0.0,0.0,0.0,0.0,0.0,1.0,0.0,0.0,0.0,0.0
8753,0.2222222222222222,0.0,0.0,0.0,1.0,0.0,0.7247745442978097,0.02631578947368421,1.0,0.14285714285714285,0.08333333333333337,0.19953234606391135,0.7447698744769873,0.016322829290410346,0.22646502835538485,1.0,0.0,0.0,0.0,1.0,0.0,0.0,0.0,0.0,0.0,0.0,0.0,0.0,0.0,0.0,0.0,0.0,0.0,0.0,0.0,1.0,0.0,0.0,0.0,0.0
8754,0.2839506172839506,0.0,1.0,0.0,1.0,0.0,0.7994138647209665,0.0,1.0,0.0,0.08333333333333337,0.19953234606391135,0.7447698744769873,0.016322829290410346,0.22646502835538485,1.0,0.0,0.0,0.0,0.0,0.0,1.0,0.0,0.0,0.0,0.0,0.0,1.0,0.0,0.0,0.0,0.0,0.0,0.0,0.0,1.0,0.0,0.0,1.0,0.0
8755,0.691358024691358,1.0,0.0,0.0,1.0,0.25,0.6649314096852046,0.0,1.0,0.0,0.08333333333333337,0.19953234606391135,0.7447698744769873,0.016549535252777137,0.22646502835538485,1.0,0.0,0.0,0.0,0.0,1.0,0.0,0.0,0.0,0.0,0.0,0.0,0.0,0.0,0.0,0.0,0.0,1.0,0.0,0.0,0.0,0.0,0.0,1.0,0.0
8756,0.3209876543209876,1.0,0.0,0.0,1.0,0.25,0.7689446932222594,0.02631578947368421,1.0,0.0,0.08333333333333337,0.19953234606391135,0.7447698744769873,0.016549535252777137,0.22646502835538485,1.0,1.0,0.0,0.0,0.0,0.0,0.0,0.0,0.0,0.0,0.0,0.0,1.0,0.0,0.0,0.0,1.0,0.0,0.0,0.0,0.0,0.0,0.0,1.0,0.0
8757,0.1111111111111111,1.0,0.0,0.0,1.0,0.25,0.6697830312775754,0.0,0.005005005005005005,0.14285714285714285,0.08333333333333337,0.19953234606391135,0.7447698744769873,0.016549535252777137,0.22646502835538485,1.0,0.0,0.0,0.0,0.0,0.0,0.0,0.0,0.0,1.0,0.0,0.0,0.0,1.0,0.0,0.0,0.0,0.0,0.0,0.0,1.0,0.0,0.0,0.0,1.0
8758,0.12345679012345678,1.0,0.0,0.0,1.0,0.25,0.849713467042168,0.05263157894736842,0.006006006006006006,0.2857142857142857,0.08333333333333337,0.19953234606391135,0.7447698744769873,0.016549535252777137,0.22646502835538485,1.0,0.0,0.0,0.0,0.0,0.0,0.0,0.0,0.0,1.0,0.0,0.0,0.0,1.0,0.0,0.0,0.0,0.0,0.0,0.0,1.0,0.0,0.0,0.0,1.0
8759,0.18518518518518517,1.0,0.0,0.0,1.0,0.25,0.7186622526414759,0.02631578947368421,1.0,0.0,0.08333333333333337,0.19953234606391135,0.7447698744769873,0.016549535252777137,0.22646502835538485,1.0,0.0,0.0,0.0,0.0,0.0,0.0,0.0,0.0,0.0,0.0,0.0,0.0,1.0,0.0,0.0,0.0,0.0,0.0,0.0,1.0,0.0,0.0,1.0,0.0
8760,0.20987654320987653,0.0,1.0,0.0,1.0,0.25,0.6214904603916316,0.02631578947368421,0.006006006006006006,0.2857142857142857,0.08333333333333337,0.19953234606391135,0.7447698744769873,0.016549535252777137,0.22646502835538485,1.0,0.0,0.0,0.0,0.0,0.0,0.0,0.0,0.0,0.0,0.0,0.0,1.0,0.0,0.0,0.0,0.0,0.0,0.0,0.0,1.0,0.0,0.0,0.0,1.0
8761,0.691358024691358,0.0,1.0,0.0,1.0,0.25,0.48923083320309235,0.05263157894736842,0.006006006006006006,0.2857142857142857,0.08333333333333337,0.19953234606391135,0.7447698744769873,0.016549535252777137,0.22646502835538485,1.0,0.0,0.0,0.0,0.0,1.0,0.0,0.0,0.0,0.0,0.0,0.0,0.0,0.0,0.0,0.0,0.0,1.0,0.0,0.0,0.0,0.0,0.0,0.0,1.0
8762,0.419753086419753,1.0,0.0,0.0,1.0,0.5,0.645692009932198,0.05263157894736842,1.0,0.0,0.08333333333333337,0.19953234606391135,0.7447698744769873,0.01496259351620946,0.22646502835538485,1.0,1.0,0.0,0.0,0.0,0.0,0.0,0.0,0.0,0.0,0.0,0.0,1.0,0.0,0.0,0.0,0.0,0.0,0.0,1.0,0.0,0.0,0.0,1.0,0.0
8763,0.2716049382716049,1.0,0.0,1.0,0.0,0.0,0.6397092724183482,0.0,1.0,0.14285714285714285,0.33333333333333337,0.45518316445830465,0.6694560669456067,0.004760825209703029,0.17051039697542336,1.0,0.0,0.0,0.0,0.0,0.0,0.0,0.0,0.0,0.0,0.0,0.0,0.0,1.0,0.0,0.0,0.0,0.0,0.0,0.0,1.0,0.0,0.0,0.0,0.0
8764,0.16049382716049382,1.0,0.0,1.0,0.0,0.25,0.8008524447886526,0.0,1.0,0.0,0.33333333333333337,0.45518316445830465,0.6694560669456067,0.004760825209703029,0.17051039697542336,1.0,1.0,0.0,0.0,0.0,0.0,0.0,0.0,0.0,0.0,0.0,0.0,1.0,0.0,0.0,0.0,0.0,1.0,0.0,0.0,0.0,0.0,0.0,1.0,0.0
8765,0.7530864197530864,1.0,0.0,0.0,0.0,0.25,0.7509247572352791,0.0,1.0,0.14285714285714285,0.33333333333333337,0.45518316445830465,0.6694560669456067,0.004760825209703029,0.17051039697542336,1.0,0.0,0.0,0.0,0.0,1.0,0.0,0.0,0.0,0.0,0.0,0.0,0.0,0.0,0.0,0.0,0.0,0.0,0.0,1.0,0.0,0.0,0.0,0.0,0.0
8766,0.6049382716049383,1.0,0.0,0.0,0.0,0.25,0.6397092724183482,0.0,0.006006006006006006,0.14285714285714285,0.33333333333333337,0.45518316445830465,0.6694560669456067,0.004760825209703029,0.17051039697542336,1.0,0.0,0.0,0.0,0.0,1.0,0.0,0.0,0.0,0.0,0.0,0.0,1.0,0.0,0.0,0.0,0.0,0.0,0.0,0.0,0.0,0.0,0.0,0.0,1.0
8767,0.6049382716049383,0.0,1.0,0.0,0.0,0.25,0.7370196447311212,0.0,0.02102102102102102,0.2857142857142857,0.33333333333333337,0.45518316445830465,0.6694560669456067,0.004760825209703029,0.17051039697542336,1.0,0.0,0.0,0.0,0.0,1.0,0.0,0.0,0.0,0.0,0.0,0.0,1.0,0.0,0.0,0.0,0.0,0.0,0.0,1.0,0.0,0.0,0.0,0.0,0.0
8768,0.16049382716049382,0.0,0.0,0.0,0.0,0.25,0.7635372332492569,0.0,1.0,0.0,0.33333333333333337,0.45518316445830465,0.6694560669456067,0.004760825209703029,0.17051039697542336,1.0,1.0,0.0,0.0,0.0,0.0,0.0,0.0,0.0,0.0,0.0,0.0,1.0,0.0,0.0,0.0,0.0,1.0,0.0,0.0,0.0,0.0,0.0,1.0,0.0
8769,0.16049382716049382,1.0,0.0,0.0,0.0,0.25,0.6953174467991899,0.0,1.0,0.0,0.33333333333333337,0.45518316445830465,0.6694560669456067,0.004760825209703029,0.17051039697542336,1.0,0.0,0.0,0.0,0.0,0.0,0.0,0.0,0.0,1.0,0.0,0.0,1.0,0.0,0.0,0.0,0.0,0.0,0.0,1.0,0.0,0.0,0.0,1.0,0.0
8770,0.1728395061728395,0.5,0.5,0.0,0.0,0.25,0.6278820898893921,0.0,1.0,0.0,0.33333333333333337,0.45518316445830465,0.6694560669456067,0.004760825209703029,0.17051039697542336,1.0,0.0,0.0,0.0,0.0,0.0,0.0,0.0,0.0,0.0,0.0,0.0,1.0,0.0,0.0,0.0,0.0,0.0,0.0,0.0,1.0,0.0,0.0,1.0,0.0
8771,0.6049382716049383,0.0,0.0,0.0,0.0,0.25,0.6818201199369839,0.0,1.0,0.0,0.33333333333333337,0.45518316445830465,0.6694560669456067,0.004760825209703029,0.17051039697542336,0.0,0.0,0.0,0.0,0.0,1.0,0.0,0.0,0.0,0.0,0.0,0.0,1.0,0.0,0.0,0.0,0.0,0.0,0.0,1.0,0.0,0.0,0.0,1.0,0.0
8772,0.6049382716049383,0.0,0.0,0.0,0.0,0.25,0.6095598825393173,0.0,1.0,0.14285714285714285,0.33333333333333337,0.45518316445830465,0.6694560669456067,0.004760825209703029,0.17051039697542336,1.0,0.0,0.0,0.0,0.0,1.0,0.0,0.0,0.0,0.0,0.0,0.0,1.0,0.0,0.0,0.0,0.0,0.0,0.0,1.0,0.0,0.0,0.0,0.0,0.0
8773,0.4444444444444445,1.0,0.0,0.0,0.0,0.25,0.7401096762293339,0.02631578947368421,1.0,0.0,0.33333333333333337,0.45518316445830465,0.6694560669456067,0.004760825209703029,0.17051039697542336,1.0,0.0,0.0,0.0,0.0,0.0,0.0,0.0,0.0,1.0,0.0,0.0,1.0,0.0,0.0,0.0,0.0,1.0,0.0,0.0,0.0,0.0,0.0,1.0,0.0
8774,0.024691358024691357,1.0,0.0,0.0,0.0,0.25,0.6763307033473182,0.0,0.005005005005005005,0.2857142857142857,0.33333333333333337,0.45518316445830465,0.6694560669456067,0.004760825209703029,0.17051039697542336,1.0,0.0,0.0,0.0,0.0,0.0,0.0,0.0,1.0,0.0,0.0,0.0,0.0,1.0,0.0,1.0,0.0,0.0,0.0,0.0,0.0,0.0,0.0,0.0,1.0
8775,0.1728395061728395,1.0,0.0,0.0,0.0,0.25,0.6681879539642915,0.02631578947368421,1.0,0.14285714285714285,0.33333333333333337,0.45518316445830465,0.6694560669456067,0.004760825209703029,0.17051039697542336,1.0,0.0,0.0,0.0,0.0,0.0,0.0,0.0,0.0,0.0,0.0,0.0,0.0,0.0,0.0,0.0,0.0,0.0,0.0,1.0,0.0,0.0,0.0,0.0,0.0
8776,0.09876543209876543,0.0,0.0,0.0,0.0,0.25,0.6391967001499177,0.07894736842105263,1.0,0.0,0.33333333333333337,0.45518316445830465,0.6694560669456067,0.004760825209703029,0.17051039697542336,1.0,1.0,0.0,0.0,0.0,0.0,0.0,0.0,0.0,0.0,0.0,0.0,0.0,1.0,0.0,1.0,0.0,0.0,0.0,0.0,0.0,0.0,0.0,1.0,0.0
8777,0.2222222222222222,1.0,0.0,1.0,0.0,0.25,0.6159896330688406,0.05263157894736842,1.0,0.0,0.33333333333333337,0.45518316445830465,0.6694560669456067,0.004760825209703029,0.17051039697542336,1.0,0.0,0.0,0.0,0.0,0.0,0.0,1.0,0.0,0.0,0.0,0.0,0.0,1.0,0.0,0.0,0.0,1.0,0.0,0.0,0.0,0.0,0.0,1.0,0.0
8778,0.16049382716049382,1.0,0.0,0.0,0.0,0.25,0.6559276062712989,0.02631578947368421,0.006006006006006006,0.2857142857142857,0.33333333333333337,0.45518316445830465,0.6694560669456067,0.004760825209703029,0.17051039697542336,1.0,0.0,0.0,0.0,0.0,0.0,0.0,0.0,0.0,1.0,0.0,0.0,1.0,0.0,0.0,0.0,0.0,0.0,0.0,1.0,0.0,0.0,0.0,0.0,1.0
8779,0.19753086419753085,1.0,0.0,0.0,0.0,0.5,0.6427386711469765,0.05263157894736842,0.004004004004004004,0.14285714285714285,0.33333333333333337,0.45518316445830465,0.6694560669456067,0.004760825209703029,0.17051039697542336,1.0,0.0,0.0,0.0,0.0,0.0,0.0,0.0,0.0,0.0,0.0,0.0,1.0,0.0,0.0,0.0,0.0,0.0,0.0,0.0,1.0,0.0,0.0,0.0,1.0
8780,0.04938271604938271,0.0,0.0,0.0,0.0,0.5,0.6937125767575353,0.0,0.006006006006006006,0.14285714285714285,0.33333333333333337,0.45518316445830465,0.6694560669456067,0.004760825209703029,0.17051039697542336,1.0,0.0,0.0,0.0,0.0,0.0,0.0,0.0,1.0,0.0,0.0,0.0,0.0,1.0,0.0,0.0,1.0,0.0,0.0,0.0,0.0,0.0,0.0,0.0,1.0
8781,0.25925925925925924,0.0,0.0,0.0,0.0,0.5,0.5829794567444476,0.0,1.0,0.14285714285714285,0.33333333333333337,0.45518316445830465,0.6694560669456067,0.004760825209703029,0.17051039697542336,1.0,1.0,0.0,0.0,0.0,0.0,0.0,0.0,0.0,0.0,0.0,0.0,0.0,1.0,0.0,0.0,0.0,1.0,0.0,0.0,0.0,0.0,0.0,0.0,0.0
8782,0.25925925925925924,1.0,0.0,1.0,0.0,0.5,0.7439669119387143,0.0,1.0,0.0,0.33333333333333337,0.45518316445830465,0.6694560669456067,0.004760825209703029,0.17051039697542336,1.0,1.0,0.0,0.0,0.0,0.0,0.0,0.0,0.0,0.0,0.0,0.0,0.0,1.0,0.0,0.0,0.0,1.0,0.0,0.0,0.0,0.0,0.0,1.0,0.0
8783,0.08641975308641975,1.0,0.0,0.0,0.0,0.5,0.5862473099208212,0.02631578947368421,1.0,0.14285714285714285,0.33333333333333337,0.45518316445830465,0.6694560669456067,0.004760825209703029,0.17051039697542336,1.0,0.0,0.0,0.0,0.0,0.0,0.0,0.0,0.0,0.0,0.0,0.0,0.0,1.0,0.0,0.0,0.0,0.0,0.0,0.0,1.0,0.0,0.0,0.0,0.0
8784,0.25925925925925924,1.0,0.0,0.0,0.0,0.5,0.6910983547398326,0.0,0.013013013013013013,0.2857142857142857,0.33333333333333337,0.45518316445830465,0.6694560669456067,0.004760825209703029,0.17051039697542336,1.0,1.0,0.0,0.0,0.0,0.0,0.0,0.0,0.0,0.0,0.0,0.0,0.0,1.0,0.0,0.0,0.0,1.0,0.0,0.0,0.0,0.0,0.0,0.0,0.0
8785,0.24691358024691357,0.0,0.0,0.0,0.0,0.5,0.5925226723355308,0.02631578947368421,0.004004004004004004,0.2857142857142857,0.33333333333333337,0.45518316445830465,0.6694560669456067,0.004760825209703029,0.17051039697542336,1.0,0.0,0.0,0.0,0.0,0.0,0.0,0.0,0.0,0.0,0.0,0.0,0.0,1.0,0.0,0.0,0.0,1.0,0.0,0.0,0.0,0.0,0.0,0.0,1.0
8786,0.04938271604938271,1.0,0.0,0.0,0.0,0.5,0.5787626916748434,0.02631578947368421,1.0,0.14285714285714285,0.33333333333333337,0.45518316445830465,0.6694560669456067,0.004760825209703029,0.17051039697542336,1.0,0.0,0.0,0.0,0.0,0.0,0.0,0.0,1.0,0.0,0.0,0.0,0.0,1.0,0.0,0.0,1.0,0.0,0.0,0.0,0.0,0.0,0.0,0.0,0.0
8787,0.2345679012345679,0.0,0.0,1.0,0.0,0.5,0.7913824366052906,0.0,1.0,0.0,0.33333333333333337,0.45518316445830465,0.6694560669456067,0.004760825209703029,0.17051039697542336,1.0,0.0,0.0,0.0,1.0,0.0,0.0,0.0,0.0,0.0,0.0,0.0,0.0,1.0,0.0,0.0,0.0,0.0,0.0,0.0,1.0,0.0,0.0,1.0,0.0
8788,0.20987654320987653,1.0,1.0,0.0,0.0,0.75,0.6355447614376443,0.05263157894736842,0.003003003003003003,0.2857142857142857,0.33333333333333337,0.45518316445830465,0.6694560669456067,0.00453411924733621,0.17051039697542336,1.0,0.0,0.0,0.0,0.0,0.0,0.0,0.0,0.0,1.0,0.0,0.0,0.0,1.0,0.0,0.0,0.0,0.0,0.0,0.0,1.0,0.0,0.0,0.0,1.0
8789,0.20987654320987653,1.0,0.0,0.0,0.0,0.75,0.6115259753720838,0.02631578947368421,1.0,0.0,0.33333333333333337,0.45518316445830465,0.6694560669456067,0.00453411924733621,0.17051039697542336,1.0,0.0,0.0,0.0,0.0,0.0,0.0,0.0,0.0,1.0,0.0,0.0,0.0,1.0,0.0,0.0,0.0,0.0,0.0,0.0,1.0,0.0,0.0,1.0,0.0
8790,0.43209876543209874,1.0,0.0,0.0,0.0,0.75,0.6095598825393173,0.02631578947368421,0.011011011011011011,0.42857142857142855,0.33333333333333337,0.45518316445830465,0.6694560669456067,0.00453411924733621,0.17051039697542336,1.0,0.0,0.0,0.0,0.0,0.0,0.0,1.0,0.0,0.0,0.0,0.0,1.0,0.0,0.0,0.0,0.0,1.0,0.0,0.0,0.0,0.0,1.0,0.0,0.0
8791,0.20987654320987653,0.0,0.0,0.0,0.0,0.75,0.6504552172780276,0.0,1.0,0.2857142857142857,0.33333333333333337,0.45518316445830465,0.6694560669456067,0.00453411924733621,0.17051039697542336,1.0,0.0,0.0,0.0,0.0,0.0,0.0,0.0,0.0,1.0,0.0,0.0,0.0,1.0,0.0,0.0,0.0,0.0,0.0,0.0,1.0,0.0,0.0,0.0,0.0
8792,0.2345679012345679,0.0,0.0,0.0,0.0,0.75,0.5886399717165399,0.0,1.0,0.2857142857142857,0.33333333333333337,0.45518316445830465,0.6694560669456067,0.00453411924733621,0.17051039697542336,1.0,0.0,0.0,0.0,1.0,0.0,0.0,0.0,0.0,0.0,0.0,0.0,1.0,0.0,0.0,0.0,0.0,0.0,0.0,0.0,1.0,0.0,0.0,0.0,0.0
8793,0.4444444444444445,0.0,0.0,0.0,0.0,0.75,0.919769523327688,0.0,1.0,0.0,0.33333333333333337,0.45518316445830465,0.6694560669456067,0.00453411924733621,0.17051039697542336,1.0,0.0,0.0,0.0,0.0,0.0,0.0,0.0,0.0,0.0,0.0,0.0,0.0,0.0,0.0,0.0,0.0,0.0,0.0,0.0,1.0,0.0,0.0,1.0,0.0
8794,0.09876543209876543,0.0,0.0,0.0,0.0,0.75,0.7204780462382567,0.02631578947368421,0.01001001001001001,0.2857142857142857,0.33333333333333337,0.45518316445830465,0.6694560669456067,0.00453411924733621,0.17051039697542336,1.0,1.0,0.0,0.0,0.0,0.0,0.0,0.0,0.0,0.0,0.0,0.0,0.0,1.0,0.0,0.0,1.0,0.0,0.0,0.0,0.0,0.0,0.0,0.0,1.0
8795,0.4444444444444445,1.0,0.0,1.0,0.0,0.75,0.6554811725306058,0.0,1.0,0.2857142857142857,0.33333333333333337,0.45518316445830465,0.6694560669456067,0.00453411924733621,0.17051039697542336,0.0,0.0,0.0,0.0,0.0,0.0,0.0,0.0,0.0,0.0,0.0,0.0,0.0,0.0,0.0,0.0,0.0,0.0,0.0,0.0,1.0,0.0,0.0,0.0,0.0
8796,0.20987654320987653,1.0,0.0,0.0,0.0,0.75,0.7450162957887101,0.05263157894736842,1.0,0.14285714285714285,0.33333333333333337,0.45518316445830465,0.6694560669456067,0.00453411924733621,0.17051039697542336,1.0,0.0,0.0,0.0,0.0,0.0,0.0,0.0,0.0,0.0,0.0,0.0,1.0,0.0,0.0,0.0,0.0,0.0,0.0,1.0,0.0,0.0,0.0,0.0,0.0
8797,0.09876543209876543,1.0,0.0,1.0,0.0,1.0,0.6509210996671051,0.05263157894736842,1.0,0.14285714285714285,0.33333333333333337,0.45518316445830465,0.6694560669456067,0.004307413284969391,0.17051039697542336,0.0,0.0,0.0,0.0,0.0,0.0,0.0,0.0,1.0,0.0,0.0,0.0,0.0,1.0,0.0,0.0,0.0,0.0,0.0,0.0,1.0,0.0,0.0,0.0,0.0
8798,0.5802469135802468,0.0,0.0,0.0,0.0,1.0,0.5962813035550764,0.0,0.003003003003003003,0.2857142857142857,0.33333333333333337,0.45518316445830465,0.6694560669456067,0.004307413284969391,0.17051039697542336,0.0,0.0,0.0,0.0,0.0,1.0,0.0,0.0,0.0,0.0,0.0,0.0,1.0,0.0,0.0,0.0,0.0,0.0,0.0,0.0,1.0,0.0,0.0,0.0,1.0
8799,0.20987654320987653,1.0,0.0,0.0,0.0,1.0,0.5591892927228724,0.0,1.0,0.0,0.33333333333333337,0.45518316445830465,0.6694560669456067,0.004307413284969391,0.17051039697542336,1.0,1.0,0.0,0.0,0.0,0.0,0.0,0.0,0.0,0.0,0.0,0.0,1.0,0.0,0.0,0.0,0.0,1.0,0.0,0.0,0.0,0.0,0.0,1.0,0.0
8800,0.29629629629629634,1.0,1.0,0.0,0.0,1.0,0.7102658482382652,0.0,1.0,0.0,0.33333333333333337,0.45518316445830465,0.6694560669456067,0.004307413284969391,0.17051039697542336,1.0,0.0,0.0,0.0,0.0,0.0,0.0,0.0,0.0,0.0,0.0,0.0,0.0,0.0,0.0,0.0,0.0,0.0,0.0,0.0,1.0,0.0,0.0,1.0,0.0
8801,0.13580246913580246,0.0,0.0,1.0,0.0,1.0,0.6863788332730624,0.07894736842105263,0.006006006006006006,0.14285714285714285,0.33333333333333337,0.45518316445830465,0.6694560669456067,0.004307413284969391,0.17051039697542336,1.0,0.0,0.0,0.0,0.0,0.0,0.0,0.0,0.0,0.0,1.0,0.0,1.0,0.0,0.0,0.0,0.0,1.0,0.0,0.0,0.0,0.0,0.0,0.0,1.0
8802,0.6790123456790123,0.0,0.0,0.0,0.0,1.0,0.5266921854673875,0.0,0.003003003003003003,0.14285714285714285,0.33333333333333337,0.45518316445830465,0.6694560669456067,0.004307413284969391,0.17051039697542336,1.0,0.0,0.0,0.0,0.0,1.0,0.0,0.0,0.0,0.0,0.0,0.0,1.0,0.0,0.0,0.0,0.0,0.0,0.0,1.0,0.0,0.0,0.0,0.0,1.0
8803,0.19753086419753085,1.0,0.0,0.0,0.0,1.0,0.6969007163182872,0.0,1.0,0.0,0.33333333333333337,0.45518316445830465,0.6694560669456067,0.004307413284969391,0.17051039697542336,1.0,0.0,1.0,0.0,0.0,0.0,0.0,0.0,0.0,0.0,0.0,0.0,0.0,1.0,0.0,0.0,0.0,0.0,0.0,1.0,0.0,0.0,0.0,1.0,0.0
8804,0.8395061728395061,0.0,0.0,0.0,0.0,1.0,0.5601990426951532,0.15789473684210525,0.007007007007007007,0.2857142857142857,0.33333333333333337,0.45518316445830465,0.6694560669456067,0.004307413284969391,0.17051039697542336,0.0,0.0,0.0,0.0,0.0,1.0,0.0,0.0,0.0,0.0,0.0,0.0,0.0,1.0,0.0,0.0,0.0,0.0,0.0,1.0,0.0,0.0,0.0,0.0,1.0
8805,0.20987654320987653,0.0,0.0,1.0,0.0,1.0,0.6532232308583403,0.0,1.0,0.14285714285714285,0.33333333333333337,0.45518316445830465,0.6694560669456067,0.004307413284969391,0.17051039697542336,1.0,0.0,0.0,0.0,0.0,0.0,0.0,0.0,0.0,1.0,0.0,0.0,0.0,0.0,0.0,0.0,0.0,0.0,0.0,1.0,0.0,0.0,0.0,0.0,0.0
8806,0.7037037037037037,0.0,1.0,0.0,0.0,1.0,0.7540618804673014,0.02631578947368421,1.0,0.0,0.33333333333333337,0.45518316445830465,0.6694560669456067,0.004307413284969391,0.17051039697542336,1.0,0.0,0.0,0.0,0.0,1.0,0.0,0.0,0.0,0.0,0.0,0.0,1.0,0.0,0.0,0.0,0.0,0.0,0.0,0.0,0.0,1.0,0.0,1.0,0.0
8807,0.12345679012345678,0.0,0.0,0.0,0.0,1.0,0.634480182683441,0.0,1.0,0.0,0.33333333333333337,0.45518316445830465,0.6694560669456067,0.004307413284969391,0.17051039697542336,1.0,0.0,0.0,0.0,0.0,0.0,0.0,0.0,1.0,0.0,0.0,0.0,0.0,1.0,0.0,0.0,0.0,1.0,0.0,0.0,0.0,0.0,0.0,1.0,0.0
8808,0.4074074074074074,1.0,0.0,0.0,0.0,1.0,0.7878066248327297,0.0,1.0,0.0,0.33333333333333337,0.45518316445830465,0.6694560669456067,0.004307413284969391,0.17051039697542336,1.0,0.0,0.0,0.0,0.0,0.0,0.0,0.0,0.0,1.0,0.0,0.0,1.0,0.0,0.0,0.0,0.0,0.0,0.0,0.0,1.0,0.0,0.0,1.0,0.0
8809,0.29629629629629634,0.0,0.0,0.0,0.0,1.0,0.6785573026196613,0.0,1.0,0.0,0.33333333333333337,0.45518316445830465,0.6694560669456067,0.004307413284969391,0.17051039697542336,1.0,0.0,0.0,0.0,0.0,0.0,0.0,0.0,0.0,0.0,0.0,0.0,0.0,0.0,0.0,0.0,0.0,0.0,0.0,0.0,1.0,0.0,0.0,1.0,0.0
8810,0.25925925925925924,1.0,0.0,0.0,0.0,1.0,0.6681879539642915,0.02631578947368421,1.0,0.0,0.33333333333333337,0.45518316445830465,0.6694560669456067,0.004307413284969391,0.17051039697542336,1.0,0.0,0.0,0.0,0.0,0.0,0.0,0.0,0.0,1.0,0.0,0.0,0.0,1.0,0.0,0.0,0.0,1.0,0.0,0.0,0.0,0.0,0.0,1.0,0.0
8811,0.29629629629629634,1.0,0.0,0.0,0.0,1.0,0.7308208467673027,0.02631578947368421,0.006006006006006006,0.42857142857142855,0.33333333333333337,0.45518316445830465,0.6694560669456067,0.004307413284969391,0.17051039697542336,1.0,0.0,0.0,0.0,0.0,0.0,0.0,0.0,0.0,0.0,0.0,0.0,0.0,0.0,0.0,0.0,0.0,0.0,0.0,0.0,1.0,0.0,0.0,0.0,1.0
8812,0.29629629629629634,1.0,0.0,0.0,0.0,1.0,0.6978405494091722,0.02631578947368421,1.0,0.0,0.33333333333333337,0.45518316445830465,0.6694560669456067,0.004307413284969391,0.17051039697542336,1.0,0.0,0.0,0.0,0.0,0.0,0.0,0.0,0.0,0.0,0.0,0.0,0.0,0.0,0.0,0.0,0.0,0.0,0.0,0.0,1.0,0.0,0.0,1.0,0.0
8813,0.3209876543209876,1.0,0.0,0.0,0.0,0.0,0.6563723521677338,0.02631578947368421,0.009009009009009009,0.14285714285714285,0.33333333333333337,0.45518316445830465,0.6694560669456067,0.0040807073226026,0.17051039697542336,1.0,0.0,0.0,0.0,0.0,0.0,1.0,0.0,0.0,0.0,0.0,0.0,1.0,0.0,0.0,0.0,0.0,0.0,0.0,0.0,1.0,0.0,0.0,0.0,1.0
8814,0.12345679012345678,1.0,0.0,0.0,0.0,0.0,0.5550613200712357,0.05263157894736842,1.0,0.0,0.33333333333333337,0.45518316445830465,0.6694560669456067,0.0040807073226026,0.17051039697542336,0.0,0.0,0.0,0.0,0.0,0.0,0.0,1.0,0.0,0.0,0.0,0.0,0.0,1.0,0.0,0.0,0.0,0.0,0.0,0.0,1.0,0.0,0.0,1.0,0.0
8815,0.691358024691358,1.0,0.0,1.0,0.0,0.0,0.7637156034873523,0.0,1.0,0.0,0.33333333333333337,0.45518316445830465,0.6694560669456067,0.0040807073226026,0.17051039697542336,1.0,0.0,0.0,0.0,0.0,1.0,0.0,0.0,0.0,0.0,0.0,0.0,1.0,0.0,0.0,0.0,0.0,0.0,0.0,0.0,0.0,1.0,0.0,1.0,0.0
8816,0.14814814814814814,1.0,0.0,0.0,0.0,0.0,0.5752769507338984,0.0,1.0,0.0,0.33333333333333337,0.45518316445830465,0.6694560669456067,0.0040807073226026,0.17051039697542336,1.0,0.0,0.0,0.0,0.0,0.0,0.0,0.0,0.0,0.0,0.0,0.0,0.0,1.0,0.0,0.0,0.0,0.0,0.0,0.0,0.0,1.0,0.0,1.0,0.0
8817,0.39506172839506176,1.0,0.0,0.0,0.0,0.0,0.6620060509558884,0.07894736842105263,1.0,0.14285714285714285,0.33333333333333337,0.45518316445830465,0.6694560669456067,0.0040807073226026,0.17051039697542336,1.0,1.0,0.0,0.0,0.0,0.0,0.0,0.0,0.0,0.0,0.0,0.0,1.0,0.0,0.0,0.0,1.0,0.0,0.0,0.0,0.0,0.0,1.0,0.0,0.0
8818,0.12345679012345678,1.0,0.0,0.0,0.0,0.0,0.5474693214896542,0.0,0.006006006006006006,0.14285714285714285,0.33333333333333337,0.45518316445830465,0.6694560669456067,0.0040807073226026,0.17051039697542336,1.0,0.0,0.0,0.0,0.0,0.0,0.0,1.0,0.0,0.0,0.0,0.0,0.0,1.0,0.0,0.0,0.0,0.0,0.0,0.0,1.0,0.0,0.0,0.0,1.0
8819,0.39506172839506176,0.0,0.0,0.0,0.0,0.0,0.6062082270603242,0.0,0.006006006006006006,0.2857142857142857,0.33333333333333337,0.45518316445830465,0.6694560669456067,0.0040807073226026,0.17051039697542336,1.0,1.0,0.0,0.0,0.0,0.0,0.0,0.0,0.0,0.0,0.0,0.0,1.0,0.0,0.0,0.0,1.0,0.0,0.0,0.0,0.0,0.0,1.0,0.0,1.0
8820,0.5185185185185184,1.0,0.0,0.0,0.0,0.0,0.5679794082497067,0.02631578947368421,1.0,0.0,0.33333333333333337,0.45518316445830465,0.6694560669456067,0.0040807073226026,0.17051039697542336,1.0,1.0,0.0,0.0,0.0,0.0,0.0,0.0,0.0,0.0,0.0,0.0,1.0,0.0,0.0,0.0,0.0,0.0,0.0,0.0,0.0,0.0,0.0,1.0,0.0
8821,0.19753086419753085,1.0,0.0,0.0,0.0,0.0,0.6568154229344138,0.02631578947368421,1.0,0.0,0.33333333333333337,0.45518316445830465,0.6694560669456067,0.0040807073226026,0.17051039697542336,1.0,0.0,0.0,0.0,0.0,0.0,1.0,0.0,0.0,0.0,0.0,0.0,0.0,1.0,0.0,0.0,0.0,0.0,0.0,0.0,1.0,0.0,0.0,1.0,0.0
8822,0.2345679012345679,0.0,0.0,0.0,0.0,0.0,0.7077115468084515,0.0,1.0,0.0,0.33333333333333337,0.45518316445830465,0.6694560669456067,0.0040807073226026,0.17051039697542336,1.0,0.0,0.0,0.0,0.0,0.0,0.0,0.0,0.0,0.0,0.0,0.0,0.0,1.0,0.0,0.0,0.0,0.0,0.0,0.0,1.0,0.0,0.0,1.0,0.0
8823,0.39506172839506176,0.0,0.0,0.0,0.0,0.0,0.6717469358140523,0.0,0.003003003003003003,0.14285714285714285,0.33333333333333337,0.45518316445830465,0.6694560669456067,0.0040807073226026,0.17051039697542336,1.0,1.0,0.0,0.0,0.0,0.0,0.0,0.0,0.0,0.0,0.0,0.0,1.0,0.0,0.0,0.0,1.0,0.0,0.0,0.0,0.0,0.0,1.0,0.0,1.0
8824,0.5802469135802468,0.0,0.0,0.0,0.0,0.25,0.5813108450867737,0.02631578947368421,0.006006006006006006,0.14285714285714285,0.33333333333333337,0.45518316445830465,0.6694560669456067,0.0040807073226026,0.17051039697542336,1.0,0.0,0.0,0.0,0.0,1.0,0.0,0.0,0.0,0.0,0.0,0.0,1.0,0.0,0.0,0.0,0.0,0.0,0.0,0.0,1.0,0.0,0.0,0.0,1.0
8825,0.20987654320987653,0.0,0.0,1.0,0.0,0.25,0.6376454449299462,0.0,0.003003003003003003,0.14285714285714285,0.33333333333333337,0.45518316445830465,0.6694560669456067,0.0040807073226026,0.17051039697542336,1.0,0.0,0.0,0.0,0.0,0.0,0.0,0.0,0.0,0.0,0.0,0.0,0.0,1.0,0.0,0.0,0.0,0.0,0.0,0.0,1.0,0.0,0.0,0.0,1.0
8826,0.30864197530864196,1.0,1.0,0.0,0.0,0.25,0.614731491134803,0.0,0.007007007007007007,0.42857142857142855,0.33333333333333337,0.45518316445830465,0.6694560669456067,0.0040807073226026,0.17051039697542336,1.0,1.0,0.0,0.0,0.0,0.0,0.0,0.0,0.0,0.0,0.0,0.0,1.0,0.0,0.0,1.0,0.0,0.0,0.0,0.0,0.0,0.0,0.0,0.0,0.0
8827,0.20987654320987653,0.0,0.0,0.0,0.0,0.25,0.7237776302848941,0.0,0.006006006006006006,0.2857142857142857,0.33333333333333337,0.45518316445830465,0.6694560669456067,0.0040807073226026,0.17051039697542336,1.0,0.0,0.0,0.0,0.0,0.0,0.0,0.0,0.0,0.0,0.0,0.0,0.0,1.0,0.0,0.0,0.0,1.0,0.0,0.0,0.0,0.0,0.0,0.0,1.0
8828,0.14814814814814814,1.0,1.0,0.0,0.0,0.25,0.608897147549857,0.0,1.0,0.0,0.33333333333333337,0.45518316445830465,0.6694560669456067,0.0040807073226026,0.17051039697542336,1.0,1.0,0.0,0.0,0.0,0.0,0.0,0.0,0.0,0.0,0.0,0.0,0.0,1.0,0.0,0.0,0.0,0.0,0.0,1.0,0.0,0.0,0.0,1.0,0.0
8829,0.20987654320987653,1.0,0.0,0.0,0.0,0.25,0.7462633231856137,0.0,0.006006006006006006,0.42857142857142855,0.33333333333333337,0.45518316445830465,0.6694560669456067,0.0040807073226026,0.17051039697542336,1.0,0.0,0.0,0.0,0.0,0.0,0.0,0.0,0.0,0.0,0.0,0.0,0.0,1.0,0.0,0.0,0.0,0.0,0.0,0.0,1.0,0.0,0.0,0.0,1.0
8830,0.20987654320987653,0.0,0.0,0.0,0.0,0.25,0.645692009932198,0.0,0.006006006006006006,0.14285714285714285,0.33333333333333337,0.45518316445830465,0.6694560669456067,0.0040807073226026,0.17051039697542336,1.0,0.0,0.0,0.0,0.0,0.0,0.0,0.0,0.0,0.0,0.0,0.0,0.0,1.0,0.0,0.0,0.0,0.0,0.0,0.0,1.0,0.0,0.0,0.0,1.0
8831,0.20987654320987653,1.0,1.0,0.0,0.0,0.25,0.6717469358140523,0.0,0.003003003003003003,0.2857142857142857,0.33333333333333337,0.45518316445830465,0.6694560669456067,0.0040807073226026,0.17051039697542336,1.0,0.0,0.0,0.0,0.0,0.0,0.0,0.0,0.0,0.0,0.0,0.0,0.0,1.0,0.0,0.0,0.0,0.0,0.0,0.0,1.0,0.0,0.0,0.0,1.0
8832,0.20987654320987653,0.0,1.0,0.0,0.0,0.25,0.6432360720972943,0.0,1.0,0.0,0.33333333333333337,0.45518316445830465,0.6694560669456067,0.0040807073226026,0.17051039697542336,1.0,0.0,0.0,0.0,0.0,0.0,0.0,0.0,0.0,0.0,0.0,0.0,0.0,1.0,0.0,0.0,0.0,0.0,0.0,0.0,1.0,0.0,0.0,1.0,0.0
8833,0.4691358024691357,0.0,0.0,0.0,0.0,0.25,0.6306764053478436,0.05263157894736842,0.006006006006006006,0.42857142857142855,0.33333333333333337,0.45518316445830465,0.6694560669456067,0.0040807073226026,0.17051039697542336,1.0,0.0,0.0,0.0,0.0,0.0,0.0,0.0,0.0,0.0,1.0,0.0,0.0,0.0,0.0,0.0,0.0,0.0,0.0,0.0,1.0,0.0,0.0,0.0,1.0
8834,0.20987654320987653,0.0,1.0,0.0,0.0,0.25,0.6732947890602686,0.0,0.011011011011011011,0.14285714285714285,0.33333333333333337,0.45518316445830465,0.6694560669456067,0.0040807073226026,0.17051039697542336,1.0,0.0,0.0,0.0,0.0,0.0,0.0,0.0,0.0,0.0,0.0,0.0,0.0,1.0,0.0,0.0,0.0,0.0,0.0,0.0,1.0,0.0,0.0,0.0,1.0
8835,0.20987654320987653,0.0,1.0,0.0,0.0,0.25,0.6665709505038611,0.02631578947368421,0.003003003003003003,0.14285714285714285,0.33333333333333337,0.45518316445830465,0.6694560669456067,0.0040807073226026,0.17051039697542336,1.0,0.0,0.0,0.0,0.0,0.0,0.0,0.0,0.0,0.0,0.0,0.0,0.0,1.0,0.0,0.0,0.0,0.0,0.0,0.0,1.0,0.0,0.0,0.0,1.0
8836,0.5802469135802468,0.0,0.0,0.0,0.0,0.25,0.7708052447952238,0.02631578947368421,0.005005005005005005,0.14285714285714285,0.33333333333333337,0.45518316445830465,0.6694560669456067,0.0040807073226026,0.17051039697542336,1.0,0.0,0.0,0.0,0.0,1.0,0.0,0.0,0.0,0.0,0.0,0.0,1.0,0.0,0.0,0.0,0.0,0.0,0.0,0.0,1.0,0.0,0.0,0.0,1.0
8837,0.1111111111111111,0.0,0.0,0.0,0.0,0.25,0.6603011638753588,0.02631578947368421,0.006006006006006006,0.14285714285714285,0.33333333333333337,0.45518316445830465,0.6694560669456067,0.0040807073226026,0.17051039697542336,1.0,0.0,0.0,0.0,0.0,0.0,0.0,0.0,0.0,0.0,0.0,0.0,0.0,1.0,0.0,0.0,0.0,1.0,0.0,0.0,0.0,0.0,0.0,0.0,1.0
8838,0.20987654320987653,1.0,0.0,0.0,0.0,0.25,0.6568154229344138,0.02631578947368421,1.0,0.0,0.33333333333333337,0.45518316445830465,0.6694560669456067,0.0040807073226026,0.17051039697542336,0.0,0.0,0.0,0.0,0.0,0.0,0.0,0.0,0.0,0.0,0.0,0.0,0.0,1.0,0.0,0.0,0.0,0.0,0.0,0.0,1.0,0.0,0.0,1.0,0.0
8839,0.20987654320987653,1.0,1.0,0.0,0.0,0.25,0.6693862850347637,0.0,1.0,0.0,0.33333333333333337,0.45518316445830465,0.6694560669456067,0.0040807073226026,0.17051039697542336,1.0,0.0,0.0,0.0,0.0,0.0,0.0,0.0,0.0,0.0,0.0,0.0,0.0,1.0,0.0,0.0,0.0,0.0,0.0,0.0,1.0,0.0,0.0,1.0,0.0
8840,0.25925925925925924,0.0,0.0,1.0,0.0,0.25,0.7189233740572085,0.05263157894736842,0.006006006006006006,0.2857142857142857,0.33333333333333337,0.45518316445830465,0.6694560669456067,0.0040807073226026,0.17051039697542336,1.0,1.0,0.0,0.0,0.0,0.0,0.0,0.0,0.0,0.0,0.0,0.0,0.0,1.0,0.0,0.0,0.0,1.0,0.0,0.0,0.0,0.0,0.0,0.0,1.0
8841,0.14814814814814814,0.0,1.0,0.0,0.0,0.25,0.6278820898893921,0.02631578947368421,1.0,0.14285714285714285,0.33333333333333337,0.45518316445830465,0.6694560669456067,0.0040807073226026,0.17051039697542336,1.0,1.0,0.0,0.0,0.0,0.0,0.0,0.0,0.0,0.0,0.0,0.0,0.0,1.0,0.0,0.0,0.0,0.0,0.0,1.0,0.0,0.0,0.0,0.0,0.0
8842,0.09876543209876543,1.0,0.0,0.0,0.0,0.5,0.7152138502659882,0.02631578947368421,0.006006006006006006,0.14285714285714285,0.33333333333333337,0.45518316445830465,0.6694560669456067,0.0038540013602357814,0.17051039697542336,1.0,0.0,0.0,0.0,0.0,0.0,0.0,0.0,0.0,0.0,1.0,0.0,1.0,0.0,0.0,0.0,0.0,1.0,0.0,0.0,0.0,0.0,0.0,0.0,1.0
8843,0.3209876543209876,1.0,0.0,0.0,0.0,0.5,0.6447157790225418,0.0,1.0,0.0,0.33333333333333337,0.45518316445830465,0.6694560669456067,0.0038540013602357814,0.17051039697542336,1.0,0.0,0.0,0.0,0.0,0.0,1.0,0.0,0.0,0.0,0.0,0.0,1.0,0.0,0.0,0.0,0.0,0.0,0.0,0.0,1.0,0.0,0.0,1.0,0.0
8844,0.13580246913580246,1.0,0.0,1.0,0.0,0.5,0.5917563168597532,0.0,1.0,0.14285714285714285,0.33333333333333337,0.45518316445830465,0.6694560669456067,0.0038540013602357814,0.17051039697542336,0.0,0.0,0.0,0.0,0.0,0.0,1.0,0.0,0.0,0.0,0.0,0.0,0.0,1.0,0.0,0.0,0.0,0.0,0.0,0.0,1.0,0.0,0.0,0.0,0.0
8845,0.1728395061728395,0.0,0.0,0.0,0.0,0.5,0.7574939434928795,0.07894736842105263,1.0,0.0,0.33333333333333337,0.45518316445830465,0.6694560669456067,0.0038540013602357814,0.17051039697542336,0.0,0.0,0.0,0.0,0.0,0.0,0.0,0.0,0.0,1.0,0.0,0.0,1.0,0.0,0.0,0.0,0.0,0.0,0.0,0.0,1.0,0.0,0.0,1.0,0.0
8846,0.4691358024691357,1.0,0.0,0.0,0.0,0.5,0.5496889184613623,0.02631578947368421,1.0,0.14285714285714285,0.33333333333333337,0.45518316445830465,0.6694560669456067,0.0038540013602357814,0.17051039697542336,1.0,0.0,0.0,0.0,0.0,0.0,0.0,0.0,0.0,0.0,0.0,0.0,1.0,0.0,0.0,0.0,0.0,1.0,0.0,0.0,0.0,0.0,0.0,0.0,0.0
8847,0.13580246913580246,1.0,0.0,0.0,0.0,0.75,0.6532232308583403,0.07894736842105263,1.0,0.2857142857142857,0.33333333333333337,0.45518316445830465,0.6694560669456067,0.0036272953978689626,0.17051039697542336,1.0,0.0,0.0,0.0,0.0,0.0,0.0,0.0,0.0,0.0,0.0,0.0,0.0,1.0,0.0,0.0,0.0,0.0,0.0,0.0,1.0,0.0,0.0,0.0,0.0
8848,0.2716049382716049,1.0,0.0,0.0,0.0,0.75,0.5344511608683252,0.0,0.013013013013013013,0.14285714285714285,0.33333333333333337,0.45518316445830465,0.6694560669456067,0.0036272953978689626,0.17051039697542336,0.0,0.0,0.0,0.0,0.0,0.0,0.0,0.0,0.0,0.0,0.0,0.0,0.0,0.0,0.0,0.0,0.0,0.0,0.0,0.0,1.0,0.0,0.0,0.0,1.0
8849,0.35802469135802467,0.0,0.0,1.0,0.0,0.75,0.6140973378497864,0.0,0.003003003003003003,0.14285714285714285,0.33333333333333337,0.45518316445830465,0.6694560669456067,0.0036272953978689626,0.17051039697542336,0.0,0.0,0.0,0.0,0.0,0.0,0.0,0.0,0.0,0.0,0.0,0.0,1.0,0.0,0.0,0.0,0.0,0.0,0.0,0.0,1.0,0.0,0.0,0.0,1.0
8850,0.35802469135802467,1.0,0.0,0.0,0.0,0.75,0.684296740875147,0.0,1.0,0.0,0.33333333333333337,0.45518316445830465,0.6694560669456067,0.0036272953978689626,0.17051039697542336,1.0,0.0,0.0,0.0,0.0,0.0,0.0,0.0,0.0,0.0,0.0,0.0,1.0,0.0,0.0,0.0,0.0,0.0,0.0,0.0,1.0,0.0,0.0,1.0,0.0
8851,0.25925925925925924,1.0,0.0,0.0,0.0,0.75,0.6532232308583403,0.0,1.0,0.0,0.33333333333333337,0.45518316445830465,0.6694560669456067,0.0036272953978689626,0.17051039697542336,1.0,0.0,0.0,0.0,0.0,0.0,0.0,1.0,0.0,0.0,0.0,0.0,1.0,0.0,0.0,0.0,0.0,1.0,0.0,0.0,0.0,0.0,0.0,1.0,0.0
8852,0.2222222222222222,0.0,0.0,1.0,0.0,0.75,0.664102989715846,0.02631578947368421,0.006006006006006006,0.14285714285714285,0.33333333333333337,0.45518316445830465,0.6694560669456067,0.0036272953978689626,0.17051039697542336,0.0,0.0,0.0,0.0,0.0,0.0,0.0,0.0,0.0,1.0,0.0,0.0,1.0,0.0,0.0,0.0,0.0,0.0,0.0,1.0,0.0,0.0,0.0,0.0,1.0
8853,0.1728395061728395,1.0,0.0,0.0,0.0,0.75,0.6055262822549443,0.07894736842105263,1.0,0.42857142857142855,0.33333333333333337,0.45518316445830465,0.6694560669456067,0.0036272953978689626,0.17051039697542336,1.0,0.0,0.0,0.0,0.0,0.0,1.0,0.0,0.0,0.0,0.0,0.0,1.0,0.0,0.0,0.0,0.0,0.0,0.0,1.0,0.0,0.0,0.0,0.0,0.0
8854,0.07407407407407407,0.0,0.0,1.0,0.0,1.0,0.6673822306124111,0.0,0.003003003003003003,0.14285714285714285,0.33333333333333337,0.45518316445830465,0.6694560669456067,0.0034005894355021715,0.17051039697542336,1.0,0.0,0.0,0.0,0.0,0.0,0.0,0.0,1.0,0.0,0.0,0.0,0.0,1.0,0.0,0.0,0.0,1.0,0.0,0.0,0.0,0.0,0.0,0.0,1.0
8855,0.25925925925925924,1.0,0.0,0.0,0.0,1.0,0.7113835302756325,0.0,0.01001001001001001,0.14285714285714285,0.33333333333333337,0.45518316445830465,0.6694560669456067,0.0034005894355021715,0.17051039697542336,1.0,0.0,0.0,1.0,0.0,0.0,0.0,0.0,0.0,0.0,0.0,0.0,0.0,1.0,0.0,0.0,0.0,1.0,0.0,0.0,0.0,0.0,0.0,0.0,1.0
8856,0.1111111111111111,0.0,0.0,0.0,0.0,1.0,0.6323216790132803,0.0,0.006006006006006006,0.42857142857142855,0.33333333333333337,0.45518316445830465,0.6694560669456067,0.0034005894355021715,0.17051039697542336,1.0,0.0,0.0,0.0,0.0,0.0,0.0,0.0,1.0,0.0,0.0,0.0,0.0,1.0,0.0,0.0,0.0,1.0,0.0,0.0,0.0,0.0,0.0,0.0,1.0
8857,0.12345679012345678,0.0,0.0,0.0,0.0,1.0,0.6306764053478436,0.0,1.0,0.0,0.33333333333333337,0.45518316445830465,0.6694560669456067,0.0034005894355021715,0.17051039697542336,1.0,0.0,0.0,0.0,0.0,0.0,0.0,1.0,0.0,0.0,0.0,0.0,0.0,1.0,0.0,0.0,0.0,0.0,0.0,0.0,1.0,0.0,0.0,1.0,0.0
8858,0.12345679012345678,1.0,0.0,0.0,0.0,1.0,0.6397092724183482,0.05263157894736842,1.0,0.14285714285714285,0.33333333333333337,0.45518316445830465,0.6694560669456067,0.0034005894355021715,0.17051039697542336,1.0,0.0,0.0,0.0,0.0,0.0,0.0,1.0,0.0,0.0,0.0,0.0,0.0,1.0,0.0,0.0,0.0,0.0,0.0,0.0,1.0,0.0,0.0,0.0,0.0
8859,0.7777777777777777,0.0,0.0,0.0,0.0,1.0,0.6312273906618776,0.05263157894736842,0.006006006006006006,0.5714285714285714,0.33333333333333337,0.45518316445830465,0.6694560669456067,0.0034005894355021715,0.17051039697542336,1.0,0.0,0.0,0.0,0.0,1.0,0.0,0.0,0.0,0.0,0.0,0.0,1.0,0.0,0.0,0.0,0.0,0.0,0.0,0.0,0.0,0.0,0.0,0.0,1.0
8860,0.5555555555555556,0.0,0.0,0.0,0.0,0.0,0.5474693214896542,0.02631578947368421,0.003003003003003003,0.2857142857142857,0.33333333333333337,0.45518316445830465,0.6694560669456067,0.0027204715484017428,0.17051039697542336,1.0,0.0,0.0,0.0,0.0,0.0,0.0,0.0,0.0,1.0,0.0,0.0,1.0,0.0,0.0,0.0,0.0,0.0,0.0,0.0,0.0,1.0,0.0,0.0,1.0
8861,0.14814814814814814,1.0,1.0,0.0,0.0,0.0,0.6532232308583403,0.0,1.0,0.0,0.33333333333333337,0.45518316445830465,0.6694560669456067,0.0027204715484017428,0.17051039697542336,1.0,0.0,0.0,0.0,0.0,0.0,0.0,0.0,0.0,0.0,0.0,0.0,0.0,1.0,0.0,0.0,0.0,1.0,0.0,0.0,0.0,0.0,0.0,1.0,0.0
8862,0.5555555555555556,1.0,0.0,0.0,0.0,0.0,0.6190773470668909,0.0,0.006006006006006006,0.14285714285714285,0.33333333333333337,0.45518316445830465,0.6694560669456067,0.0027204715484017428,0.17051039697542336,1.0,0.0,0.0,0.0,0.0,0.0,0.0,0.0,0.0,1.0,0.0,0.0,1.0,0.0,0.0,0.0,0.0,0.0,0.0,0.0,0.0,1.0,0.0,0.0,1.0
8863,0.19753086419753085,0.0,0.0,0.0,0.0,0.0,0.7127658628623931,0.0,0.006006006006006006,0.2857142857142857,0.33333333333333337,0.45518316445830465,0.6694560669456067,0.0027204715484017428,0.17051039697542336,1.0,0.0,0.0,0.0,0.0,0.0,0.0,0.0,0.0,0.0,0.0,0.0,0.0,1.0,0.0,0.0,0.0,0.0,0.0,0.0,1.0,0.0,0.0,0.0,1.0
8864,0.5555555555555556,0.0,0.0,0.0,0.0,0.0,0.7149443538148184,0.05263157894736842,0.006006006006006006,0.14285714285714285,0.33333333333333337,0.45518316445830465,0.6694560669456067,0.0027204715484017428,0.17051039697542336,0.0,0.0,0.0,0.0,0.0,0.0,0.0,0.0,0.0,1.0,0.0,0.0,1.0,0.0,0.0,0.0,0.0,0.0,0.0,0.0,0.0,1.0,0.0,0.0,1.0
8865,0.8024691358024691,1.0,0.0,1.0,0.0,0.0,0.7326918229785724,0.02631578947368421,1.0,0.0,0.33333333333333337,0.45518316445830465,0.6694560669456067,0.0027204715484017428,0.17051039697542336,1.0,0.0,0.0,0.0,0.0,1.0,0.0,0.0,0.0,0.0,0.0,0.0,1.0,0.0,0.0,0.0,0.0,0.0,0.0,1.0,0.0,0.0,0.0,1.0,0.0
8866,0.14814814814814814,0.0,0.0,0.0,0.0,0.0,0.6661632026103997,0.02631578947368421,1.0,0.0,0.33333333333333337,0.45518316445830465,0.6694560669456067,0.0027204715484017428,0.17051039697542336,0.0,0.0,0.0,0.0,0.0,0.0,0.0,0.0,0.0,0.0,0.0,0.0,0.0,1.0,0.0,0.0,0.0,0.0,0.0,0.0,1.0,0.0,0.0,1.0,0.0
8867,0.1728395061728395,0.0,0.0,0.0,0.0,0.0,0.5984801554161608,0.02631578947368421,1.0,0.0,0.33333333333333337,0.45518316445830465,0.6694560669456067,0.0027204715484017428,0.17051039697542336,1.0,0.0,0.0,0.0,0.0,0.0,0.0,0.0,0.0,0.0,0.0,0.0,1.0,0.0,0.0,0.0,0.0,0.0,0.0,1.0,0.0,0.0,0.0,1.0,0.0
8868,0.5555555555555556,0.0,0.0,0.0,0.0,0.0,0.5485843549516803,0.02631578947368421,1.0,0.0,0.33333333333333337,0.45518316445830465,0.6694560669456067,0.0027204715484017428,0.17051039697542336,0.0,0.0,0.0,0.0,0.0,0.0,0.0,0.0,0.0,1.0,0.0,0.0,1.0,0.0,0.0,0.0,0.0,0.0,0.0,0.0,0.0,1.0,0.0,1.0,0.0
8869,0.16049382716049382,1.0,0.0,1.0,0.0,0.0,0.7481094227043764,0.15789473684210525,1.0,0.0,0.33333333333333337,0.45518316445830465,0.6694560669456067,0.0027204715484017428,0.17051039697542336,1.0,0.0,0.0,0.0,0.0,0.0,1.0,0.0,0.0,0.0,0.0,0.0,1.0,0.0,0.0,0.0,0.0,0.0,0.0,0.0,1.0,0.0,0.0,1.0,0.0
8870,0.20987654320987653,0.0,0.0,1.0,0.0,0.0,0.6713567691230875,0.13157894736842105,0.006006006006006006,0.14285714285714285,0.33333333333333337,0.45518316445830465,0.6694560669456067,0.0027204715484017428,0.17051039697542336,1.0,0.0,0.0,0.0,0.0,0.0,0.0,0.0,0.0,1.0,0.0,0.0,1.0,0.0,0.0,0.0,0.0,0.0,0.0,1.0,0.0,0.0,0.0,0.0,1.0
8871,0.14814814814814814,1.0,0.0,0.0,0.0,0.0,0.6930644475725992,0.0,0.003003003003003003,0.42857142857142855,0.33333333333333337,0.45518316445830465,0.6694560669456067,0.0027204715484017428,0.17051039697542336,1.0,0.0,0.0,0.0,0.0,0.0,0.0,0.0,0.0,0.0,0.0,0.0,0.0,1.0,0.0,0.0,0.0,0.0,0.0,0.0,1.0,0.0,0.0,0.0,1.0
8872,0.1728395061728395,1.0,0.0,0.0,0.0,0.25,0.6115259753720838,0.0,0.01001001001001001,0.14285714285714285,0.33333333333333337,0.45518316445830465,0.6694560669456067,0.0027204715484017428,0.17051039697542336,1.0,0.0,0.0,0.0,0.0,0.0,0.0,0.0,0.0,0.0,1.0,0.0,0.0,1.0,0.0,0.0,0.0,0.0,0.0,0.0,1.0,0.0,0.0,0.0,1.0
8873,0.3703703703703703,0.0,0.0,0.0,0.0,0.25,0.6550330380858423,0.0,1.0,0.0,0.33333333333333337,0.45518316445830465,0.6694560669456067,0.0027204715484017428,0.17051039697542336,1.0,0.0,0.0,0.0,0.0,0.0,1.0,0.0,0.0,0.0,0.0,0.0,0.0,0.0,0.0,0.0,0.0,0.0,0.0,0.0,1.0,0.0,0.0,1.0,0.0
8874,0.38271604938271603,1.0,0.0,0.0,0.0,0.25,0.6628493172872891,0.0,1.0,0.2857142857142857,0.33333333333333337,0.45518316445830465,0.6694560669456067,0.0027204715484017428,0.17051039697542336,1.0,0.0,0.0,0.0,0.0,0.0,0.0,0.0,0.0,0.0,1.0,0.0,1.0,0.0,0.0,0.0,0.0,0.0,0.0,0.0,1.0,0.0,0.0,0.0,0.0
8875,0.19753086419753085,1.0,0.0,0.0,0.0,0.25,0.7212477446188635,0.0,1.0,0.0,0.33333333333333337,0.45518316445830465,0.6694560669456067,0.0027204715484017428,0.17051039697542336,1.0,0.0,0.0,0.0,0.0,0.0,0.0,0.0,0.0,1.0,0.0,0.0,0.0,1.0,0.0,0.0,0.0,0.0,0.0,1.0,0.0,0.0,0.0,1.0,0.0
8876,0.35802469135802467,0.0,0.0,0.0,0.0,0.25,0.6559276062712989,0.0,0.01001001001001001,0.2857142857142857,0.33333333333333337,0.45518316445830465,0.6694560669456067,0.0027204715484017428,0.17051039697542336,1.0,0.0,0.0,0.0,0.0,0.0,0.0,0.0,0.0,0.0,1.0,0.0,0.0,1.0,0.0,0.0,0.0,0.0,0.0,0.0,1.0,0.0,0.0,0.0,1.0
8877,0.1728395061728395,1.0,0.0,1.0,0.0,0.25,0.6693862850347637,0.0,0.003003003003003003,0.2857142857142857,0.33333333333333337,0.45518316445830465,0.6694560669456067,0.0027204715484017428,0.17051039697542336,1.0,0.0,0.0,0.0,0.0,0.0,0.0,0.0,0.0,0.0,0.0,0.0,0.0,1.0,0.0,0.0,0.0,0.0,0.0,0.0,1.0,0.0,0.0,0.0,1.0
8878,0.19753086419753085,1.0,0.0,1.0,0.0,0.25,0.647141331954917,0.02631578947368421,1.0,0.0,0.33333333333333337,0.45518316445830465,0.6694560669456067,0.0027204715484017428,0.17051039697542336,0.0,0.0,0.0,0.0,0.0,0.0,0.0,0.0,0.0,1.0,0.0,0.0,0.0,1.0,0.0,0.0,0.0,0.0,0.0,1.0,0.0,0.0,0.0,1.0,0.0
8879,0.43209876543209874,0.0,0.0,0.0,0.0,0.25,0.6407277649233879,0.0,0.006006006006006006,0.2857142857142857,0.33333333333333337,0.45518316445830465,0.6694560669456067,0.0027204715484017428,0.17051039697542336,1.0,0.0,0.0,0.0,0.0,0.0,0.0,0.0,0.0,0.0,0.0,0.0,1.0,0.0,0.0,0.0,0.0,0.0,0.0,0.0,1.0,0.0,0.0,0.0,1.0
8880,0.16049382716049382,0.5,0.5,0.0,0.0,0.25,0.6598710531604159,0.05263157894736842,1.0,0.0,0.33333333333333337,0.45518316445830465,0.6694560669456067,0.0027204715484017428,0.17051039697542336,0.0,0.0,0.0,0.0,0.0,0.0,0.0,0.0,0.0,1.0,0.0,0.0,0.0,1.0,0.0,0.0,0.0,0.0,0.0,0.0,1.0,0.0,0.0,1.0,0.0
8881,0.6049382716049383,0.5,0.5,0.0,0.0,0.25,0.7978241763466862,0.05263157894736842,1.0,0.14285714285714285,0.33333333333333337,0.45518316445830465,0.6694560669456067,0.0027204715484017428,0.17051039697542336,1.0,0.0,0.0,0.0,0.0,1.0,0.0,0.0,0.0,0.0,0.0,0.0,1.0,0.0,0.0,0.0,0.0,1.0,0.0,0.0,0.0,0.0,0.0,0.0,0.0
8882,0.07407407407407407,0.0,0.0,0.0,0.0,0.5,0.5716847586578249,0.0,1.0,0.0,0.33333333333333337,0.45518316445830465,0.6694560669456067,0.002267059623668105,0.17051039697542336,1.0,0.0,0.0,0.0,0.0,0.0,0.0,0.0,1.0,0.0,0.0,0.0,0.0,1.0,0.0,0.0,0.0,1.0,0.0,0.0,0.0,0.0,0.0,1.0,0.0
8883,0.43209876543209874,0.0,0.0,0.0,0.0,0.5,0.6598710531604159,0.05263157894736842,1.0,0.0,0.33333333333333337,0.45518316445830465,0.6694560669456067,0.002267059623668105,0.17051039697542336,1.0,0.0,0.0,0.0,0.0,0.0,0.0,0.0,0.0,1.0,0.0,0.0,1.0,0.0,0.0,0.0,1.0,0.0,0.0,0.0,0.0,0.0,0.0,1.0,0.0
8884,0.4444444444444445,0.5,0.5,0.0,0.0,0.75,0.6933889585355939,0.0,0.009009009009009009,0.2857142857142857,0.33333333333333337,0.45518316445830465,0.6694560669456067,0.0020403536613012863,0.17051039697542336,1.0,1.0,0.0,0.0,0.0,0.0,0.0,0.0,0.0,0.0,0.0,0.0,0.0,1.0,0.0,0.0,1.0,0.0,0.0,0.0,0.0,0.0,0.0,0.0,1.0
8885,0.4444444444444445,0.0,0.0,0.0,0.0,0.75,0.5344511608683252,0.0,1.0,0.14285714285714285,0.33333333333333337,0.45518316445830465,0.6694560669456067,0.0020403536613012863,0.17051039697542336,0.0,0.0,0.0,0.0,0.0,0.0,0.0,0.0,0.0,1.0,0.0,0.0,1.0,0.0,0.0,0.0,0.0,0.0,0.0,0.0,0.0,1.0,0.0,0.0,0.0
8886,0.13580246913580246,0.0,0.0,0.0,0.0,0.75,0.64373137872162,0.0,1.0,0.0,0.33333333333333337,0.45518316445830465,0.6694560669456067,0.0020403536613012863,0.17051039697542336,1.0,0.0,0.0,0.0,0.0,0.0,0.0,0.0,0.0,0.0,0.0,0.0,0.0,1.0,0.0,0.0,0.0,0.0,0.0,0.0,1.0,0.0,0.0,1.0,0.0
8887,0.25925925925925924,1.0,0.0,0.0,0.0,0.75,0.7108260166752879,0.0,1.0,0.0,0.33333333333333337,0.45518316445830465,0.6694560669456067,0.0020403536613012863,0.17051039697542336,1.0,0.0,0.0,0.0,0.0,0.0,0.0,0.0,0.0,0.0,0.0,0.0,0.0,1.0,0.0,0.0,0.0,0.0,0.0,0.0,1.0,0.0,0.0,1.0,0.0
8888,0.3209876543209876,1.0,0.0,0.0,0.0,0.75,0.6568154229344138,0.0,1.0,0.0,0.33333333333333337,0.45518316445830465,0.6694560669456067,0.0020403536613012863,0.17051039697542336,1.0,0.0,0.0,0.0,0.0,0.0,0.0,0.0,0.0,0.0,0.0,0.0,1.0,0.0,0.0,0.0,0.0,1.0,0.0,0.0,0.0,0.0,0.0,1.0,0.0
8889,0.20987654320987653,1.0,0.0,0.0,0.0,0.75,0.8016297723934792,0.02631578947368421,0.006006006006006006,0.42857142857142855,0.33333333333333337,0.45518316445830465,0.6694560669456067,0.0020403536613012863,0.17051039697542336,1.0,0.0,0.0,0.0,0.0,0.0,0.0,0.0,0.0,0.0,0.0,0.0,0.0,1.0,0.0,0.0,0.0,0.0,0.0,0.0,1.0,0.0,0.0,0.0,1.0
8890,0.14814814814814814,1.0,1.0,0.0,0.0,0.75,0.7232759870961841,0.02631578947368421,0.013013013013013013,0.14285714285714285,0.33333333333333337,0.45518316445830465,0.6694560669456067,0.0020403536613012863,0.17051039697542336,1.0,0.0,0.0,0.0,0.0,0.0,0.0,0.0,0.0,1.0,0.0,0.0,0.0,1.0,0.0,0.0,0.0,0.0,0.0,1.0,0.0,0.0,0.0,0.0,1.0
8891,0.2716049382716049,0.0,0.0,0.0,0.0,0.75,0.7513215034780908,0.07894736842105263,1.0,0.14285714285714285,0.33333333333333337,0.45518316445830465,0.6694560669456067,0.0020403536613012863,0.17051039697542336,1.0,0.0,0.0,0.0,0.0,0.0,0.0,0.0,0.0,0.0,0.0,0.0,0.0,0.0,0.0,0.0,0.0,0.0,0.0,1.0,0.0,0.0,0.0,0.0,0.0
8892,0.7160493827160492,0.0,0.0,0.0,0.0,0.0,0.6685887555427749,0.02631578947368421,1.0,0.14285714285714285,0.33333333333333337,0.45518316445830465,0.6694560669456067,0.0011335298118340664,0.17051039697542336,1.0,0.0,0.0,0.0,0.0,1.0,0.0,0.0,0.0,0.0,0.0,0.0,1.0,0.0,0.0,0.0,1.0,0.0,0.0,0.0,0.0,0.0,0.0,0.0,0.0
8893,0.5185185185185184,1.0,0.0,0.0,0.0,0.0,0.6518473654724107,0.02631578947368421,1.0,0.0,0.33333333333333337,0.45518316445830465,0.6694560669456067,0.0011335298118340664,0.17051039697542336,1.0,0.0,0.0,0.0,0.0,0.0,0.0,0.0,0.0,0.0,1.0,0.0,1.0,0.0,0.0,0.0,1.0,0.0,0.0,0.0,0.0,0.0,0.0,1.0,0.0
8894,0.12345679012345678,1.0,0.0,0.0,0.0,0.0,0.6485730147319224,0.05263157894736842,0.006006006006006006,0.2857142857142857,0.33333333333333337,0.45518316445830465,0.6694560669456067,0.0011335298118340664,0.17051039697542336,1.0,0.0,0.0,0.0,0.0,0.0,0.0,0.0,0.0,0.0,0.0,0.0,0.0,1.0,0.0,0.0,0.0,0.0,0.0,0.0,0.0,1.0,0.0,0.0,1.0
8895,0.16049382716049382,0.0,0.0,0.0,0.0,0.0,0.8099779593173424,0.02631578947368421,0.011011011011011011,0.2857142857142857,0.33333333333333337,0.45518316445830465,0.6694560669456067,0.0011335298118340664,0.17051039697542336,1.0,0.0,0.0,0.0,0.0,0.0,0.0,0.0,0.0,1.0,0.0,0.0,0.0,0.0,1.0,0.0,0.0,0.0,0.0,0.0,1.0,0.0,0.0,0.0,1.0
8896,0.16049382716049382,0.0,0.0,0.0,0.0,0.0,0.6068862413262684,0.02631578947368421,0.006006006006006006,0.2857142857142857,0.33333333333333337,0.45518316445830465,0.6694560669456067,0.0011335298118340664,0.17051039697542336,1.0,0.0,0.0,0.0,0.0,0.0,0.0,0.0,0.0,1.0,0.0,0.0,0.0,0.0,1.0,0.0,0.0,0.0,0.0,0.0,1.0,0.0,0.0,0.0,1.0
8897,0.14814814814814814,1.0,0.0,0.0,0.0,0.0,0.6323216790132803,0.0,1.0,0.0,0.33333333333333337,0.45518316445830465,0.6694560669456067,0.0011335298118340664,0.17051039697542336,1.0,0.0,0.0,0.0,0.0,0.0,0.0,0.0,0.0,0.0,0.0,0.0,0.0,1.0,0.0,0.0,0.0,0.0,0.0,0.0,1.0,0.0,0.0,1.0,0.0
8898,0.25925925925925924,0.0,1.0,0.0,0.0,0.0,0.6490463962539821,0.0,0.003003003003003003,0.5714285714285714,0.33333333333333337,0.45518316445830465,0.6694560669456067,0.0011335298118340664,0.17051039697542336,1.0,0.0,0.0,0.0,0.0,0.0,0.0,0.0,1.0,0.0,0.0,0.0,0.0,1.0,0.0,0.0,0.0,0.0,0.0,0.0,0.0,1.0,0.0,0.0,1.0
8899,0.2716049382716049,0.0,0.0,0.0,0.0,0.0,0.6360734596286551,0.0,0.012012012012012012,0.2857142857142857,0.33333333333333337,0.45518316445830465,0.6694560669456067,0.0011335298118340664,0.17051039697542336,1.0,0.0,0.0,0.0,0.0,0.0,0.0,0.0,0.0,1.0,0.0,0.0,0.0,0.0,0.0,0.0,0.0,1.0,0.0,0.0,0.0,0.0,0.0,0.0,1.0
8900,0.2716049382716049,0.0,0.0,0.0,0.0,0.0,0.6075603701023119,0.0,0.003003003003003003,0.14285714285714285,0.33333333333333337,0.45518316445830465,0.6694560669456067,0.0011335298118340664,0.17051039697542336,1.0,0.0,0.0,0.0,0.0,0.0,0.0,0.0,0.0,1.0,0.0,0.0,0.0,0.0,0.0,0.0,0.0,1.0,0.0,0.0,0.0,0.0,0.0,0.0,1.0
8901,0.12345679012345678,0.0,0.0,0.0,0.0,0.0,0.6677857821213365,0.0,1.0,0.42857142857142855,0.33333333333333337,0.45518316445830465,0.6694560669456067,0.0011335298118340664,0.17051039697542336,1.0,0.0,0.0,0.0,0.0,0.0,0.0,0.0,0.0,0.0,0.0,0.0,0.0,1.0,0.0,0.0,0.0,0.0,0.0,0.0,0.0,1.0,0.0,0.0,0.0
8902,0.16049382716049382,0.0,1.0,1.0,0.0,0.25,0.6523077776041232,0.0,0.003003003003003003,0.2857142857142857,0.33333333333333337,0.45518316445830465,0.6694560669456067,0.0006801178871004288,0.17051039697542336,1.0,0.0,0.0,0.0,0.0,0.0,0.0,0.0,1.0,0.0,0.0,0.0,0.0,1.0,0.0,0.0,0.0,0.0,0.0,0.0,0.0,1.0,0.0,0.0,1.0
8903,0.16049382716049382,1.0,0.0,0.0,0.0,0.25,0.5787626916748434,0.0,0.009009009009009009,0.14285714285714285,0.33333333333333337,0.45518316445830465,0.6694560669456067,0.0006801178871004288,0.17051039697542336,1.0,0.0,0.0,0.0,0.0,0.0,0.0,0.0,1.0,0.0,0.0,0.0,0.0,1.0,0.0,0.0,0.0,0.0,0.0,0.0,0.0,1.0,0.0,0.0,1.0
8904,0.12345679012345678,0.0,0.0,0.0,0.0,0.25,0.6603011638753588,0.0,1.0,0.0,0.33333333333333337,0.45518316445830465,0.6694560669456067,0.0006801178871004288,0.17051039697542336,1.0,0.0,0.0,0.0,0.0,0.0,0.0,0.0,0.0,0.0,0.0,0.0,0.0,1.0,0.0,0.0,0.0,0.0,0.0,0.0,1.0,0.0,0.0,1.0,0.0
8905,0.12345679012345678,0.0,0.0,0.0,0.0,0.25,0.5716847586578249,0.0,0.003003003003003003,0.14285714285714285,0.33333333333333337,0.45518316445830465,0.6694560669456067,0.0006801178871004288,0.17051039697542336,1.0,0.0,0.0,0.0,0.0,0.0,0.0,0.0,0.0,0.0,0.0,0.0,0.0,1.0,0.0,0.0,0.0,0.0,0.0,0.0,0.0,1.0,0.0,0.0,1.0
8906,0.12345679012345678,0.0,0.0,0.0,0.0,0.25,0.6184662540070037,0.02631578947368421,1.0,0.0,0.33333333333333337,0.45518316445830465,0.6694560669456067,0.0006801178871004288,0.17051039697542336,1.0,0.0,0.0,0.0,0.0,0.0,0.0,0.0,0.0,0.0,0.0,0.0,0.0,1.0,0.0,0.0,0.0,0.0,0.0,0.0,1.0,0.0,0.0,1.0,0.0
8907,0.16049382716049382,0.0,0.0,0.0,0.0,0.75,0.5440593682563573,0.0,0.014014014014014014,0.14285714285714285,0.33333333333333337,0.45518316445830465,0.6694560669456067,0.00022670596236681884,0.17051039697542336,1.0,0.0,0.0,0.0,0.0,0.0,0.0,0.0,1.0,0.0,0.0,0.0,0.0,1.0,0.0,0.0,0.0,0.0,0.0,0.0,0.0,1.0,0.0,0.0,1.0
8908,0.16049382716049382,1.0,0.0,0.0,0.0,0.75,0.6681879539642915,0.0,1.0,0.0,0.33333333333333337,0.45518316445830465,0.6694560669456067,0.00022670596236681884,0.17051039697542336,1.0,0.0,0.0,0.0,0.0,0.0,0.0,0.0,1.0,0.0,0.0,0.0,0.0,1.0,0.0,0.0,0.0,0.0,0.0,0.0,0.0,1.0,0.0,1.0,0.0
8909,0.7777777777777777,1.0,0.0,0.0,0.0,0.75,0.5947922311468027,0.0,1.0,0.0,0.33333333333333337,0.45518316445830465,0.6694560669456067,0.00022670596236681884,0.17051039697542336,1.0,0.0,0.0,0.0,0.0,1.0,0.0,0.0,0.0,0.0,0.0,0.0,1.0,0.0,0.0,0.0,0.0,0.0,0.0,0.0,0.0,0.0,0.0,1.0,0.0
8910,0.29629629629629634,0.0,0.0,0.0,0.0,0.75,0.6159896330688406,0.0,0.006006006006006006,0.14285714285714285,0.33333333333333337,0.45518316445830465,0.6694560669456067,0.00022670596236681884,0.17051039697542336,1.0,0.0,0.0,0.0,0.0,0.0,0.0,0.0,0.0,1.0,0.0,0.0,0.0,0.0,0.0,0.0,0.0,0.0,0.0,0.0,1.0,0.0,0.0,0.0,1.0
8911,0.13580246913580246,0.0,0.0,0.0,0.0,0.75,0.6172344610818086,0.0,1.0,0.0,0.33333333333333337,0.45518316445830465,0.6694560669456067,0.00022670596236681884,0.17051039697542336,0.0,0.0,0.0,0.0,0.0,0.0,0.0,0.0,0.0,0.0,0.0,0.0,0.0,1.0,0.0,0.0,0.0,0.0,0.0,0.0,1.0,0.0,0.0,1.0,0.0
8912,0.7530864197530864,0.0,0.0,0.0,0.0,0.75,0.6598710531604159,0.0,0.006006006006006006,0.2857142857142857,0.33333333333333337,0.45518316445830465,0.6694560669456067,0.00022670596236681884,0.17051039697542336,1.0,0.0,0.0,0.0,0.0,1.0,0.0,0.0,0.0,0.0,0.0,0.0,1.0,0.0,0.0,0.0,0.0,0.0,0.0,0.0,0.0,1.0,0.0,0.0,1.0
8913,0.6049382716049383,1.0,0.0,0.0,0.0,0.75,0.6244388640920251,0.0,0.003003003003003003,0.2857142857142857,0.33333333333333337,0.45518316445830465,0.6694560669456067,0.00022670596236681884,0.17051039697542336,1.0,0.0,0.0,1.0,0.0,0.0,0.0,0.0,0.0,0.0,0.0,0.0,0.0,0.0,0.0,0.0,0.0,0.0,0.0,0.0,0.0,0.0,0.0,0.0,1.0
8914,0.4938271604938272,0.0,0.0,0.0,0.0,1.0,0.5356959888812932,0.02631578947368421,1.0,0.0,0.33333333333333337,0.45518316445830465,0.6694560669456067,0.00045341192473363767,0.17051039697542336,0.0,1.0,0.0,0.0,0.0,0.0,0.0,0.0,0.0,0.0,0.0,0.0,1.0,0.0,0.0,0.0,1.0,0.0,0.0,0.0,0.0,0.0,0.0,1.0,0.0
8915,0.5925925925925926,0.0,0.0,0.0,0.0,1.0,0.6665709505038611,0.05263157894736842,1.0,0.0,0.33333333333333337,0.45518316445830465,0.6694560669456067,0.00045341192473363767,0.17051039697542336,1.0,0.0,0.0,1.0,0.0,0.0,0.0,0.0,0.0,0.0,0.0,0.0,0.0,0.0,0.0,0.0,0.0,0.0,0.0,0.0,0.0,0.0,1.0,1.0,0.0
8916,0.20987654320987653,1.0,0.0,0.0,0.0,1.0,0.6927390389294485,0.0,1.0,0.14285714285714285,0.33333333333333337,0.45518316445830465,0.6694560669456067,0.00045341192473363767,0.17051039697542336,1.0,1.0,0.0,0.0,0.0,0.0,0.0,0.0,0.0,0.0,0.0,0.0,0.0,1.0,0.0,0.0,0.0,0.0,0.0,0.0,0.0,1.0,0.0,0.0,0.0
8917,0.12345679012345678,0.0,0.0,0.0,0.0,1.0,0.6636865816722366,0.0,1.0,0.0,0.33333333333333337,0.45518316445830465,0.6694560669456067,0.00045341192473363767,0.17051039697542336,1.0,0.0,0.0,0.0,0.0,0.0,1.0,0.0,0.0,0.0,0.0,0.0,0.0,1.0,0.0,0.0,0.0,0.0,0.0,0.0,1.0,0.0,0.0,1.0,0.0
8918,0.5061728395061729,0.0,0.0,0.0,0.0,0.0,0.5331930189342876,0.02631578947368421,0.003003003003003003,0.14285714285714285,0.33333333333333337,0.45518316445830465,0.6694560669456067,0.00022670596236681884,0.17051039697542336,1.0,0.0,0.0,0.0,0.0,0.0,0.0,1.0,0.0,0.0,0.0,0.0,1.0,0.0,0.0,0.0,0.0,1.0,0.0,0.0,0.0,0.0,0.0,0.0,1.0
8919,0.4938271604938272,0.0,0.0,0.0,0.0,0.0,0.6863788332730624,0.02631578947368421,1.0,0.0,0.33333333333333337,0.45518316445830465,0.6694560669456067,0.00022670596236681884,0.17051039697542336,1.0,0.0,0.0,0.0,1.0,0.0,0.0,0.0,0.0,0.0,0.0,0.0,1.0,0.0,0.0,0.0,0.0,0.0,0.0,0.0,1.0,0.0,0.0,1.0,0.0
8920,0.5555555555555556,0.0,0.0,0.0,0.0,0.0,0.7347617030588557,0.02631578947368421,1.0,0.2857142857142857,0.33333333333333337,0.45518316445830465,0.6694560669456067,0.00022670596236681884,0.17051039697542336,0.0,1.0,0.0,0.0,0.0,0.0,0.0,0.0,0.0,0.0,0.0,0.0,1.0,0.0,0.0,0.0,0.0,0.0,0.0,0.0,0.0,1.0,0.0,0.0,0.0
8921,0.037037037037037035,0.0,0.0,0.0,0.0,0.0,0.5902084636135368,0.05263157894736842,0.003003003003003003,0.42857142857142855,0.33333333333333337,0.45518316445830465,0.6694560669456067,0.00022670596236681884,0.17051039697542336,0.0,0.0,0.0,0.0,0.0,0.0,0.0,1.0,0.0,0.0,0.0,0.0,0.0,1.0,0.0,0.0,0.0,0.0,0.0,0.0,0.0,1.0,0.0,0.0,1.0
8922,0.5061728395061729,1.0,0.0,1.0,0.0,0.0,0.5571434124691511,0.07894736842105263,1.0,0.0,0.33333333333333337,0.45518316445830465,0.6694560669456067,0.00022670596236681884,0.17051039697542336,0.0,0.0,0.0,0.0,0.0,0.0,0.0,1.0,0.0,0.0,0.0,0.0,1.0,0.0,0.0,0.0,0.0,1.0,0.0,0.0,0.0,0.0,0.0,1.0,0.0
8923,0.2222222222222222,0.0,0.0,1.0,0.0,0.0,0.7144035016000657,0.05263157894736842,1.0,0.14285714285714285,0.33333333333333337,0.45518316445830465,0.6694560669456067,0.00022670596236681884,0.17051039697542336,1.0,1.0,0.0,0.0,0.0,0.0,0.0,0.0,0.0,0.0,0.0,0.0,1.0,0.0,0.0,0.0,0.0,0.0,0.0,0.0,0.0,0.0,0.0,0.0,0.0
8924,0.6296296296296295,1.0,0.0,0.0,0.0,0.25,0.6620060509558884,0.02631578947368421,0.011011011011011011,0.14285714285714285,0.33333333333333337,0.45518316445830465,0.6694560669456067,0.00022670596236681884,0.17051039697542336,1.0,0.0,0.0,0.0,0.0,1.0,0.0,0.0,0.0,0.0,0.0,0.0,0.0,0.0,0.0,0.0,0.0,0.0,0.0,0.0,0.0,0.0,0.0,0.0,1.0
8925,0.5185185185185184,1.0,0.0,0.0,0.0,0.25,0.6432360720972943,0.0,1.0,0.0,0.33333333333333337,0.45518316445830465,0.6694560669456067,0.00022670596236681884,0.17051039697542336,1.0,0.0,0.0,0.0,0.0,0.0,0.0,0.0,0.0,0.0,0.0,0.0,0.0,0.0,0.0,0.0,0.0,0.0,0.0,0.0,1.0,0.0,0.0,1.0,0.0
8926,0.12345679012345678,1.0,0.0,0.0,0.0,0.25,0.6924127276259379,0.0,1.0,0.14285714285714285,0.33333333333333337,0.45518316445830465,0.6694560669456067,0.00022670596236681884,0.17051039697542336,1.0,0.0,0.0,0.0,0.0,0.0,0.0,0.0,0.0,0.0,0.0,0.0,0.0,1.0,0.0,0.0,0.0,0.0,0.0,0.0,1.0,0.0,0.0,0.0,0.0
8927,0.3703703703703703,1.0,0.0,1.0,0.0,0.25,0.5540062892371289,0.0,1.0,0.0,0.33333333333333337,0.45518316445830465,0.6694560669456067,0.00022670596236681884,0.17051039697542336,1.0,0.0,0.0,0.0,0.0,0.0,1.0,0.0,0.0,0.0,0.0,0.0,1.0,0.0,0.0,0.0,0.0,0.0,0.0,1.0,0.0,0.0,0.0,1.0,0.0
8928,0.12345679012345678,0.0,0.0,0.0,0.0,0.25,0.6442246085825132,0.07894736842105263,1.0,0.0,0.33333333333333337,0.45518316445830465,0.6694560669456067,0.00022670596236681884,0.17051039697542336,1.0,0.0,0.0,0.0,0.0,0.0,0.0,0.0,0.0,0.0,0.0,0.0,0.0,1.0,0.0,0.0,0.0,0.0,0.0,0.0,1.0,0.0,0.0,1.0,0.0
8929,0.39506172839506176,1.0,0.0,0.0,0.0,0.25,0.6432360720972943,0.07894736842105263,0.003003003003003003,0.14285714285714285,0.33333333333333337,0.45518316445830465,0.6694560669456067,0.00022670596236681884,0.17051039697542336,1.0,0.0,0.0,0.0,0.0,0.0,0.0,0.0,0.0,1.0,0.0,0.0,0.0,0.0,0.0,0.0,0.0,0.0,0.0,1.0,0.0,0.0,0.0,0.0,1.0
8930,0.5802469135802468,1.0,0.0,0.0,0.0,0.5,0.6554811725306058,0.02631578947368421,1.0,0.0,0.33333333333333337,0.45518316445830465,0.6694560669456067,0.0,0.17051039697542336,1.0,0.0,0.0,0.0,0.0,1.0,0.0,0.0,0.0,0.0,0.0,0.0,1.0,0.0,0.0,0.0,0.0,0.0,0.0,0.0,0.0,0.0,0.0,1.0,0.0
8931,0.48148148148148145,0.0,0.0,0.0,0.0,0.5,0.7481094227043764,0.0,1.0,0.0,0.33333333333333337,0.45518316445830465,0.6694560669456067,0.0,0.17051039697542336,1.0,0.0,0.0,0.0,0.0,0.0,0.0,0.0,0.0,0.0,1.0,0.0,0.0,0.0,0.0,0.0,0.0,0.0,0.0,0.0,0.0,0.0,0.0,1.0,0.0
8932,0.48148148148148145,1.0,0.0,0.0,0.0,0.5,0.6048403610725471,0.0,1.0,0.14285714285714285,0.33333333333333337,0.45518316445830465,0.6694560669456067,0.0,0.17051039697542336,1.0,0.0,0.0,0.0,0.0,0.0,0.0,0.0,0.0,0.0,1.0,0.0,0.0,0.0,0.0,0.0,0.0,0.0,0.0,0.0,0.0,0.0,0.0,0.0,0.0
8933,0.48148148148148145,0.0,0.0,0.0,0.0,0.5,0.6196852820090151,0.0,0.005005005005005005,0.14285714285714285,0.33333333333333337,0.45518316445830465,0.6694560669456067,0.0,0.17051039697542336,1.0,0.0,0.0,0.0,0.0,0.0,0.0,0.0,0.0,0.0,0.0,0.0,0.0,1.0,0.0,0.0,0.0,0.0,0.0,0.0,1.0,0.0,0.0,0.0,1.0
8934,0.48148148148148145,1.0,0.0,0.0,0.0,0.5,0.6082306576679029,0.0,1.0,0.14285714285714285,0.33333333333333337,0.45518316445830465,0.6694560669456067,0.0,0.17051039697542336,1.0,0.0,0.0,0.0,0.0,0.0,0.0,0.0,0.0,0.0,0.0,0.0,0.0,1.0,0.0,0.0,0.0,0.0,0.0,0.0,1.0,0.0,0.0,0.0,0.0
8935,0.12345679012345678,1.0,0.0,0.0,0.0,0.5,0.6295666315558228,0.0,0.006006006006006006,0.2857142857142857,0.33333333333333337,0.45518316445830465,0.6694560669456067,0.0,0.17051039697542336,1.0,0.0,0.0,0.0,0.0,0.0,0.0,0.0,0.0,0.0,0.0,0.0,0.0,1.0,0.0,0.0,0.0,0.0,0.0,0.0,1.0,0.0,0.0,0.0,1.0
8936,0.5308641975308641,1.0,1.0,0.0,0.1111111111111111,0.75,0.5894268318375645,0.0,0.012012012012012012,0.14285714285714285,0.33333333333333337,0.6032735775526064,0.6778242677824264,0.00022670596236681884,0.17051039697542336,1.0,0.0,0.0,1.0,0.0,0.0,0.0,0.0,0.0,0.0,0.0,0.0,1.0,0.0,0.0,0.0,0.0,0.0,0.0,0.0,0.0,0.0,0.0,0.0,1.0
8937,0.19753086419753085,1.0,0.0,0.0,0.1111111111111111,0.75,0.6632686943784747,0.0,0.007007007007007007,0.2857142857142857,0.33333333333333337,0.6032735775526064,0.6778242677824264,0.00022670596236681884,0.17051039697542336,1.0,0.0,0.0,0.0,0.0,0.0,0.0,0.0,0.0,0.0,0.0,0.0,0.0,1.0,0.0,0.0,0.0,0.0,0.0,0.0,1.0,0.0,0.0,0.0,1.0
8938,0.12345679012345678,1.0,0.0,1.0,0.1111111111111111,0.75,0.7021298060531943,0.0,0.004004004004004004,0.14285714285714285,0.33333333333333337,0.6032735775526064,0.6778242677824264,0.00022670596236681884,0.17051039697542336,1.0,0.0,0.0,0.0,0.0,0.0,0.0,0.0,1.0,0.0,0.0,0.0,0.0,1.0,0.0,0.0,0.0,0.0,0.0,0.0,0.0,1.0,0.0,0.0,1.0
8939,0.29629629629629634,0.0,0.0,1.0,0.1111111111111111,0.75,0.744177538941244,0.02631578947368421,1.0,0.0,0.33333333333333337,0.6032735775526064,0.6778242677824264,0.00022670596236681884,0.17051039697542336,1.0,0.0,0.0,0.0,0.0,0.0,0.0,0.0,0.0,0.0,0.0,0.0,0.0,0.0,0.0,0.0,0.0,1.0,0.0,0.0,0.0,0.0,0.0,1.0,0.0
8940,0.2222222222222222,1.0,0.0,1.0,0.1111111111111111,0.75,0.6328650293995502,0.05263157894736842,1.0,0.14285714285714285,0.33333333333333337,0.6032735775526064,0.6778242677824264,0.00022670596236681884,0.17051039697542336,1.0,0.0,0.0,0.0,0.0,0.0,0.0,0.0,0.0,0.0,0.0,0.0,0.0,0.0,0.0,0.0,0.0,1.0,0.0,0.0,0.0,0.0,0.0,0.0,0.0
8941,0.18518518518518517,1.0,0.0,0.0,0.1111111111111111,0.75,0.6920855086403026,0.02631578947368421,1.0,0.0,0.33333333333333337,0.6032735775526064,0.6778242677824264,0.00022670596236681884,0.17051039697542336,1.0,0.0,0.0,0.0,0.0,0.0,0.0,0.0,0.0,0.0,0.0,0.0,0.0,1.0,0.0,0.0,0.0,0.0,0.0,0.0,1.0,0.0,0.0,1.0,0.0
8942,0.2222222222222222,1.0,1.0,1.0,0.1111111111111111,0.75,0.5550613200712357,0.0,1.0,0.0,0.33333333333333337,0.6032735775526064,0.6778242677824264,0.00022670596236681884,0.17051039697542336,1.0,0.0,0.0,0.0,0.0,0.0,0.0,0.0,0.0,0.0,0.0,0.0,0.0,0.0,0.0,0.0,0.0,1.0,0.0,0.0,0.0,0.0,0.0,1.0,0.0
8943,0.19753086419753085,1.0,0.0,0.0,0.1111111111111111,0.25,0.6108742554254224,0.05263157894736842,1.0,0.0,0.33333333333333337,0.6032735775526064,0.6778242677824264,0.0009068238494672476,0.17051039697542336,1.0,0.0,0.0,0.0,0.0,0.0,0.0,0.0,0.0,0.0,0.0,0.0,0.0,1.0,0.0,0.0,0.0,0.0,0.0,0.0,1.0,0.0,0.0,1.0,0.0
8944,0.35802469135802467,0.0,1.0,0.0,0.1111111111111111,0.25,0.6172344610818086,0.0,0.005005005005005005,0.2857142857142857,0.33333333333333337,0.6032735775526064,0.6778242677824264,0.0009068238494672476,0.17051039697542336,1.0,0.0,0.0,0.0,0.0,0.0,0.0,0.0,0.0,1.0,0.0,0.0,1.0,0.0,0.0,0.0,0.0,0.0,0.0,1.0,0.0,0.0,0.0,0.0,1.0
8945,0.12345679012345678,0.0,0.0,0.0,0.1111111111111111,0.25,0.6778197757555917,0.0,0.012012012012012012,0.14285714285714285,0.33333333333333337,0.6032735775526064,0.6778242677824264,0.0009068238494672476,0.17051039697542336,1.0,0.0,0.0,0.0,0.0,0.0,0.0,0.0,0.0,0.0,0.0,0.0,0.0,1.0,0.0,0.0,0.0,0.0,0.0,0.0,1.0,0.0,0.0,0.0,1.0
8946,0.5432098765432098,1.0,0.0,0.0,0.1111111111111111,0.25,0.6214904603916316,0.0,1.0,0.14285714285714285,0.33333333333333337,0.6032735775526064,0.6778242677824264,0.0009068238494672476,0.17051039697542336,1.0,0.0,0.0,0.0,0.0,0.0,0.0,0.0,0.0,0.0,0.0,0.0,1.0,0.0,0.0,0.0,0.0,1.0,0.0,0.0,0.0,0.0,0.0,0.0,0.0
8947,0.8024691358024691,0.5,0.5,0.0,0.1111111111111111,0.25,0.5813108450867737,0.13157894736842105,1.0,0.0,0.33333333333333337,0.6032735775526064,0.6778242677824264,0.0009068238494672476,0.17051039697542336,1.0,0.0,0.0,1.0,0.0,0.0,0.0,0.0,0.0,0.0,0.0,0.0,0.0,0.0,0.0,0.0,0.0,0.0,0.0,0.0,0.0,0.0,0.0,1.0,0.0
8948,0.5061728395061729,0.0,0.0,0.0,0.1111111111111111,0.5,0.8441797746187297,0.0,1.0,0.0,0.33333333333333337,0.6032735775526064,0.6778242677824264,0.0011335298118340664,0.17051039697542336,1.0,0.0,0.0,0.0,0.0,1.0,0.0,0.0,0.0,0.0,0.0,0.0,1.0,0.0,0.0,0.0,0.0,0.0,0.0,0.0,0.0,0.0,0.0,1.0,0.0
8949,0.4444444444444445,1.0,0.0,0.0,0.1111111111111111,0.75,0.6360734596286551,0.02631578947368421,1.0,0.0,0.33333333333333337,0.6032735775526064,0.6778242677824264,0.0013602357742008575,0.17051039697542336,1.0,0.0,0.0,0.0,1.0,0.0,0.0,0.0,0.0,0.0,0.0,0.0,0.0,0.0,0.0,0.0,0.0,0.0,0.0,0.0,1.0,0.0,0.0,1.0,0.0
8950,0.7160493827160492,1.0,0.0,0.0,0.1111111111111111,0.75,0.64373137872162,0.02631578947368421,1.0,0.0,0.33333333333333337,0.6032735775526064,0.6778242677824264,0.0013602357742008575,0.17051039697542336,0.0,0.0,0.0,0.0,0.0,1.0,0.0,0.0,0.0,0.0,0.0,0.0,1.0,0.0,0.0,0.0,0.0,0.0,0.0,0.0,0.0,1.0,0.0,1.0,0.0
8951,0.5061728395061729,0.0,1.0,0.0,0.1111111111111111,0.75,0.684296740875147,0.0,1.0,0.0,0.33333333333333337,0.6032735775526064,0.6778242677824264,0.0013602357742008575,0.17051039697542336,1.0,0.0,0.0,1.0,0.0,0.0,0.0,0.0,0.0,0.0,0.0,0.0,0.0,1.0,0.0,0.0,0.0,0.0,0.0,1.0,0.0,0.0,0.0,1.0,0.0
8952,0.1111111111111111,1.0,0.0,0.0,0.1111111111111111,0.75,0.7561711246597944,0.0,1.0,0.0,0.33333333333333337,0.6032735775526064,0.6778242677824264,0.0013602357742008575,0.17051039697542336,1.0,0.0,0.0,0.0,0.0,0.0,0.0,0.0,0.0,0.0,1.0,0.0,0.0,1.0,0.0,0.0,0.0,0.0,0.0,0.0,1.0,0.0,0.0,1.0,0.0
8953,0.6666666666666665,0.0,0.0,0.0,0.1111111111111111,0.75,0.7443877894878045,0.0,1.0,0.0,0.33333333333333337,0.6032735775526064,0.6778242677824264,0.0013602357742008575,0.17051039697542336,1.0,0.0,0.0,0.0,0.0,1.0,0.0,0.0,0.0,0.0,0.0,0.0,1.0,0.0,0.0,0.0,0.0,0.0,0.0,1.0,0.0,0.0,0.0,1.0,0.0
8954,0.4444444444444445,0.5,0.5,0.0,0.1111111111111111,0.75,0.7801565204710165,0.02631578947368421,1.0,0.2857142857142857,0.33333333333333337,0.6032735775526064,0.6778242677824264,0.0013602357742008575,0.17051039697542336,1.0,0.0,0.0,0.0,0.0,0.0,0.0,0.0,0.0,1.0,0.0,0.0,1.0,0.0,0.0,0.0,0.0,0.0,0.0,0.0,1.0,0.0,0.0,0.0,0.0
8955,0.24691358024691357,1.0,0.0,1.0,0.1111111111111111,0.0,0.7267433793684569,0.0,1.0,0.0,0.33333333333333337,0.6032735775526064,0.6778242677824264,0.0018136476989344952,0.17051039697542336,1.0,0.0,0.0,0.0,0.0,0.0,0.0,0.0,0.0,1.0,0.0,0.0,1.0,0.0,0.0,0.0,0.0,0.0,0.0,1.0,0.0,0.0,0.0,1.0,0.0
8956,0.4567901234567901,1.0,0.0,0.0,0.1111111111111111,0.0,0.5962813035550764,0.02631578947368421,1.0,0.0,0.33333333333333337,0.6032735775526064,0.6778242677824264,0.0018136476989344952,0.17051039697542336,1.0,0.0,0.0,0.0,0.0,0.0,0.0,0.0,0.0,0.0,0.0,0.0,1.0,0.0,0.0,0.0,0.0,1.0,0.0,0.0,0.0,0.0,0.0,1.0,0.0
8957,0.2222222222222222,1.0,0.0,0.0,0.1111111111111111,0.0,0.6849948743751764,0.0,1.0,0.2857142857142857,0.33333333333333337,0.6032735775526064,0.6778242677824264,0.0018136476989344952,0.17051039697542336,0.0,0.0,0.0,0.0,0.0,0.0,0.0,0.0,0.0,0.0,0.0,0.0,1.0,0.0,0.0,0.0,0.0,0.0,0.0,0.0,1.0,0.0,0.0,0.0,0.0
8958,0.38271604938271603,1.0,0.0,0.0,0.1111111111111111,0.0,0.6835944393892373,0.0,0.007007007007007007,0.14285714285714285,0.33333333333333337,0.6032735775526064,0.6778242677824264,0.0018136476989344952,0.17051039697542336,1.0,0.0,0.0,0.0,0.0,0.0,0.0,0.0,0.0,0.0,0.0,0.0,1.0,0.0,0.0,0.0,0.0,0.0,0.0,1.0,0.0,0.0,0.0,0.0,1.0
8959,0.30864197530864196,1.0,0.0,1.0,0.1111111111111111,0.0,0.6594393640539922,0.0,1.0,0.14285714285714285,0.33333333333333337,0.6032735775526064,0.6778242677824264,0.0018136476989344952,0.17051039697542336,0.0,0.0,0.0,1.0,0.0,0.0,0.0,0.0,0.0,0.0,0.0,0.0,0.0,0.0,0.0,0.0,0.0,0.0,0.0,0.0,0.0,0.0,0.0,0.0,0.0
8960,0.5185185185185184,0.0,0.0,0.0,0.1111111111111111,0.0,0.8520076163399982,0.05263157894736842,1.0,0.14285714285714285,0.33333333333333337,0.6032735775526064,0.6778242677824264,0.0018136476989344952,0.17051039697542336,1.0,1.0,0.0,0.0,0.0,0.0,0.0,0.0,0.0,0.0,0.0,0.0,1.0,0.0,0.0,0.0,0.0,0.0,0.0,0.0,0.0,0.0,0.0,0.0,0.0
8961,0.2222222222222222,1.0,0.0,0.0,0.1111111111111111,0.0,0.608897147549857,0.0,1.0,0.0,0.33333333333333337,0.6032735775526064,0.6778242677824264,0.0018136476989344952,0.17051039697542336,1.0,0.0,0.0,0.0,0.0,0.0,0.0,0.0,0.0,0.0,0.0,0.0,1.0,0.0,0.0,0.0,0.0,0.0,0.0,0.0,1.0,0.0,0.0,1.0,0.0
8962,0.5679012345679011,0.0,0.0,0.0,0.1111111111111111,0.0,0.608897147549857,0.05263157894736842,1.0,0.0,0.33333333333333337,0.6032735775526064,0.6778242677824264,0.0018136476989344952,0.17051039697542336,1.0,0.0,0.0,0.0,0.0,0.0,0.0,0.0,0.0,1.0,0.0,0.0,1.0,0.0,0.0,0.0,0.0,1.0,0.0,0.0,0.0,0.0,0.0,1.0,0.0
8963,0.1111111111111111,1.0,1.0,0.0,0.1111111111111111,0.25,0.6693862850347637,0.07894736842105263,0.006006006006006006,0.2857142857142857,0.33333333333333337,0.6032735775526064,0.6778242677824264,0.002267059623668105,0.17051039697542336,1.0,0.0,0.0,0.0,0.0,0.0,0.0,0.0,0.0,0.0,0.0,0.0,0.0,1.0,0.0,0.0,0.0,0.0,0.0,0.0,1.0,0.0,0.0,0.0,1.0
8964,0.7777777777777777,1.0,1.0,0.0,0.1111111111111111,0.25,0.6412337233355714,0.0,0.012012012012012012,0.14285714285714285,0.33333333333333337,0.6032735775526064,0.6778242677824264,0.002267059623668105,0.17051039697542336,1.0,0.0,0.0,1.0,0.0,0.0,0.0,0.0,0.0,0.0,0.0,0.0,1.0,0.0,0.0,0.0,0.0,0.0,0.0,0.0,0.0,0.0,0.0,0.0,1.0
8965,0.39506172839506176,1.0,1.0,0.0,0.1111111111111111,0.25,0.6339442585242172,0.02631578947368421,1.0,0.42857142857142855,0.33333333333333337,0.6032735775526064,0.6778242677824264,0.002267059623668105,0.17051039697542336,1.0,0.0,0.0,0.0,0.0,0.0,0.0,0.0,0.0,0.0,0.0,0.0,1.0,0.0,0.0,0.0,0.0,0.0,0.0,0.0,1.0,0.0,0.0,0.0,0.0
8966,0.037037037037037035,1.0,1.0,0.0,0.1111111111111111,0.25,0.6452049071679414,0.0,1.0,0.14285714285714285,0.33333333333333337,0.6032735775526064,0.6778242677824264,0.002267059623668105,0.17051039697542336,1.0,0.0,0.0,0.0,0.0,0.0,0.0,0.0,1.0,0.0,0.0,0.0,0.0,1.0,0.0,0.0,0.0,0.0,0.0,0.0,0.0,0.0,0.0,0.0,0.0
8967,0.037037037037037035,1.0,1.0,0.0,0.1111111111111111,0.25,0.6624284397381989,0.07894736842105263,0.006006006006006006,0.14285714285714285,0.33333333333333337,0.6032735775526064,0.6778242677824264,0.002267059623668105,0.17051039697542336,1.0,0.0,0.0,0.0,0.0,0.0,0.0,0.0,1.0,0.0,0.0,0.0,0.0,1.0,0.0,0.0,0.0,0.0,0.0,0.0,0.0,0.0,0.0,0.0,1.0
8968,0.4444444444444445,1.0,1.0,0.0,0.1111111111111111,0.25,0.7045123715378098,0.02631578947368421,1.0,0.0,0.33333333333333337,0.6032735775526064,0.6778242677824264,0.002267059623668105,0.17051039697542336,1.0,0.0,1.0,0.0,0.0,0.0,0.0,0.0,0.0,0.0,0.0,0.0,1.0,0.0,0.0,0.0,0.0,0.0,0.0,0.0,0.0,0.0,0.0,1.0,0.0
8969,0.2345679012345679,1.0,1.0,1.0,0.1111111111111111,0.5,0.6068862413262684,0.0,1.0,0.0,0.33333333333333337,0.6032735775526064,0.6778242677824264,0.002267059623668105,0.17051039697542336,1.0,0.0,0.0,0.0,0.0,0.0,0.0,0.0,0.0,0.0,0.0,0.0,0.0,1.0,0.0,0.0,1.0,0.0,0.0,0.0,0.0,0.0,0.0,1.0,0.0
8970,0.38271604938271603,0.0,0.0,1.0,0.1111111111111111,0.75,0.614731491134803,0.0,0.006006006006006006,0.2857142857142857,0.33333333333333337,0.6032735775526064,0.6778242677824264,0.002267059623668105,0.17051039697542336,1.0,0.0,0.0,0.0,0.0,0.0,0.0,0.0,0.0,0.0,0.0,0.0,1.0,0.0,0.0,0.0,0.0,0.0,0.0,0.0,1.0,0.0,0.0,0.0,1.0
8971,0.7037037037037037,0.0,0.0,0.0,0.1111111111111111,0.75,0.6238550656258994,0.0,1.0,0.0,0.33333333333333337,0.6032735775526064,0.6778242677824264,0.002267059623668105,0.17051039697542336,1.0,0.0,0.0,0.0,0.0,1.0,0.0,0.0,0.0,0.0,0.0,0.0,1.0,0.0,0.0,0.0,0.0,0.0,0.0,0.0,1.0,0.0,0.0,1.0,0.0
8972,0.38271604938271603,1.0,1.0,0.0,0.1111111111111111,0.75,0.6238550656258994,0.0,0.006006006006006006,0.2857142857142857,0.33333333333333337,0.6032735775526064,0.6778242677824264,0.002267059623668105,0.17051039697542336,1.0,0.0,0.0,0.0,0.0,0.0,0.0,0.0,0.0,0.0,0.0,0.0,1.0,0.0,0.0,0.0,0.0,0.0,0.0,0.0,1.0,0.0,0.0,0.0,1.0
8973,0.38271604938271603,1.0,0.0,0.0,0.1111111111111111,0.75,0.5829794567444476,0.0,1.0,0.0,0.33333333333333337,0.6032735775526064,0.6778242677824264,0.002267059623668105,0.17051039697542336,1.0,0.0,0.0,0.0,0.0,0.0,0.0,0.0,0.0,0.0,0.0,0.0,1.0,0.0,0.0,0.0,0.0,0.0,0.0,0.0,1.0,0.0,0.0,1.0,0.0
8974,0.2222222222222222,1.0,0.0,0.0,0.1111111111111111,0.75,0.6825330624191547,0.0,0.01001001001001001,0.14285714285714285,0.33333333333333337,0.6032735775526064,0.6778242677824264,0.002267059623668105,0.17051039697542336,1.0,0.0,0.0,0.0,0.0,0.0,0.0,0.0,0.0,0.0,0.0,0.0,1.0,0.0,0.0,0.0,0.0,0.0,0.0,0.0,1.0,0.0,0.0,0.0,1.0
8975,0.24691358024691357,1.0,1.0,0.0,0.1111111111111111,0.75,0.6317758072704824,0.0,1.0,0.0,0.33333333333333337,0.6032735775526064,0.6778242677824264,0.002267059623668105,0.17051039697542336,1.0,0.0,0.0,0.0,0.0,0.0,0.0,0.0,0.0,0.0,0.0,0.0,1.0,0.0,0.0,0.0,0.0,0.0,0.0,0.0,1.0,0.0,0.0,1.0,0.0
8976,0.2222222222222222,1.0,0.0,0.0,0.1111111111111111,0.75,0.6339442585242172,0.02631578947368421,0.006006006006006006,0.14285714285714285,0.33333333333333337,0.6032735775526064,0.6778242677824264,0.002267059623668105,0.17051039697542336,1.0,0.0,0.0,0.0,0.0,0.0,0.0,1.0,0.0,0.0,0.0,0.0,1.0,0.0,0.0,0.0,0.0,0.0,0.0,1.0,0.0,0.0,0.0,0.0,1.0
8977,0.29629629629629634,1.0,0.0,0.0,0.1111111111111111,1.0,0.8080375417210635,0.13157894736842105,1.0,0.0,0.33333333333333337,0.6032735775526064,0.6778242677824264,0.002267059623668105,0.17051039697542336,1.0,0.0,0.0,0.0,0.0,0.0,0.0,0.0,0.0,0.0,0.0,0.0,1.0,0.0,0.0,0.0,0.0,0.0,0.0,0.0,1.0,0.0,0.0,1.0,0.0
8978,0.6296296296296295,1.0,0.0,0.0,0.1111111111111111,1.0,0.6825330624191547,0.05263157894736842,1.0,0.0,0.33333333333333337,0.6032735775526064,0.6778242677824264,0.002267059623668105,0.17051039697542336,1.0,0.0,0.0,0.0,0.0,1.0,0.0,0.0,0.0,0.0,0.0,0.0,1.0,0.0,0.0,0.0,0.0,0.0,0.0,0.0,1.0,0.0,0.0,1.0,0.0
8979,0.4074074074074074,1.0,0.0,1.0,0.1111111111111111,1.0,0.7591731414671088,0.0,1.0,0.0,0.33333333333333337,0.6032735775526064,0.6778242677824264,0.002267059623668105,0.17051039697542336,1.0,0.0,0.0,0.0,0.0,0.0,0.0,0.0,0.0,1.0,0.0,0.0,0.0,1.0,0.0,0.0,0.0,0.0,0.0,0.0,1.0,0.0,0.0,1.0,0.0
8980,0.8024691358024691,1.0,1.0,0.0,0.1111111111111111,0.0,0.5689167450775122,0.02631578947368421,1.0,0.0,0.33333333333333337,0.6032735775526064,0.6778242677824264,0.0020403536613012863,0.17051039697542336,1.0,0.0,0.0,0.0,0.0,1.0,0.0,0.0,0.0,0.0,0.0,0.0,0.0,0.0,0.0,0.0,0.0,0.0,0.0,0.0,0.0,0.0,0.0,1.0,0.0
8981,0.09876543209876543,0.0,0.0,0.0,0.1111111111111111,0.0,0.5743891340707834,0.02631578947368421,1.0,0.14285714285714285,0.33333333333333337,0.6032735775526064,0.6778242677824264,0.0020403536613012863,0.17051039697542336,0.0,0.0,0.0,0.0,0.0,0.0,1.0,0.0,0.0,0.0,0.0,0.0,0.0,1.0,0.0,0.0,0.0,0.0,0.0,0.0,0.0,1.0,0.0,0.0,0.0
8982,0.8024691358024691,0.0,0.0,0.0,0.1111111111111111,0.0,0.7379108243682493,0.0,0.006006006006006006,0.2857142857142857,0.33333333333333337,0.6032735775526064,0.6778242677824264,0.0020403536613012863,0.17051039697542336,1.0,0.0,0.0,0.0,0.0,1.0,0.0,0.0,0.0,0.0,0.0,0.0,0.0,0.0,0.0,0.0,0.0,0.0,0.0,0.0,0.0,0.0,0.0,0.0,1.0
8983,0.7037037037037037,1.0,0.0,0.0,0.1111111111111111,0.0,0.5838049699531718,0.02631578947368421,1.0,0.0,0.33333333333333337,0.6032735775526064,0.6778242677824264,0.0020403536613012863,0.17051039697542336,1.0,0.0,0.0,0.0,0.0,1.0,0.0,0.0,0.0,0.0,0.0,0.0,0.0,0.0,0.0,0.0,0.0,0.0,0.0,0.0,0.0,0.0,0.0,1.0,0.0
8984,0.7037037037037037,0.0,0.0,1.0,0.1111111111111111,0.0,0.828420386554718,0.10526315789473684,1.0,0.0,0.33333333333333337,0.6032735775526064,0.6778242677824264,0.0020403536613012863,0.17051039697542336,1.0,0.0,0.0,0.0,0.0,1.0,0.0,0.0,0.0,0.0,0.0,0.0,1.0,0.0,0.0,0.0,0.0,0.0,0.0,0.0,0.0,0.0,0.0,1.0,0.0
8985,0.8395061728395061,0.0,0.0,0.0,0.1111111111111111,0.25,0.6082306576679029,0.13157894736842105,0.006006006006006006,0.14285714285714285,0.33333333333333337,0.6032735775526064,0.6778242677824264,0.0018136476989344952,0.17051039697542336,1.0,0.0,0.0,1.0,0.0,0.0,0.0,0.0,0.0,0.0,0.0,0.0,1.0,0.0,0.0,0.0,0.0,0.0,0.0,0.0,0.0,0.0,1.0,0.0,1.0
8986,0.8395061728395061,1.0,0.0,0.0,0.1111111111111111,0.25,0.6027582686746316,0.0,0.006006006006006006,0.2857142857142857,0.33333333333333337,0.6032735775526064,0.6778242677824264,0.0018136476989344952,0.17051039697542336,1.0,0.0,0.0,1.0,0.0,0.0,0.0,0.0,0.0,0.0,0.0,0.0,1.0,0.0,0.0,0.0,0.0,0.0,0.0,0.0,0.0,0.0,1.0,0.0,1.0
8987,0.7160493827160492,0.0,0.0,1.0,0.1111111111111111,0.25,0.5992040663129156,0.0,0.006006006006006006,0.2857142857142857,0.33333333333333337,0.6032735775526064,0.6778242677824264,0.0018136476989344952,0.17051039697542336,1.0,0.0,0.0,0.0,0.0,1.0,0.0,0.0,0.0,0.0,0.0,0.0,0.0,0.0,0.0,0.0,0.0,1.0,0.0,0.0,0.0,0.0,0.0,0.0,1.0
8988,0.8395061728395061,1.0,0.0,0.0,0.1111111111111111,0.25,0.7220124395076876,0.0,1.0,0.14285714285714285,0.33333333333333337,0.6032735775526064,0.6778242677824264,0.0018136476989344952,0.17051039697542336,1.0,0.0,0.0,1.0,0.0,0.0,0.0,0.0,0.0,0.0,0.0,0.0,1.0,0.0,0.0,0.0,0.0,0.0,0.0,0.0,0.0,0.0,1.0,0.0,0.0
8989,0.34567901234567905,1.0,0.0,0.0,0.1111111111111111,0.25,0.698772933282324,0.05263157894736842,0.007007007007007007,0.14285714285714285,0.33333333333333337,0.6032735775526064,0.6778242677824264,0.0018136476989344952,0.17051039697542336,1.0,0.0,0.0,0.0,1.0,0.0,0.0,0.0,0.0,0.0,0.0,0.0,1.0,0.0,0.0,0.0,0.0,0.0,0.0,0.0,0.0,1.0,0.0,0.0,1.0
8990,0.6049382716049383,1.0,0.0,0.0,0.1111111111111111,0.5,0.7255167243589877,0.0,1.0,0.0,0.33333333333333337,0.6032735775526064,0.6778242677824264,0.0018136476989344952,0.17051039697542336,1.0,0.0,0.0,0.0,0.0,1.0,0.0,0.0,0.0,0.0,0.0,0.0,0.0,0.0,0.0,0.0,0.0,0.0,0.0,0.0,0.0,0.0,0.0,1.0,0.0
8991,0.4938271604938272,1.0,0.0,1.0,0.1111111111111111,0.5,0.7517169161175707,0.05263157894736842,1.0,0.14285714285714285,0.33333333333333337,0.6032735775526064,0.6778242677824264,0.0018136476989344952,0.17051039697542336,1.0,0.0,0.0,1.0,0.0,0.0,0.0,0.0,0.0,0.0,0.0,0.0,1.0,0.0,0.0,0.0,0.0,0.0,0.0,0.0,0.0,0.0,0.0,0.0,0.0
8992,0.7777777777777777,1.0,0.0,1.0,0.1111111111111111,0.5,0.7059773362925406,0.0,1.0,0.0,0.33333333333333337,0.6032735775526064,0.6778242677824264,0.0018136476989344952,0.17051039697542336,1.0,0.0,0.0,0.0,0.0,1.0,0.0,0.0,0.0,0.0,0.0,0.0,0.0,0.0,0.0,0.0,0.0,0.0,0.0,0.0,0.0,0.0,0.0,1.0,0.0
8993,0.7777777777777777,1.0,0.0,1.0,0.1111111111111111,0.5,0.7571175106933035,0.02631578947368421,1.0,0.0,0.33333333333333337,0.6032735775526064,0.6778242677824264,0.0018136476989344952,0.17051039697542336,1.0,0.0,0.0,0.0,0.0,1.0,0.0,0.0,0.0,0.0,0.0,0.0,0.0,0.0,0.0,0.0,0.0,0.0,0.0,0.0,0.0,0.0,0.0,1.0,0.0
8994,0.7777777777777777,1.0,1.0,0.0,0.1111111111111111,0.5,0.7628210353018958,0.02631578947368421,1.0,0.0,0.33333333333333337,0.6032735775526064,0.6778242677824264,0.0018136476989344952,0.17051039697542336,1.0,0.0,0.0,0.0,0.0,1.0,0.0,0.0,0.0,0.0,0.0,0.0,0.0,0.0,0.0,0.0,0.0,0.0,0.0,0.0,0.0,0.0,0.0,1.0,0.0
8995,0.4938271604938272,0.0,0.0,0.0,0.1111111111111111,0.5,0.6371237804409605,0.02631578947368421,0.006006006006006006,0.14285714285714285,0.33333333333333337,0.6032735775526064,0.6778242677824264,0.0018136476989344952,0.17051039697542336,1.0,0.0,0.0,1.0,0.0,0.0,0.0,0.0,0.0,0.0,0.0,0.0,1.0,0.0,0.0,0.0,0.0,0.0,0.0,0.0,0.0,0.0,0.0,0.0,1.0
8996,0.5061728395061729,1.0,0.0,0.0,0.1111111111111111,0.75,0.6397092724183482,0.0,0.006006006006006006,0.14285714285714285,0.33333333333333337,0.6032735775526064,0.6778242677824264,0.002267059623668105,0.17051039697542336,1.0,0.0,0.0,0.0,0.0,0.0,0.0,0.0,0.0,0.0,1.0,0.0,1.0,0.0,0.0,0.0,1.0,0.0,0.0,0.0,0.0,0.0,0.0,0.0,1.0
8997,0.4444444444444445,1.0,0.0,0.0,0.1111111111111111,0.75,0.7298740798902329,0.0,0.006006006006006006,0.14285714285714285,0.33333333333333337,0.6032735775526064,0.6778242677824264,0.002267059623668105,0.17051039697542336,1.0,0.0,0.0,1.0,0.0,0.0,0.0,0.0,0.0,0.0,0.0,0.0,1.0,0.0,0.0,0.0,0.0,0.0,0.0,0.0,1.0,0.0,0.0,0.0,1.0
8998,0.4938271604938272,1.0,0.0,0.0,0.1111111111111111,0.75,0.7071363126573881,0.02631578947368421,1.0,0.0,0.33333333333333337,0.6032735775526064,0.6778242677824264,0.002267059623668105,0.17051039697542336,1.0,0.0,0.0,0.0,0.0,1.0,0.0,0.0,0.0,0.0,0.0,0.0,1.0,0.0,0.0,0.0,0.0,1.0,0.0,0.0,0.0,0.0,0.0,1.0,0.0
8999,0.7407407407407407,1.0,0.0,0.0,0.1111111111111111,0.75,0.6013494476505862,0.15789473684210525,1.0,0.0,0.33333333333333337,0.6032735775526064,0.6778242677824264,0.002267059623668105,0.17051039697542336,1.0,0.0,0.0,0.0,0.0,1.0,0.0,0.0,0.0,0.0,0.0,0.0,1.0,0.0,0.0,0.0,0.0,1.0,0.0,0.0,0.0,0.0,0.0,1.0,0.0
9000,0.5185185185185184,1.0,0.0,0.0,0.1111111111111111,0.75,0.6485730147319224,0.02631578947368421,1.0,0.14285714285714285,0.33333333333333337,0.6032735775526064,0.6778242677824264,0.002267059623668105,0.17051039697542336,0.0,0.0,0.0,0.0,0.0,1.0,0.0,0.0,0.0,0.0,0.0,0.0,0.0,0.0,0.0,0.0,0.0,1.0,0.0,0.0,0.0,0.0,0.0,0.0,0.0
9001,0.7777777777777777,1.0,1.0,0.0,0.1111111111111111,0.75,0.7433327586536977,0.0,0.01001001001001001,0.2857142857142857,0.33333333333333337,0.6032735775526064,0.6778242677824264,0.002267059623668105,0.17051039697542336,1.0,0.0,0.0,0.0,0.0,1.0,0.0,0.0,0.0,0.0,0.0,0.0,0.0,0.0,0.0,0.0,0.0,0.0,0.0,0.0,0.0,0.0,0.0,0.0,1.0
9002,0.3209876543209876,0.0,0.0,1.0,0.1111111111111111,1.0,0.6559276062712989,0.07894736842105263,1.0,0.0,0.33333333333333337,0.6032735775526064,0.6778242677824264,0.002493765586034924,0.17051039697542336,1.0,0.0,0.0,0.0,0.0,0.0,0.0,0.0,0.0,0.0,0.0,0.0,0.0,0.0,0.0,0.0,0.0,0.0,0.0,0.0,1.0,0.0,0.0,1.0,0.0
9003,0.29629629629629634,1.0,0.0,0.0,0.1111111111111111,1.0,0.686722293807522,0.0,1.0,0.0,0.33333333333333337,0.6032735775526064,0.6778242677824264,0.002493765586034924,0.17051039697542336,1.0,0.0,0.0,0.0,0.0,0.0,0.0,0.0,0.0,0.0,0.0,0.0,1.0,0.0,0.0,0.0,0.0,0.0,0.0,0.0,1.0,0.0,0.0,1.0,0.0
9004,0.3703703703703703,1.0,0.0,0.0,0.1111111111111111,1.0,0.6697830312775754,0.0,1.0,0.14285714285714285,0.33333333333333337,0.6032735775526064,0.6778242677824264,0.002493765586034924,0.17051039697542336,1.0,0.0,0.0,0.0,0.0,0.0,0.0,0.0,0.0,0.0,0.0,0.0,1.0,0.0,0.0,0.0,0.0,1.0,0.0,0.0,0.0,0.0,0.0,0.0,0.0
9005,0.691358024691358,0.0,0.0,0.0,0.1111111111111111,1.0,0.6677857821213365,0.0,0.006006006006006006,0.42857142857142855,0.33333333333333337,0.6032735775526064,0.6778242677824264,0.002493765586034924,0.17051039697542336,1.0,0.0,0.0,0.0,0.0,1.0,0.0,0.0,0.0,0.0,0.0,0.0,0.0,1.0,0.0,0.0,0.0,0.0,0.0,1.0,0.0,0.0,0.0,0.0,1.0
9006,0.1111111111111111,1.0,1.0,0.0,0.1111111111111111,1.0,0.798754103319714,0.0,0.006006006006006006,0.2857142857142857,0.33333333333333337,0.6032735775526064,0.6778242677824264,0.002493765586034924,0.17051039697542336,1.0,0.0,0.0,0.0,0.0,0.0,0.0,0.0,1.0,0.0,0.0,0.0,0.0,1.0,0.0,0.0,0.0,1.0,0.0,0.0,0.0,0.0,0.0,0.0,1.0
9007,0.5555555555555556,1.0,0.0,0.0,0.1111111111111111,1.0,0.6323216790132803,0.02631578947368421,1.0,0.14285714285714285,0.33333333333333337,0.6032735775526064,0.6778242677824264,0.002493765586034924,0.17051039697542336,0.0,0.0,0.0,0.0,0.0,0.0,0.0,0.0,0.0,1.0,0.0,0.0,1.0,0.0,0.0,0.0,0.0,0.0,0.0,0.0,0.0,1.0,0.0,0.0,0.0
9008,0.6666666666666665,0.0,0.0,1.0,0.1111111111111111,0.0,0.5331930189342876,0.18421052631578946,1.0,0.0,0.33333333333333337,0.6032735775526064,0.6778242677824264,0.002493765586034924,0.17051039697542336,0.0,0.0,0.0,0.0,0.0,1.0,0.0,0.0,0.0,0.0,0.0,0.0,1.0,0.0,0.0,0.0,0.0,0.0,0.0,0.0,0.0,0.0,0.0,1.0,0.0
9009,0.14814814814814814,1.0,0.0,0.0,0.1111111111111111,0.0,0.6984629590595263,0.05263157894736842,0.012012012012012012,0.14285714285714285,0.33333333333333337,0.6032735775526064,0.6778242677824264,0.002493765586034924,0.17051039697542336,0.0,0.0,0.0,0.0,0.0,0.0,0.0,0.0,0.0,0.0,0.0,0.0,0.0,1.0,0.0,0.0,0.0,0.0,0.0,0.0,1.0,0.0,0.0,0.0,1.0
9010,0.35802469135802467,0.0,0.0,0.0,0.1111111111111111,0.0,0.6202900913078108,0.05263157894736842,1.0,0.0,0.33333333333333337,0.6032735775526064,0.6778242677824264,0.002493765586034924,0.17051039697542336,1.0,0.0,0.0,0.0,0.0,0.0,0.0,0.0,0.0,0.0,0.0,0.0,1.0,0.0,0.0,0.0,0.0,1.0,0.0,0.0,0.0,0.0,0.0,1.0,0.0
9011,0.25925925925925924,1.0,0.0,0.0,0.1111111111111111,0.0,0.6128186823313415,0.02631578947368421,0.006006006006006006,0.14285714285714285,0.33333333333333337,0.6032735775526064,0.6778242677824264,0.002493765586034924,0.17051039697542336,1.0,0.0,0.0,0.0,1.0,0.0,0.0,0.0,0.0,0.0,0.0,0.0,0.0,0.0,0.0,0.0,0.0,0.0,0.0,0.0,1.0,0.0,0.0,0.0,1.0
9012,0.18518518518518517,0.0,0.0,0.0,0.1111111111111111,0.0,0.7687740838384954,0.02631578947368421,1.0,0.0,0.33333333333333337,0.6032735775526064,0.6778242677824264,0.002493765586034924,0.17051039697542336,1.0,0.0,0.0,0.0,0.0,0.0,0.0,0.0,0.0,1.0,0.0,0.0,1.0,0.0,0.0,0.0,0.0,0.0,0.0,1.0,0.0,0.0,0.0,1.0,0.0
9013,0.14814814814814814,1.0,0.0,0.0,0.1111111111111111,0.0,0.6190773470668909,0.0,1.0,0.14285714285714285,0.33333333333333337,0.6032735775526064,0.6778242677824264,0.002493765586034924,0.17051039697542336,1.0,0.0,0.0,0.0,0.0,0.0,0.0,0.0,0.0,1.0,0.0,0.0,1.0,0.0,0.0,0.0,0.0,0.0,0.0,0.0,1.0,0.0,0.0,0.0,0.0
9014,0.16049382716049382,1.0,1.0,0.0,0.1111111111111111,0.0,0.5452070373544604,0.05263157894736842,0.01001001001001001,0.14285714285714285,0.33333333333333337,0.6032735775526064,0.6778242677824264,0.002493765586034924,0.17051039697542336,0.0,0.0,0.0,0.0,0.0,0.0,0.0,0.0,1.0,0.0,0.0,0.0,0.0,1.0,0.0,0.0,0.0,1.0,0.0,0.0,0.0,0.0,0.0,0.0,1.0
9015,0.037037037037037035,0.0,0.0,0.0,0.1111111111111111,0.0,0.8581550520546153,0.0,1.0,0.42857142857142855,0.33333333333333337,0.6032735775526064,0.6778242677824264,0.002493765586034924,0.17051039697542336,1.0,0.0,0.0,0.0,0.0,0.0,0.0,0.0,1.0,0.0,0.0,0.0,0.0,1.0,0.0,0.0,0.0,1.0,0.0,0.0,0.0,0.0,0.0,0.0,0.0
9016,0.6666666666666665,0.0,0.0,0.0,0.1111111111111111,0.0,0.6818201199369839,0.02631578947368421,0.004004004004004004,0.14285714285714285,0.33333333333333337,0.6032735775526064,0.6778242677824264,0.002493765586034924,0.17051039697542336,1.0,0.0,0.0,0.0,0.0,1.0,0.0,0.0,0.0,0.0,0.0,0.0,1.0,0.0,0.0,0.0,0.0,0.0,0.0,0.0,0.0,0.0,0.0,0.0,1.0
9017,0.2716049382716049,0.0,0.0,1.0,0.1111111111111111,0.25,0.680742538513431,0.0,1.0,0.2857142857142857,0.33333333333333337,0.6032735775526064,0.6778242677824264,0.0027204715484017428,0.17051039697542336,1.0,0.0,0.0,0.0,1.0,0.0,0.0,0.0,0.0,0.0,0.0,0.0,1.0,0.0,0.0,0.0,0.0,0.0,0.0,0.0,1.0,0.0,0.0,0.0,0.0
9018,0.08641975308641975,1.0,0.0,0.0,0.1111111111111111,0.25,0.6509210996671051,0.0,1.0,0.14285714285714285,0.33333333333333337,0.6032735775526064,0.6778242677824264,0.0027204715484017428,0.17051039697542336,0.0,0.0,0.0,0.0,0.0,0.0,0.0,0.0,1.0,0.0,0.0,0.0,0.0,1.0,0.0,0.0,1.0,0.0,0.0,0.0,0.0,0.0,0.0,0.0,0.0
9019,0.24691358024691357,0.0,0.0,1.0,0.1111111111111111,0.25,0.7124906927966042,0.02631578947368421,1.0,0.0,0.33333333333333337,0.6032735775526064,0.6778242677824264,0.0027204715484017428,0.17051039697542336,1.0,0.0,0.0,0.0,0.0,0.0,0.0,0.0,0.0,0.0,0.0,0.0,1.0,0.0,0.0,0.0,0.0,1.0,0.0,0.0,0.0,0.0,0.0,1.0,0.0
9020,0.16049382716049382,1.0,0.0,0.0,0.1111111111111111,0.25,0.6792902342709533,0.0,1.0,0.0,0.33333333333333337,0.6032735775526064,0.6778242677824264,0.0027204715484017428,0.17051039697542336,1.0,0.0,0.0,0.0,0.0,0.0,0.0,0.0,0.0,0.0,0.0,0.0,0.0,1.0,0.0,0.0,0.0,0.0,0.0,0.0,1.0,0.0,0.0,1.0,0.0
9021,0.3333333333333333,0.0,0.0,1.0,0.1111111111111111,0.25,0.7247745442978097,0.02631578947368421,1.0,0.14285714285714285,0.33333333333333337,0.6032735775526064,0.6778242677824264,0.0027204715484017428,0.17051039697542336,1.0,0.0,0.0,0.0,1.0,0.0,0.0,0.0,0.0,0.0,0.0,0.0,1.0,0.0,0.0,0.0,0.0,0.0,0.0,0.0,0.0,1.0,0.0,0.0,0.0
9022,0.14814814814814814,0.0,0.0,1.0,0.1111111111111111,0.25,0.695953314020339,0.0,1.0,0.0,0.33333333333333337,0.6032735775526064,0.6778242677824264,0.0027204715484017428,0.17051039697542336,1.0,0.0,0.0,0.0,0.0,0.0,0.0,1.0,0.0,0.0,0.0,0.0,0.0,1.0,0.0,0.0,0.0,1.0,0.0,0.0,0.0,0.0,0.0,1.0,0.0
9023,0.38271604938271603,1.0,0.0,0.0,0.1111111111111111,0.25,0.5970188304191458,0.05263157894736842,1.0,0.0,0.33333333333333337,0.6032735775526064,0.6778242677824264,0.0027204715484017428,0.17051039697542336,1.0,0.0,0.0,0.0,0.0,0.0,0.0,0.0,0.0,1.0,0.0,0.0,0.0,1.0,0.0,0.0,0.0,0.0,0.0,1.0,0.0,0.0,0.0,1.0,0.0
9024,0.43209876543209874,1.0,0.0,0.0,0.1111111111111111,0.5,0.6140973378497864,0.02631578947368421,0.01001001001001001,0.14285714285714285,0.33333333333333337,0.6032735775526064,0.6778242677824264,0.00453411924733621,0.17051039697542336,1.0,0.0,0.0,0.0,0.0,0.0,0.0,0.0,0.0,0.0,0.0,0.0,1.0,0.0,0.0,0.0,0.0,0.0,0.0,0.0,0.0,1.0,0.0,0.0,1.0
9025,0.43209876543209874,1.0,0.0,1.0,0.1111111111111111,0.5,0.7059773362925406,0.0,0.006006006006006006,0.14285714285714285,0.33333333333333337,0.6032735775526064,0.6778242677824264,0.00453411924733621,0.17051039697542336,1.0,0.0,0.0,0.0,0.0,0.0,0.0,0.0,0.0,0.0,0.0,0.0,1.0,0.0,0.0,0.0,0.0,0.0,0.0,0.0,0.0,1.0,0.0,0.0,1.0
9026,0.13580246913580246,1.0,0.0,0.0,0.1111111111111111,0.5,0.7414095253609313,0.02631578947368421,0.006006006006006006,0.5714285714285714,0.33333333333333337,0.6032735775526064,0.6778242677824264,0.00453411924733621,0.17051039697542336,1.0,0.0,0.0,0.0,0.0,0.0,0.0,0.0,0.0,0.0,0.0,0.0,0.0,1.0,0.0,0.0,0.0,0.0,0.0,0.0,0.0,1.0,0.0,0.0,1.0
9027,0.19753086419753085,1.0,0.0,0.0,0.1111111111111111,0.5,0.7571175106933035,0.0,0.006006006006006006,0.14285714285714285,0.33333333333333337,0.6032735775526064,0.6778242677824264,0.00453411924733621,0.17051039697542336,1.0,0.0,0.0,0.0,0.0,0.0,0.0,0.0,0.0,0.0,0.0,0.0,1.0,0.0,0.0,0.0,0.0,0.0,0.0,0.0,1.0,0.0,0.0,0.0,1.0
9028,0.43209876543209874,0.0,0.0,0.0,0.1111111111111111,0.5,0.7012237542095305,0.02631578947368421,1.0,0.0,0.33333333333333337,0.6032735775526064,0.6778242677824264,0.00453411924733621,0.17051039697542336,1.0,0.0,0.0,0.0,0.0,0.0,0.0,0.0,0.0,0.0,0.0,0.0,1.0,0.0,0.0,0.0,0.0,0.0,0.0,0.0,0.0,1.0,0.0,1.0,0.0
9029,0.4074074074074074,1.0,0.0,0.0,0.1111111111111111,0.75,0.773623980840818,0.05263157894736842,1.0,0.0,0.33333333333333337,0.6032735775526064,0.6778242677824264,0.005667649059170277,0.17051039697542336,1.0,0.0,0.0,0.0,0.0,0.0,0.0,0.0,0.0,0.0,0.0,0.0,1.0,0.0,0.0,0.0,1.0,0.0,0.0,0.0,0.0,0.0,0.0,1.0,0.0
9030,0.14814814814814814,1.0,0.0,0.0,0.1111111111111111,0.75,0.6381648062569562,0.02631578947368421,1.0,0.0,0.33333333333333337,0.6032735775526064,0.6778242677824264,0.005667649059170277,0.17051039697542336,1.0,0.0,0.0,0.0,0.0,0.0,0.0,1.0,0.0,0.0,0.0,0.0,0.0,1.0,0.0,0.0,0.0,0.0,0.0,0.0,0.0,1.0,0.0,1.0,0.0
9031,0.25925925925925924,1.0,0.0,0.0,0.1111111111111111,0.75,0.7979574739807627,0.0,0.006006006006006006,0.14285714285714285,0.33333333333333337,0.6032735775526064,0.6778242677824264,0.005667649059170277,0.17051039697542336,1.0,0.0,0.0,0.0,0.0,0.0,0.0,0.0,0.0,0.0,0.0,0.0,0.0,1.0,0.0,0.0,0.0,1.0,0.0,0.0,0.0,0.0,0.0,0.0,1.0
9032,0.1728395061728395,0.0,0.0,0.0,0.1111111111111111,0.75,0.6295666315558228,0.0,1.0,0.0,0.33333333333333337,0.6032735775526064,0.6778242677824264,0.005667649059170277,0.17051039697542336,1.0,0.0,0.0,0.0,0.0,0.0,1.0,0.0,0.0,0.0,0.0,0.0,0.0,1.0,0.0,0.0,0.0,0.0,0.0,0.0,1.0,0.0,0.0,1.0,0.0
9033,0.24691358024691357,0.0,0.0,0.0,0.1111111111111111,0.75,0.6620060509558884,0.0,0.018018018018018018,0.14285714285714285,0.33333333333333337,0.6032735775526064,0.6778242677824264,0.005667649059170277,0.17051039697542336,1.0,0.0,0.0,0.0,0.0,0.0,0.0,0.0,0.0,1.0,0.0,0.0,1.0,0.0,0.0,0.0,0.0,0.0,0.0,1.0,0.0,0.0,0.0,0.0,1.0
9034,0.2222222222222222,1.0,0.0,0.0,0.1111111111111111,0.75,0.7015265475542785,0.02631578947368421,1.0,0.0,0.33333333333333337,0.6032735775526064,0.6778242677824264,0.005667649059170277,0.17051039697542336,1.0,0.0,0.0,0.0,0.0,0.0,0.0,0.0,0.0,0.0,0.0,0.0,0.0,1.0,0.0,0.0,0.0,0.0,0.0,0.0,1.0,0.0,0.0,1.0,0.0
9035,0.14814814814814814,1.0,0.0,0.0,0.1111111111111111,0.75,0.8380890654135134,0.10526315789473684,1.0,0.0,0.33333333333333337,0.6032735775526064,0.6778242677824264,0.005667649059170277,0.17051039697542336,1.0,0.0,0.0,0.0,0.0,0.0,0.0,1.0,0.0,0.0,0.0,0.0,0.0,1.0,0.0,0.0,0.0,0.0,0.0,0.0,0.0,1.0,0.0,1.0,0.0
9036,0.43209876543209874,0.0,1.0,1.0,0.1111111111111111,0.75,0.7036245548746948,0.05263157894736842,1.0,0.0,0.33333333333333337,0.6032735775526064,0.6778242677824264,0.005667649059170277,0.17051039697542336,1.0,0.0,0.0,0.0,0.0,0.0,0.0,0.0,0.0,0.0,0.0,0.0,1.0,0.0,0.0,0.0,0.0,0.0,0.0,0.0,1.0,0.0,0.0,1.0,0.0
9037,0.19753086419753085,1.0,0.0,0.0,0.1111111111111111,0.75,0.6732947890602686,0.05263157894736842,1.0,0.0,0.33333333333333337,0.6032735775526064,0.6778242677824264,0.005667649059170277,0.17051039697542336,1.0,0.0,0.0,0.0,0.0,0.0,0.0,0.0,0.0,0.0,0.0,0.0,0.0,1.0,0.0,0.0,0.0,0.0,0.0,0.0,1.0,0.0,0.0,1.0,0.0
9038,0.25925925925925924,1.0,1.0,0.0,0.1111111111111111,0.75,0.7186622526414759,0.0,0.013013013013013013,0.14285714285714285,0.33333333333333337,0.6032735775526064,0.6778242677824264,0.005667649059170277,0.17051039697542336,1.0,0.0,0.0,0.0,0.0,0.0,0.0,0.0,0.0,0.0,0.0,0.0,0.0,1.0,0.0,0.0,0.0,1.0,0.0,0.0,0.0,0.0,0.0,0.0,1.0
9039,0.20987654320987653,1.0,0.0,0.0,0.1111111111111111,1.0,0.6301228271521957,0.02631578947368421,0.006006006006006006,0.2857142857142857,0.33333333333333337,0.6032735775526064,0.6778242677824264,0.0065744729086374964,0.17051039697542336,0.0,0.0,0.0,0.0,0.0,0.0,0.0,0.0,0.0,1.0,0.0,0.0,1.0,0.0,0.0,0.0,0.0,0.0,0.0,1.0,0.0,0.0,0.0,0.0,1.0
9040,0.2345679012345679,0.0,0.0,0.0,0.1111111111111111,1.0,0.6770775956944137,0.0,0.006006006006006006,0.14285714285714285,0.33333333333333337,0.6032735775526064,0.6778242677824264,0.0065744729086374964,0.17051039697542336,1.0,1.0,0.0,0.0,0.0,0.0,0.0,0.0,0.0,0.0,0.0,0.0,1.0,0.0,0.0,0.0,0.0,0.0,0.0,0.0,0.0,1.0,0.0,0.0,1.0
9041,0.2222222222222222,0.0,1.0,0.0,0.1111111111111111,1.0,0.6554811725306058,0.05263157894736842,1.0,0.14285714285714285,0.33333333333333337,0.6032735775526064,0.6778242677824264,0.0065744729086374964,0.17051039697542336,1.0,0.0,0.0,0.0,0.0,0.0,0.0,0.0,0.0,0.0,0.0,0.0,1.0,0.0,0.0,0.0,0.0,0.0,0.0,0.0,1.0,0.0,0.0,0.0,0.0
9042,0.1728395061728395,1.0,1.0,0.0,0.1111111111111111,1.0,0.6134597474028101,0.0,0.006006006006006006,0.2857142857142857,0.33333333333333337,0.6032735775526064,0.6778242677824264,0.0065744729086374964,0.17051039697542336,1.0,0.0,0.0,0.0,0.0,0.0,0.0,0.0,1.0,0.0,0.0,0.0,0.0,1.0,0.0,0.0,0.0,0.0,0.0,0.0,1.0,0.0,0.0,0.0,1.0
9043,0.04938271604938271,1.0,0.0,0.0,0.1111111111111111,1.0,0.7426951682067213,0.0,1.0,0.0,0.33333333333333337,0.6032735775526064,0.6778242677824264,0.0065744729086374964,0.17051039697542336,1.0,0.0,0.0,0.0,0.0,0.0,0.0,0.0,1.0,0.0,0.0,0.0,0.0,1.0,0.0,0.0,0.0,1.0,0.0,0.0,0.0,0.0,0.0,1.0,0.0
9044,0.2716049382716049,1.0,0.0,0.0,0.22222222222222227,0.25,0.7429080825625569,0.0,0.003003003003003003,0.2857142857142857,0.33333333333333337,0.6527669524551882,0.45188284518828437,0.007708002720471563,0.17051039697542336,1.0,0.0,0.0,0.0,0.0,0.0,0.0,0.0,0.0,0.0,0.0,0.0,1.0,0.0,0.0,0.0,0.0,1.0,0.0,0.0,0.0,0.0,0.0,0.0,1.0
9045,0.16049382716049382,0.0,0.0,0.0,0.22222222222222227,0.25,0.6013494476505862,0.0,1.0,0.14285714285714285,0.33333333333333337,0.6527669524551882,0.45188284518828437,0.007708002720471563,0.17051039697542336,0.0,1.0,0.0,0.0,0.0,0.0,0.0,0.0,0.0,0.0,0.0,0.0,0.0,1.0,0.0,0.0,0.0,0.0,0.0,1.0,0.0,0.0,0.0,0.0,0.0
9046,0.38271604938271603,1.0,0.0,0.0,0.22222222222222227,0.25,0.6581347094668296,0.0,0.003003003003003003,0.42857142857142855,0.33333333333333337,0.6527669524551882,0.45188284518828437,0.007708002720471563,0.17051039697542336,1.0,1.0,0.0,0.0,0.0,0.0,0.0,0.0,0.0,0.0,0.0,0.0,1.0,0.0,0.0,0.0,1.0,0.0,0.0,0.0,0.0,0.0,0.0,0.0,1.0
9047,0.012345679012345678,1.0,0.0,1.0,0.22222222222222227,0.25,0.7111051037563383,0.0,0.003003003003003003,0.14285714285714285,0.33333333333333337,0.6527669524551882,0.45188284518828437,0.007708002720471563,0.17051039697542336,1.0,0.0,0.0,0.0,0.0,0.0,0.0,0.0,1.0,0.0,0.0,0.0,0.0,1.0,0.0,0.0,0.0,0.0,0.0,0.0,0.0,1.0,0.0,0.0,1.0
9048,0.012345679012345678,1.0,0.0,0.0,0.22222222222222227,0.25,0.7286798041554323,0.0,0.006006006006006006,0.14285714285714285,0.33333333333333337,0.6527669524551882,0.45188284518828437,0.007708002720471563,0.17051039697542336,1.0,0.0,0.0,0.0,0.0,0.0,0.0,0.0,1.0,0.0,0.0,0.0,0.0,1.0,0.0,0.0,0.0,0.0,0.0,0.0,0.0,1.0,0.0,0.0,1.0
9049,0.3209876543209876,0.0,0.0,0.0,0.22222222222222227,0.25,0.6006386590863215,0.02631578947368421,0.003003003003003003,0.2857142857142857,0.33333333333333337,0.6527669524551882,0.45188284518828437,0.007708002720471563,0.17051039697542336,1.0,0.0,0.0,0.0,0.0,0.0,0.0,0.0,0.0,1.0,0.0,0.0,0.0,1.0,0.0,0.0,0.0,0.0,0.0,1.0,0.0,0.0,0.0,0.0,1.0
9050,0.43209876543209874,1.0,0.0,0.0,0.22222222222222227,0.25,0.7437559071296996,0.02631578947368421,1.0,0.0,0.33333333333333337,0.6527669524551882,0.45188284518828437,0.007708002720471563,0.17051039697542336,1.0,0.0,0.0,0.0,0.0,0.0,0.0,0.0,0.0,0.0,0.0,0.0,1.0,0.0,0.0,0.0,0.0,0.0,0.0,0.0,1.0,0.0,0.0,1.0,0.0
9051,0.08641975308641975,1.0,0.0,0.0,0.22222222222222227,0.25,0.5925226723355308,0.02631578947368421,0.006006006006006006,0.2857142857142857,0.33333333333333337,0.6527669524551882,0.45188284518828437,0.007708002720471563,0.17051039697542336,1.0,0.0,0.0,0.0,0.0,0.0,0.0,0.0,1.0,0.0,0.0,0.0,0.0,1.0,0.0,0.0,0.0,1.0,0.0,0.0,0.0,0.0,0.0,0.0,1.0
9052,0.43209876543209874,0.0,1.0,1.0,0.22222222222222227,0.25,0.6290077936901697,0.0,0.002002002002002002,0.2857142857142857,0.33333333333333337,0.6527669524551882,0.45188284518828437,0.007708002720471563,0.17051039697542336,1.0,0.0,0.0,0.0,0.0,0.0,0.0,0.0,0.0,1.0,0.0,0.0,1.0,0.0,0.0,0.0,0.0,0.0,0.0,0.0,1.0,0.0,0.0,0.0,1.0
9053,0.14814814814814814,0.0,0.0,0.0,0.22222222222222227,0.25,0.5474693214896542,0.0,0.007007007007007007,0.14285714285714285,0.33333333333333337,0.6527669524551882,0.45188284518828437,0.007708002720471563,0.17051039697542336,0.0,0.0,0.0,0.0,0.0,0.0,0.0,0.0,1.0,0.0,0.0,0.0,0.0,1.0,0.0,0.0,0.0,1.0,0.0,0.0,0.0,0.0,0.0,0.0,1.0
9054,0.419753086419753,0.0,0.0,0.0,0.22222222222222227,0.25,0.8405262154425099,0.0,1.0,0.14285714285714285,0.33333333333333337,0.6527669524551882,0.45188284518828437,0.007708002720471563,0.17051039697542336,1.0,0.0,0.0,0.0,0.0,0.0,0.0,1.0,0.0,0.0,0.0,0.0,1.0,0.0,0.0,0.0,0.0,1.0,0.0,0.0,0.0,0.0,0.0,0.0,0.0
9055,0.18518518518518517,1.0,0.0,0.0,0.22222222222222227,0.5,0.6166136936809081,0.02631578947368421,1.0,0.0,0.33333333333333337,0.6527669524551882,0.45188284518828437,0.00861482656993881,0.17051039697542336,1.0,0.0,0.0,0.0,0.0,0.0,0.0,0.0,1.0,0.0,0.0,0.0,0.0,1.0,0.0,0.0,0.0,0.0,0.0,0.0,0.0,1.0,0.0,1.0,0.0
9056,0.08641975308641975,0.0,0.0,0.0,0.22222222222222227,0.5,0.7018285635083261,0.0,0.007007007007007007,0.2857142857142857,0.33333333333333337,0.6527669524551882,0.45188284518828437,0.00861482656993881,0.17051039697542336,1.0,0.0,0.0,0.0,0.0,0.0,0.0,0.0,1.0,0.0,0.0,0.0,0.0,1.0,0.0,0.0,0.0,1.0,0.0,0.0,0.0,0.0,0.0,0.0,1.0
9057,0.08641975308641975,1.0,0.0,0.0,0.22222222222222227,0.5,0.6821771312868369,0.0,0.001001001001001001,0.2857142857142857,0.33333333333333337,0.6527669524551882,0.45188284518828437,0.00861482656993881,0.17051039697542336,0.0,0.0,0.0,0.0,0.0,0.0,0.0,0.0,1.0,0.0,0.0,0.0,0.0,1.0,0.0,0.0,0.0,1.0,0.0,0.0,0.0,0.0,0.0,0.0,1.0
9058,0.08641975308641975,1.0,0.0,0.0,0.22222222222222227,0.5,0.6536782997023916,0.0,0.003003003003003003,0.7142857142857142,0.33333333333333337,0.6527669524551882,0.45188284518828437,0.00861482656993881,0.17051039697542336,1.0,0.0,0.0,0.0,0.0,0.0,0.0,0.0,1.0,0.0,0.0,0.0,0.0,1.0,0.0,0.0,0.0,1.0,0.0,0.0,0.0,0.0,0.0,0.0,1.0
9059,0.43209876543209874,1.0,0.0,0.0,0.22222222222222227,0.5,0.6853423935333421,0.0,1.0,0.0,0.33333333333333337,0.6527669524551882,0.45188284518828437,0.00861482656993881,0.17051039697542336,1.0,0.0,0.0,0.0,0.0,0.0,0.0,0.0,0.0,0.0,0.0,0.0,1.0,0.0,0.0,0.0,0.0,0.0,0.0,0.0,1.0,0.0,0.0,1.0,0.0
9060,0.14814814814814814,0.0,0.0,0.0,0.22222222222222227,0.5,0.7741144686236345,0.0,0.006006006006006006,0.2857142857142857,0.33333333333333337,0.6527669524551882,0.45188284518828437,0.00861482656993881,0.17051039697542336,0.0,0.0,0.0,0.0,0.0,0.0,0.0,0.0,0.0,0.0,0.0,0.0,0.0,1.0,0.0,0.0,0.0,0.0,0.0,0.0,1.0,0.0,0.0,0.0,0.0
9061,0.14814814814814814,1.0,0.0,0.0,0.22222222222222227,0.5,0.6412337233355714,0.0,1.0,0.14285714285714285,0.33333333333333337,0.6527669524551882,0.45188284518828437,0.00861482656993881,0.17051039697542336,1.0,0.0,0.0,0.0,0.0,0.0,0.0,0.0,0.0,0.0,0.0,0.0,0.0,1.0,0.0,0.0,0.0,0.0,0.0,0.0,1.0,0.0,0.0,0.0,0.0
9062,0.12345679012345678,1.0,0.0,1.0,0.22222222222222227,0.5,0.47140323828241015,0.0,1.0,0.0,0.33333333333333337,0.6527669524551882,0.45188284518828437,0.00861482656993881,0.17051039697542336,0.0,0.0,0.0,0.0,0.0,0.0,0.0,0.0,1.0,0.0,0.0,0.0,1.0,0.0,0.0,0.0,0.0,1.0,0.0,0.0,0.0,0.0,0.0,1.0,0.0
9063,0.037037037037037035,1.0,0.0,1.0,0.22222222222222227,0.5,0.7336162689894798,0.07894736842105263,1.0,0.0,0.33333333333333337,0.6527669524551882,0.45188284518828437,0.00861482656993881,0.17051039697542336,1.0,0.0,0.0,0.0,0.0,0.0,0.0,0.0,1.0,0.0,0.0,0.0,0.0,1.0,0.0,0.0,0.0,0.0,0.0,0.0,0.0,1.0,0.0,1.0,0.0
9064,0.6790123456790123,1.0,0.0,0.0,0.22222222222222227,0.5,0.7170832336381597,0.07894736842105263,1.0,0.0,0.33333333333333337,0.6527669524551882,0.45188284518828437,0.00861482656993881,0.17051039697542336,1.0,0.0,0.0,0.0,0.0,1.0,0.0,0.0,0.0,0.0,0.0,0.0,1.0,0.0,0.0,0.0,0.0,0.0,0.0,0.0,0.0,0.0,0.0,1.0,0.0
9065,0.24691358024691357,1.0,0.0,0.0,0.22222222222222227,0.75,0.6480977205520548,0.0,0.002002002002002002,0.5714285714285714,0.33333333333333337,0.6527669524551882,0.45188284518828437,0.00974835638177285,0.17051039697542336,1.0,0.0,0.0,0.0,0.0,0.0,0.0,0.0,0.0,1.0,0.0,0.0,1.0,0.0,0.0,0.0,0.0,0.0,0.0,0.0,1.0,0.0,0.0,0.0,1.0
9066,0.19753086419753085,0.0,0.0,0.0,0.22222222222222227,0.75,0.6190773470668909,0.0,1.0,0.14285714285714285,0.33333333333333337,0.6527669524551882,0.45188284518828437,0.00974835638177285,0.17051039697542336,1.0,0.0,0.0,0.0,0.0,0.0,0.0,1.0,0.0,0.0,0.0,0.0,1.0,0.0,0.0,0.0,0.0,1.0,0.0,0.0,0.0,0.0,0.0,0.0,0.0
9067,0.43209876543209874,1.0,1.0,0.0,0.22222222222222227,0.75,0.6499874824690127,0.0,0.003003003003003003,0.7142857142857142,0.33333333333333337,0.6527669524551882,0.45188284518828437,0.00974835638177285,0.17051039697542336,1.0,0.0,0.0,0.0,0.0,0.0,0.0,0.0,0.0,0.0,0.0,0.0,1.0,0.0,0.0,0.0,0.0,0.0,0.0,0.0,1.0,0.0,0.0,0.0,1.0
9068,0.43209876543209874,0.0,0.0,0.0,0.22222222222222227,0.75,0.6208918069393788,0.0,1.0,0.0,0.33333333333333337,0.6527669524551882,0.45188284518828437,0.00974835638177285,0.17051039697542336,1.0,0.0,0.0,0.0,0.0,0.0,0.0,0.0,0.0,0.0,0.0,0.0,1.0,0.0,0.0,0.0,0.0,0.0,0.0,0.0,1.0,0.0,0.0,1.0,0.0
9069,0.43209876543209874,0.0,0.0,0.0,0.22222222222222227,0.75,0.7552170630677534,0.0,0.003003003003003003,0.2857142857142857,0.33333333333333337,0.6527669524551882,0.45188284518828437,0.00974835638177285,0.17051039697542336,1.0,0.0,0.0,0.0,0.0,0.0,0.0,0.0,0.0,0.0,0.0,0.0,1.0,0.0,0.0,0.0,0.0,0.0,0.0,0.0,1.0,0.0,0.0,0.0,1.0
9070,0.43209876543209874,0.0,0.0,0.0,0.22222222222222227,0.75,0.6301228271521957,0.0,0.003003003003003003,0.5714285714285714,0.33333333333333337,0.6527669524551882,0.45188284518828437,0.00974835638177285,0.17051039697542336,1.0,0.0,0.0,0.0,0.0,0.0,0.0,0.0,0.0,1.0,0.0,0.0,1.0,0.0,0.0,0.0,0.0,0.0,0.0,0.0,1.0,0.0,0.0,0.0,1.0
9071,0.1728395061728395,0.0,0.0,0.0,0.22222222222222227,0.75,0.646660205928461,0.02631578947368421,1.0,0.14285714285714285,0.33333333333333337,0.6527669524551882,0.45188284518828437,0.00974835638177285,0.17051039697542336,1.0,0.0,0.0,0.0,0.0,0.0,0.0,0.0,1.0,0.0,0.0,0.0,0.0,1.0,0.0,0.0,0.0,0.0,0.0,0.0,0.0,1.0,0.0,0.0,0.0
9072,0.24691358024691357,0.0,0.0,0.0,0.22222222222222227,1.0,0.6681879539642915,0.05263157894736842,1.0,0.0,0.33333333333333337,0.6527669524551882,0.45188284518828437,0.010881886193606916,0.17051039697542336,1.0,0.0,0.0,0.0,1.0,0.0,0.0,0.0,0.0,0.0,0.0,0.0,1.0,0.0,0.0,0.0,0.0,1.0,0.0,0.0,0.0,0.0,0.0,1.0,0.0
9073,0.3333333333333333,1.0,0.0,0.0,0.22222222222222227,1.0,0.7642490971431724,0.02631578947368421,0.002002002002002002,0.14285714285714285,0.33333333333333337,0.6527669524551882,0.45188284518828437,0.010881886193606916,0.17051039697542336,1.0,0.0,0.0,0.0,0.0,0.0,0.0,0.0,0.0,1.0,0.0,0.0,1.0,0.0,0.0,0.0,0.0,0.0,0.0,0.0,1.0,0.0,0.0,0.0,1.0
9074,0.16049382716049382,0.0,0.0,1.0,0.22222222222222227,1.0,0.6713567691230875,0.05263157894736842,1.0,0.0,0.33333333333333337,0.6527669524551882,0.45188284518828437,0.010881886193606916,0.17051039697542336,1.0,0.0,0.0,0.0,0.0,0.0,0.0,0.0,1.0,0.0,0.0,0.0,0.0,1.0,0.0,0.0,0.0,1.0,0.0,0.0,0.0,0.0,0.0,1.0,0.0
9075,0.3333333333333333,0.0,1.0,1.0,0.22222222222222227,1.0,0.6244388640920251,0.02631578947368421,1.0,0.14285714285714285,0.33333333333333337,0.6527669524551882,0.45188284518828437,0.010881886193606916,0.17051039697542336,0.0,0.0,0.0,0.0,0.0,0.0,0.0,0.0,0.0,1.0,0.0,0.0,1.0,0.0,0.0,0.0,0.0,0.0,0.0,0.0,1.0,0.0,0.0,0.0,0.0
9076,0.16049382716049382,0.0,0.0,0.0,0.22222222222222227,1.0,0.6381648062569562,0.02631578947368421,0.003003003003003003,0.2857142857142857,0.33333333333333337,0.6527669524551882,0.45188284518828437,0.010881886193606916,0.17051039697542336,1.0,0.0,0.0,0.0,0.0,0.0,0.0,0.0,1.0,0.0,0.0,0.0,0.0,1.0,0.0,0.0,0.0,1.0,0.0,0.0,0.0,0.0,0.0,0.0,1.0
9077,0.3333333333333333,1.0,0.0,0.0,0.22222222222222227,1.0,0.6301228271521957,0.07894736842105263,0.003003003003003003,0.14285714285714285,0.33333333333333337,0.6527669524551882,0.45188284518828437,0.010881886193606916,0.17051039697542336,1.0,0.0,0.0,0.0,0.0,0.0,0.0,0.0,0.0,0.0,0.0,0.0,0.0,1.0,0.0,0.0,0.0,0.0,0.0,0.0,1.0,0.0,0.0,0.0,1.0
9078,0.8024691358024691,1.0,0.0,0.0,0.22222222222222227,0.0,0.5779008918534767,0.05263157894736842,1.0,0.0,0.33333333333333337,0.6527669524551882,0.45188284518828437,0.010881886193606916,0.17051039697542336,0.0,0.0,0.0,0.0,0.0,1.0,0.0,0.0,0.0,0.0,0.0,0.0,1.0,0.0,0.0,0.0,0.0,1.0,0.0,0.0,0.0,0.0,1.0,1.0,0.0
9079,0.06172839506172839,1.0,0.0,0.0,0.22222222222222227,0.0,0.6055262822549443,0.02631578947368421,0.003003003003003003,0.2857142857142857,0.33333333333333337,0.6527669524551882,0.45188284518828437,0.010881886193606916,0.17051039697542336,1.0,0.0,0.0,0.0,0.0,0.0,0.0,0.0,1.0,0.0,0.0,0.0,0.0,1.0,0.0,0.0,0.0,0.0,0.0,0.0,0.0,1.0,0.0,0.0,1.0
9080,0.25925925925925924,1.0,0.0,0.0,0.22222222222222227,0.0,0.749324254321852,0.13157894736842105,0.002002002002002002,0.5714285714285714,0.33333333333333337,0.6527669524551882,0.45188284518828437,0.010881886193606916,0.17051039697542336,1.0,0.0,1.0,0.0,0.0,0.0,0.0,0.0,0.0,0.0,0.0,0.0,1.0,0.0,0.0,0.0,0.0,0.0,0.0,1.0,0.0,0.0,0.0,0.0,1.0
9081,0.48148148148148145,1.0,0.0,1.0,0.22222222222222227,0.0,0.7272304821327134,0.10526315789473684,1.0,0.0,0.33333333333333337,0.6527669524551882,0.45188284518828437,0.010881886193606916,0.17051039697542336,1.0,0.0,0.0,0.0,0.0,0.0,0.0,0.0,0.0,1.0,0.0,0.0,1.0,0.0,0.0,0.0,0.0,0.0,0.0,1.0,0.0,0.0,0.0,1.0,0.0
9082,0.4567901234567901,1.0,0.0,1.0,0.22222222222222227,0.25,0.6062082270603242,0.10526315789473684,1.0,0.14285714285714285,0.33333333333333337,0.6527669524551882,0.45188284518828437,0.010881886193606916,0.17051039697542336,0.0,0.0,0.0,0.0,0.0,0.0,0.0,0.0,0.0,1.0,0.0,0.0,1.0,0.0,0.0,0.0,0.0,0.0,0.0,0.0,1.0,0.0,0.0,0.0,0.0
9083,0.4074074074074074,0.5,0.5,0.0,0.22222222222222227,0.5,0.7866390207111226,0.0,1.0,0.14285714285714285,0.33333333333333337,0.6527669524551882,0.45188284518828437,0.010881886193606916,0.17051039697542336,0.0,0.0,0.0,0.0,0.0,0.0,0.0,0.0,0.0,0.0,0.0,0.0,1.0,0.0,0.0,0.0,0.0,0.0,0.0,0.0,1.0,0.0,0.0,0.0,0.0
9084,0.5185185185185184,1.0,0.0,0.0,0.22222222222222227,0.5,0.6196852820090151,0.0,1.0,0.0,0.33333333333333337,0.6527669524551882,0.45188284518828437,0.010881886193606916,0.17051039697542336,1.0,0.0,0.0,0.0,0.0,0.0,0.0,0.0,0.0,0.0,0.0,0.0,0.0,0.0,0.0,0.0,0.0,0.0,0.0,0.0,0.0,0.0,0.0,1.0,0.0
9085,0.5061728395061729,1.0,0.0,0.0,0.22222222222222227,0.5,0.6748225397474605,0.0,0.006006006006006006,0.14285714285714285,0.33333333333333337,0.6527669524551882,0.45188284518828437,0.010881886193606916,0.17051039697542336,1.0,0.0,0.0,0.0,0.0,0.0,0.0,0.0,0.0,0.0,0.0,0.0,1.0,0.0,0.0,0.0,0.0,1.0,0.0,0.0,0.0,0.0,0.0,0.0,1.0
9086,0.4074074074074074,1.0,0.0,0.0,0.22222222222222227,0.5,0.608897147549857,0.02631578947368421,0.003003003003003003,0.42857142857142855,0.33333333333333337,0.6527669524551882,0.45188284518828437,0.010881886193606916,0.17051039697542336,1.0,0.0,0.0,0.0,0.0,0.0,0.0,0.0,0.0,0.0,0.0,0.0,1.0,0.0,0.0,0.0,0.0,0.0,0.0,0.0,1.0,0.0,0.0,0.0,1.0
9087,0.7407407407407407,1.0,0.0,0.0,0.22222222222222227,0.5,0.5917563168597532,0.0,0.006006006006006006,0.5714285714285714,0.33333333333333337,0.6527669524551882,0.45188284518828437,0.010881886193606916,0.17051039697542336,1.0,0.0,0.0,0.0,0.0,1.0,0.0,0.0,0.0,0.0,0.0,0.0,1.0,0.0,0.0,0.0,0.0,0.0,0.0,0.0,1.0,0.0,0.0,0.0,1.0
9088,0.6049382716049383,1.0,0.0,0.0,0.22222222222222227,0.5,0.6055262822549443,0.02631578947368421,0.006006006006006006,0.2857142857142857,0.33333333333333337,0.6527669524551882,0.45188284518828437,0.010881886193606916,0.17051039697542336,1.0,1.0,0.0,0.0,0.0,0.0,0.0,0.0,0.0,0.0,0.0,0.0,1.0,0.0,0.0,0.0,0.0,0.0,0.0,0.0,0.0,1.0,0.0,0.0,1.0
9089,0.5432098765432098,0.0,0.0,0.0,0.22222222222222227,0.5,0.6391967001499177,0.02631578947368421,1.0,0.14285714285714285,0.33333333333333337,0.6527669524551882,0.45188284518828437,0.010881886193606916,0.17051039697542336,1.0,0.0,0.0,0.0,1.0,0.0,0.0,0.0,0.0,0.0,0.0,0.0,1.0,0.0,0.0,0.0,0.0,0.0,0.0,0.0,1.0,0.0,0.0,0.0,0.0
9090,0.38271604938271603,0.0,0.0,0.0,0.22222222222222227,0.5,0.6778197757555917,0.0,0.006006006006006006,0.42857142857142855,0.33333333333333337,0.6527669524551882,0.45188284518828437,0.010881886193606916,0.17051039697542336,1.0,0.0,0.0,0.0,0.0,0.0,0.0,0.0,0.0,0.0,1.0,0.0,1.0,0.0,0.0,0.0,0.0,0.0,0.0,1.0,0.0,0.0,0.0,0.0,1.0
9091,0.38271604938271603,1.0,0.0,0.0,0.22222222222222227,0.5,0.6432360720972943,0.0,0.006006006006006006,0.2857142857142857,0.33333333333333337,0.6527669524551882,0.45188284518828437,0.010881886193606916,0.17051039697542336,1.0,0.0,0.0,0.0,0.0,0.0,0.0,0.0,0.0,0.0,1.0,0.0,1.0,0.0,0.0,0.0,0.0,0.0,0.0,1.0,0.0,0.0,0.0,0.0,1.0
9092,0.2839506172839506,1.0,0.0,0.0,0.22222222222222227,0.5,0.6490463962539821,0.0,0.003003003003003003,0.5714285714285714,0.33333333333333337,0.6527669524551882,0.45188284518828437,0.010881886193606916,0.17051039697542336,1.0,0.0,0.0,0.0,0.0,0.0,0.0,0.0,0.0,1.0,0.0,0.0,1.0,0.0,0.0,0.0,0.0,0.0,0.0,1.0,0.0,0.0,0.0,0.0,1.0
9093,0.5308641975308641,1.0,0.0,0.0,0.22222222222222227,0.5,0.7807748406829615,0.0,0.006006006006006006,0.2857142857142857,0.33333333333333337,0.6527669524551882,0.45188284518828437,0.010881886193606916,0.17051039697542336,1.0,0.0,0.0,0.0,0.0,0.0,0.0,0.0,0.0,0.0,0.0,0.0,1.0,0.0,0.0,0.0,0.0,0.0,0.0,0.0,0.0,1.0,0.0,0.0,1.0
9094,0.38271604938271603,0.0,0.0,1.0,0.22222222222222227,0.5,0.6927390389294485,0.0,0.006006006006006006,0.14285714285714285,0.33333333333333337,0.6527669524551882,0.45188284518828437,0.010881886193606916,0.17051039697542336,1.0,0.0,0.0,0.0,0.0,0.0,0.0,0.0,0.0,0.0,1.0,0.0,1.0,0.0,0.0,0.0,0.0,0.0,0.0,1.0,0.0,0.0,0.0,0.0,1.0
9095,0.7407407407407407,1.0,0.0,1.0,0.22222222222222227,0.5,0.6965857625840003,0.0,0.003003003003003003,0.5714285714285714,0.33333333333333337,0.6527669524551882,0.45188284518828437,0.010881886193606916,0.17051039697542336,1.0,0.0,0.0,0.0,0.0,1.0,0.0,0.0,0.0,0.0,0.0,0.0,1.0,0.0,0.0,0.0,0.0,0.0,0.0,0.0,1.0,0.0,0.0,0.0,1.0
9096,0.3703703703703703,1.0,0.0,1.0,0.22222222222222227,0.5,0.6576965892230189,0.02631578947368421,0.003003003003003003,0.42857142857142855,0.33333333333333337,0.6527669524551882,0.45188284518828437,0.010881886193606916,0.17051039697542336,0.0,0.0,0.0,0.0,1.0,0.0,0.0,0.0,0.0,0.0,0.0,0.0,1.0,0.0,0.0,0.0,0.0,0.0,0.0,0.0,1.0,0.0,0.0,0.0,1.0
9097,0.34567901234567905,1.0,0.0,1.0,0.22222222222222227,0.75,0.7091374448666395,0.0,0.006006006006006006,0.2857142857142857,0.33333333333333337,0.6527669524551882,0.45188284518828437,0.011108592155973707,0.17051039697542336,1.0,1.0,0.0,0.0,0.0,0.0,0.0,0.0,0.0,0.0,0.0,0.0,1.0,0.0,0.0,0.0,0.0,0.0,0.0,1.0,0.0,0.0,0.0,0.0,1.0
9098,0.5061728395061729,0.0,0.0,0.0,0.22222222222222227,0.75,0.6669772899389259,0.0,0.003003003003003003,0.5714285714285714,0.33333333333333337,0.6527669524551882,0.45188284518828437,0.011108592155973707,0.17051039697542336,1.0,0.0,0.0,0.0,1.0,0.0,0.0,0.0,0.0,0.0,0.0,0.0,1.0,0.0,0.0,0.0,0.0,0.0,0.0,0.0,1.0,0.0,0.0,0.0,1.0
9099,0.1728395061728395,1.0,0.0,0.0,0.22222222222222227,0.75,0.7051005485106072,0.0,0.003003003003003003,0.14285714285714285,0.33333333333333337,0.6527669524551882,0.45188284518828437,0.011108592155973707,0.17051039697542336,1.0,0.0,0.0,0.0,0.0,0.0,0.0,0.0,0.0,0.0,0.0,0.0,1.0,0.0,0.0,0.0,0.0,0.0,0.0,0.0,1.0,0.0,0.0,0.0,1.0
9100,0.29629629629629634,1.0,0.0,0.0,0.22222222222222227,0.75,0.6736785908672379,0.0,0.006006006006006006,0.5714285714285714,0.33333333333333337,0.6527669524551882,0.45188284518828437,0.011108592155973707,0.17051039697542336,1.0,0.0,0.0,0.0,0.0,0.0,0.0,0.0,0.0,0.0,1.0,0.0,1.0,0.0,0.0,0.0,1.0,0.0,0.0,0.0,0.0,0.0,0.0,0.0,1.0
9101,0.13580246913580246,1.0,0.0,0.0,0.22222222222222227,0.75,0.6559276062712989,0.0,0.006006006006006006,0.14285714285714285,0.33333333333333337,0.6527669524551882,0.45188284518828437,0.011108592155973707,0.17051039697542336,1.0,0.0,0.0,0.0,0.0,0.0,0.0,0.0,0.0,0.0,0.0,0.0,0.0,1.0,0.0,0.0,0.0,1.0,0.0,0.0,0.0,0.0,0.0,0.0,1.0
9102,0.14814814814814814,0.0,0.0,0.0,0.22222222222222227,0.75,0.6328650293995502,0.0,0.003003003003003003,0.42857142857142855,0.33333333333333337,0.6527669524551882,0.45188284518828437,0.011108592155973707,0.17051039697542336,1.0,0.0,0.0,0.0,0.0,0.0,0.0,0.0,0.0,0.0,0.0,0.0,0.0,1.0,0.0,0.0,0.0,0.0,0.0,0.0,1.0,0.0,0.0,0.0,1.0
9103,0.2716049382716049,1.0,0.0,0.0,0.22222222222222227,0.75,0.6818201199369839,0.02631578947368421,0.006006006006006006,0.42857142857142855,0.33333333333333337,0.6527669524551882,0.45188284518828437,0.011108592155973707,0.17051039697542336,1.0,0.0,0.0,0.0,0.0,0.0,0.0,1.0,0.0,0.0,0.0,0.0,1.0,0.0,0.0,0.0,0.0,1.0,0.0,0.0,0.0,0.0,0.0,0.0,1.0
9104,0.654320987654321,1.0,0.0,0.0,0.22222222222222227,0.75,0.6828879198511015,0.0,0.003003003003003003,0.2857142857142857,0.33333333333333337,0.6527669524551882,0.45188284518828437,0.011108592155973707,0.17051039697542336,1.0,0.0,0.0,0.0,0.0,1.0,0.0,0.0,0.0,0.0,0.0,0.0,1.0,0.0,0.0,0.0,0.0,0.0,0.0,0.0,0.0,0.0,0.0,0.0,1.0
9105,0.2839506172839506,1.0,0.0,0.0,0.22222222222222227,0.75,0.6914283273250159,0.0,0.002002002002002002,0.42857142857142855,0.33333333333333337,0.6527669524551882,0.45188284518828437,0.011108592155973707,0.17051039697542336,1.0,0.0,0.0,0.0,0.0,0.0,0.0,0.0,0.0,0.0,0.0,0.0,0.0,1.0,0.0,0.0,1.0,0.0,0.0,0.0,0.0,0.0,0.0,0.0,1.0
9106,0.2839506172839506,1.0,0.0,0.0,0.22222222222222227,0.75,0.6422391580843787,0.0,0.003003003003003003,0.42857142857142855,0.33333333333333337,0.6527669524551882,0.45188284518828437,0.011108592155973707,0.17051039697542336,1.0,0.0,0.0,0.0,0.0,0.0,0.0,0.0,0.0,0.0,0.0,0.0,0.0,1.0,0.0,0.0,1.0,0.0,0.0,0.0,0.0,0.0,0.0,0.0,1.0
9107,0.13580246913580246,1.0,0.0,0.0,0.22222222222222227,0.75,0.7207351723504332,0.02631578947368421,1.0,0.14285714285714285,0.33333333333333337,0.6527669524551882,0.45188284518828437,0.011108592155973707,0.17051039697542336,0.0,0.0,0.0,0.0,0.0,0.0,0.0,0.0,0.0,0.0,0.0,0.0,0.0,1.0,0.0,0.0,0.0,1.0,0.0,0.0,0.0,0.0,0.0,0.0,0.0
9108,0.5308641975308641,1.0,0.0,0.0,0.22222222222222227,0.75,0.6846463255291116,0.05263157894736842,0.003003003003003003,0.7142857142857142,0.33333333333333337,0.6527669524551882,0.45188284518828437,0.011108592155973707,0.17051039697542336,1.0,0.0,0.0,0.0,1.0,0.0,0.0,0.0,0.0,0.0,0.0,0.0,1.0,0.0,0.0,0.0,0.0,0.0,0.0,0.0,0.0,1.0,0.0,0.0,1.0
9109,0.14814814814814814,1.0,1.0,0.0,0.22222222222222227,1.0,0.7460564011454784,0.05263157894736842,0.013013013013013013,0.2857142857142857,0.33333333333333337,0.6527669524551882,0.45188284518828437,0.011335298118340525,0.17051039697542336,1.0,0.0,0.0,0.0,0.0,0.0,0.0,0.0,0.0,0.0,0.0,0.0,1.0,0.0,0.0,0.0,0.0,0.0,0.0,0.0,1.0,0.0,0.0,0.0,0.0
9110,0.43209876543209874,0.0,0.0,0.0,0.22222222222222227,1.0,0.7062681526322143,0.02631578947368421,0.009009009009009009,0.14285714285714285,0.33333333333333337,0.6527669524551882,0.45188284518828437,0.011335298118340525,0.17051039697542336,1.0,0.0,0.0,0.0,1.0,0.0,0.0,0.0,0.0,0.0,0.0,0.0,1.0,0.0,0.0,0.0,0.0,0.0,0.0,0.0,1.0,0.0,0.0,0.0,1.0
9111,0.16049382716049382,1.0,0.0,0.0,0.22222222222222227,1.0,0.7385748062786976,0.10526315789473684,1.0,0.0,0.33333333333333337,0.6527669524551882,0.45188284518828437,0.011335298118340525,0.17051039697542336,1.0,0.0,0.0,0.0,0.0,0.0,0.0,0.0,0.0,0.0,0.0,0.0,0.0,1.0,0.0,0.0,0.0,1.0,0.0,0.0,0.0,0.0,0.0,1.0,0.0
9112,0.18518518518518517,0.0,0.0,1.0,0.22222222222222227,1.0,0.7018285635083261,0.07894736842105263,1.0,0.14285714285714285,0.33333333333333337,0.6527669524551882,0.45188284518828437,0.011335298118340525,0.17051039697542336,0.0,0.0,0.0,0.0,0.0,0.0,0.0,0.0,0.0,0.0,0.0,0.0,1.0,0.0,0.0,0.0,0.0,0.0,0.0,0.0,1.0,0.0,0.0,0.0,0.0
9113,0.6296296296296295,1.0,1.0,0.0,0.22222222222222227,1.0,0.635013676339261,0.0,0.006006006006006006,0.14285714285714285,0.33333333333333337,0.6527669524551882,0.45188284518828437,0.011335298118340525,0.17051039697542336,1.0,0.0,0.0,0.0,0.0,1.0,0.0,0.0,0.0,0.0,0.0,0.0,1.0,0.0,0.0,0.0,0.0,0.0,0.0,0.0,0.0,0.0,0.0,0.0,1.0
9114,0.19753086419753085,1.0,0.0,0.0,0.22222222222222227,1.0,0.7708052447952238,0.07894736842105263,0.003003003003003003,0.5714285714285714,0.33333333333333337,0.6527669524551882,0.45188284518828437,0.011335298118340525,0.17051039697542336,1.0,0.0,0.0,0.0,0.0,0.0,0.0,0.0,0.0,1.0,0.0,0.0,1.0,0.0,0.0,0.0,0.0,0.0,0.0,1.0,0.0,0.0,0.0,0.0,1.0
9115,0.728395061728395,1.0,0.0,0.0,0.22222222222222227,1.0,0.8346289586303263,0.02631578947368421,0.006006006006006006,0.2857142857142857,0.33333333333333337,0.6527669524551882,0.45188284518828437,0.011335298118340525,0.17051039697542336,1.0,0.0,0.0,0.0,0.0,1.0,0.0,0.0,0.0,0.0,0.0,0.0,1.0,0.0,0.0,0.0,0.0,0.0,0.0,0.0,0.0,0.0,0.0,0.0,1.0
9116,0.5925925925925926,1.0,0.0,0.0,0.22222222222222227,1.0,0.7071363126573881,0.05263157894736842,1.0,0.14285714285714285,0.33333333333333337,0.6527669524551882,0.45188284518828437,0.011335298118340525,0.17051039697542336,1.0,0.0,0.0,0.0,0.0,0.0,0.0,0.0,0.0,0.0,0.0,0.0,1.0,0.0,0.0,0.0,0.0,0.0,0.0,0.0,1.0,0.0,0.0,0.0,0.0
9117,0.43209876543209874,1.0,0.0,0.0,0.22222222222222227,1.0,0.7845674047926624,0.05263157894736842,0.003003003003003003,0.42857142857142855,0.33333333333333337,0.6527669524551882,0.45188284518828437,0.011335298118340525,0.17051039697542336,1.0,0.0,0.0,0.0,1.0,0.0,0.0,0.0,0.0,0.0,0.0,0.0,1.0,0.0,0.0,0.0,0.0,0.0,0.0,0.0,1.0,0.0,0.0,0.0,1.0
9118,0.19753086419753085,1.0,0.0,0.0,0.22222222222222227,1.0,0.703921238889424,0.10526315789473684,1.0,0.0,0.33333333333333337,0.6527669524551882,0.45188284518828437,0.011335298118340525,0.17051039697542336,1.0,0.0,0.0,0.0,0.0,0.0,0.0,0.0,0.0,0.0,0.0,0.0,0.0,1.0,0.0,0.0,0.0,0.0,0.0,0.0,1.0,0.0,0.0,1.0,0.0
9119,0.6666666666666665,1.0,1.0,0.0,0.22222222222222227,1.0,0.7230243610120375,0.07894736842105263,0.003003003003003003,0.2857142857142857,0.33333333333333337,0.6527669524551882,0.45188284518828437,0.011335298118340525,0.17051039697542336,1.0,0.0,0.0,0.0,0.0,0.0,0.0,0.0,0.0,0.0,0.0,0.0,1.0,0.0,0.0,0.0,0.0,0.0,0.0,0.0,0.0,0.0,0.0,0.0,1.0
9120,0.14814814814814814,1.0,0.0,0.0,0.22222222222222227,0.0,0.7437559071296996,0.0,1.0,0.14285714285714285,0.33333333333333337,0.6527669524551882,0.45188284518828437,0.011562004080707344,0.17051039697542336,1.0,0.0,0.0,0.0,0.0,0.0,0.0,0.0,1.0,0.0,0.0,0.0,0.0,1.0,0.0,0.0,0.0,0.0,0.0,0.0,1.0,0.0,0.0,0.0,0.0
9121,0.19753086419753085,1.0,0.0,0.0,0.22222222222222227,0.0,0.7773331413559661,0.0,0.003003003003003003,0.2857142857142857,0.33333333333333337,0.6527669524551882,0.45188284518828437,0.011562004080707344,0.17051039697542336,1.0,0.0,0.0,0.0,0.0,0.0,0.0,0.0,0.0,0.0,0.0,0.0,1.0,0.0,0.0,0.0,0.0,0.0,0.0,0.0,1.0,0.0,0.0,0.0,1.0
9122,0.5308641975308641,1.0,0.0,0.0,0.22222222222222227,0.0,0.6598710531604159,0.02631578947368421,0.006006006006006006,0.2857142857142857,0.33333333333333337,0.6527669524551882,0.45188284518828437,0.011562004080707344,0.17051039697542336,1.0,1.0,0.0,0.0,0.0,0.0,0.0,0.0,0.0,0.0,0.0,0.0,1.0,0.0,0.0,0.0,0.0,0.0,0.0,0.0,0.0,0.0,0.0,0.0,1.0
9123,0.5679012345679011,1.0,1.0,0.0,0.22222222222222227,0.0,0.7173478797553707,0.02631578947368421,0.014014014014014014,0.14285714285714285,0.33333333333333337,0.6527669524551882,0.45188284518828437,0.011562004080707344,0.17051039697542336,1.0,0.0,0.0,0.0,0.0,1.0,0.0,0.0,0.0,0.0,0.0,0.0,1.0,0.0,0.0,0.0,0.0,0.0,0.0,1.0,0.0,0.0,0.0,0.0,1.0
9124,0.19753086419753085,1.0,0.0,0.0,0.22222222222222227,0.0,0.7331549540865699,0.0,1.0,0.0,0.33333333333333337,0.6527669524551882,0.45188284518828437,0.011562004080707344,0.17051039697542336,1.0,0.0,0.0,0.0,0.0,0.0,0.0,0.0,0.0,1.0,0.0,0.0,1.0,0.0,0.0,0.0,0.0,0.0,0.0,0.0,1.0,0.0,0.0,1.0,0.0
9125,0.7037037037037037,1.0,0.0,0.0,0.22222222222222227,0.25,0.7012237542095305,0.0,1.0,0.0,0.33333333333333337,0.6527669524551882,0.45188284518828437,0.012242121967807745,0.17051039697542336,1.0,0.0,0.0,0.0,0.0,1.0,0.0,0.0,0.0,0.0,0.0,0.0,0.0,0.0,0.0,0.0,0.0,0.0,0.0,0.0,1.0,0.0,0.0,1.0,0.0
9126,0.3703703703703703,1.0,1.0,0.0,0.22222222222222227,0.25,0.6846463255291116,0.0,0.015015015015015015,0.42857142857142855,0.33333333333333337,0.6527669524551882,0.45188284518828437,0.012242121967807745,0.17051039697542336,1.0,0.0,0.0,0.0,0.0,0.0,0.0,1.0,0.0,0.0,0.0,0.0,0.0,0.0,0.0,0.0,0.0,0.0,0.0,0.0,1.0,0.0,0.0,0.0,0.0
9127,0.4074074074074074,0.0,0.0,1.0,0.22222222222222227,0.25,0.6904356197503724,0.05263157894736842,1.0,0.0,0.33333333333333337,0.6527669524551882,0.45188284518828437,0.012242121967807745,0.17051039697542336,1.0,0.0,0.0,0.0,0.0,0.0,0.0,0.0,0.0,0.0,1.0,0.0,1.0,0.0,0.0,0.0,0.0,1.0,0.0,0.0,0.0,0.0,0.0,1.0,0.0
9128,0.38271604938271603,0.0,0.0,0.0,0.22222222222222227,0.5,0.7640715346196701,0.05263157894736842,1.0,0.0,0.33333333333333337,0.6527669524551882,0.45188284518828437,0.012695533892541355,0.17051039697542336,1.0,0.0,0.0,0.0,0.0,0.0,1.0,0.0,0.0,0.0,0.0,0.0,0.0,0.0,0.0,0.0,0.0,0.0,0.0,0.0,1.0,0.0,0.0,1.0,0.0
9129,0.13580246913580246,0.0,1.0,0.0,0.22222222222222227,0.5,0.7245261067197548,0.0,0.003003003003003003,0.7142857142857142,0.33333333333333337,0.6527669524551882,0.45188284518828437,0.012695533892541355,0.17051039697542336,1.0,0.0,0.0,0.0,0.0,0.0,0.0,0.0,1.0,0.0,0.0,0.0,0.0,1.0,0.0,0.0,0.0,1.0,0.0,0.0,0.0,0.0,0.0,0.0,1.0
9130,0.6296296296296295,0.0,1.0,0.0,0.22222222222222227,0.75,0.7108260166752879,0.0,1.0,0.14285714285714285,0.33333333333333337,0.6527669524551882,0.45188284518828437,0.013148945817274993,0.17051039697542336,1.0,0.0,0.0,0.0,0.0,1.0,0.0,0.0,0.0,0.0,0.0,0.0,1.0,0.0,0.0,0.0,0.0,0.0,0.0,1.0,0.0,0.0,0.0,0.0,0.0
9131,0.35802469135802467,0.0,0.0,0.0,0.22222222222222227,0.75,0.5932840675469451,0.0,1.0,0.0,0.33333333333333337,0.6527669524551882,0.45188284518828437,0.013148945817274993,0.17051039697542336,1.0,0.0,0.0,0.0,0.0,0.0,0.0,0.0,0.0,0.0,0.0,0.0,1.0,0.0,0.0,0.0,0.0,0.0,0.0,0.0,1.0,0.0,0.0,1.0,0.0
9132,0.1728395061728395,1.0,1.0,0.0,0.22222222222222227,0.75,0.6677857821213365,0.02631578947368421,1.0,0.0,0.33333333333333337,0.6527669524551882,0.45188284518828437,0.013148945817274993,0.17051039697542336,1.0,0.0,0.0,0.0,0.0,0.0,0.0,0.0,0.0,0.0,0.0,0.0,1.0,0.0,0.0,0.0,0.0,0.0,0.0,1.0,0.0,0.0,0.0,1.0,0.0
9133,0.5061728395061729,1.0,0.0,0.0,0.22222222222222227,0.75,0.686722293807522,0.02631578947368421,1.0,0.0,0.33333333333333337,0.6527669524551882,0.45188284518828437,0.013148945817274993,0.17051039697542336,1.0,0.0,0.0,0.0,1.0,0.0,0.0,0.0,0.0,0.0,0.0,0.0,1.0,0.0,0.0,0.0,0.0,0.0,0.0,0.0,1.0,0.0,0.0,1.0,0.0
9134,0.35802469135802467,0.0,0.0,1.0,0.22222222222222227,0.75,0.6897691298684182,0.05263157894736842,1.0,0.0,0.33333333333333337,0.6527669524551882,0.45188284518828437,0.013148945817274993,0.17051039697542336,1.0,0.0,0.0,0.0,0.0,0.0,0.0,0.0,0.0,0.0,0.0,0.0,1.0,0.0,0.0,0.0,0.0,0.0,0.0,0.0,1.0,0.0,0.0,1.0,0.0
9135,0.13580246913580246,0.5,0.5,0.0,0.22222222222222227,1.0,0.6381648062569562,0.05263157894736842,0.003003003003003003,0.2857142857142857,0.33333333333333337,0.6527669524551882,0.45188284518828437,0.013829063704375422,0.17051039697542336,1.0,0.0,0.0,0.0,0.0,0.0,0.0,0.0,1.0,0.0,0.0,0.0,0.0,1.0,0.0,0.0,0.0,0.0,0.0,0.0,1.0,0.0,0.0,0.0,1.0
9136,0.1728395061728395,1.0,0.0,0.0,0.22222222222222227,1.0,0.6317758072704824,0.07894736842105263,1.0,0.0,0.33333333333333337,0.6527669524551882,0.45188284518828437,0.013829063704375422,0.17051039697542336,1.0,0.0,0.0,0.0,0.0,0.0,0.0,1.0,0.0,0.0,0.0,0.0,0.0,1.0,0.0,0.0,1.0,0.0,0.0,0.0,0.0,0.0,0.0,1.0,0.0
9137,0.5432098765432098,1.0,1.0,0.0,0.22222222222222227,1.0,0.7059773362925406,0.0,0.003003003003003003,0.2857142857142857,0.33333333333333337,0.6527669524551882,0.45188284518828437,0.013829063704375422,0.17051039697542336,1.0,1.0,0.0,0.0,0.0,0.0,0.0,0.0,0.0,0.0,0.0,0.0,1.0,0.0,0.0,1.0,0.0,0.0,0.0,0.0,0.0,0.0,0.0,0.0,1.0
9138,0.29629629629629634,1.0,0.0,0.0,0.22222222222222227,1.0,0.7503271175951005,0.0,0.018018018018018018,0.2857142857142857,0.33333333333333337,0.6527669524551882,0.45188284518828437,0.013829063704375422,0.17051039697542336,1.0,0.0,0.0,0.0,1.0,0.0,0.0,0.0,0.0,0.0,0.0,0.0,1.0,0.0,0.0,0.0,0.0,0.0,0.0,0.0,0.0,1.0,0.0,0.0,0.0
9139,0.20987654320987653,1.0,0.0,0.0,0.22222222222222227,1.0,0.7071363126573881,0.05263157894736842,0.008008008008008008,0.42857142857142855,0.33333333333333337,0.6527669524551882,0.45188284518828437,0.013829063704375422,0.17051039697542336,1.0,0.0,0.0,0.0,0.0,0.0,0.0,0.0,0.0,0.0,0.0,0.0,1.0,0.0,0.0,0.0,0.0,0.0,0.0,0.0,1.0,0.0,0.0,0.0,0.0
9140,0.34567901234567905,0.0,0.0,0.0,0.22222222222222227,1.0,0.697214829053618,0.0,1.0,0.14285714285714285,0.33333333333333337,0.6527669524551882,0.45188284518828437,0.013829063704375422,0.17051039697542336,1.0,0.0,0.0,0.0,0.0,0.0,1.0,0.0,0.0,0.0,0.0,0.0,1.0,0.0,0.0,0.0,0.0,1.0,0.0,0.0,0.0,0.0,0.0,0.0,0.0
9141,0.13580246913580246,0.5,0.5,0.0,0.22222222222222227,1.0,0.8158433391532395,0.02631578947368421,1.0,0.0,0.33333333333333337,0.6527669524551882,0.45188284518828437,0.013829063704375422,0.17051039697542336,1.0,0.0,0.0,0.0,0.0,0.0,0.0,0.0,1.0,0.0,0.0,0.0,0.0,1.0,0.0,0.0,0.0,0.0,0.0,0.0,1.0,0.0,0.0,1.0,0.0
9142,0.08641975308641975,0.0,1.0,0.0,0.22222222222222227,0.0,0.697528105269356,0.02631578947368421,1.0,0.0,0.33333333333333337,0.6527669524551882,0.45188284518828437,0.014282475629109032,0.17051039697542336,1.0,0.0,0.0,0.0,0.0,0.0,0.0,0.0,0.0,0.0,1.0,0.0,0.0,1.0,0.0,0.0,0.0,1.0,0.0,0.0,0.0,0.0,0.0,1.0,0.0
9143,0.7777777777777777,0.0,0.0,0.0,0.22222222222222227,0.0,0.6996979850963346,0.0,0.003003003003003003,0.42857142857142855,0.33333333333333337,0.6527669524551882,0.45188284518828437,0.014282475629109032,0.17051039697542336,1.0,0.0,0.0,0.0,0.0,1.0,0.0,0.0,0.0,0.0,0.0,0.0,1.0,0.0,0.0,0.0,0.0,0.0,0.0,0.0,0.0,0.0,0.0,0.0,1.0
9144,0.2345679012345679,1.0,0.0,0.0,0.22222222222222227,0.0,0.6863788332730624,0.15789473684210525,1.0,0.0,0.33333333333333337,0.6527669524551882,0.45188284518828437,0.014282475629109032,0.17051039697542336,0.0,0.0,0.0,0.0,0.0,0.0,0.0,0.0,0.0,1.0,0.0,0.0,0.0,0.0,0.0,0.0,0.0,0.0,0.0,1.0,0.0,0.0,0.0,1.0,0.0
9145,0.08641975308641975,1.0,0.0,0.0,0.22222222222222227,0.0,0.7706373145033426,0.0,0.013013013013013013,0.2857142857142857,0.33333333333333337,0.6527669524551882,0.45188284518828437,0.014282475629109032,0.17051039697542336,1.0,0.0,0.0,0.0,0.0,0.0,0.0,0.0,0.0,0.0,1.0,0.0,0.0,1.0,0.0,0.0,0.0,1.0,0.0,0.0,0.0,0.0,0.0,0.0,0.0
9146,0.728395061728395,1.0,0.0,0.0,0.22222222222222227,0.0,0.603456402174661,0.0,1.0,0.14285714285714285,0.33333333333333337,0.6527669524551882,0.45188284518828437,0.014282475629109032,0.17051039697542336,1.0,0.0,0.0,0.0,0.0,1.0,0.0,0.0,0.0,0.0,0.0,0.0,0.0,0.0,0.0,0.0,0.0,0.0,0.0,0.0,0.0,0.0,0.0,0.0,0.0
9147,0.34567901234567905,0.0,0.0,0.0,0.22222222222222227,0.25,0.5870502833422594,0.02631578947368421,1.0,0.14285714285714285,0.33333333333333337,0.6527669524551882,0.45188284518828437,0.014282475629109032,0.17051039697542336,1.0,0.0,0.0,0.0,0.0,0.0,0.0,0.0,0.0,1.0,0.0,0.0,0.0,1.0,0.0,0.0,0.0,0.0,0.0,0.0,1.0,0.0,0.0,0.0,0.0
9148,0.037037037037037035,0.0,0.0,0.0,0.22222222222222227,0.25,0.7381325683537684,0.02631578947368421,0.003003003003003003,0.7142857142857142,0.33333333333333337,0.6527669524551882,0.45188284518828437,0.014282475629109032,0.17051039697542336,1.0,0.0,0.0,0.0,0.0,0.0,0.0,0.0,1.0,0.0,0.0,0.0,0.0,1.0,0.0,0.0,0.0,0.0,0.0,0.0,0.0,1.0,0.0,0.0,1.0
9149,0.037037037037037035,0.0,0.0,0.0,0.22222222222222227,0.25,0.6250197795910157,0.02631578947368421,0.012012012012012012,0.14285714285714285,0.33333333333333337,0.6527669524551882,0.45188284518828437,0.014282475629109032,0.17051039697542336,1.0,0.0,0.0,0.0,0.0,0.0,0.0,0.0,1.0,0.0,0.0,0.0,0.0,1.0,0.0,0.0,0.0,0.0,0.0,0.0,0.0,1.0,0.0,0.0,1.0
9150,0.2345679012345679,0.0,0.0,0.0,0.22222222222222227,0.25,0.7604628114657891,0.07894736842105263,1.0,0.0,0.33333333333333337,0.6527669524551882,0.45188284518828437,0.014282475629109032,0.17051039697542336,1.0,0.0,0.0,0.0,0.0,0.0,0.0,0.0,0.0,0.0,0.0,0.0,1.0,0.0,0.0,0.0,0.0,0.0,0.0,0.0,1.0,0.0,0.0,1.0,0.0
9151,0.2345679012345679,1.0,0.0,0.0,0.22222222222222227,0.25,0.6214904603916316,0.0,1.0,0.0,0.33333333333333337,0.6527669524551882,0.45188284518828437,0.014282475629109032,0.17051039697542336,1.0,0.0,0.0,0.0,0.0,0.0,0.0,0.0,0.0,0.0,0.0,0.0,1.0,0.0,0.0,0.0,0.0,0.0,0.0,0.0,1.0,0.0,0.0,1.0,0.0
9152,0.7407407407407407,0.0,0.0,0.0,0.22222222222222227,0.25,0.7030289325921469,0.0,1.0,0.0,0.33333333333333337,0.6527669524551882,0.45188284518828437,0.014282475629109032,0.17051039697542336,1.0,0.0,0.0,0.0,0.0,1.0,0.0,0.0,0.0,0.0,0.0,0.0,0.0,0.0,0.0,0.0,0.0,0.0,0.0,0.0,0.0,0.0,0.0,1.0,0.0
9153,0.06172839506172839,1.0,0.0,0.0,0.22222222222222227,0.25,0.6598710531604159,0.0,1.0,0.0,0.33333333333333337,0.6527669524551882,0.45188284518828437,0.014282475629109032,0.17051039697542336,1.0,0.0,0.0,0.0,0.0,0.0,0.0,0.0,1.0,0.0,0.0,0.0,0.0,1.0,0.0,0.0,0.0,1.0,0.0,0.0,0.0,0.0,0.0,1.0,0.0
9154,0.35802469135802467,1.0,0.0,0.0,0.22222222222222227,0.5,0.7079981124787547,0.0,1.0,0.0,0.33333333333333337,0.6527669524551882,0.45188284518828437,0.014282475629109032,0.17051039697542336,1.0,1.0,0.0,0.0,0.0,0.0,0.0,0.0,0.0,0.0,0.0,0.0,1.0,0.0,0.0,0.0,0.0,0.0,0.0,1.0,0.0,0.0,0.0,1.0,0.0
9155,0.6419753086419753,0.0,0.0,0.0,0.22222222222222227,0.5,0.6669772899389259,0.0,0.01001001001001001,0.14285714285714285,0.33333333333333337,0.6527669524551882,0.45188284518828437,0.014282475629109032,0.17051039697542336,1.0,0.0,0.0,0.0,0.0,1.0,0.0,0.0,0.0,0.0,0.0,0.0,1.0,0.0,0.0,0.0,0.0,1.0,0.0,0.0,0.0,0.0,0.0,0.0,1.0
9156,0.9259259259259258,0.0,0.0,0.0,0.22222222222222227,0.5,0.7065582517915311,0.05263157894736842,1.0,0.14285714285714285,0.33333333333333337,0.6527669524551882,0.45188284518828437,0.014282475629109032,0.17051039697542336,1.0,0.0,0.0,0.0,0.0,1.0,0.0,0.0,0.0,0.0,0.0,0.0,0.0,0.0,0.0,0.0,0.0,0.0,0.0,0.0,0.0,1.0,1.0,0.0,0.0
9157,0.5802469135802468,1.0,0.0,1.0,0.22222222222222227,0.5,0.7658352130756624,0.05263157894736842,1.0,0.0,0.33333333333333337,0.6527669524551882,0.45188284518828437,0.014282475629109032,0.17051039697542336,1.0,0.0,0.0,1.0,0.0,0.0,0.0,0.0,0.0,0.0,0.0,0.0,1.0,0.0,0.0,0.0,0.0,0.0,0.0,0.0,0.0,1.0,0.0,1.0,0.0
9158,0.1728395061728395,0.0,0.0,0.0,0.22222222222222227,0.5,0.6082306576679029,0.05263157894736842,0.007007007007007007,0.42857142857142855,0.33333333333333337,0.6527669524551882,0.45188284518828437,0.014282475629109032,0.17051039697542336,1.0,0.0,0.0,0.0,0.0,0.0,0.0,0.0,0.0,1.0,0.0,0.0,0.0,0.0,0.0,0.0,0.0,0.0,0.0,0.0,1.0,0.0,0.0,0.0,1.0
9159,0.8271604938271604,1.0,0.0,0.0,0.22222222222222227,0.5,0.6576965892230189,0.0,1.0,0.14285714285714285,0.33333333333333337,0.6527669524551882,0.45188284518828437,0.014282475629109032,0.17051039697542336,0.0,0.0,0.0,0.0,0.0,1.0,0.0,0.0,0.0,0.0,0.0,0.0,1.0,0.0,0.0,0.0,1.0,0.0,0.0,0.0,0.0,0.0,0.0,0.0,0.0
9160,0.13580246913580246,0.0,0.0,0.0,0.22222222222222227,0.5,0.5779008918534767,0.02631578947368421,0.003003003003003003,0.2857142857142857,0.33333333333333337,0.6527669524551882,0.45188284518828437,0.014282475629109032,0.17051039697542336,1.0,0.0,0.0,0.0,0.0,0.0,0.0,0.0,0.0,0.0,0.0,0.0,0.0,1.0,0.0,0.0,0.0,0.0,0.0,0.0,1.0,0.0,0.0,0.0,1.0
9161,0.13580246913580246,0.0,1.0,0.0,0.22222222222222227,0.5,0.7381325683537684,0.02631578947368421,1.0,0.0,0.33333333333333337,0.6527669524551882,0.45188284518828437,0.014282475629109032,0.17051039697542336,1.0,0.0,0.0,0.0,0.0,0.0,0.0,0.0,0.0,0.0,0.0,0.0,1.0,0.0,0.0,0.0,0.0,1.0,0.0,0.0,0.0,0.0,0.0,1.0,0.0
9162,0.654320987654321,1.0,0.0,1.0,0.22222222222222227,0.5,0.664517928944963,0.02631578947368421,0.004004004004004004,0.2857142857142857,0.33333333333333337,0.6527669524551882,0.45188284518828437,0.014282475629109032,0.17051039697542336,1.0,0.0,0.0,0.0,0.0,1.0,0.0,0.0,0.0,0.0,0.0,0.0,0.0,0.0,0.0,0.0,0.0,1.0,0.0,0.0,0.0,0.0,0.0,0.0,1.0
9163,0.14814814814814814,1.0,0.0,1.0,0.22222222222222227,0.75,0.5344511608683252,0.0,1.0,0.0,0.33333333333333337,0.6527669524551882,0.45188284518828437,0.01473588755384267,0.17051039697542336,1.0,0.0,0.0,0.0,0.0,0.0,0.0,1.0,0.0,0.0,0.0,0.0,0.0,1.0,0.0,0.0,0.0,1.0,0.0,0.0,0.0,0.0,0.0,1.0,0.0
9164,0.5308641975308641,0.0,0.0,0.0,0.22222222222222227,0.75,0.6121741045570199,0.05263157894736842,0.006006006006006006,0.14285714285714285,0.33333333333333337,0.6527669524551882,0.45188284518828437,0.01473588755384267,0.17051039697542336,1.0,0.0,0.0,0.0,0.0,1.0,0.0,0.0,0.0,0.0,0.0,0.0,1.0,0.0,0.0,0.0,0.0,1.0,0.0,0.0,0.0,0.0,0.0,0.0,1.0
9165,0.39506172839506176,1.0,0.0,0.0,0.22222222222222227,0.75,0.7893933891053063,0.0,1.0,0.0,0.33333333333333337,0.6527669524551882,0.45188284518828437,0.01473588755384267,0.17051039697542336,1.0,0.0,0.0,0.0,0.0,0.0,0.0,0.0,0.0,1.0,0.0,0.0,1.0,0.0,0.0,0.0,0.0,0.0,0.0,0.0,1.0,0.0,0.0,1.0,0.0
9166,0.2345679012345679,1.0,1.0,0.0,0.22222222222222227,0.75,0.8319654074931497,0.0,0.006006006006006006,0.2857142857142857,0.33333333333333337,0.6527669524551882,0.45188284518828437,0.01473588755384267,0.17051039697542336,1.0,0.0,0.0,0.0,0.0,0.0,0.0,0.0,0.0,0.0,0.0,0.0,1.0,0.0,0.0,0.0,0.0,0.0,0.0,0.0,1.0,0.0,0.0,0.0,1.0
9167,0.24691358024691357,1.0,0.0,0.0,0.22222222222222227,0.75,0.7286798041554323,0.0,1.0,0.14285714285714285,0.33333333333333337,0.6527669524551882,0.45188284518828437,0.01473588755384267,0.17051039697542336,1.0,0.0,0.0,0.0,0.0,0.0,0.0,0.0,1.0,0.0,0.0,0.0,0.0,0.0,0.0,0.0,0.0,0.0,0.0,0.0,1.0,0.0,0.0,0.0,0.0
9168,0.3209876543209876,0.0,0.0,0.0,0.22222222222222227,0.75,0.7215031956410405,0.0,1.0,0.14285714285714285,0.33333333333333337,0.6527669524551882,0.45188284518828437,0.01473588755384267,0.17051039697542336,1.0,0.0,0.0,0.0,0.0,0.0,0.0,0.0,0.0,1.0,0.0,0.0,1.0,0.0,0.0,0.0,0.0,0.0,0.0,1.0,0.0,0.0,0.0,0.0,0.0
9169,0.25925925925925924,0.0,0.0,0.0,0.22222222222222227,0.75,0.661156696006206,0.02631578947368421,1.0,0.0,0.33333333333333337,0.6527669524551882,0.45188284518828437,0.01473588755384267,0.17051039697542336,1.0,0.0,0.0,0.0,0.0,0.0,0.0,0.0,0.0,0.0,0.0,0.0,0.0,1.0,0.0,0.0,1.0,0.0,0.0,0.0,0.0,0.0,0.0,1.0,0.0
9170,0.24691358024691357,1.0,1.0,0.0,0.22222222222222227,0.75,0.709984760531081,0.02631578947368421,1.0,0.0,0.33333333333333337,0.6527669524551882,0.45188284518828437,0.01473588755384267,0.17051039697542336,1.0,0.0,0.0,0.0,0.0,0.0,0.0,0.0,1.0,0.0,0.0,0.0,0.0,0.0,0.0,0.0,0.0,0.0,0.0,0.0,1.0,0.0,0.0,1.0,0.0
9171,0.5432098765432098,0.0,0.0,0.0,0.22222222222222227,0.75,0.6068862413262684,0.05263157894736842,0.009009009009009009,0.2857142857142857,0.33333333333333337,0.6527669524551882,0.45188284518828437,0.01473588755384267,0.17051039697542336,1.0,0.0,0.0,0.0,0.0,0.0,0.0,0.0,0.0,0.0,0.0,0.0,1.0,0.0,0.0,0.0,0.0,0.0,0.0,0.0,0.0,1.0,0.0,0.0,1.0
9172,0.06172839506172839,1.0,1.0,1.0,0.22222222222222227,0.75,0.6317758072704824,0.02631578947368421,0.001001001001001001,0.14285714285714285,0.33333333333333337,0.6527669524551882,0.45188284518828437,0.01473588755384267,0.17051039697542336,1.0,0.0,0.0,0.0,0.0,0.0,0.0,0.0,1.0,0.0,0.0,0.0,0.0,1.0,0.0,0.0,0.0,1.0,0.0,0.0,0.0,0.0,1.0,0.0,1.0
9173,0.19753086419753085,1.0,0.0,0.0,0.22222222222222227,1.0,0.5440593682563573,0.02631578947368421,1.0,0.42857142857142855,0.33333333333333337,0.6527669524551882,0.45188284518828437,0.01473588755384267,0.17051039697542336,0.0,0.0,0.0,0.0,0.0,0.0,0.0,0.0,0.0,0.0,0.0,0.0,1.0,0.0,0.0,0.0,0.0,0.0,0.0,0.0,1.0,0.0,0.0,0.0,0.0
9174,0.18518518518518517,0.0,1.0,0.0,0.22222222222222227,1.0,0.7247745442978097,0.05263157894736842,1.0,0.0,0.33333333333333337,0.6527669524551882,0.45188284518828437,0.01473588755384267,0.17051039697542336,1.0,0.0,0.0,0.0,0.0,0.0,0.0,1.0,0.0,0.0,0.0,0.0,0.0,1.0,0.0,0.0,0.0,0.0,0.0,0.0,1.0,0.0,0.0,1.0,0.0
9175,0.14814814814814814,0.0,0.0,0.0,0.22222222222222227,1.0,0.7398916314041893,0.02631578947368421,1.0,0.2857142857142857,0.33333333333333337,0.6527669524551882,0.45188284518828437,0.01473588755384267,0.17051039697542336,1.0,0.0,0.0,0.0,0.0,0.0,0.0,0.0,0.0,1.0,0.0,0.0,1.0,0.0,0.0,0.0,0.0,0.0,0.0,1.0,0.0,0.0,0.0,0.0,0.0
9176,0.16049382716049382,0.5,0.5,0.0,0.22222222222222227,1.0,0.7230243610120375,0.05263157894736842,1.0,0.0,0.33333333333333337,0.6527669524551882,0.45188284518828437,0.01473588755384267,0.17051039697542336,1.0,0.0,0.0,0.0,0.0,0.0,0.0,0.0,0.0,0.0,0.0,0.0,0.0,1.0,0.0,0.0,0.0,0.0,0.0,0.0,1.0,0.0,0.0,1.0,0.0
9177,0.1111111111111111,0.0,0.0,1.0,0.22222222222222227,1.0,0.40010036242099567,0.0,1.0,0.0,0.33333333333333337,0.6527669524551882,0.45188284518828437,0.01473588755384267,0.17051039697542336,0.0,0.0,0.0,0.0,0.0,0.0,0.0,0.0,0.0,0.0,1.0,0.0,1.0,0.0,0.0,0.0,0.0,0.0,0.0,0.0,0.0,0.0,0.0,1.0,0.0
9178,0.6790123456790123,1.0,1.0,0.0,0.22222222222222227,1.0,0.7505266683630298,0.05263157894736842,1.0,0.0,0.33333333333333337,0.6527669524551882,0.45188284518828437,0.01473588755384267,0.17051039697542336,0.0,0.0,0.0,0.0,0.0,1.0,0.0,0.0,0.0,0.0,0.0,0.0,0.0,1.0,0.0,0.0,0.0,0.0,0.0,0.0,1.0,0.0,0.0,1.0,0.0
9179,0.19753086419753085,1.0,0.0,0.0,0.22222222222222227,1.0,0.7644263920516169,0.05263157894736842,1.0,0.0,0.33333333333333337,0.6527669524551882,0.45188284518828437,0.01473588755384267,0.17051039697542336,1.0,0.0,0.0,0.0,0.0,0.0,0.0,0.0,0.0,0.0,0.0,0.0,1.0,0.0,0.0,0.0,0.0,0.0,0.0,0.0,1.0,0.0,0.0,1.0,0.0
9180,0.48148148148148145,0.0,0.0,0.0,0.22222222222222227,0.0,0.7403273176410653,0.0,1.0,0.14285714285714285,0.33333333333333337,0.6527669524551882,0.45188284518828437,0.01518929947857628,0.17051039697542336,1.0,0.0,0.0,0.0,0.0,0.0,0.0,0.0,0.0,0.0,1.0,0.0,1.0,0.0,0.0,0.0,1.0,0.0,0.0,0.0,0.0,0.0,0.0,0.0,0.0
9181,0.14814814814814814,0.0,0.0,0.0,0.22222222222222227,0.0,0.5962813035550764,0.0,0.013013013013013013,0.42857142857142855,0.33333333333333337,0.6527669524551882,0.45188284518828437,0.01518929947857628,0.17051039697542336,0.0,0.0,0.0,0.0,0.0,0.0,0.0,0.0,0.0,1.0,0.0,0.0,0.0,1.0,0.0,0.0,0.0,1.0,0.0,0.0,0.0,0.0,0.0,0.0,0.0
9182,0.12345679012345678,1.0,1.0,0.0,0.22222222222222227,0.0,0.7827622264100459,0.0,1.0,0.0,0.33333333333333337,0.6527669524551882,0.45188284518828437,0.01518929947857628,0.17051039697542336,1.0,0.0,0.0,0.0,0.0,0.0,0.0,0.0,1.0,0.0,0.0,0.0,0.0,1.0,0.0,0.0,1.0,0.0,0.0,0.0,0.0,0.0,0.0,1.0,0.0
9183,0.1728395061728395,0.0,0.0,0.0,0.22222222222222227,0.0,0.7027299866892384,0.0,1.0,0.0,0.33333333333333337,0.6527669524551882,0.45188284518828437,0.01518929947857628,0.17051039697542336,1.0,0.0,0.0,0.0,0.0,0.0,0.0,0.0,0.0,0.0,0.0,1.0,0.0,1.0,0.0,0.0,0.0,1.0,0.0,0.0,0.0,0.0,0.0,1.0,0.0
9184,0.39506172839506176,0.0,0.0,1.0,0.22222222222222227,0.0,0.25847084160782274,0.0,1.0,0.0,0.33333333333333337,0.6527669524551882,0.45188284518828437,0.01518929947857628,0.17051039697542336,0.0,0.0,0.0,0.0,0.0,0.0,0.0,0.0,0.0,1.0,0.0,0.0,0.0,1.0,0.0,0.0,0.0,0.0,0.0,0.0,1.0,0.0,0.0,1.0,0.0
9185,0.30864197530864196,1.0,0.0,1.0,0.22222222222222227,0.0,0.5571434124691511,0.0,1.0,0.0,0.33333333333333337,0.6527669524551882,0.45188284518828437,0.01518929947857628,0.17051039697542336,0.0,0.0,0.0,0.0,1.0,0.0,0.0,0.0,0.0,0.0,0.0,0.0,0.0,1.0,0.0,0.0,0.0,1.0,0.0,0.0,0.0,0.0,0.0,1.0,0.0
9186,0.14814814814814814,1.0,0.0,0.0,0.3333333333333333,0.25,0.6244388640920251,0.0,1.0,0.0,0.3541666666666667,0.7225253312548716,0.4602510460251046,0.015416005440943098,0.10586011342154933,1.0,0.0,0.0,0.0,0.0,0.0,0.0,0.0,0.0,0.0,0.0,0.0,1.0,0.0,0.0,0.0,0.0,0.0,0.0,0.0,1.0,0.0,0.0,1.0,0.0
9187,0.14814814814814814,0.0,0.0,1.0,0.3333333333333333,0.25,0.8652067504542251,0.0,0.006006006006006006,0.2857142857142857,0.3541666666666667,0.7225253312548716,0.4602510460251046,0.015416005440943098,0.10586011342154933,0.0,1.0,0.0,0.0,0.0,0.0,0.0,0.0,0.0,0.0,0.0,0.0,0.0,1.0,0.0,0.0,1.0,0.0,0.0,0.0,0.0,0.0,0.0,0.0,1.0
9188,0.09876543209876543,1.0,0.0,0.0,0.3333333333333333,0.25,0.6781891171876829,0.0,1.0,0.0,0.3541666666666667,0.7225253312548716,0.4602510460251046,0.015416005440943098,0.10586011342154933,1.0,0.0,0.0,0.0,0.0,0.0,0.0,1.0,0.0,0.0,0.0,0.0,0.0,1.0,0.0,0.0,0.0,0.0,0.0,0.0,0.0,1.0,0.0,1.0,0.0
9189,0.09876543209876543,1.0,0.0,0.0,0.3333333333333333,0.25,0.7349894575336511,0.0,0.013013013013013013,0.2857142857142857,0.3541666666666667,0.7225253312548716,0.4602510460251046,0.015416005440943098,0.10586011342154933,1.0,0.0,0.0,0.0,0.0,0.0,0.0,1.0,0.0,0.0,0.0,0.0,0.0,1.0,0.0,0.0,0.0,0.0,0.0,0.0,0.0,1.0,0.0,0.0,0.0
9190,0.728395061728395,1.0,0.0,0.0,0.3333333333333333,0.25,0.6811028302176989,0.0,1.0,0.14285714285714285,0.3541666666666667,0.7225253312548716,0.4602510460251046,0.015416005440943098,0.10586011342154933,1.0,0.0,0.0,1.0,0.0,0.0,0.0,0.0,0.0,0.0,0.0,0.0,1.0,0.0,0.0,0.0,0.0,0.0,0.0,0.0,0.0,0.0,0.0,0.0,0.0
9191,0.09876543209876543,1.0,0.0,0.0,0.3333333333333333,0.25,0.5932840675469451,0.02631578947368421,0.003003003003003003,0.42857142857142855,0.3541666666666667,0.7225253312548716,0.4602510460251046,0.015416005440943098,0.10586011342154933,1.0,0.0,0.0,0.0,0.0,0.0,0.0,1.0,0.0,0.0,0.0,0.0,0.0,1.0,0.0,0.0,0.0,0.0,0.0,0.0,0.0,1.0,0.0,0.0,1.0
9192,0.14814814814814814,0.0,1.0,0.0,0.3333333333333333,0.25,0.6884247135267839,0.05263157894736842,0.005005005005005005,0.14285714285714285,0.3541666666666667,0.7225253312548716,0.4602510460251046,0.015416005440943098,0.10586011342154933,1.0,0.0,0.0,0.0,0.0,0.0,0.0,0.0,0.0,0.0,0.0,0.0,1.0,0.0,0.0,0.0,0.0,0.0,0.0,0.0,1.0,0.0,0.0,0.0,1.0
9193,0.728395061728395,0.0,0.0,0.0,0.3333333333333333,0.25,0.6697830312775754,0.10526315789473684,1.0,0.0,0.3541666666666667,0.7225253312548716,0.4602510460251046,0.015416005440943098,0.10586011342154933,1.0,0.0,0.0,1.0,0.0,0.0,0.0,0.0,0.0,0.0,0.0,0.0,1.0,0.0,0.0,0.0,0.0,0.0,0.0,0.0,0.0,0.0,0.0,1.0,0.0
9194,0.419753086419753,1.0,0.0,0.0,0.3333333333333333,0.25,0.6725234082667859,0.0,0.01001001001001001,0.14285714285714285,0.3541666666666667,0.7225253312548716,0.4602510460251046,0.015416005440943098,0.10586011342154933,1.0,0.0,0.0,0.0,0.0,0.0,0.0,0.0,0.0,1.0,0.0,0.0,1.0,0.0,0.0,0.0,0.0,0.0,0.0,0.0,1.0,0.0,0.0,0.0,1.0
9195,0.2716049382716049,0.0,1.0,0.0,0.3333333333333333,0.25,0.7146742385423219,0.02631578947368421,1.0,0.14285714285714285,0.3541666666666667,0.7225253312548716,0.4602510460251046,0.015416005440943098,0.10586011342154933,1.0,0.0,0.0,0.0,0.0,0.0,0.0,0.0,0.0,1.0,0.0,0.0,1.0,0.0,0.0,0.0,0.0,0.0,0.0,0.0,1.0,0.0,0.0,0.0,0.0
9196,0.43209876543209874,1.0,0.0,1.0,0.3333333333333333,0.25,0.4247708684332175,0.0,1.0,0.0,0.3541666666666667,0.7225253312548716,0.4602510460251046,0.015416005440943098,0.10586011342154933,0.0,0.0,0.0,0.0,0.0,0.0,0.0,0.0,0.0,0.0,0.0,0.0,0.0,0.0,0.0,0.0,0.0,0.0,0.0,0.0,1.0,0.0,0.0,1.0,0.0
9197,0.06172839506172839,0.0,0.0,0.0,0.3333333333333333,0.5,0.7071363126573881,0.0,0.003003003003003003,0.14285714285714285,0.3541666666666667,0.7225253312548716,0.4602510460251046,0.015869417365676708,0.10586011342154933,1.0,0.0,0.0,0.0,0.0,0.0,0.0,0.0,0.0,0.0,0.0,0.0,0.0,1.0,0.0,0.0,0.0,0.0,0.0,0.0,1.0,0.0,0.0,0.0,1.0
9198,0.38271604938271603,0.0,0.0,0.0,0.3333333333333333,0.5,0.7633585921374992,0.0,0.006006006006006006,0.14285714285714285,0.3541666666666667,0.7225253312548716,0.4602510460251046,0.015869417365676708,0.10586011342154933,1.0,0.0,0.0,0.0,0.0,0.0,0.0,0.0,0.0,0.0,0.0,0.0,0.0,0.0,0.0,0.0,0.0,1.0,0.0,0.0,0.0,0.0,0.0,0.0,1.0
9199,0.14814814814814814,1.0,0.0,0.0,0.3333333333333333,0.5,0.6381648062569562,0.02631578947368421,0.006006006006006006,0.14285714285714285,0.3541666666666667,0.7225253312548716,0.4602510460251046,0.015869417365676708,0.10586011342154933,1.0,0.0,0.0,0.0,0.0,0.0,0.0,0.0,0.0,1.0,0.0,0.0,0.0,1.0,0.0,0.0,0.0,0.0,0.0,1.0,0.0,0.0,0.0,0.0,1.0
9200,0.20987654320987653,1.0,0.0,0.0,0.3333333333333333,0.5,0.6442246085825132,0.0,0.006006006006006006,0.2857142857142857,0.3541666666666667,0.7225253312548716,0.4602510460251046,0.015869417365676708,0.10586011342154933,1.0,0.0,0.0,0.0,0.0,0.0,0.0,0.0,0.0,0.0,0.0,0.0,1.0,0.0,0.0,0.0,0.0,1.0,0.0,0.0,0.0,0.0,0.0,0.0,1.0
9201,0.18518518518518517,1.0,1.0,0.0,0.3333333333333333,0.5,0.6752013972391346,0.0,1.0,0.0,0.3541666666666667,0.7225253312548716,0.4602510460251046,0.015869417365676708,0.10586011342154933,1.0,0.0,0.0,0.0,0.0,0.0,0.0,0.0,0.0,0.0,1.0,0.0,0.0,1.0,0.0,0.0,0.0,0.0,0.0,1.0,0.0,0.0,0.0,1.0,0.0
9202,0.1728395061728395,0.0,1.0,1.0,0.3333333333333333,1.0,0.4215477860088535,0.0,1.0,0.0,0.3541666666666667,0.7225253312548716,0.4602510460251046,0.016549535252777137,0.10586011342154933,0.0,0.0,0.0,0.0,0.0,0.0,0.0,1.0,0.0,0.0,0.0,0.0,1.0,0.0,0.0,0.0,0.0,1.0,0.0,0.0,0.0,0.0,0.0,1.0,0.0
9203,0.25925925925925924,1.0,0.0,0.0,0.3333333333333333,1.0,0.5496889184613623,0.0,1.0,0.2857142857142857,0.3541666666666667,0.7225253312548716,0.4602510460251046,0.016549535252777137,0.10586011342154933,0.0,1.0,0.0,0.0,0.0,0.0,0.0,0.0,0.0,0.0,0.0,0.0,1.0,0.0,0.0,1.0,0.0,0.0,0.0,0.0,0.0,0.0,0.0,0.0,0.0
9204,0.3703703703703703,1.0,0.0,1.0,0.3333333333333333,0.0,0.672135812695421,0.0,1.0,0.0,0.3541666666666667,0.7225253312548716,0.4602510460251046,0.017456359102244384,0.10586011342154933,1.0,0.0,0.0,0.0,0.0,0.0,0.0,0.0,0.0,0.0,0.0,0.0,0.0,0.0,0.0,0.0,0.0,1.0,0.0,0.0,0.0,0.0,0.0,1.0,0.0
9205,0.2222222222222222,1.0,0.0,0.0,0.3333333333333333,0.25,0.6159896330688406,0.0,0.006006006006006006,0.2857142857142857,0.3541666666666667,0.7225253312548716,0.4602510460251046,0.017909771026977994,0.10586011342154933,1.0,0.0,0.0,0.0,0.0,0.0,0.0,0.0,0.0,1.0,0.0,0.0,0.0,1.0,0.0,0.0,0.0,0.0,0.0,1.0,0.0,0.0,0.0,0.0,1.0
9206,0.3703703703703703,0.5,0.5,0.0,0.3333333333333333,0.25,0.6990820928544513,0.0,1.0,0.0,0.3541666666666667,0.7225253312548716,0.4602510460251046,0.017909771026977994,0.10586011342154933,1.0,1.0,0.0,0.0,0.0,0.0,0.0,0.0,0.0,0.0,0.0,0.0,1.0,0.0,0.0,0.0,1.0,0.0,0.0,0.0,0.0,0.0,0.0,1.0,0.0
9207,0.3703703703703703,0.0,0.0,0.0,0.3333333333333333,0.25,0.7411938788303564,0.0,1.0,0.0,0.3541666666666667,0.7225253312548716,0.4602510460251046,0.017909771026977994,0.10586011342154933,0.0,1.0,0.0,0.0,0.0,0.0,0.0,0.0,0.0,0.0,0.0,0.0,1.0,0.0,0.0,0.0,1.0,0.0,0.0,0.0,0.0,0.0,0.0,1.0,0.0
9208,0.14814814814814814,1.0,0.0,1.0,0.3333333333333333,0.25,0.6226787043279698,0.0,1.0,0.0,0.3541666666666667,0.7225253312548716,0.4602510460251046,0.017909771026977994,0.10586011342154933,0.0,0.0,0.0,0.0,0.0,0.0,0.0,0.0,0.0,0.0,1.0,0.0,0.0,1.0,0.0,0.0,0.0,0.0,0.0,0.0,1.0,0.0,0.0,1.0,0.0
9209,0.1111111111111111,0.0,0.0,1.0,0.3333333333333333,0.25,0.4601914110336532,0.0,1.0,0.0,0.3541666666666667,0.7225253312548716,0.4602510460251046,0.017909771026977994,0.10586011342154933,0.0,0.0,1.0,0.0,0.0,0.0,0.0,0.0,0.0,0.0,0.0,0.0,0.0,1.0,0.0,0.0,0.0,1.0,0.0,0.0,0.0,0.0,0.0,1.0,0.0
9210,0.20987654320987653,1.0,0.0,0.0,0.3333333333333333,0.5,0.6178519698461769,0.0,0.003003003003003003,0.5714285714285714,0.3541666666666667,0.7225253312548716,0.4602510460251046,0.018363182951711632,0.10586011342154933,1.0,0.0,0.0,0.0,0.0,0.0,0.0,0.0,0.0,1.0,0.0,0.0,1.0,0.0,0.0,0.0,0.0,1.0,0.0,0.0,0.0,0.0,0.0,0.0,1.0
9211,0.14814814814814814,1.0,0.0,0.0,0.3333333333333333,0.5,0.6238550656258994,0.0,0.006006006006006006,0.42857142857142855,0.3541666666666667,0.7225253312548716,0.4602510460251046,0.018363182951711632,0.10586011342154933,1.0,0.0,0.0,0.0,0.0,0.0,0.0,0.0,0.0,0.0,0.0,0.0,0.0,1.0,0.0,0.0,0.0,0.0,0.0,0.0,1.0,0.0,0.0,0.0,1.0
9212,0.20987654320987653,0.0,0.0,0.0,0.3333333333333333,0.5,0.5902084636135368,0.0,0.003003003003003003,0.2857142857142857,0.3541666666666667,0.7225253312548716,0.4602510460251046,0.018363182951711632,0.10586011342154933,1.0,0.0,0.0,0.0,0.0,0.0,0.0,0.0,0.0,0.0,0.0,0.0,1.0,0.0,0.0,0.0,0.0,0.0,0.0,0.0,1.0,0.0,0.0,0.0,1.0
9213,0.19753086419753085,0.0,0.0,0.0,0.3333333333333333,0.5,0.6273151724090865,0.0,0.003003003003003003,0.14285714285714285,0.3541666666666667,0.7225253312548716,0.4602510460251046,0.018363182951711632,0.10586011342154933,1.0,0.0,0.0,0.0,0.0,0.0,0.0,0.0,0.0,0.0,0.0,0.0,0.0,1.0,0.0,0.0,0.0,0.0,0.0,0.0,1.0,0.0,0.0,0.0,1.0
9214,0.3333333333333333,1.0,0.0,1.0,0.3333333333333333,0.5,0.77280192893164,0.0,0.006006006006006006,0.42857142857142855,0.3541666666666667,0.7225253312548716,0.4602510460251046,0.018363182951711632,0.10586011342154933,1.0,0.0,0.0,0.0,0.0,0.0,0.0,0.0,0.0,1.0,0.0,0.0,1.0,0.0,0.0,0.0,0.0,0.0,0.0,0.0,1.0,0.0,0.0,0.0,0.0
9215,0.3333333333333333,0.0,0.0,0.0,0.3333333333333333,0.5,0.7968868395188806,0.02631578947368421,1.0,0.14285714285714285,0.3541666666666667,0.7225253312548716,0.4602510460251046,0.018363182951711632,0.10586011342154933,1.0,0.0,0.0,0.0,0.0,0.0,0.0,0.0,0.0,1.0,0.0,0.0,1.0,0.0,0.0,0.0,0.0,0.0,0.0,0.0,1.0,0.0,0.0,0.0,0.0
9216,0.13580246913580246,0.0,1.0,0.0,0.3333333333333333,0.5,0.7262542512230573,0.02631578947368421,0.006006006006006006,0.2857142857142857,0.3541666666666667,0.7225253312548716,0.4602510460251046,0.018363182951711632,0.10586011342154933,1.0,0.0,0.0,0.0,0.0,0.0,0.0,1.0,0.0,0.0,0.0,0.0,1.0,0.0,0.0,0.0,0.0,1.0,0.0,0.0,0.0,0.0,0.0,0.0,1.0
9217,0.14814814814814814,0.0,0.0,0.0,0.3333333333333333,0.5,0.6190773470668909,0.02631578947368421,0.003003003003003003,0.5714285714285714,0.3541666666666667,0.7225253312548716,0.4602510460251046,0.018363182951711632,0.10586011342154933,1.0,0.0,0.0,0.0,0.0,0.0,0.0,0.0,0.0,0.0,0.0,0.0,0.0,1.0,0.0,0.0,0.0,0.0,0.0,0.0,1.0,0.0,0.0,0.0,1.0
9218,0.13580246913580246,0.0,0.0,1.0,0.3333333333333333,1.0,0.580467578755373,0.0,1.0,0.0,0.3541666666666667,0.7225253312548716,0.4602510460251046,0.01927000680117888,0.10586011342154933,0.0,0.0,0.0,0.0,0.0,0.0,0.0,0.0,0.0,0.0,0.0,0.0,0.0,1.0,0.0,0.0,0.0,0.0,0.0,0.0,1.0,0.0,0.0,1.0,0.0
9219,0.24691358024691357,0.5,0.5,0.0,0.3333333333333333,1.0,0.7530904864298108,0.0,0.01001001001001001,0.14285714285714285,0.3541666666666667,0.7225253312548716,0.4602510460251046,0.01927000680117888,0.10586011342154933,1.0,0.0,0.0,0.0,0.0,0.0,0.0,0.0,0.0,0.0,0.0,0.0,1.0,0.0,0.0,0.0,0.0,0.0,0.0,0.0,1.0,0.0,0.0,0.0,1.0
9220,0.4074074074074074,0.0,0.0,1.0,0.3333333333333333,0.0,0.6624284397381989,0.10526315789473684,0.006006006006006006,0.14285714285714285,0.3541666666666667,0.7225253312548716,0.4602510460251046,0.01949671276354567,0.10586011342154933,1.0,0.0,0.0,0.0,1.0,0.0,0.0,0.0,0.0,0.0,0.0,0.0,1.0,0.0,0.0,0.0,0.0,0.0,0.0,0.0,1.0,0.0,0.0,0.0,1.0
9221,0.2345679012345679,1.0,0.0,0.0,0.3333333333333333,0.0,0.7113835302756325,0.0,0.003003003003003003,0.5714285714285714,0.3541666666666667,0.7225253312548716,0.4602510460251046,0.01949671276354567,0.10586011342154933,1.0,0.0,0.0,0.0,1.0,0.0,0.0,0.0,0.0,0.0,0.0,0.0,0.0,0.0,0.0,0.0,0.0,0.0,0.0,0.0,1.0,0.0,0.0,0.0,1.0
9222,0.07407407407407407,1.0,0.0,1.0,0.3333333333333333,0.0,0.7146742385423219,0.0,0.009009009009009009,0.14285714285714285,0.3541666666666667,0.7225253312548716,0.4602510460251046,0.01949671276354567,0.10586011342154933,1.0,0.0,0.0,0.0,0.0,0.0,0.0,0.0,1.0,0.0,0.0,0.0,0.0,1.0,0.0,0.0,0.0,1.0,0.0,0.0,0.0,0.0,0.0,0.0,1.0
9223,0.2716049382716049,1.0,0.0,0.0,0.3333333333333333,0.0,0.6159896330688406,0.0,0.003003003003003003,0.7142857142857142,0.3541666666666667,0.7225253312548716,0.4602510460251046,0.01949671276354567,0.10586011342154933,1.0,0.0,0.0,0.0,0.0,0.0,0.0,0.0,0.0,1.0,0.0,0.0,1.0,0.0,0.0,0.0,0.0,0.0,0.0,0.0,1.0,0.0,0.0,0.0,1.0
9224,0.8888888888888888,0.0,0.0,0.0,0.3333333333333333,0.0,0.6476204981957939,0.0,1.0,0.0,0.3541666666666667,0.7225253312548716,0.4602510460251046,0.01949671276354567,0.10586011342154933,1.0,0.0,0.0,0.0,0.0,1.0,0.0,0.0,0.0,0.0,0.0,0.0,0.0,0.0,0.0,0.0,0.0,0.0,0.0,0.0,0.0,0.0,0.0,1.0,0.0
9225,0.16049382716049382,1.0,0.0,0.0,0.3333333333333333,0.0,0.7640715346196701,0.0,1.0,0.0,0.3541666666666667,0.7225253312548716,0.4602510460251046,0.01949671276354567,0.10586011342154933,1.0,0.0,0.0,0.0,0.0,0.0,1.0,0.0,0.0,0.0,0.0,0.0,1.0,0.0,0.0,0.0,0.0,0.0,0.0,0.0,1.0,0.0,0.0,1.0,0.0
9226,0.04938271604938271,1.0,0.0,0.0,0.3333333333333333,0.0,0.6590060849288549,0.0,1.0,0.0,0.3541666666666667,0.7225253312548716,0.4602510460251046,0.01949671276354567,0.10586011342154933,1.0,0.0,0.0,0.0,0.0,0.0,0.0,0.0,1.0,0.0,0.0,0.0,0.0,1.0,0.0,0.0,0.0,1.0,0.0,0.0,0.0,0.0,0.0,1.0,0.0
9227,0.16049382716049382,0.0,0.0,0.0,0.3333333333333333,0.0,0.6306764053478436,0.07894736842105263,1.0,0.0,0.3541666666666667,0.7225253312548716,0.4602510460251046,0.01949671276354567,0.10586011342154933,1.0,0.0,0.0,0.0,0.0,0.0,1.0,0.0,0.0,0.0,0.0,0.0,1.0,0.0,0.0,0.0,0.0,0.0,0.0,0.0,1.0,0.0,0.0,1.0,0.0
9228,0.2345679012345679,0.0,1.0,0.0,0.3333333333333333,0.0,0.7209917376636646,0.0,0.004004004004004004,0.5714285714285714,0.3541666666666667,0.7225253312548716,0.4602510460251046,0.01949671276354567,0.10586011342154933,1.0,0.0,0.0,0.0,0.0,0.0,1.0,0.0,0.0,0.0,0.0,0.0,0.0,1.0,0.0,0.0,0.0,0.0,0.0,0.0,1.0,0.0,0.0,0.0,1.0
9229,0.2716049382716049,1.0,0.0,0.0,0.3333333333333333,0.0,0.7729667995255313,0.02631578947368421,1.0,0.0,0.3541666666666667,0.7225253312548716,0.4602510460251046,0.01949671276354567,0.10586011342154933,1.0,0.0,0.0,0.0,0.0,0.0,0.0,0.0,0.0,1.0,0.0,0.0,1.0,0.0,0.0,0.0,0.0,0.0,0.0,0.0,1.0,0.0,0.0,1.0,0.0
9230,0.5185185185185184,1.0,0.0,0.0,0.3333333333333333,0.0,0.7554084954118474,0.0,0.006006006006006006,0.2857142857142857,0.3541666666666667,0.7225253312548716,0.4602510460251046,0.01949671276354567,0.10586011342154933,1.0,0.0,0.0,0.0,0.0,0.0,0.0,0.0,0.0,0.0,1.0,0.0,1.0,0.0,0.0,0.0,0.0,0.0,0.0,0.0,0.0,0.0,0.0,0.0,1.0
9231,0.2222222222222222,1.0,0.0,0.0,0.3333333333333333,0.0,0.6685887555427749,0.0,0.014014014014014014,0.14285714285714285,0.3541666666666667,0.7225253312548716,0.4602510460251046,0.01949671276354567,0.10586011342154933,1.0,0.0,0.0,0.0,0.0,0.0,0.0,0.0,0.0,0.0,0.0,0.0,0.0,1.0,0.0,0.0,0.0,0.0,0.0,0.0,1.0,0.0,0.0,0.0,1.0
9232,0.06172839506172839,0.0,1.0,0.0,0.3333333333333333,0.0,0.7452250538727521,0.0,0.012012012012012012,0.2857142857142857,0.3541666666666667,0.7225253312548716,0.4602510460251046,0.01949671276354567,0.10586011342154933,1.0,0.0,0.0,0.0,0.0,0.0,0.0,0.0,1.0,0.0,0.0,0.0,0.0,1.0,0.0,0.0,0.0,1.0,0.0,0.0,0.0,0.0,0.0,0.0,0.0
9233,0.3333333333333333,0.0,0.0,1.0,0.3333333333333333,0.0,0.3581428520730854,0.0,1.0,0.0,0.3541666666666667,0.7225253312548716,0.4602510460251046,0.01949671276354567,0.10586011342154933,0.0,0.0,0.0,0.0,0.0,0.0,0.0,1.0,0.0,0.0,0.0,0.0,0.0,1.0,0.0,0.0,0.0,1.0,0.0,0.0,0.0,0.0,0.0,1.0,0.0
9234,0.19753086419753085,0.0,0.0,0.0,0.3333333333333333,0.0,0.7245261067197548,0.0,1.0,0.14285714285714285,0.3541666666666667,0.7225253312548716,0.4602510460251046,0.01949671276354567,0.10586011342154933,0.0,0.0,0.0,0.0,0.0,0.0,0.0,1.0,0.0,0.0,0.0,0.0,1.0,0.0,0.0,0.0,0.0,1.0,0.0,0.0,0.0,0.0,0.0,0.0,0.0
9235,0.14814814814814814,1.0,0.0,0.0,0.3333333333333333,0.0,0.6027582686746316,0.02631578947368421,1.0,0.14285714285714285,0.3541666666666667,0.7225253312548716,0.4602510460251046,0.01949671276354567,0.10586011342154933,1.0,0.0,0.0,0.0,0.0,0.0,1.0,0.0,0.0,0.0,0.0,0.0,0.0,1.0,0.0,0.0,0.0,0.0,0.0,0.0,1.0,0.0,0.0,0.0,0.0
9236,0.09876543209876543,0.0,0.0,0.0,0.3333333333333333,0.0,0.7277155762200722,0.02631578947368421,1.0,0.0,0.3541666666666667,0.7225253312548716,0.4602510460251046,0.01949671276354567,0.10586011342154933,1.0,0.0,0.0,0.0,0.0,0.0,0.0,0.0,1.0,0.0,0.0,0.0,0.0,1.0,0.0,0.0,0.0,1.0,0.0,0.0,0.0,0.0,0.0,1.0,0.0
9237,0.1728395061728395,1.0,0.0,0.0,0.3333333333333333,0.25,0.7563610119479759,0.02631578947368421,0.003003003003003003,0.14285714285714285,0.3541666666666667,0.7225253312548716,0.4602510460251046,0.0201768306506461,0.10586011342154933,1.0,0.0,0.0,0.0,0.0,0.0,0.0,0.0,0.0,1.0,0.0,0.0,1.0,0.0,0.0,0.0,0.0,0.0,0.0,1.0,0.0,0.0,0.0,0.0,1.0
9238,0.14814814814814814,1.0,0.0,0.0,0.3333333333333333,0.25,0.698772933282324,0.02631578947368421,0.013013013013013013,0.14285714285714285,0.3541666666666667,0.7225253312548716,0.4602510460251046,0.0201768306506461,0.10586011342154933,1.0,0.0,0.0,0.0,0.0,0.0,0.0,0.0,0.0,0.0,0.0,0.0,1.0,0.0,0.0,0.0,0.0,1.0,0.0,0.0,0.0,0.0,0.0,0.0,1.0
9239,0.48148148148148145,1.0,0.0,0.0,0.3333333333333333,0.25,0.8016297723934792,0.0,0.007007007007007007,0.2857142857142857,0.3541666666666667,0.7225253312548716,0.4602510460251046,0.0201768306506461,0.10586011342154933,1.0,0.0,0.0,0.0,1.0,0.0,0.0,0.0,0.0,0.0,0.0,0.0,1.0,0.0,0.0,1.0,0.0,0.0,0.0,0.0,0.0,0.0,0.0,0.0,1.0
9240,0.5308641975308641,1.0,0.0,0.0,0.3333333333333333,0.25,0.7708052447952238,0.05263157894736842,1.0,0.14285714285714285,0.3541666666666667,0.7225253312548716,0.4602510460251046,0.0201768306506461,0.10586011342154933,1.0,0.0,0.0,1.0,0.0,0.0,0.0,0.0,0.0,0.0,0.0,0.0,1.0,0.0,0.0,0.0,0.0,0.0,0.0,0.0,0.0,0.0,0.0,0.0,0.0
9241,0.1728395061728395,1.0,0.0,0.0,0.3333333333333333,0.25,0.646660205928461,0.10526315789473684,0.009009009009009009,0.2857142857142857,0.3541666666666667,0.7225253312548716,0.4602510460251046,0.0201768306506461,0.10586011342154933,1.0,0.0,0.0,0.0,0.0,0.0,0.0,0.0,0.0,1.0,0.0,0.0,1.0,0.0,0.0,0.0,0.0,0.0,0.0,1.0,0.0,0.0,0.0,0.0,1.0
9242,0.2222222222222222,1.0,1.0,0.0,0.3333333333333333,0.25,0.6590060849288549,0.02631578947368421,0.012012012012012012,0.2857142857142857,0.3541666666666667,0.7225253312548716,0.4602510460251046,0.0201768306506461,0.10586011342154933,0.0,0.0,0.0,0.0,1.0,0.0,0.0,0.0,0.0,0.0,0.0,0.0,0.0,0.0,0.0,0.0,0.0,0.0,0.0,0.0,1.0,0.0,0.0,0.0,1.0
9243,0.1728395061728395,1.0,0.0,1.0,0.3333333333333333,0.25,0.6284462883305656,0.0,1.0,0.0,0.3541666666666667,0.7225253312548716,0.4602510460251046,0.0201768306506461,0.10586011342154933,1.0,0.0,0.0,0.0,0.0,0.0,0.0,0.0,0.0,1.0,0.0,0.0,1.0,0.0,0.0,0.0,0.0,0.0,0.0,1.0,0.0,0.0,0.0,1.0,0.0
9244,0.14814814814814814,1.0,0.0,0.0,0.3333333333333333,0.5,0.6681879539642915,0.0,1.0,0.14285714285714285,0.3541666666666667,0.7225253312548716,0.4602510460251046,0.021083654500113347,0.10586011342154933,1.0,0.0,0.0,0.0,0.0,0.0,0.0,0.0,0.0,0.0,0.0,0.0,1.0,0.0,0.0,0.0,0.0,1.0,0.0,0.0,0.0,0.0,0.0,0.0,0.0
9245,0.2716049382716049,1.0,0.0,1.0,0.3333333333333333,0.5,0.4796617267459457,0.0,1.0,0.0,0.3541666666666667,0.7225253312548716,0.4602510460251046,0.021083654500113347,0.10586011342154933,0.0,0.0,1.0,0.0,0.0,0.0,0.0,0.0,0.0,0.0,0.0,0.0,0.0,1.0,0.0,0.0,0.0,0.0,0.0,0.0,1.0,0.0,0.0,1.0,0.0
9246,0.14814814814814814,1.0,0.0,0.0,0.3333333333333333,0.5,0.7536742848959364,0.05263157894736842,1.0,0.0,0.3541666666666667,0.7225253312548716,0.4602510460251046,0.021083654500113347,0.10586011342154933,1.0,0.0,0.0,0.0,0.0,0.0,0.0,0.0,0.0,0.0,0.0,0.0,1.0,0.0,0.0,0.0,0.0,1.0,0.0,0.0,0.0,0.0,0.0,1.0,0.0
9247,0.08641975308641975,0.0,0.0,0.0,0.3333333333333333,0.5,0.6665709505038611,0.13157894736842105,0.006006006006006006,0.14285714285714285,0.3541666666666667,0.7225253312548716,0.4602510460251046,0.021083654500113347,0.10586011342154933,1.0,0.0,0.0,0.0,0.0,0.0,0.0,0.0,1.0,0.0,0.0,0.0,0.0,1.0,0.0,0.0,0.0,1.0,0.0,0.0,0.0,0.0,0.0,0.0,1.0
9248,0.13580246913580246,1.0,0.0,0.0,0.3333333333333333,0.75,0.6856888890695302,0.05263157894736842,0.006006006006006006,0.2857142857142857,0.3541666666666667,0.7225253312548716,0.4602510460251046,0.021537066424846985,0.10586011342154933,1.0,0.0,0.0,0.0,1.0,0.0,0.0,0.0,0.0,0.0,0.0,0.0,0.0,1.0,0.0,0.0,0.0,0.0,0.0,0.0,1.0,0.0,0.0,0.0,1.0
9249,0.13580246913580246,1.0,0.0,0.0,0.3333333333333333,0.75,0.7000047262075192,0.0,0.022022022022022022,0.14285714285714285,0.3541666666666667,0.7225253312548716,0.4602510460251046,0.021537066424846985,0.10586011342154933,1.0,0.0,0.0,0.0,1.0,0.0,0.0,0.0,0.0,0.0,0.0,0.0,0.0,1.0,0.0,0.0,0.0,0.0,0.0,0.0,1.0,0.0,0.0,0.0,1.0
9250,0.3209876543209876,1.0,1.0,0.0,0.3333333333333333,0.75,0.8764595965269528,0.0,1.0,0.0,0.3541666666666667,0.7225253312548716,0.4602510460251046,0.021537066424846985,0.10586011342154933,1.0,1.0,0.0,0.0,0.0,0.0,0.0,0.0,0.0,0.0,0.0,0.0,1.0,0.0,0.0,0.0,0.0,0.0,0.0,1.0,0.0,0.0,0.0,1.0,0.0
9251,0.25925925925925924,1.0,1.0,1.0,0.3333333333333333,0.75,0.3636152410663567,0.0,1.0,0.0,0.3541666666666667,0.7225253312548716,0.4602510460251046,0.021537066424846985,0.10586011342154933,0.0,1.0,0.0,0.0,0.0,0.0,0.0,0.0,0.0,0.0,0.0,0.0,0.0,1.0,0.0,0.0,0.0,1.0,0.0,0.0,0.0,0.0,0.0,1.0,0.0
9252,0.08641975308641975,1.0,1.0,0.0,0.3333333333333333,0.75,0.6874062210217441,0.0,1.0,0.0,0.3541666666666667,0.7225253312548716,0.4602510460251046,0.021537066424846985,0.10586011342154933,0.0,0.0,0.0,0.0,0.0,0.0,0.0,0.0,1.0,0.0,0.0,0.0,0.0,1.0,0.0,0.0,0.0,1.0,0.0,0.0,0.0,0.0,0.0,1.0,0.0
9253,0.13580246913580246,1.0,0.0,0.0,0.3333333333333333,0.75,0.6041504168690148,0.0,1.0,0.0,0.3541666666666667,0.7225253312548716,0.4602510460251046,0.021537066424846985,0.10586011342154933,1.0,0.0,0.0,0.0,1.0,0.0,0.0,0.0,0.0,0.0,0.0,0.0,0.0,1.0,0.0,0.0,0.0,0.0,0.0,0.0,1.0,0.0,0.0,1.0,0.0
9254,0.7530864197530864,0.0,0.0,0.0,0.3333333333333333,0.75,0.664102989715846,0.07894736842105263,1.0,0.0,0.3541666666666667,0.7225253312548716,0.4602510460251046,0.021537066424846985,0.10586011342154933,1.0,0.0,0.0,0.0,0.0,1.0,0.0,0.0,0.0,0.0,0.0,0.0,0.0,0.0,0.0,0.0,0.0,0.0,0.0,0.0,0.0,1.0,0.0,1.0,0.0
9255,0.08641975308641975,0.0,1.0,0.0,0.3333333333333333,0.75,0.608897147549857,0.02631578947368421,0.012012012012012012,0.2857142857142857,0.3541666666666667,0.7225253312548716,0.4602510460251046,0.021537066424846985,0.10586011342154933,1.0,0.0,0.0,0.0,0.0,0.0,0.0,0.0,1.0,0.0,0.0,0.0,0.0,1.0,0.0,0.0,0.0,1.0,0.0,0.0,0.0,0.0,0.0,0.0,0.0
9256,0.7530864197530864,0.0,0.0,0.0,0.3333333333333333,0.75,0.7411938788303564,0.0,1.0,0.0,0.3541666666666667,0.7225253312548716,0.4602510460251046,0.021537066424846985,0.10586011342154933,1.0,0.0,0.0,0.0,0.0,1.0,0.0,0.0,0.0,0.0,0.0,0.0,0.0,0.0,0.0,0.0,0.0,0.0,0.0,0.0,0.0,1.0,0.0,1.0,0.0
9257,0.5925925925925926,1.0,0.0,0.0,0.3333333333333333,0.75,0.6717469358140523,0.02631578947368421,0.004004004004004004,0.2857142857142857,0.3541666666666667,0.7225253312548716,0.4602510460251046,0.021537066424846985,0.10586011342154933,1.0,0.0,0.0,0.0,0.0,0.0,0.0,0.0,0.0,0.0,0.0,1.0,1.0,0.0,0.0,0.0,0.0,0.0,0.0,0.0,0.0,1.0,0.0,0.0,1.0
9258,0.19753086419753085,0.0,0.0,1.0,0.3333333333333333,1.0,0.5169416832156455,0.0,1.0,0.0,0.3541666666666667,0.7225253312548716,0.4602510460251046,0.022217184311947413,0.10586011342154933,0.0,0.0,0.0,0.0,0.0,0.0,0.0,0.0,0.0,0.0,0.0,0.0,1.0,0.0,0.0,0.0,0.0,0.0,0.0,0.0,1.0,0.0,0.0,1.0,0.0
9259,0.654320987654321,0.0,1.0,0.0,0.3333333333333333,1.0,0.6509210996671051,0.0,0.003003003003003003,0.14285714285714285,0.3541666666666667,0.7225253312548716,0.4602510460251046,0.022217184311947413,0.10586011342154933,1.0,1.0,0.0,0.0,0.0,0.0,0.0,0.0,0.0,0.0,0.0,0.0,1.0,0.0,0.0,0.0,0.0,0.0,0.0,0.0,0.0,0.0,0.0,0.0,1.0
9260,0.16049382716049382,1.0,0.0,0.0,0.3333333333333333,1.0,0.6323216790132803,0.0,0.012012012012012012,0.14285714285714285,0.3541666666666667,0.7225253312548716,0.4602510460251046,0.022217184311947413,0.10586011342154933,1.0,0.0,0.0,0.0,0.0,0.0,0.0,0.0,0.0,0.0,0.0,0.0,1.0,0.0,0.0,0.0,0.0,1.0,0.0,0.0,0.0,0.0,0.0,0.0,1.0
9261,0.2345679012345679,0.0,0.0,0.0,0.3333333333333333,0.25,0.7959419738005811,0.0,0.003003003003003003,0.2857142857142857,0.3541666666666667,0.7225253312548716,0.4602510460251046,0.023350714123781452,0.10586011342154933,1.0,0.0,0.0,0.0,1.0,0.0,0.0,0.0,0.0,0.0,0.0,0.0,1.0,0.0,0.0,0.0,0.0,0.0,0.0,0.0,1.0,0.0,0.0,0.0,1.0
9262,0.2345679012345679,0.0,0.0,0.0,0.3333333333333333,0.25,0.7363468012409793,0.0,0.006006006006006006,0.2857142857142857,0.3541666666666667,0.7225253312548716,0.4602510460251046,0.023350714123781452,0.10586011342154933,1.0,0.0,0.0,0.0,1.0,0.0,0.0,0.0,0.0,0.0,0.0,0.0,1.0,0.0,0.0,0.0,0.0,0.0,0.0,0.0,1.0,0.0,0.0,0.0,1.0
9263,0.18518518518518517,0.0,0.0,0.0,0.3333333333333333,0.25,0.794441679094255,0.0,0.012012012012012012,0.2857142857142857,0.3541666666666667,0.7225253312548716,0.4602510460251046,0.023350714123781452,0.10586011342154933,1.0,0.0,0.0,0.0,0.0,0.0,0.0,0.0,0.0,0.0,0.0,0.0,0.0,1.0,0.0,0.0,0.0,0.0,0.0,0.0,1.0,0.0,0.0,0.0,1.0
9264,0.2345679012345679,0.0,0.0,0.0,0.3333333333333333,0.5,0.7718078231606837,0.0,0.007007007007007007,0.14285714285714285,0.3541666666666667,0.7225253312548716,0.4602510460251046,0.02380412604851509,0.10586011342154933,1.0,0.0,0.0,0.0,0.0,0.0,0.0,0.0,0.0,0.0,0.0,0.0,0.0,1.0,0.0,0.0,0.0,0.0,0.0,0.0,1.0,0.0,0.0,0.0,1.0
9265,0.2345679012345679,1.0,1.0,0.0,0.3333333333333333,0.5,0.686722293807522,0.02631578947368421,0.003003003003003003,0.14285714285714285,0.3541666666666667,0.7225253312548716,0.4602510460251046,0.02380412604851509,0.10586011342154933,1.0,1.0,0.0,0.0,0.0,0.0,0.0,0.0,0.0,0.0,0.0,0.0,0.0,1.0,0.0,0.0,0.0,1.0,0.0,0.0,0.0,0.0,0.0,0.0,1.0
9266,0.2345679012345679,1.0,1.0,0.0,0.3333333333333333,0.5,0.852846074269449,0.0,1.0,0.0,0.3541666666666667,0.7225253312548716,0.4602510460251046,0.02380412604851509,0.10586011342154933,1.0,0.0,0.0,0.0,0.0,0.0,0.0,0.0,0.0,0.0,0.0,0.0,0.0,1.0,0.0,0.0,0.0,0.0,0.0,0.0,1.0,0.0,0.0,1.0,0.0
9267,0.2345679012345679,0.0,0.0,0.0,0.3333333333333333,0.5,0.6856888890695302,0.0,0.006006006006006006,0.14285714285714285,0.3541666666666667,0.7225253312548716,0.4602510460251046,0.02380412604851509,0.10586011342154933,1.0,1.0,0.0,0.0,0.0,0.0,0.0,0.0,0.0,0.0,0.0,0.0,0.0,1.0,0.0,0.0,0.0,1.0,0.0,0.0,0.0,0.0,0.0,0.0,1.0
9268,0.24691358024691357,0.0,0.0,0.0,0.3333333333333333,0.5,0.7658352130756624,0.05263157894736842,1.0,0.0,0.3541666666666667,0.7225253312548716,0.4602510460251046,0.02380412604851509,0.10586011342154933,1.0,0.0,0.0,0.0,0.0,0.0,0.0,0.0,0.0,0.0,0.0,0.0,1.0,0.0,0.0,0.0,0.0,1.0,0.0,0.0,0.0,0.0,0.0,1.0,0.0
9269,0.5185185185185184,0.0,0.0,0.0,0.3333333333333333,0.75,0.8348238802150831,0.07894736842105263,1.0,0.14285714285714285,0.3541666666666667,0.7225253312548716,0.4602510460251046,0.02448424393561552,0.10586011342154933,1.0,0.0,0.0,0.0,0.0,0.0,0.0,0.0,0.0,1.0,0.0,0.0,1.0,0.0,0.0,0.0,0.0,0.0,0.0,1.0,0.0,0.0,0.0,0.0,0.0
9270,0.3333333333333333,1.0,0.0,0.0,0.3333333333333333,0.75,0.6752013972391346,0.0,1.0,0.0,0.3541666666666667,0.7225253312548716,0.4602510460251046,0.02448424393561552,0.10586011342154933,1.0,0.0,0.0,0.0,0.0,0.0,1.0,0.0,0.0,0.0,0.0,0.0,0.0,0.0,0.0,0.0,0.0,0.0,0.0,1.0,0.0,0.0,0.0,1.0,0.0
9271,0.6296296296296295,1.0,0.0,0.0,0.3333333333333333,0.75,0.635013676339261,0.02631578947368421,1.0,0.14285714285714285,0.3541666666666667,0.7225253312548716,0.4602510460251046,0.02448424393561552,0.10586011342154933,0.0,0.0,0.0,0.0,0.0,1.0,0.0,0.0,0.0,0.0,0.0,0.0,1.0,0.0,0.0,0.0,0.0,0.0,0.0,0.0,0.0,0.0,0.0,0.0,0.0
9272,0.6419753086419753,0.0,0.0,0.0,0.3333333333333333,1.0,0.6312273906618776,0.13157894736842105,0.012012012012012012,0.2857142857142857,0.3541666666666667,0.7225253312548716,0.4602510460251046,0.025844479709816376,0.10586011342154933,1.0,0.0,0.0,0.0,0.0,1.0,0.0,0.0,0.0,0.0,0.0,0.0,0.0,0.0,0.0,0.0,0.0,0.0,0.0,1.0,0.0,0.0,0.0,0.0,0.0
9273,0.24691358024691357,1.0,0.0,0.0,0.3333333333333333,1.0,0.6713567691230875,0.0,1.0,0.2857142857142857,0.3541666666666667,0.7225253312548716,0.4602510460251046,0.025844479709816376,0.10586011342154933,1.0,0.0,0.0,0.0,0.0,0.0,0.0,0.0,0.0,1.0,0.0,0.0,0.0,1.0,0.0,0.0,0.0,0.0,0.0,0.0,1.0,0.0,0.0,0.0,0.0
9274,0.07407407407407407,0.0,0.0,0.0,0.3333333333333333,1.0,0.6615821400485514,0.0,0.014014014014014014,0.14285714285714285,0.3541666666666667,0.7225253312548716,0.4602510460251046,0.025844479709816376,0.10586011342154933,1.0,0.0,0.0,0.0,0.0,0.0,0.0,0.0,1.0,0.0,0.0,0.0,0.0,1.0,0.0,1.0,0.0,0.0,0.0,0.0,0.0,0.0,0.0,0.0,1.0
9275,0.16049382716049382,0.0,0.0,0.0,0.3333333333333333,1.0,0.6055262822549443,0.0,0.007007007007007007,0.14285714285714285,0.3541666666666667,0.7225253312548716,0.4602510460251046,0.025844479709816376,0.10586011342154933,0.0,0.0,0.0,0.0,0.0,0.0,0.0,0.0,0.0,1.0,0.0,0.0,1.0,0.0,0.0,0.0,0.0,0.0,0.0,0.0,1.0,0.0,0.0,0.0,1.0
9276,0.2345679012345679,1.0,1.0,0.0,0.3333333333333333,1.0,0.7127658628623931,0.0,0.004004004004004004,0.5714285714285714,0.3541666666666667,0.7225253312548716,0.4602510460251046,0.025844479709816376,0.10586011342154933,0.0,0.0,0.0,0.0,0.0,0.0,0.0,0.0,0.0,0.0,0.0,0.0,1.0,0.0,0.0,0.0,0.0,0.0,0.0,0.0,1.0,0.0,0.0,0.0,1.0
9277,0.2345679012345679,1.0,0.0,1.0,0.3333333333333333,1.0,0.3017282010873305,0.0,1.0,0.0,0.3541666666666667,0.7225253312548716,0.4602510460251046,0.025844479709816376,0.10586011342154933,0.0,0.0,0.0,0.0,0.0,0.0,0.0,0.0,0.0,0.0,1.0,0.0,1.0,0.0,0.0,0.0,0.0,0.0,0.0,1.0,0.0,0.0,0.0,1.0,0.0
9278,0.8148148148148147,0.0,1.0,0.0,0.3333333333333333,1.0,0.7245261067197548,0.02631578947368421,1.0,0.0,0.3541666666666667,0.7225253312548716,0.4602510460251046,0.025844479709816376,0.10586011342154933,1.0,0.0,0.0,0.0,0.0,1.0,0.0,0.0,0.0,0.0,0.0,0.0,0.0,0.0,0.0,0.0,0.0,0.0,0.0,0.0,0.0,0.0,0.0,1.0,0.0
9279,0.12345679012345678,1.0,0.0,0.0,0.3333333333333333,1.0,0.6572568311427133,0.02631578947368421,1.0,0.14285714285714285,0.3541666666666667,0.7225253312548716,0.4602510460251046,0.025844479709816376,0.10586011342154933,1.0,0.0,0.0,0.0,0.0,0.0,0.0,0.0,0.0,0.0,0.0,0.0,0.0,1.0,0.0,0.0,0.0,0.0,0.0,0.0,1.0,0.0,0.0,0.0,0.0
9280,0.24691358024691357,1.0,0.0,0.0,0.3333333333333333,0.0,0.7554084954118474,0.05263157894736842,0.003003003003003003,0.2857142857142857,0.3541666666666667,0.7225253312548716,0.4602510460251046,0.027204715484017233,0.10586011342154933,1.0,0.0,0.0,0.0,0.0,0.0,0.0,0.0,0.0,0.0,1.0,0.0,1.0,0.0,0.0,0.0,0.0,0.0,0.0,0.0,1.0,0.0,1.0,0.0,1.0
9281,0.419753086419753,0.0,0.0,0.0,0.3333333333333333,0.0,0.6701784439170553,0.07894736842105263,1.0,0.0,0.3541666666666667,0.7225253312548716,0.4602510460251046,0.027204715484017233,0.10586011342154933,1.0,0.0,0.0,0.0,0.0,0.0,0.0,0.0,0.0,0.0,0.0,0.0,1.0,0.0,0.0,0.0,0.0,0.0,0.0,0.0,1.0,0.0,0.0,1.0,0.0
9282,0.419753086419753,1.0,0.0,0.0,0.3333333333333333,0.0,0.6636865816722366,0.05263157894736842,0.01001001001001001,0.42857142857142855,0.3541666666666667,0.7225253312548716,0.4602510460251046,0.027204715484017233,0.10586011342154933,1.0,0.0,0.0,0.0,0.0,0.0,0.0,0.0,0.0,0.0,0.0,0.0,1.0,0.0,0.0,0.0,0.0,0.0,0.0,0.0,1.0,0.0,0.0,0.0,1.0
9283,0.4444444444444445,0.0,0.0,0.0,0.3333333333333333,0.0,0.6877466992608396,0.0,1.0,0.0,0.3541666666666667,0.7225253312548716,0.4602510460251046,0.027204715484017233,0.10586011342154933,1.0,0.0,0.0,0.0,1.0,0.0,0.0,0.0,0.0,0.0,0.0,0.0,0.0,0.0,0.0,0.0,0.0,0.0,0.0,0.0,1.0,0.0,0.0,1.0,0.0
9284,0.419753086419753,0.0,1.0,0.0,0.3333333333333333,0.0,0.680742538513431,0.0,0.003003003003003003,0.14285714285714285,0.3541666666666667,0.7225253312548716,0.4602510460251046,0.027204715484017233,0.10586011342154933,1.0,1.0,0.0,0.0,0.0,0.0,0.0,0.0,0.0,0.0,0.0,0.0,1.0,0.0,0.0,0.0,0.0,0.0,0.0,0.0,0.0,0.0,0.0,0.0,1.0
9285,0.20987654320987653,1.0,0.0,0.0,0.3333333333333333,0.0,0.7194438844174483,0.0,1.0,0.0,0.3541666666666667,0.7225253312548716,0.4602510460251046,0.027204715484017233,0.10586011342154933,1.0,0.0,0.0,0.0,0.0,0.0,0.0,0.0,0.0,0.0,0.0,0.0,0.0,1.0,0.0,0.0,0.0,0.0,0.0,0.0,1.0,0.0,0.0,1.0,0.0
9286,0.18518518518518517,0.0,0.0,0.0,0.3333333333333333,0.0,0.6485730147319224,0.0,0.002002002002002002,0.2857142857142857,0.3541666666666667,0.7225253312548716,0.4602510460251046,0.027204715484017233,0.10586011342154933,1.0,1.0,0.0,0.0,0.0,0.0,0.0,0.0,0.0,0.0,0.0,0.0,0.0,1.0,0.0,0.0,0.0,1.0,0.0,0.0,0.0,0.0,0.0,0.0,1.0
9287,0.24691358024691357,0.0,0.0,1.0,0.3333333333333333,0.0,0.6937125767575353,0.0,1.0,0.0,0.3541666666666667,0.7225253312548716,0.4602510460251046,0.027204715484017233,0.10586011342154933,1.0,0.0,0.0,0.0,0.0,0.0,1.0,0.0,0.0,0.0,0.0,0.0,1.0,0.0,0.0,0.0,0.0,0.0,0.0,0.0,1.0,0.0,0.0,1.0,0.0
9288,0.24691358024691357,0.0,0.0,1.0,0.3333333333333333,0.0,0.6226787043279698,0.0,1.0,0.0,0.3541666666666667,0.7225253312548716,0.4602510460251046,0.027204715484017233,0.10586011342154933,1.0,0.0,0.0,0.0,0.0,0.0,0.0,0.0,0.0,0.0,1.0,0.0,1.0,0.0,0.0,0.0,0.0,0.0,0.0,0.0,1.0,0.0,1.0,1.0,0.0
9289,0.5555555555555556,1.0,0.0,0.0,0.3333333333333333,0.0,0.7452250538727521,0.07894736842105263,0.004004004004004004,0.42857142857142855,0.3541666666666667,0.7225253312548716,0.4602510460251046,0.027204715484017233,0.10586011342154933,1.0,1.0,0.0,0.0,0.0,0.0,0.0,0.0,0.0,0.0,0.0,0.0,1.0,0.0,0.0,0.0,0.0,1.0,0.0,0.0,0.0,0.0,0.0,0.0,1.0
9290,0.25925925925925924,1.0,0.0,0.0,0.3333333333333333,0.0,0.7768559189997053,0.13157894736842105,1.0,0.0,0.3541666666666667,0.7225253312548716,0.4602510460251046,0.027204715484017233,0.10586011342154933,1.0,0.0,0.0,0.0,0.0,0.0,0.0,0.0,0.0,1.0,0.0,0.0,0.0,1.0,0.0,0.0,0.0,0.0,0.0,0.0,1.0,0.0,0.0,1.0,0.0
9291,0.2345679012345679,0.0,0.0,0.0,0.3333333333333333,0.25,0.6568154229344138,0.0,1.0,0.14285714285714285,0.3541666666666667,0.7225253312548716,0.4602510460251046,0.02879165722058491,0.10586011342154933,1.0,0.0,0.0,0.0,1.0,0.0,0.0,0.0,0.0,0.0,0.0,0.0,1.0,0.0,0.0,0.0,0.0,0.0,0.0,0.0,1.0,0.0,0.0,0.0,0.0
9292,0.20987654320987653,0.0,0.0,0.0,0.3333333333333333,0.25,0.7053935378264148,0.0,1.0,0.0,0.3541666666666667,0.7225253312548716,0.4602510460251046,0.02879165722058491,0.10586011342154933,1.0,0.0,0.0,0.0,0.0,0.0,0.0,0.0,0.0,0.0,1.0,0.0,0.0,1.0,0.0,0.0,0.0,0.0,0.0,0.0,1.0,0.0,0.0,1.0,0.0
9293,0.728395061728395,1.0,0.0,0.0,0.3333333333333333,0.25,0.6901028468283567,0.0,0.003003003003003003,0.14285714285714285,0.3541666666666667,0.7225253312548716,0.4602510460251046,0.02879165722058491,0.10586011342154933,1.0,0.0,0.0,0.0,0.0,1.0,0.0,0.0,0.0,0.0,0.0,0.0,1.0,0.0,0.0,0.0,0.0,0.0,0.0,1.0,0.0,0.0,1.0,0.0,1.0
9294,0.728395061728395,1.0,0.0,0.0,0.3333333333333333,0.25,0.6693862850347637,0.0,0.009009009009009009,0.2857142857142857,0.3541666666666667,0.7225253312548716,0.4602510460251046,0.02879165722058491,0.10586011342154933,1.0,0.0,0.0,0.0,0.0,1.0,0.0,0.0,0.0,0.0,0.0,0.0,1.0,0.0,0.0,0.0,0.0,0.0,0.0,1.0,0.0,0.0,1.0,0.0,1.0
9295,0.48148148148148145,0.0,0.0,0.0,0.3333333333333333,0.25,0.7000047262075192,0.0,0.003003003003003003,0.14285714285714285,0.3541666666666667,0.7225253312548716,0.4602510460251046,0.02879165722058491,0.10586011342154933,1.0,0.0,0.0,0.0,0.0,1.0,0.0,0.0,0.0,0.0,0.0,0.0,1.0,0.0,0.0,0.0,0.0,1.0,0.0,0.0,0.0,0.0,0.0,0.0,1.0
9296,0.5802469135802468,0.0,0.0,0.0,0.3333333333333333,0.25,0.6360734596286551,0.0,1.0,0.42857142857142855,0.3541666666666667,0.7225253312548716,0.4602510460251046,0.02879165722058491,0.10586011342154933,1.0,0.0,0.0,0.0,0.0,1.0,0.0,0.0,0.0,0.0,0.0,0.0,1.0,0.0,0.0,0.0,0.0,0.0,0.0,1.0,0.0,0.0,0.0,0.0,0.0
9297,0.12345679012345678,0.0,0.0,0.0,0.3333333333333333,0.25,0.7499269976532702,0.02631578947368421,1.0,0.0,0.3541666666666667,0.7225253312548716,0.4602510460251046,0.02879165722058491,0.10586011342154933,1.0,0.0,0.0,0.0,0.0,0.0,0.0,0.0,0.0,0.0,0.0,0.0,0.0,1.0,0.0,0.0,0.0,1.0,0.0,0.0,0.0,0.0,0.0,1.0,0.0
9298,0.09876543209876543,1.0,1.0,0.0,0.3333333333333333,0.25,0.7638937036719938,0.02631578947368421,0.006006006006006006,0.42857142857142855,0.3541666666666667,0.7225253312548716,0.4602510460251046,0.02879165722058491,0.10586011342154933,1.0,0.0,0.0,0.0,0.0,0.0,0.0,0.0,1.0,0.0,0.0,0.0,0.0,1.0,0.0,0.0,0.0,1.0,0.0,0.0,0.0,0.0,0.0,0.0,1.0
9299,0.25925925925925924,0.0,0.0,0.0,0.3333333333333333,0.25,0.6594393640539922,0.0,0.002002002002002002,0.42857142857142855,0.3541666666666667,0.7225253312548716,0.4602510460251046,0.02879165722058491,0.10586011342154933,1.0,0.0,1.0,0.0,0.0,0.0,0.0,0.0,0.0,0.0,0.0,0.0,1.0,0.0,0.0,1.0,0.0,0.0,0.0,0.0,0.0,0.0,0.0,0.0,1.0
9300,0.12345679012345678,0.0,0.0,0.0,0.3333333333333333,0.25,0.7111051037563383,0.02631578947368421,1.0,0.0,0.3541666666666667,0.7225253312548716,0.4602510460251046,0.02879165722058491,0.10586011342154933,1.0,0.0,0.0,0.0,0.0,0.0,0.0,0.0,0.0,0.0,0.0,0.0,0.0,1.0,0.0,0.0,0.0,1.0,0.0,0.0,0.0,0.0,0.0,1.0,0.0
9301,0.20987654320987653,1.0,0.0,0.0,0.3333333333333333,0.25,0.6027582686746316,0.02631578947368421,1.0,0.0,0.3541666666666667,0.7225253312548716,0.4602510460251046,0.02879165722058491,0.10586011342154933,1.0,0.0,0.0,0.0,0.0,0.0,0.0,0.0,0.0,0.0,1.0,0.0,0.0,1.0,0.0,0.0,0.0,0.0,0.0,0.0,1.0,0.0,0.0,1.0,0.0
9302,0.1111111111111111,0.0,0.0,0.0,0.3333333333333333,0.5,0.7523075540922047,0.07894736842105263,0.012012012012012012,0.42857142857142855,0.3541666666666667,0.7225253312548716,0.4602510460251046,0.030151892994785767,0.10586011342154933,1.0,0.0,0.0,0.0,0.0,0.0,0.0,0.0,0.0,0.0,0.0,0.0,1.0,0.0,0.0,0.0,0.0,1.0,0.0,0.0,0.0,0.0,0.0,0.0,0.0
9303,0.12345679012345678,1.0,0.0,0.0,0.3333333333333333,0.5,0.7647801822415556,0.07894736842105263,0.003003003003003003,0.2857142857142857,0.3541666666666667,0.7225253312548716,0.4602510460251046,0.030151892994785767,0.10586011342154933,1.0,0.0,0.0,0.0,0.0,0.0,0.0,0.0,0.0,0.0,0.0,1.0,0.0,1.0,0.0,0.0,0.0,0.0,0.0,0.0,1.0,0.0,0.0,0.0,1.0
9304,0.16049382716049382,1.0,0.0,1.0,0.3333333333333333,0.5,0.6559276062712989,0.0,1.0,0.2857142857142857,0.3541666666666667,0.7225253312548716,0.4602510460251046,0.030151892994785767,0.10586011342154933,1.0,0.0,0.0,0.0,0.0,0.0,0.0,0.0,0.0,1.0,0.0,0.0,0.0,1.0,0.0,0.0,0.0,0.0,0.0,0.0,1.0,0.0,0.0,0.0,0.0
9305,0.12345679012345678,1.0,0.0,0.0,0.3333333333333333,0.5,0.5651217337279456,0.05263157894736842,1.0,0.0,0.3541666666666667,0.7225253312548716,0.4602510460251046,0.030151892994785767,0.10586011342154933,0.0,0.0,0.0,0.0,0.0,0.0,0.0,0.0,0.0,0.0,0.0,1.0,0.0,1.0,0.0,0.0,0.0,0.0,0.0,0.0,1.0,0.0,0.0,1.0,0.0
9306,0.19753086419753085,1.0,0.0,0.0,0.3333333333333333,0.5,0.6607297076989791,0.02631578947368421,0.012012012012012012,0.2857142857142857,0.3541666666666667,0.7225253312548716,0.4602510460251046,0.030151892994785767,0.10586011342154933,1.0,0.0,0.0,0.0,0.0,0.0,0.0,1.0,0.0,0.0,0.0,0.0,1.0,0.0,0.0,0.0,0.0,1.0,0.0,0.0,0.0,0.0,0.0,0.0,1.0
9307,0.48148148148148145,1.0,0.0,0.0,0.3333333333333333,0.5,0.6849948743751764,0.02631578947368421,0.003003003003003003,0.2857142857142857,0.3541666666666667,0.7225253312548716,0.4602510460251046,0.030151892994785767,0.10586011342154933,1.0,0.0,0.0,0.0,0.0,1.0,0.0,0.0,0.0,0.0,0.0,0.0,1.0,0.0,0.0,0.0,0.0,0.0,0.0,0.0,0.0,0.0,0.0,0.0,1.0
9308,0.8518518518518516,0.0,0.0,1.0,0.3333333333333333,0.5,0.8073015529835439,0.0,1.0,0.0,0.3541666666666667,0.7225253312548716,0.4602510460251046,0.030151892994785767,0.10586011342154933,1.0,0.0,0.0,0.0,0.0,1.0,0.0,0.0,0.0,0.0,0.0,0.0,0.0,1.0,0.0,0.0,1.0,0.0,0.0,0.0,0.0,0.0,1.0,1.0,0.0
9309,0.04938271604938271,1.0,1.0,0.0,0.3333333333333333,0.5,0.6657540364605412,0.02631578947368421,1.0,0.0,0.3541666666666667,0.7225253312548716,0.4602510460251046,0.030151892994785767,0.10586011342154933,1.0,0.0,0.0,0.0,0.0,0.0,0.0,0.0,1.0,0.0,0.0,0.0,0.0,1.0,0.0,0.0,0.0,1.0,0.0,0.0,0.0,0.0,0.0,1.0,0.0
9310,0.14814814814814814,0.0,0.0,0.0,0.3333333333333333,0.5,0.5518674094137875,0.10526315789473684,1.0,0.0,0.3541666666666667,0.7225253312548716,0.4602510460251046,0.030151892994785767,0.10586011342154933,0.0,0.0,0.0,0.0,0.0,0.0,0.0,0.0,0.0,0.0,0.0,0.0,0.0,1.0,0.0,0.0,0.0,1.0,0.0,0.0,0.0,0.0,0.0,1.0,0.0
9311,0.1111111111111111,1.0,1.0,0.0,0.3333333333333333,0.5,0.661156696006206,0.02631578947368421,1.0,0.14285714285714285,0.3541666666666667,0.7225253312548716,0.4602510460251046,0.030151892994785767,0.10586011342154933,1.0,0.0,0.0,0.0,0.0,0.0,0.0,0.0,0.0,0.0,0.0,0.0,1.0,0.0,0.0,0.0,0.0,1.0,0.0,0.0,0.0,0.0,0.0,0.0,0.0
9312,0.6049382716049383,0.0,1.0,0.0,0.3333333333333333,0.5,0.6785573026196613,0.02631578947368421,1.0,0.0,0.3541666666666667,0.7225253312548716,0.4602510460251046,0.030151892994785767,0.10586011342154933,1.0,0.0,0.0,0.0,0.0,1.0,0.0,0.0,0.0,0.0,0.0,0.0,1.0,0.0,0.0,0.0,0.0,0.0,0.0,0.0,0.0,0.0,0.0,1.0,0.0
9313,0.1111111111111111,0.0,0.0,0.0,0.3333333333333333,0.5,0.6717469358140523,0.10526315789473684,1.0,0.0,0.3541666666666667,0.7225253312548716,0.4602510460251046,0.030151892994785767,0.10586011342154933,1.0,0.0,0.0,0.0,0.0,0.0,0.0,0.0,0.0,0.0,0.0,0.0,1.0,0.0,0.0,0.0,0.0,1.0,0.0,0.0,0.0,0.0,0.0,1.0,0.0
9314,0.14814814814814814,0.0,0.0,1.0,0.44444444444444436,0.75,0.3961123483218417,0.0,1.0,0.0,0.3541666666666667,0.7848791893998452,0.4393305439330544,0.03355248243028794,0.10586011342154933,0.0,0.0,0.0,0.0,0.0,0.0,0.0,0.0,0.0,0.0,0.0,0.0,0.0,1.0,0.0,0.0,0.0,1.0,0.0,0.0,0.0,0.0,0.0,1.0,0.0
9315,0.5308641975308641,1.0,1.0,0.0,0.44444444444444436,0.75,0.7036245548746948,0.0,0.004004004004004004,0.2857142857142857,0.3541666666666667,0.7848791893998452,0.4393305439330544,0.03355248243028794,0.10586011342154933,1.0,0.0,0.0,0.0,1.0,0.0,0.0,0.0,0.0,0.0,0.0,0.0,1.0,0.0,0.0,0.0,0.0,0.0,0.0,0.0,1.0,0.0,0.0,0.0,1.0
9316,0.24691358024691357,0.0,0.0,0.0,0.44444444444444436,0.75,0.7544482031445144,0.02631578947368421,0.007007007007007007,0.42857142857142855,0.3541666666666667,0.7848791893998452,0.4393305439330544,0.03355248243028794,0.10586011342154933,1.0,0.0,0.0,0.0,0.0,0.0,0.0,0.0,0.0,0.0,0.0,0.0,0.0,1.0,0.0,0.0,0.0,1.0,0.0,0.0,0.0,0.0,0.0,0.0,1.0
9317,0.25925925925925924,0.0,0.0,0.0,0.44444444444444436,0.75,0.7448071665789902,0.02631578947368421,0.01001001001001001,0.2857142857142857,0.3541666666666667,0.7848791893998452,0.4393305439330544,0.03355248243028794,0.10586011342154933,1.0,0.0,0.0,0.0,0.0,0.0,0.0,0.0,0.0,0.0,0.0,0.0,1.0,0.0,0.0,0.0,0.0,1.0,0.0,0.0,0.0,0.0,0.0,0.0,1.0
9318,0.19753086419753085,0.0,0.0,1.0,0.44444444444444436,0.75,0.3017282010873305,0.0,1.0,0.0,0.3541666666666667,0.7848791893998452,0.4393305439330544,0.03355248243028794,0.10586011342154933,0.0,1.0,0.0,0.0,0.0,0.0,0.0,0.0,0.0,0.0,0.0,0.0,1.0,0.0,0.0,0.0,0.0,0.0,0.0,0.0,1.0,0.0,0.0,1.0,0.0
9319,0.12345679012345678,0.0,0.0,0.0,0.44444444444444436,1.0,0.7116612993527112,0.05263157894736842,1.0,0.0,0.3541666666666667,0.7848791893998452,0.4393305439330544,0.035366130129222406,0.10586011342154933,1.0,0.0,0.0,0.0,0.0,0.0,0.0,1.0,0.0,0.0,0.0,0.0,0.0,1.0,0.0,0.0,0.0,1.0,0.0,0.0,0.0,0.0,0.0,1.0,0.0
9320,0.19753086419753085,1.0,1.0,0.0,0.44444444444444436,1.0,0.6334058816143029,0.05263157894736842,1.0,0.0,0.3541666666666667,0.7848791893998452,0.4393305439330544,0.035366130129222406,0.10586011342154933,1.0,0.0,0.0,0.0,0.0,0.0,0.0,0.0,0.0,0.0,0.0,0.0,1.0,0.0,0.0,0.0,0.0,0.0,0.0,0.0,1.0,0.0,0.0,1.0,0.0
9321,0.4691358024691357,1.0,0.0,0.0,0.44444444444444436,1.0,0.7686032266559751,0.0,1.0,0.2857142857142857,0.3541666666666667,0.7848791893998452,0.4393305439330544,0.035366130129222406,0.10586011342154933,1.0,0.0,0.0,0.0,0.0,0.0,0.0,0.0,0.0,0.0,0.0,0.0,1.0,0.0,0.0,0.0,0.0,0.0,0.0,0.0,1.0,0.0,0.0,0.0,0.0
9322,0.2222222222222222,0.0,0.0,0.0,0.44444444444444436,1.0,0.7024302791398942,0.10526315789473684,0.004004004004004004,0.14285714285714285,0.3541666666666667,0.7848791893998452,0.4393305439330544,0.035366130129222406,0.10586011342154933,1.0,0.0,0.0,0.0,0.0,0.0,0.0,0.0,0.0,0.0,0.0,0.0,0.0,1.0,0.0,0.0,0.0,0.0,0.0,0.0,1.0,0.0,0.0,0.0,1.0
9323,0.12345679012345678,0.5,0.5,0.0,0.44444444444444436,1.0,0.6108742554254224,0.0,1.0,0.14285714285714285,0.3541666666666667,0.7848791893998452,0.4393305439330544,0.035366130129222406,0.10586011342154933,1.0,0.0,0.0,0.0,0.0,0.0,0.0,1.0,0.0,0.0,0.0,0.0,0.0,1.0,0.0,0.0,0.0,1.0,0.0,0.0,0.0,0.0,0.0,0.0,0.0
9324,0.09876543209876543,0.0,1.0,0.0,0.44444444444444436,1.0,0.7651329115897525,0.0,1.0,0.0,0.3541666666666667,0.7848791893998452,0.4393305439330544,0.035366130129222406,0.10586011342154933,1.0,1.0,0.0,0.0,0.0,0.0,0.0,0.0,0.0,0.0,0.0,0.0,0.0,1.0,0.0,0.0,1.0,0.0,0.0,0.0,0.0,0.0,0.0,1.0,0.0
9325,0.38271604938271603,1.0,0.0,0.0,0.44444444444444436,1.0,0.6202900913078108,0.02631578947368421,0.003003003003003003,0.14285714285714285,0.3541666666666667,0.7848791893998452,0.4393305439330544,0.035366130129222406,0.10586011342154933,1.0,0.0,0.0,0.0,0.0,0.0,0.0,0.0,0.0,0.0,0.0,0.0,0.0,1.0,0.0,0.0,0.0,0.0,0.0,0.0,1.0,0.0,0.0,0.0,1.0
9326,0.20987654320987653,1.0,0.0,0.0,0.44444444444444436,0.0,0.6504552172780276,0.05263157894736842,1.0,0.0,0.3541666666666667,0.7848791893998452,0.4393305439330544,0.036046248016322835,0.10586011342154933,1.0,0.0,0.0,0.0,0.0,0.0,0.0,0.0,0.0,1.0,0.0,0.0,0.0,1.0,0.0,0.0,0.0,0.0,0.0,0.0,1.0,0.0,0.0,1.0,0.0
9327,0.29629629629629634,0.0,0.0,0.0,0.44444444444444436,0.0,0.5716847586578249,0.02631578947368421,1.0,0.0,0.3541666666666667,0.7848791893998452,0.4393305439330544,0.036046248016322835,0.10586011342154933,1.0,0.0,0.0,0.0,0.0,0.0,0.0,0.0,0.0,0.0,0.0,0.0,0.0,0.0,0.0,0.0,0.0,0.0,0.0,0.0,1.0,0.0,0.0,1.0,0.0
9328,0.19753086419753085,1.0,0.0,0.0,0.44444444444444436,0.0,0.6082306576679029,0.07894736842105263,1.0,0.0,0.3541666666666667,0.7848791893998452,0.4393305439330544,0.036046248016322835,0.10586011342154933,0.0,0.0,0.0,0.0,0.0,0.0,0.0,0.0,0.0,0.0,0.0,0.0,0.0,1.0,0.0,0.0,0.0,0.0,0.0,0.0,1.0,0.0,0.0,1.0,0.0
9329,0.29629629629629634,1.0,0.0,0.0,0.44444444444444436,0.0,0.5821481094717212,0.0,0.014014014014014014,0.2857142857142857,0.3541666666666667,0.7848791893998452,0.4393305439330544,0.036046248016322835,0.10586011342154933,1.0,0.0,0.0,0.0,0.0,0.0,0.0,0.0,0.0,0.0,0.0,0.0,0.0,0.0,0.0,0.0,0.0,0.0,0.0,0.0,1.0,0.0,0.0,0.0,1.0
9330,0.19753086419753085,1.0,0.0,0.0,0.44444444444444436,0.0,0.6128186823313415,0.0,1.0,0.0,0.3541666666666667,0.7848791893998452,0.4393305439330544,0.036046248016322835,0.10586011342154933,0.0,0.0,0.0,0.0,0.0,0.0,0.0,0.0,0.0,0.0,0.0,0.0,0.0,1.0,0.0,0.0,0.0,0.0,0.0,0.0,1.0,0.0,0.0,1.0,0.0
9331,0.04938271604938271,1.0,0.0,0.0,0.44444444444444436,0.25,0.6290077936901697,0.02631578947368421,1.0,0.0,0.3541666666666667,0.7848791893998452,0.4393305439330544,0.03695307186579008,0.10586011342154933,1.0,0.0,0.0,0.0,0.0,0.0,0.0,0.0,1.0,0.0,0.0,0.0,0.0,1.0,0.0,0.0,1.0,0.0,0.0,0.0,0.0,0.0,0.0,1.0,0.0
9332,0.35802469135802467,1.0,0.0,0.0,0.44444444444444436,0.25,0.6576965892230189,0.0,1.0,0.0,0.3541666666666667,0.7848791893998452,0.4393305439330544,0.03695307186579008,0.10586011342154933,1.0,0.0,0.0,0.0,0.0,0.0,0.0,0.0,0.0,0.0,0.0,0.0,1.0,0.0,0.0,0.0,0.0,1.0,0.0,0.0,0.0,0.0,0.0,1.0,0.0
9333,0.35802469135802467,1.0,0.0,0.0,0.44444444444444436,0.25,0.684296740875147,0.05263157894736842,1.0,0.2857142857142857,0.3541666666666667,0.7848791893998452,0.4393305439330544,0.03695307186579008,0.10586011342154933,1.0,0.0,0.0,0.0,0.0,0.0,0.0,0.0,0.0,0.0,0.0,0.0,1.0,0.0,0.0,0.0,0.0,1.0,0.0,0.0,0.0,0.0,0.0,0.0,0.0
9334,0.16049382716049382,0.0,0.0,0.0,0.44444444444444436,0.25,0.6306764053478436,0.0,0.003003003003003003,0.2857142857142857,0.3541666666666667,0.7848791893998452,0.4393305439330544,0.03695307186579008,0.10586011342154933,0.0,0.0,0.0,0.0,0.0,0.0,0.0,0.0,0.0,0.0,0.0,0.0,0.0,1.0,0.0,0.0,0.0,0.0,0.0,0.0,1.0,0.0,0.0,0.0,1.0
9335,0.8148148148148147,1.0,1.0,0.0,0.44444444444444436,0.25,0.6532232308583403,0.0,1.0,0.42857142857142855,0.3541666666666667,0.7848791893998452,0.4393305439330544,0.03695307186579008,0.10586011342154933,0.0,0.0,0.0,1.0,0.0,0.0,0.0,0.0,0.0,0.0,0.0,0.0,0.0,0.0,0.0,0.0,0.0,0.0,0.0,0.0,0.0,0.0,0.0,0.0,0.0
9336,0.14814814814814814,0.0,0.0,0.0,0.44444444444444436,0.25,0.6785573026196613,0.0,1.0,0.0,0.3541666666666667,0.7848791893998452,0.4393305439330544,0.03695307186579008,0.10586011342154933,1.0,0.0,0.0,0.0,0.0,0.0,0.0,0.0,0.0,0.0,0.0,0.0,0.0,1.0,0.0,0.0,0.0,1.0,0.0,0.0,0.0,0.0,0.0,1.0,0.0
9337,0.35802469135802467,1.0,1.0,0.0,0.44444444444444436,0.25,0.703921238889424,0.0,0.013013013013013013,0.2857142857142857,0.3541666666666667,0.7848791893998452,0.4393305439330544,0.03695307186579008,0.10586011342154933,1.0,0.0,0.0,0.0,0.0,0.0,0.0,0.0,0.0,0.0,0.0,0.0,1.0,0.0,0.0,0.0,0.0,1.0,0.0,0.0,0.0,0.0,0.0,0.0,1.0
9338,0.3209876543209876,0.0,0.0,0.0,0.44444444444444436,0.25,0.7009201794617362,0.05263157894736842,1.0,0.14285714285714285,0.3541666666666667,0.7848791893998452,0.4393305439330544,0.03695307186579008,0.10586011342154933,1.0,0.0,0.0,0.0,0.0,0.0,1.0,0.0,0.0,0.0,0.0,0.0,1.0,0.0,0.0,0.0,0.0,0.0,0.0,0.0,1.0,0.0,0.0,0.0,0.0
9339,0.8148148148148147,1.0,0.0,0.0,0.44444444444444436,0.25,0.7651329115897525,0.02631578947368421,0.003003003003003003,0.14285714285714285,0.3541666666666667,0.7848791893998452,0.4393305439330544,0.03695307186579008,0.10586011342154933,1.0,0.0,0.0,1.0,0.0,0.0,0.0,0.0,0.0,0.0,0.0,0.0,0.0,0.0,0.0,0.0,0.0,0.0,0.0,0.0,0.0,0.0,0.0,0.0,1.0
9340,0.4691358024691357,0.0,0.0,1.0,0.44444444444444436,0.5,0.6397092724183482,0.0,0.009009009009009009,0.14285714285714285,0.3541666666666667,0.7848791893998452,0.4393305439330544,0.03808660167762415,0.10586011342154933,1.0,0.0,0.0,0.0,0.0,0.0,0.0,0.0,0.0,0.0,0.0,0.0,1.0,0.0,0.0,0.0,0.0,1.0,0.0,0.0,0.0,0.0,0.0,0.0,1.0
9341,0.19753086419753085,1.0,1.0,1.0,0.44444444444444436,0.5,0.7045123715378098,0.02631578947368421,1.0,0.14285714285714285,0.3541666666666667,0.7848791893998452,0.4393305439330544,0.03808660167762415,0.10586011342154933,1.0,0.0,0.0,0.0,0.0,0.0,0.0,0.0,0.0,0.0,0.0,0.0,1.0,0.0,0.0,0.0,0.0,1.0,0.0,0.0,0.0,0.0,0.0,0.0,0.0
9342,0.2222222222222222,1.0,0.0,0.0,0.44444444444444436,0.5,0.6603011638753588,0.02631578947368421,0.015015015015015015,0.14285714285714285,0.3541666666666667,0.7848791893998452,0.4393305439330544,0.03808660167762415,0.10586011342154933,1.0,0.0,0.0,0.0,0.0,0.0,0.0,0.0,0.0,0.0,0.0,0.0,1.0,0.0,0.0,0.0,0.0,1.0,0.0,0.0,0.0,0.0,0.0,0.0,1.0
9343,0.2345679012345679,0.0,0.0,1.0,0.44444444444444436,0.5,0.6615821400485514,0.02631578947368421,1.0,0.0,0.3541666666666667,0.7848791893998452,0.4393305439330544,0.03808660167762415,0.10586011342154933,1.0,0.0,0.0,0.0,0.0,0.0,0.0,1.0,0.0,0.0,0.0,0.0,1.0,0.0,0.0,0.0,0.0,1.0,0.0,0.0,0.0,0.0,0.0,1.0,0.0
9344,0.20987654320987653,0.0,0.0,0.0,0.44444444444444436,0.5,0.6880861948773884,0.0,1.0,0.14285714285714285,0.3541666666666667,0.7848791893998452,0.4393305439330544,0.03808660167762415,0.10586011342154933,1.0,0.0,0.0,0.0,0.0,0.0,0.0,0.0,0.0,0.0,0.0,0.0,0.0,1.0,0.0,0.0,0.0,1.0,0.0,0.0,0.0,0.0,0.0,0.0,0.0
9345,0.7160493827160492,1.0,0.0,0.0,0.44444444444444436,0.75,0.6397092724183482,0.0,1.0,0.2857142857142857,0.3541666666666667,0.7848791893998452,0.4393305439330544,0.039900249376558616,0.10586011342154933,1.0,0.0,0.0,0.0,0.0,1.0,0.0,0.0,0.0,0.0,0.0,0.0,1.0,0.0,0.0,0.0,0.0,0.0,0.0,0.0,1.0,0.0,0.0,0.0,0.0
9346,0.14814814814814814,1.0,0.0,0.0,0.44444444444444436,0.75,0.726499069520548,0.0,0.006006006006006006,0.14285714285714285,0.3541666666666667,0.7848791893998452,0.4393305439330544,0.039900249376558616,0.10586011342154933,1.0,0.0,0.0,0.0,0.0,0.0,0.0,0.0,0.0,0.0,0.0,0.0,0.0,1.0,0.0,0.0,0.0,1.0,0.0,0.0,0.0,0.0,0.0,0.0,1.0
9347,0.24691358024691357,0.5,0.5,0.0,0.44444444444444436,0.75,0.6689881961625146,0.0,1.0,0.14285714285714285,0.3541666666666667,0.7848791893998452,0.4393305439330544,0.039900249376558616,0.10586011342154933,1.0,0.0,0.0,0.0,0.0,0.0,0.0,0.0,0.0,0.0,0.0,0.0,1.0,0.0,0.0,0.0,0.0,1.0,0.0,0.0,0.0,0.0,0.0,0.0,0.0
9348,0.09876543209876543,0.0,1.0,1.0,0.44444444444444436,0.75,0.7082839817554912,0.02631578947368421,0.008008008008008008,0.5714285714285714,0.3541666666666667,0.7848791893998452,0.4393305439330544,0.039900249376558616,0.10586011342154933,1.0,0.0,0.0,0.0,0.0,0.0,0.0,1.0,0.0,0.0,0.0,0.0,0.0,1.0,0.0,0.0,0.0,1.0,0.0,0.0,0.0,0.0,0.0,0.0,1.0
9349,0.04938271604938271,0.0,0.0,1.0,0.44444444444444436,0.75,0.6499874824690127,0.0,0.012012012012012012,0.14285714285714285,0.3541666666666667,0.7848791893998452,0.4393305439330544,0.039900249376558616,0.10586011342154933,1.0,0.0,0.0,0.0,0.0,0.0,0.0,0.0,1.0,0.0,0.0,0.0,0.0,1.0,0.0,0.0,0.0,0.0,0.0,0.0,0.0,1.0,0.0,0.0,1.0
9350,0.04938271604938271,1.0,0.0,0.0,0.44444444444444436,0.75,0.8088904155205662,0.0,0.013013013013013013,0.2857142857142857,0.3541666666666667,0.7848791893998452,0.4393305439330544,0.039900249376558616,0.10586011342154933,1.0,0.0,0.0,0.0,0.0,0.0,0.0,0.0,1.0,0.0,0.0,0.0,0.0,1.0,0.0,0.0,0.0,0.0,0.0,0.0,0.0,1.0,0.0,0.0,0.0
9351,0.5061728395061729,1.0,1.0,0.0,0.44444444444444436,0.75,0.7091374448666395,0.02631578947368421,1.0,0.0,0.3541666666666667,0.7848791893998452,0.4393305439330544,0.039900249376558616,0.10586011342154933,1.0,0.0,0.0,0.0,0.0,0.0,0.0,0.0,0.0,0.0,0.0,0.0,1.0,0.0,0.0,0.0,0.0,1.0,0.0,0.0,0.0,0.0,0.0,1.0,0.0
9352,0.09876543209876543,0.0,0.0,0.0,0.44444444444444436,0.75,0.7186622526414759,0.02631578947368421,1.0,0.0,0.3541666666666667,0.7848791893998452,0.4393305439330544,0.039900249376558616,0.10586011342154933,1.0,0.0,0.0,0.0,0.0,0.0,0.0,0.0,0.0,0.0,0.0,0.0,0.0,1.0,0.0,0.0,0.0,1.0,0.0,0.0,0.0,0.0,0.0,1.0,0.0
9353,0.20987654320987653,0.0,0.0,0.0,0.44444444444444436,0.75,0.8087689543332287,0.05263157894736842,1.0,0.0,0.3541666666666667,0.7848791893998452,0.4393305439330544,0.039900249376558616,0.10586011342154933,1.0,0.0,0.0,0.0,0.0,0.0,1.0,0.0,0.0,0.0,0.0,0.0,0.0,1.0,0.0,0.0,0.0,0.0,0.0,0.0,1.0,0.0,0.0,1.0,0.0
9354,0.04938271604938271,0.0,0.0,1.0,0.44444444444444436,0.75,0.635013676339261,0.15789473684210525,1.0,0.14285714285714285,0.3541666666666667,0.7848791893998452,0.4393305439330544,0.039900249376558616,0.10586011342154933,0.0,0.0,0.0,0.0,0.0,0.0,0.0,0.0,1.0,0.0,0.0,0.0,0.0,1.0,0.0,0.0,0.0,0.0,0.0,0.0,0.0,1.0,0.0,0.0,0.0
9355,0.20987654320987653,1.0,0.0,0.0,0.44444444444444436,0.75,0.6874062210217441,0.0,1.0,0.2857142857142857,0.3541666666666667,0.7848791893998452,0.4393305439330544,0.039900249376558616,0.10586011342154933,1.0,0.0,0.0,0.0,0.0,0.0,0.0,0.0,0.0,0.0,0.0,0.0,1.0,0.0,0.0,0.0,0.0,0.0,0.0,0.0,1.0,0.0,0.0,0.0,0.0
9356,0.6790123456790123,0.0,1.0,0.0,0.44444444444444436,1.0,0.7272304821327134,0.07894736842105263,0.008008008008008008,0.14285714285714285,0.3541666666666667,0.7848791893998452,0.4393305439330544,0.04262072092496033,0.10586011342154933,1.0,0.0,0.0,0.0,0.0,1.0,0.0,0.0,0.0,0.0,0.0,0.0,1.0,0.0,0.0,0.0,0.0,0.0,0.0,0.0,0.0,0.0,0.0,0.0,1.0
9357,0.1111111111111111,1.0,0.0,0.0,0.44444444444444436,1.0,0.725022458297862,0.15789473684210525,1.0,0.0,0.3541666666666667,0.7848791893998452,0.4393305439330544,0.04262072092496033,0.10586011342154933,1.0,0.0,0.0,0.0,0.0,0.0,0.0,0.0,0.0,0.0,1.0,0.0,1.0,0.0,0.0,0.0,0.0,1.0,0.0,0.0,0.0,0.0,0.0,1.0,0.0
9358,0.35802469135802467,1.0,0.0,0.0,0.44444444444444436,1.0,0.6863788332730624,0.05263157894736842,1.0,0.0,0.3541666666666667,0.7848791893998452,0.4393305439330544,0.04262072092496033,0.10586011342154933,1.0,0.0,0.0,0.0,0.0,0.0,0.0,0.0,0.0,0.0,0.0,0.0,1.0,0.0,0.0,0.0,0.0,0.0,0.0,0.0,1.0,0.0,0.0,1.0,0.0
9359,0.765432098765432,0.0,1.0,0.0,0.44444444444444436,1.0,0.7225194883508564,0.0,1.0,0.14285714285714285,0.3541666666666667,0.7848791893998452,0.4393305439330544,0.04262072092496033,0.10586011342154933,1.0,0.0,0.0,0.0,0.0,1.0,0.0,0.0,0.0,0.0,0.0,0.0,1.0,0.0,0.0,0.0,0.0,0.0,0.0,0.0,0.0,0.0,0.0,0.0,0.0
9360,0.5185185185185184,0.0,0.0,0.0,0.44444444444444436,0.0,0.7079981124787547,0.02631578947368421,1.0,0.0,0.3541666666666667,0.7848791893998452,0.4393305439330544,0.04375425073679437,0.10586011342154933,0.0,0.0,0.0,0.0,0.0,1.0,0.0,0.0,0.0,0.0,0.0,0.0,0.0,0.0,0.0,0.0,0.0,0.0,0.0,0.0,0.0,0.0,0.0,1.0,0.0
9361,0.2716049382716049,1.0,1.0,0.0,0.44444444444444436,0.0,0.7045123715378098,0.23684210526315788,1.0,0.14285714285714285,0.3541666666666667,0.7848791893998452,0.4393305439330544,0.04375425073679437,0.10586011342154933,1.0,0.0,0.0,0.0,0.0,0.0,0.0,0.0,0.0,0.0,0.0,0.0,0.0,0.0,0.0,0.0,0.0,0.0,0.0,0.0,1.0,0.0,0.0,0.0,0.0
9362,0.5185185185185184,0.0,1.0,0.0,0.44444444444444436,0.0,0.6295666315558228,0.05263157894736842,1.0,0.2857142857142857,0.3541666666666667,0.7848791893998452,0.4393305439330544,0.04375425073679437,0.10586011342154933,1.0,0.0,0.0,0.0,0.0,1.0,0.0,0.0,0.0,0.0,0.0,0.0,0.0,0.0,0.0,0.0,0.0,0.0,0.0,0.0,0.0,0.0,0.0,0.0,0.0
9363,0.2716049382716049,0.0,1.0,0.0,0.44444444444444436,0.0,0.697528105269356,0.05263157894736842,1.0,0.0,0.3541666666666667,0.7848791893998452,0.4393305439330544,0.04375425073679437,0.10586011342154933,1.0,0.0,0.0,0.0,0.0,0.0,0.0,0.0,0.0,0.0,0.0,0.0,0.0,0.0,0.0,0.0,0.0,0.0,0.0,0.0,1.0,0.0,0.0,1.0,0.0
9364,0.2222222222222222,0.0,0.0,0.0,0.44444444444444436,0.0,0.7450162957887101,0.07894736842105263,1.0,0.0,0.3541666666666667,0.7848791893998452,0.4393305439330544,0.04375425073679437,0.10586011342154933,1.0,0.0,0.0,0.0,0.0,0.0,0.0,0.0,0.0,1.0,0.0,0.0,0.0,1.0,0.0,0.0,0.0,0.0,0.0,1.0,0.0,0.0,0.0,1.0,0.0
9365,0.5555555555555556,0.5,0.5,0.0,0.44444444444444436,0.0,0.635013676339261,0.05263157894736842,1.0,0.14285714285714285,0.3541666666666667,0.7848791893998452,0.4393305439330544,0.04375425073679437,0.10586011342154933,1.0,0.0,0.0,0.0,0.0,0.0,0.0,0.0,0.0,1.0,0.0,0.0,1.0,0.0,0.0,0.0,0.0,0.0,0.0,0.0,0.0,1.0,0.0,0.0,0.0
9366,0.12345679012345678,0.0,1.0,0.0,0.44444444444444436,0.0,0.7396731816673451,0.0,1.0,0.0,0.3541666666666667,0.7848791893998452,0.4393305439330544,0.04375425073679437,0.10586011342154933,1.0,0.0,0.0,0.0,0.0,0.0,0.0,0.0,0.0,0.0,0.0,0.0,0.0,1.0,0.0,0.0,0.0,0.0,0.0,0.0,1.0,0.0,1.0,1.0,0.0
9367,0.08641975308641975,0.0,0.0,0.0,0.44444444444444436,0.0,0.7194438844174483,0.0,0.014014014014014014,0.14285714285714285,0.3541666666666667,0.7848791893998452,0.4393305439330544,0.04375425073679437,0.10586011342154933,1.0,0.0,0.0,0.0,0.0,0.0,0.0,0.0,0.0,0.0,0.0,0.0,0.0,1.0,0.0,0.0,0.0,1.0,0.0,0.0,0.0,0.0,0.0,0.0,1.0
9368,0.024691358024691357,0.0,1.0,1.0,0.44444444444444436,0.0,0.7460564011454784,0.0,0.006006006006006006,0.2857142857142857,0.3541666666666667,0.7848791893998452,0.4393305439330544,0.04375425073679437,0.10586011342154933,1.0,0.0,0.0,0.0,0.0,0.0,0.0,0.0,1.0,0.0,0.0,0.0,0.0,1.0,0.0,0.0,1.0,0.0,0.0,0.0,0.0,0.0,0.0,0.0,1.0
9369,0.5185185185185184,1.0,1.0,0.0,0.44444444444444436,0.0,0.7859033388293614,0.0,0.006006006006006006,0.14285714285714285,0.3541666666666667,0.7848791893998452,0.4393305439330544,0.04375425073679437,0.10586011342154933,1.0,0.0,0.0,0.0,0.0,1.0,0.0,0.0,0.0,0.0,0.0,0.0,0.0,0.0,0.0,0.0,0.0,0.0,0.0,0.0,0.0,0.0,0.0,0.0,1.0
9370,0.5555555555555556,0.0,0.0,0.0,0.44444444444444436,0.0,0.6554811725306058,0.02631578947368421,1.0,0.2857142857142857,0.3541666666666667,0.7848791893998452,0.4393305439330544,0.04375425073679437,0.10586011342154933,1.0,0.0,0.0,0.0,0.0,0.0,0.0,0.0,0.0,1.0,0.0,0.0,1.0,0.0,0.0,0.0,0.0,0.0,0.0,0.0,0.0,1.0,0.0,0.0,0.0
9371,0.5555555555555556,1.0,0.0,0.0,0.44444444444444436,0.0,0.6490463962539821,0.0,1.0,0.2857142857142857,0.3541666666666667,0.7848791893998452,0.4393305439330544,0.04375425073679437,0.10586011342154933,1.0,0.0,0.0,0.0,0.0,0.0,0.0,0.0,0.0,1.0,0.0,0.0,1.0,0.0,0.0,0.0,0.0,0.0,0.0,0.0,0.0,1.0,0.0,0.0,0.0
9372,0.13580246913580246,1.0,0.0,0.0,0.44444444444444436,0.0,0.6499874824690127,0.02631578947368421,0.006006006006006006,0.14285714285714285,0.3541666666666667,0.7848791893998452,0.4393305439330544,0.04375425073679437,0.10586011342154933,1.0,0.0,0.0,0.0,0.0,0.0,0.0,0.0,1.0,0.0,0.0,0.0,0.0,1.0,0.0,0.0,0.0,1.0,0.0,0.0,0.0,0.0,0.0,0.0,1.0
9373,0.14814814814814814,1.0,1.0,0.0,0.44444444444444436,0.25,0.6527663947522088,0.02631578947368421,0.006006006006006006,0.14285714285714285,0.3541666666666667,0.7848791893998452,0.4393305439330544,0.045567898435728865,0.10586011342154933,0.0,0.0,0.0,0.0,0.0,0.0,0.0,0.0,0.0,0.0,0.0,0.0,1.0,0.0,0.0,0.0,0.0,0.0,0.0,0.0,1.0,0.0,0.0,0.0,1.0
9374,0.691358024691358,1.0,0.0,0.0,0.44444444444444436,0.25,0.6732947890602686,0.0,1.0,0.0,0.3541666666666667,0.7848791893998452,0.4393305439330544,0.045567898435728865,0.10586011342154933,1.0,0.0,0.0,0.0,0.0,1.0,0.0,0.0,0.0,0.0,0.0,0.0,1.0,0.0,0.0,0.0,0.0,0.0,0.0,0.0,0.0,0.0,0.0,1.0,0.0
9375,0.14814814814814814,0.0,0.0,0.0,0.44444444444444436,0.25,0.6208918069393788,0.02631578947368421,0.003003003003003003,0.42857142857142855,0.3541666666666667,0.7848791893998452,0.4393305439330544,0.045567898435728865,0.10586011342154933,1.0,0.0,0.0,0.0,0.0,0.0,0.0,0.0,0.0,0.0,0.0,0.0,0.0,1.0,0.0,0.0,0.0,1.0,0.0,0.0,0.0,0.0,0.0,0.0,1.0
9376,0.06172839506172839,0.0,0.0,0.0,0.44444444444444436,0.25,0.6937125767575353,0.0,1.0,0.14285714285714285,0.3541666666666667,0.7848791893998452,0.4393305439330544,0.045567898435728865,0.10586011342154933,1.0,0.0,0.0,0.0,0.0,0.0,0.0,1.0,0.0,0.0,0.0,0.0,0.0,1.0,0.0,0.0,0.0,0.0,0.0,1.0,0.0,0.0,0.0,0.0,0.0
9377,0.8148148148148147,1.0,0.0,0.0,0.44444444444444436,0.25,0.6102189047082401,0.0,0.006006006006006006,0.2857142857142857,0.3541666666666667,0.7848791893998452,0.4393305439330544,0.045567898435728865,0.10586011342154933,1.0,0.0,0.0,0.0,0.0,1.0,0.0,0.0,0.0,0.0,0.0,0.0,1.0,0.0,0.0,0.0,0.0,0.0,0.0,0.0,1.0,0.0,0.0,0.0,1.0
9378,0.18518518518518517,1.0,1.0,1.0,0.44444444444444436,0.25,0.4215477860088535,0.0,1.0,0.0,0.3541666666666667,0.7848791893998452,0.4393305439330544,0.045567898435728865,0.10586011342154933,0.0,0.0,0.0,0.0,0.0,0.0,0.0,1.0,0.0,0.0,0.0,0.0,1.0,0.0,0.0,1.0,0.0,0.0,0.0,0.0,0.0,0.0,0.0,1.0,0.0
9379,0.8148148148148147,0.0,0.0,1.0,0.44444444444444436,0.25,0.7559809303588871,0.0,0.012012012012012012,0.14285714285714285,0.3541666666666667,0.7848791893998452,0.4393305439330544,0.045567898435728865,0.10586011342154933,1.0,0.0,0.0,0.0,0.0,1.0,0.0,0.0,0.0,0.0,0.0,0.0,1.0,0.0,0.0,0.0,0.0,0.0,0.0,0.0,1.0,0.0,0.0,0.0,1.0
9380,0.6049382716049383,0.0,0.0,0.0,0.44444444444444436,0.25,0.7252698509221354,0.0,1.0,0.0,0.3541666666666667,0.7848791893998452,0.4393305439330544,0.045567898435728865,0.10586011342154933,1.0,0.0,0.0,0.0,0.0,1.0,0.0,0.0,0.0,0.0,0.0,0.0,1.0,0.0,0.0,0.0,0.0,1.0,0.0,0.0,0.0,0.0,0.0,1.0,0.0
9381,0.6049382716049383,1.0,0.0,0.0,0.44444444444444436,0.25,0.6778197757555917,0.0,1.0,0.0,0.3541666666666667,0.7848791893998452,0.4393305439330544,0.045567898435728865,0.10586011342154933,1.0,0.0,0.0,0.0,0.0,1.0,0.0,0.0,0.0,0.0,0.0,0.0,1.0,0.0,0.0,0.0,0.0,1.0,0.0,0.0,0.0,0.0,0.0,1.0,0.0
9382,0.14814814814814814,1.0,0.0,0.0,0.44444444444444436,0.25,0.5280214103388018,0.0,1.0,0.2857142857142857,0.3541666666666667,0.7848791893998452,0.4393305439330544,0.045567898435728865,0.10586011342154933,0.0,0.0,0.0,0.0,0.0,0.0,0.0,0.0,0.0,0.0,0.0,0.0,1.0,0.0,0.0,0.0,0.0,0.0,0.0,0.0,1.0,0.0,0.0,0.0,0.0
9383,0.14814814814814814,0.5,0.5,0.0,0.44444444444444436,0.25,0.6755790384927881,0.0,0.003003003003003003,0.14285714285714285,0.3541666666666667,0.7848791893998452,0.4393305439330544,0.045567898435728865,0.10586011342154933,1.0,0.0,0.0,0.0,0.0,0.0,0.0,0.0,0.0,0.0,0.0,0.0,1.0,0.0,0.0,0.0,0.0,0.0,0.0,0.0,1.0,0.0,0.0,0.0,1.0
9384,0.1728395061728395,1.0,0.0,0.0,0.44444444444444436,0.25,0.6748225397474605,0.0,0.006006006006006006,0.42857142857142855,0.3541666666666667,0.7848791893998452,0.4393305439330544,0.045567898435728865,0.10586011342154933,1.0,0.0,0.0,0.0,0.0,0.0,0.0,0.0,0.0,0.0,1.0,0.0,0.0,1.0,0.0,0.0,0.0,0.0,0.0,0.0,1.0,0.0,0.0,0.0,1.0
9385,0.2222222222222222,1.0,0.0,0.0,0.44444444444444436,0.25,0.6849948743751764,0.0,0.006006006006006006,0.14285714285714285,0.3541666666666667,0.7848791893998452,0.4393305439330544,0.045567898435728865,0.10586011342154933,1.0,0.0,0.0,0.0,0.0,0.0,0.0,0.0,0.0,1.0,0.0,0.0,0.0,1.0,0.0,0.0,0.0,0.0,0.0,1.0,0.0,0.0,0.0,0.0,1.0
9386,0.2222222222222222,1.0,0.0,0.0,0.44444444444444436,0.25,0.6927390389294485,0.0,0.011011011011011011,0.2857142857142857,0.3541666666666667,0.7848791893998452,0.4393305439330544,0.045567898435728865,0.10586011342154933,1.0,0.0,0.0,0.0,0.0,0.0,0.0,0.0,0.0,1.0,0.0,0.0,0.0,1.0,0.0,0.0,0.0,0.0,0.0,1.0,0.0,0.0,0.0,0.0,1.0
9387,0.06172839506172839,0.0,0.0,0.0,0.44444444444444436,0.25,0.6527663947522088,0.05263157894736842,1.0,0.14285714285714285,0.3541666666666667,0.7848791893998452,0.4393305439330544,0.045567898435728865,0.10586011342154933,1.0,0.0,0.0,0.0,0.0,0.0,0.0,1.0,0.0,0.0,0.0,0.0,0.0,1.0,0.0,0.0,0.0,0.0,0.0,1.0,0.0,0.0,0.0,0.0,0.0
9388,0.2222222222222222,1.0,0.0,0.0,0.44444444444444436,0.25,0.7481094227043764,0.13157894736842105,0.006006006006006006,0.14285714285714285,0.3541666666666667,0.7848791893998452,0.4393305439330544,0.045567898435728865,0.10586011342154933,1.0,0.0,0.0,0.0,0.0,0.0,0.0,0.0,0.0,1.0,0.0,0.0,0.0,1.0,0.0,0.0,0.0,0.0,0.0,1.0,0.0,0.0,0.0,0.0,1.0
9389,0.14814814814814814,1.0,0.0,0.0,0.44444444444444436,0.25,0.6598710531604159,0.05263157894736842,0.006006006006006006,0.14285714285714285,0.3541666666666667,0.7848791893998452,0.4393305439330544,0.045567898435728865,0.10586011342154933,1.0,0.0,0.0,0.0,0.0,0.0,0.0,0.0,0.0,0.0,0.0,0.0,0.0,1.0,0.0,0.0,0.0,1.0,0.0,0.0,0.0,0.0,0.0,0.0,1.0
9390,0.18518518518518517,1.0,0.0,1.0,0.44444444444444436,0.5,0.3463695194647243,0.0,1.0,0.0,0.3541666666666667,0.7848791893998452,0.4393305439330544,0.046701428247562904,0.10586011342154933,0.0,0.0,0.0,0.0,0.0,0.0,0.0,0.0,0.0,1.0,0.0,0.0,0.0,0.0,0.0,0.0,0.0,0.0,0.0,1.0,0.0,0.0,0.0,1.0,0.0
9391,0.4444444444444445,0.0,0.0,1.0,0.44444444444444436,0.5,0.708853644609602,0.0,0.006006006006006006,0.2857142857142857,0.3541666666666667,0.7848791893998452,0.4393305439330544,0.046701428247562904,0.10586011342154933,1.0,1.0,0.0,0.0,0.0,0.0,0.0,0.0,0.0,0.0,0.0,0.0,0.0,1.0,0.0,0.0,1.0,0.0,0.0,0.0,0.0,0.0,0.0,0.0,1.0
9392,0.16049382716049382,1.0,0.0,0.0,0.44444444444444436,0.5,0.6839461142385569,0.07894736842105263,1.0,0.2857142857142857,0.3541666666666667,0.7848791893998452,0.4393305439330544,0.046701428247562904,0.10586011342154933,1.0,0.0,0.0,0.0,0.0,0.0,0.0,0.0,1.0,0.0,0.0,0.0,0.0,1.0,0.0,0.0,0.0,0.0,0.0,1.0,0.0,0.0,0.0,0.0,0.0
9393,0.14814814814814814,1.0,0.0,0.0,0.44444444444444436,0.5,0.7532854080145677,0.0,1.0,0.0,0.3541666666666667,0.7848791893998452,0.4393305439330544,0.046701428247562904,0.10586011342154933,1.0,0.0,0.0,0.0,0.0,0.0,0.0,0.0,0.0,1.0,0.0,0.0,0.0,1.0,0.0,0.0,1.0,0.0,0.0,0.0,0.0,0.0,0.0,1.0,0.0
9394,0.4444444444444445,1.0,0.0,0.0,0.44444444444444436,0.5,0.6910983547398326,0.0,1.0,0.0,0.3541666666666667,0.7848791893998452,0.4393305439330544,0.046701428247562904,0.10586011342154933,1.0,1.0,0.0,0.0,0.0,0.0,0.0,0.0,0.0,0.0,0.0,0.0,0.0,1.0,0.0,0.0,1.0,0.0,0.0,0.0,0.0,0.0,0.0,1.0,0.0
9395,0.34567901234567905,1.0,0.0,0.0,0.44444444444444436,0.5,0.7889627535439022,0.02631578947368421,1.0,0.0,0.3541666666666667,0.7848791893998452,0.4393305439330544,0.046701428247562904,0.10586011342154933,1.0,0.0,0.0,0.0,1.0,0.0,0.0,0.0,0.0,0.0,0.0,0.0,1.0,0.0,0.0,0.0,0.0,0.0,0.0,0.0,1.0,0.0,0.0,1.0,0.0
9396,0.14814814814814814,1.0,0.0,1.0,0.44444444444444436,0.5,0.6485730147319224,0.0,0.006006006006006006,0.14285714285714285,0.3541666666666667,0.7848791893998452,0.4393305439330544,0.046701428247562904,0.10586011342154933,1.0,0.0,0.0,0.0,0.0,0.0,0.0,0.0,0.0,1.0,0.0,0.0,0.0,1.0,0.0,0.0,1.0,0.0,0.0,0.0,0.0,0.0,0.0,0.0,1.0
9397,0.7530864197530864,1.0,0.0,0.0,0.44444444444444436,0.5,0.6255978404568726,0.0,1.0,0.14285714285714285,0.3541666666666667,0.7848791893998452,0.4393305439330544,0.046701428247562904,0.10586011342154933,0.0,0.0,0.0,0.0,0.0,1.0,0.0,0.0,0.0,0.0,0.0,0.0,1.0,0.0,0.0,0.0,0.0,0.0,0.0,0.0,0.0,1.0,0.0,0.0,0.0
9398,0.14814814814814814,1.0,0.0,0.0,0.44444444444444436,0.5,0.6615821400485514,0.0,1.0,0.0,0.3541666666666667,0.7848791893998452,0.4393305439330544,0.046701428247562904,0.10586011342154933,1.0,0.0,0.0,0.0,0.0,0.0,0.0,0.0,0.0,0.0,0.0,0.0,0.0,1.0,0.0,0.0,0.0,0.0,0.0,0.0,1.0,0.0,0.0,1.0,0.0
9399,0.20987654320987653,0.0,0.0,0.0,0.44444444444444436,0.5,0.7534800071482515,0.0,1.0,0.0,0.3541666666666667,0.7848791893998452,0.4393305439330544,0.046701428247562904,0.10586011342154933,1.0,0.0,0.0,0.0,0.0,0.0,0.0,1.0,0.0,0.0,0.0,0.0,1.0,0.0,0.0,0.0,1.0,0.0,0.0,0.0,0.0,0.0,0.0,1.0,0.0
9400,0.4444444444444445,1.0,0.0,1.0,0.44444444444444436,0.5,0.799939022510506,0.02631578947368421,1.0,0.0,0.3541666666666667,0.7848791893998452,0.4393305439330544,0.046701428247562904,0.10586011342154933,1.0,1.0,0.0,0.0,0.0,0.0,0.0,0.0,0.0,0.0,0.0,0.0,0.0,1.0,0.0,0.0,1.0,0.0,0.0,0.0,0.0,0.0,0.0,1.0,0.0
9401,0.2222222222222222,1.0,0.0,0.0,0.44444444444444436,0.5,0.6661632026103997,0.02631578947368421,1.0,0.14285714285714285,0.3541666666666667,0.7848791893998452,0.4393305439330544,0.046701428247562904,0.10586011342154933,1.0,0.0,0.0,0.0,0.0,0.0,0.0,0.0,0.0,0.0,0.0,0.0,1.0,0.0,0.0,0.0,0.0,0.0,0.0,0.0,1.0,0.0,0.0,0.0,0.0
9402,0.7530864197530864,1.0,0.0,0.0,0.44444444444444436,0.5,0.5266921854673875,0.05263157894736842,1.0,0.0,0.3541666666666667,0.7848791893998452,0.4393305439330544,0.046701428247562904,0.10586011342154933,1.0,0.0,0.0,0.0,0.0,1.0,0.0,0.0,0.0,0.0,0.0,0.0,1.0,0.0,0.0,0.0,0.0,0.0,0.0,0.0,0.0,1.0,0.0,1.0,0.0
9403,0.07407407407407407,1.0,0.0,0.0,0.44444444444444436,0.75,0.6581347094668296,0.10526315789473684,1.0,0.14285714285714285,0.3541666666666667,0.7848791893998452,0.4393305439330544,0.04806166402176376,0.10586011342154933,1.0,1.0,0.0,0.0,0.0,0.0,0.0,0.0,0.0,0.0,0.0,0.0,0.0,1.0,0.0,0.0,1.0,0.0,0.0,0.0,0.0,0.0,0.0,0.0,0.0
9404,0.43209876543209874,1.0,0.0,0.0,0.44444444444444436,0.75,0.634480182683441,0.0,0.003003003003003003,0.14285714285714285,0.3541666666666667,0.7848791893998452,0.4393305439330544,0.04806166402176376,0.10586011342154933,1.0,0.0,0.0,0.0,0.0,0.0,0.0,0.0,0.0,1.0,0.0,0.0,1.0,0.0,0.0,1.0,0.0,0.0,0.0,0.0,0.0,0.0,0.0,0.0,1.0
9405,0.4074074074074074,1.0,0.0,0.0,0.44444444444444436,0.75,0.6949982196033254,0.0,1.0,0.0,0.3541666666666667,0.7848791893998452,0.4393305439330544,0.04806166402176376,0.10586011342154933,1.0,0.0,0.0,0.0,1.0,0.0,0.0,0.0,0.0,0.0,0.0,0.0,1.0,0.0,0.0,0.0,0.0,0.0,0.0,0.0,1.0,0.0,0.0,1.0,0.0
9406,0.24691358024691357,0.0,0.0,0.0,0.44444444444444436,0.75,0.6880861948773884,0.0,0.006006006006006006,0.2857142857142857,0.3541666666666667,0.7848791893998452,0.4393305439330544,0.04806166402176376,0.10586011342154933,1.0,0.0,0.0,0.0,0.0,0.0,0.0,1.0,0.0,0.0,0.0,0.0,1.0,0.0,0.0,0.0,0.0,1.0,0.0,0.0,0.0,0.0,0.0,0.0,1.0
9407,0.13580246913580246,1.0,0.0,0.0,0.44444444444444436,0.75,0.8075473945557486,0.0,0.006006006006006006,0.14285714285714285,0.3541666666666667,0.7848791893998452,0.4393305439330544,0.04806166402176376,0.10586011342154933,1.0,0.0,0.0,0.0,0.0,0.0,0.0,1.0,0.0,0.0,0.0,0.0,0.0,1.0,0.0,0.0,0.0,1.0,0.0,0.0,0.0,0.0,0.0,0.0,1.0
9408,0.18518518518518517,0.0,1.0,0.0,0.44444444444444436,0.75,0.7094205620899076,0.02631578947368421,1.0,0.0,0.3541666666666667,0.7848791893998452,0.4393305439330544,0.04806166402176376,0.10586011342154933,1.0,0.0,0.0,0.0,0.0,0.0,0.0,1.0,0.0,0.0,0.0,0.0,0.0,1.0,0.0,0.0,0.0,0.0,0.0,0.0,0.0,1.0,0.0,1.0,0.0
9409,0.16049382716049382,0.0,0.0,0.0,0.44444444444444436,0.75,0.6509210996671051,0.0,0.006006006006006006,0.2857142857142857,0.3541666666666667,0.7848791893998452,0.4393305439330544,0.04806166402176376,0.10586011342154933,1.0,0.0,0.0,0.0,0.0,0.0,0.0,0.0,0.0,0.0,0.0,0.0,0.0,1.0,0.0,0.0,0.0,0.0,0.0,0.0,1.0,0.0,0.0,0.0,1.0
9410,0.13580246913580246,0.0,0.0,0.0,0.44444444444444436,0.75,0.6102189047082401,0.0,1.0,0.2857142857142857,0.3541666666666667,0.7848791893998452,0.4393305439330544,0.04806166402176376,0.10586011342154933,0.0,0.0,0.0,0.0,0.0,0.0,1.0,0.0,0.0,0.0,0.0,0.0,0.0,1.0,0.0,0.0,0.0,0.0,0.0,0.0,1.0,0.0,0.0,0.0,0.0
9411,0.037037037037037035,1.0,0.0,0.0,0.44444444444444436,0.75,0.6930644475725992,0.05263157894736842,0.006006006006006006,0.42857142857142855,0.3541666666666667,0.7848791893998452,0.4393305439330544,0.04806166402176376,0.10586011342154933,1.0,0.0,0.0,0.0,0.0,0.0,0.0,0.0,1.0,0.0,0.0,0.0,0.0,1.0,0.0,0.0,1.0,0.0,0.0,0.0,0.0,0.0,0.0,0.0,1.0
9412,0.7777777777777777,0.0,0.0,1.0,0.44444444444444436,0.75,0.7429080825625569,0.02631578947368421,1.0,0.0,0.3541666666666667,0.7848791893998452,0.4393305439330544,0.04806166402176376,0.10586011342154933,1.0,0.0,0.0,0.0,0.0,1.0,0.0,0.0,0.0,0.0,0.0,0.0,1.0,0.0,0.0,0.0,0.0,0.0,0.0,0.0,0.0,0.0,0.0,1.0,0.0
9413,0.654320987654321,0.0,0.0,0.0,0.44444444444444436,0.75,0.7021298060531943,0.02631578947368421,0.006006006006006006,0.2857142857142857,0.3541666666666667,0.7848791893998452,0.4393305439330544,0.04806166402176376,0.10586011342154933,1.0,0.0,0.0,0.0,0.0,1.0,0.0,0.0,0.0,0.0,0.0,0.0,0.0,0.0,0.0,0.0,0.0,0.0,0.0,0.0,0.0,0.0,0.0,0.0,1.0
9414,0.2222222222222222,0.0,0.0,0.0,0.44444444444444436,0.75,0.8068083231226507,0.02631578947368421,0.006006006006006006,0.14285714285714285,0.3541666666666667,0.7848791893998452,0.4393305439330544,0.04806166402176376,0.10586011342154933,1.0,0.0,0.0,0.0,0.0,0.0,0.0,0.0,0.0,0.0,0.0,0.0,1.0,0.0,0.0,0.0,0.0,0.0,0.0,0.0,1.0,0.0,0.0,0.0,1.0
9415,0.07407407407407407,0.0,0.0,0.0,0.44444444444444436,0.75,0.6499874824690127,0.07894736842105263,1.0,0.14285714285714285,0.3541666666666667,0.7848791893998452,0.4393305439330544,0.04806166402176376,0.10586011342154933,1.0,1.0,0.0,0.0,0.0,0.0,0.0,0.0,0.0,0.0,0.0,0.0,0.0,1.0,0.0,0.0,1.0,0.0,0.0,0.0,0.0,0.0,0.0,0.0,0.0
9416,0.13580246913580246,1.0,0.0,0.0,0.44444444444444436,0.75,0.6226787043279698,0.02631578947368421,1.0,0.0,0.3541666666666667,0.7848791893998452,0.4393305439330544,0.04806166402176376,0.10586011342154933,1.0,0.0,0.0,0.0,0.0,0.0,1.0,0.0,0.0,0.0,0.0,0.0,0.0,1.0,0.0,0.0,0.0,0.0,0.0,0.0,1.0,0.0,0.0,1.0,0.0
9417,0.3703703703703703,1.0,1.0,0.0,0.44444444444444436,0.75,0.7027299866892384,0.02631578947368421,0.006006006006006006,0.14285714285714285,0.3541666666666667,0.7848791893998452,0.4393305439330544,0.04806166402176376,0.10586011342154933,1.0,0.0,0.0,0.0,0.0,0.0,0.0,0.0,0.0,0.0,0.0,0.0,0.0,1.0,0.0,0.0,1.0,0.0,0.0,0.0,0.0,0.0,0.0,0.0,1.0
9418,0.1728395061728395,1.0,0.0,0.0,0.44444444444444436,1.0,0.7886747848579034,0.02631578947368421,0.013013013013013013,0.2857142857142857,0.3541666666666667,0.7848791893998452,0.4393305439330544,0.05146225345726593,0.10586011342154933,1.0,0.0,0.0,0.0,0.0,0.0,0.0,0.0,0.0,0.0,0.0,0.0,0.0,1.0,0.0,0.0,0.0,0.0,0.0,0.0,1.0,0.0,0.0,0.0,1.0
9419,0.3333333333333333,0.0,0.0,0.0,0.44444444444444436,1.0,0.7781242347845155,0.0,1.0,0.14285714285714285,0.3541666666666667,0.7848791893998452,0.4393305439330544,0.05146225345726593,0.10586011342154933,1.0,0.0,0.0,0.0,0.0,0.0,0.0,0.0,0.0,0.0,0.0,0.0,1.0,0.0,0.0,0.0,0.0,0.0,0.0,0.0,0.0,1.0,0.0,0.0,0.0
9420,0.5308641975308641,0.0,0.0,0.0,0.44444444444444436,1.0,0.6774492710414791,0.0,0.006006006006006006,0.2857142857142857,0.3541666666666667,0.7848791893998452,0.4393305439330544,0.05146225345726593,0.10586011342154933,1.0,0.0,0.0,0.0,0.0,0.0,0.0,0.0,0.0,0.0,0.0,0.0,1.0,0.0,0.0,0.0,0.0,0.0,0.0,0.0,1.0,0.0,0.0,0.0,1.0
9421,0.419753086419753,0.0,1.0,0.0,0.44444444444444436,1.0,0.7279573751736251,0.0,1.0,0.0,0.3541666666666667,0.7848791893998452,0.4393305439330544,0.05146225345726593,0.10586011342154933,1.0,0.0,0.0,0.0,0.0,0.0,0.0,0.0,0.0,0.0,0.0,0.0,1.0,0.0,0.0,0.0,0.0,0.0,0.0,0.0,1.0,0.0,0.0,1.0,0.0
9422,0.14814814814814814,1.0,0.0,0.0,0.44444444444444436,1.0,0.6581347094668296,0.02631578947368421,0.006006006006006006,0.14285714285714285,0.3541666666666667,0.7848791893998452,0.4393305439330544,0.05146225345726593,0.10586011342154933,1.0,0.0,0.0,0.0,0.0,0.0,0.0,0.0,0.0,0.0,0.0,0.0,0.0,1.0,0.0,0.0,0.0,1.0,0.0,0.0,0.0,0.0,0.0,0.0,1.0
9423,0.1111111111111111,1.0,0.0,0.0,0.44444444444444436,1.0,0.7873701302707411,0.05263157894736842,0.006006006006006006,0.2857142857142857,0.3541666666666667,0.7848791893998452,0.4393305439330544,0.05146225345726593,0.10586011342154933,1.0,0.0,0.0,0.0,0.0,0.0,0.0,0.0,0.0,1.0,0.0,0.0,0.0,1.0,0.0,0.0,0.0,0.0,0.0,0.0,1.0,0.0,0.0,0.0,1.0
9424,0.5185185185185184,1.0,0.0,0.0,0.44444444444444436,1.0,0.7207351723504332,0.02631578947368421,0.015015015015015015,0.14285714285714285,0.3541666666666667,0.7848791893998452,0.4393305439330544,0.05146225345726593,0.10586011342154933,1.0,0.0,0.0,0.0,0.0,0.0,0.0,0.0,0.0,1.0,0.0,0.0,1.0,0.0,0.0,0.0,0.0,0.0,0.0,1.0,0.0,0.0,0.0,0.0,1.0
9425,0.06172839506172839,1.0,0.0,1.0,0.44444444444444436,0.0,0.7274732792250687,0.0,1.0,0.2857142857142857,0.3541666666666667,0.7848791893998452,0.4393305439330544,0.05350260711856722,0.10586011342154933,1.0,0.0,0.0,0.0,0.0,0.0,0.0,0.0,0.0,0.0,0.0,0.0,0.0,1.0,0.0,0.0,0.0,0.0,0.0,0.0,1.0,0.0,0.0,0.0,0.0
9426,0.48148148148148145,1.0,0.0,0.0,0.44444444444444436,0.0,0.6278820898893921,0.02631578947368421,0.013013013013013013,0.14285714285714285,0.3541666666666667,0.7848791893998452,0.4393305439330544,0.05350260711856722,0.10586011342154933,1.0,0.0,0.0,0.0,0.0,0.0,0.0,0.0,0.0,1.0,0.0,0.0,1.0,0.0,0.0,0.0,0.0,0.0,0.0,1.0,0.0,0.0,0.0,0.0,1.0
9427,0.39506172839506176,1.0,0.0,0.0,0.44444444444444436,0.0,0.6513851442510553,0.05263157894736842,0.015015015015015015,0.14285714285714285,0.3541666666666667,0.7848791893998452,0.4393305439330544,0.05350260711856722,0.10586011342154933,1.0,0.0,0.0,0.0,0.0,0.0,0.0,0.0,0.0,1.0,0.0,0.0,0.0,0.0,0.0,0.0,0.0,0.0,0.0,1.0,0.0,0.0,0.0,0.0,1.0
9428,0.7530864197530864,0.0,0.0,0.0,0.44444444444444436,0.0,0.8289334059002461,0.0,1.0,0.0,0.3541666666666667,0.7848791893998452,0.4393305439330544,0.05350260711856722,0.10586011342154933,1.0,0.0,0.0,0.0,0.0,1.0,0.0,0.0,0.0,0.0,0.0,0.0,1.0,0.0,0.0,0.0,0.0,0.0,0.0,0.0,0.0,0.0,0.0,1.0,0.0
9429,0.6790123456790123,1.0,0.0,0.0,0.44444444444444436,0.0,0.6581347094668296,0.0,1.0,0.0,0.3541666666666667,0.7848791893998452,0.4393305439330544,0.05350260711856722,0.10586011342154933,1.0,0.0,0.0,0.0,0.0,1.0,0.0,0.0,0.0,0.0,0.0,0.0,1.0,0.0,0.0,0.0,0.0,0.0,0.0,0.0,0.0,0.0,0.0,1.0,0.0
9430,0.7530864197530864,1.0,0.0,0.0,0.44444444444444436,0.0,0.6068862413262684,0.02631578947368421,1.0,0.14285714285714285,0.3541666666666667,0.7848791893998452,0.4393305439330544,0.05350260711856722,0.10586011342154933,1.0,0.0,0.0,0.0,0.0,1.0,0.0,0.0,0.0,0.0,0.0,0.0,1.0,0.0,0.0,0.0,0.0,0.0,0.0,0.0,0.0,0.0,0.0,0.0,0.0
9431,0.48148148148148145,0.0,0.0,0.0,0.44444444444444436,0.0,0.6402196209389266,0.02631578947368421,1.0,0.14285714285714285,0.3541666666666667,0.7848791893998452,0.4393305439330544,0.05350260711856722,0.10586011342154933,1.0,0.0,0.0,0.0,0.0,0.0,0.0,0.0,0.0,1.0,0.0,0.0,1.0,0.0,0.0,0.0,0.0,0.0,0.0,1.0,0.0,0.0,0.0,0.0,0.0
9432,0.48148148148148145,1.0,0.0,0.0,0.44444444444444436,0.0,0.6159896330688406,0.13157894736842105,1.0,0.0,0.3541666666666667,0.7848791893998452,0.4393305439330544,0.05350260711856722,0.10586011342154933,1.0,0.0,0.0,0.0,0.0,0.0,0.0,0.0,0.0,0.0,1.0,0.0,0.0,0.0,0.0,0.0,0.0,0.0,0.0,0.0,0.0,0.0,0.0,1.0,0.0
9433,0.6049382716049383,1.0,0.0,0.0,0.44444444444444436,0.0,0.7462633231856137,0.15789473684210525,1.0,0.0,0.3541666666666667,0.7848791893998452,0.4393305439330544,0.05350260711856722,0.10586011342154933,1.0,0.0,0.0,0.0,0.0,1.0,0.0,0.0,0.0,0.0,0.0,0.0,1.0,0.0,0.0,0.0,0.0,0.0,0.0,0.0,0.0,0.0,0.0,1.0,0.0
9434,0.7530864197530864,1.0,0.0,0.0,0.44444444444444436,0.0,0.6306764053478436,0.0,0.013013013013013013,0.2857142857142857,0.3541666666666667,0.7848791893998452,0.4393305439330544,0.05350260711856722,0.10586011342154933,1.0,0.0,0.0,0.0,0.0,1.0,0.0,0.0,0.0,0.0,0.0,0.0,1.0,0.0,0.0,0.0,0.0,0.0,0.0,0.0,0.0,0.0,0.0,0.0,1.0
9435,0.14814814814814814,1.0,0.0,0.0,0.44444444444444436,0.0,0.6068862413262684,0.05263157894736842,1.0,0.0,0.3541666666666667,0.7848791893998452,0.4393305439330544,0.05350260711856722,0.10586011342154933,1.0,0.0,0.0,0.0,0.0,0.0,0.0,0.0,0.0,0.0,0.0,0.0,1.0,0.0,0.0,0.0,0.0,0.0,0.0,0.0,1.0,0.0,0.0,1.0,0.0
9436,0.16049382716049382,1.0,1.0,0.0,0.44444444444444436,0.0,0.6261730746079361,0.07894736842105263,1.0,0.0,0.3541666666666667,0.7848791893998452,0.4393305439330544,0.05350260711856722,0.10586011342154933,1.0,0.0,0.0,0.0,0.0,0.0,0.0,0.0,0.0,1.0,0.0,0.0,1.0,0.0,0.0,0.0,0.0,0.0,0.0,0.0,1.0,0.0,0.0,1.0,0.0
9437,0.14814814814814814,0.0,1.0,0.0,0.44444444444444436,0.25,0.6102189047082401,0.02631578947368421,0.015015015015015015,0.2857142857142857,0.3541666666666667,0.7848791893998452,0.4393305439330544,0.05486284289276808,0.10586011342154933,1.0,0.0,0.0,0.0,0.0,0.0,0.0,0.0,0.0,1.0,0.0,0.0,0.0,1.0,0.0,0.0,0.0,0.0,0.0,1.0,0.0,0.0,0.0,0.0,0.0
9438,0.07407407407407407,0.0,0.0,0.0,0.44444444444444436,0.25,0.6013494476505862,0.02631578947368421,0.016016016016016016,0.14285714285714285,0.3541666666666667,0.7848791893998452,0.4393305439330544,0.05486284289276808,0.10586011342154933,1.0,0.0,0.0,0.0,0.0,0.0,0.0,0.0,1.0,0.0,0.0,0.0,0.0,1.0,0.0,0.0,0.0,0.0,0.0,0.0,0.0,1.0,0.0,0.0,1.0
9439,0.5555555555555556,0.0,0.0,0.0,0.44444444444444436,0.25,0.6910983547398326,0.02631578947368421,1.0,0.0,0.3541666666666667,0.7848791893998452,0.4393305439330544,0.05486284289276808,0.10586011342154933,1.0,0.0,0.0,0.0,0.0,1.0,0.0,0.0,0.0,0.0,0.0,0.0,1.0,0.0,0.0,0.0,0.0,1.0,0.0,0.0,0.0,0.0,0.0,1.0,0.0
9440,0.6049382716049383,0.0,0.0,1.0,0.44444444444444436,0.25,0.8136488053668359,0.02631578947368421,1.0,0.0,0.3541666666666667,0.7848791893998452,0.4393305439330544,0.05486284289276808,0.10586011342154933,1.0,0.0,0.0,1.0,0.0,0.0,0.0,0.0,0.0,0.0,0.0,0.0,1.0,0.0,0.0,0.0,0.0,0.0,0.0,0.0,0.0,0.0,0.0,1.0,0.0
9441,0.07407407407407407,1.0,0.0,0.0,0.44444444444444436,0.5,0.5474693214896542,0.0,1.0,0.2857142857142857,0.3541666666666667,0.7848791893998452,0.4393305439330544,0.05599637270460214,0.10586011342154933,0.0,0.0,0.0,0.0,0.0,0.0,0.0,0.0,0.0,0.0,0.0,0.0,0.0,1.0,0.0,0.0,0.0,0.0,0.0,0.0,1.0,0.0,0.0,0.0,0.0
9442,0.8024691358024691,0.0,0.0,0.0,0.44444444444444436,0.5,0.6774492710414791,0.0,1.0,0.0,0.3541666666666667,0.7848791893998452,0.4393305439330544,0.05599637270460214,0.10586011342154933,1.0,0.0,0.0,1.0,0.0,0.0,0.0,0.0,0.0,0.0,0.0,0.0,0.0,0.0,0.0,0.0,0.0,0.0,0.0,0.0,0.0,0.0,0.0,1.0,0.0
9443,0.6790123456790123,1.0,0.0,0.0,0.44444444444444436,0.5,0.5846247304098844,0.0,1.0,0.0,0.3541666666666667,0.7848791893998452,0.4393305439330544,0.05599637270460214,0.10586011342154933,1.0,0.0,0.0,0.0,0.0,1.0,0.0,0.0,0.0,0.0,0.0,0.0,1.0,0.0,0.0,1.0,0.0,0.0,0.0,0.0,0.0,0.0,0.0,1.0,0.0
9444,0.24691358024691357,1.0,1.0,0.0,0.44444444444444436,0.5,0.6767047422935657,0.0,0.005005005005005005,0.2857142857142857,0.3541666666666667,0.7848791893998452,0.4393305439330544,0.05599637270460214,0.10586011342154933,1.0,0.0,0.0,0.0,0.0,0.0,0.0,0.0,0.0,0.0,1.0,0.0,0.0,1.0,0.0,0.0,0.0,0.0,0.0,0.0,1.0,0.0,0.0,0.0,1.0
9445,0.08641975308641975,1.0,0.0,0.0,0.44444444444444436,0.75,0.6910983547398326,0.02631578947368421,0.003003003003003003,0.14285714285714285,0.3541666666666667,0.7848791893998452,0.4393305439330544,0.05667649059170257,0.10586011342154933,1.0,0.0,0.0,0.0,0.0,0.0,0.0,0.0,0.0,1.0,0.0,0.0,0.0,1.0,0.0,0.0,0.0,0.0,0.0,1.0,0.0,0.0,0.0,0.0,1.0
9446,0.6666666666666665,1.0,0.0,0.0,0.44444444444444436,0.75,0.5591892927228724,0.05263157894736842,1.0,0.0,0.3541666666666667,0.7848791893998452,0.4393305439330544,0.05667649059170257,0.10586011342154933,0.0,0.0,0.0,0.0,0.0,1.0,0.0,0.0,0.0,0.0,0.0,0.0,1.0,0.0,0.0,0.0,0.0,0.0,0.0,1.0,0.0,0.0,0.0,1.0,0.0
9447,0.43209876543209874,1.0,1.0,0.0,0.44444444444444436,0.75,0.805690935992631,0.0,1.0,0.0,0.3541666666666667,0.7848791893998452,0.4393305439330544,0.05667649059170257,0.10586011342154933,1.0,0.0,0.0,0.0,0.0,0.0,0.0,0.0,0.0,0.0,0.0,0.0,1.0,0.0,0.0,0.0,0.0,0.0,0.0,0.0,1.0,0.0,0.0,1.0,0.0
9448,0.08641975308641975,1.0,0.0,0.0,0.44444444444444436,0.75,0.6910983547398326,0.0,0.011011011011011011,0.2857142857142857,0.3541666666666667,0.7848791893998452,0.4393305439330544,0.05667649059170257,0.10586011342154933,1.0,0.0,0.0,0.0,0.0,0.0,0.0,1.0,0.0,0.0,0.0,0.0,0.0,1.0,0.0,0.0,0.0,1.0,0.0,0.0,0.0,0.0,0.0,0.0,1.0
9449,0.3209876543209876,1.0,0.0,0.0,0.44444444444444436,0.75,0.8334525973323966,0.0,1.0,0.0,0.3541666666666667,0.7848791893998452,0.4393305439330544,0.05667649059170257,0.10586011342154933,1.0,0.0,0.0,0.0,0.0,0.0,0.0,0.0,0.0,1.0,0.0,0.0,1.0,0.0,0.0,0.0,0.0,0.0,0.0,1.0,0.0,0.0,0.0,1.0,0.0
9450,0.5802469135802468,0.0,0.0,0.0,0.44444444444444436,0.75,0.6953174467991899,0.0,1.0,0.0,0.3541666666666667,0.7848791893998452,0.4393305439330544,0.05667649059170257,0.10586011342154933,1.0,0.0,0.0,0.0,0.0,0.0,0.0,0.0,0.0,0.0,0.0,0.0,1.0,0.0,0.0,0.0,0.0,1.0,0.0,0.0,0.0,0.0,0.0,1.0,0.0
9451,0.34567901234567905,1.0,0.0,0.0,0.44444444444444436,0.75,0.580467578755373,0.02631578947368421,0.006006006006006006,0.2857142857142857,0.3541666666666667,0.7848791893998452,0.4393305439330544,0.05667649059170257,0.10586011342154933,1.0,0.0,0.0,0.0,1.0,0.0,0.0,0.0,0.0,0.0,0.0,0.0,1.0,0.0,0.0,0.0,0.0,0.0,0.0,0.0,1.0,0.0,0.0,0.0,1.0
9452,0.2839506172839506,1.0,0.0,0.0,0.44444444444444436,0.75,0.6792902342709533,0.07894736842105263,1.0,0.0,0.3541666666666667,0.7848791893998452,0.4393305439330544,0.05667649059170257,0.10586011342154933,1.0,0.0,0.0,0.0,1.0,0.0,0.0,0.0,0.0,0.0,0.0,0.0,1.0,0.0,0.0,0.0,0.0,0.0,0.0,0.0,1.0,0.0,0.0,1.0,0.0
9453,0.16049382716049382,1.0,0.0,0.0,0.44444444444444436,0.75,0.6490463962539821,0.0,1.0,0.0,0.3541666666666667,0.7848791893998452,0.4393305439330544,0.05667649059170257,0.10586011342154933,1.0,0.0,0.0,0.0,0.0,0.0,0.0,0.0,0.0,0.0,0.0,0.0,0.0,1.0,0.0,0.0,0.0,0.0,0.0,0.0,1.0,0.0,0.0,1.0,0.0
9454,0.5308641975308641,0.0,0.0,0.0,0.44444444444444436,0.75,0.6075603701023119,0.02631578947368421,0.025025025025025023,0.2857142857142857,0.3541666666666667,0.7848791893998452,0.4393305439330544,0.05667649059170257,0.10586011342154933,1.0,0.0,0.0,0.0,0.0,0.0,0.0,0.0,0.0,0.0,0.0,0.0,1.0,0.0,0.0,0.0,1.0,0.0,0.0,0.0,0.0,0.0,0.0,0.0,0.0
9455,0.08641975308641975,1.0,0.0,0.0,0.44444444444444436,0.75,0.7949894572644526,0.02631578947368421,0.009009009009009009,0.2857142857142857,0.3541666666666667,0.7848791893998452,0.4393305439330544,0.05667649059170257,0.10586011342154933,1.0,0.0,0.0,0.0,0.0,0.0,0.0,1.0,0.0,0.0,0.0,0.0,0.0,1.0,0.0,0.0,0.0,1.0,0.0,0.0,0.0,0.0,0.0,0.0,0.0
9456,0.1728395061728395,0.0,0.0,0.0,0.44444444444444436,1.0,0.7542552003949271,0.05263157894736842,0.006006006006006006,0.2857142857142857,0.3541666666666667,0.7848791893998452,0.4393305439330544,0.05690319655406939,0.10586011342154933,1.0,0.0,0.0,0.0,0.0,0.0,0.0,0.0,1.0,0.0,0.0,0.0,0.0,1.0,0.0,0.0,0.0,0.0,0.0,0.0,1.0,0.0,0.0,0.0,1.0
9457,0.5185185185185184,1.0,0.0,0.0,0.44444444444444436,1.0,0.6897691298684182,0.05263157894736842,1.0,0.0,0.3541666666666667,0.7848791893998452,0.4393305439330544,0.05690319655406939,0.10586011342154933,1.0,0.0,0.0,0.0,1.0,0.0,0.0,0.0,0.0,0.0,0.0,0.0,1.0,0.0,0.0,0.0,0.0,0.0,0.0,0.0,0.0,0.0,0.0,1.0,0.0
9458,0.30864197530864196,0.0,0.0,0.0,0.44444444444444436,1.0,0.6946781237609596,0.13157894736842105,1.0,0.0,0.3541666666666667,0.7848791893998452,0.4393305439330544,0.05690319655406939,0.10586011342154933,1.0,0.0,0.0,0.0,0.0,0.0,0.0,0.0,0.0,0.0,0.0,1.0,0.0,1.0,0.0,0.0,0.0,0.0,0.0,0.0,1.0,0.0,0.0,1.0,0.0
9459,0.1728395061728395,1.0,1.0,0.0,0.44444444444444436,1.0,0.6894344634990646,0.02631578947368421,1.0,0.0,0.3541666666666667,0.7848791893998452,0.4393305439330544,0.05690319655406939,0.10586011342154933,1.0,0.0,0.0,0.0,0.0,0.0,0.0,0.0,1.0,0.0,0.0,0.0,0.0,1.0,0.0,0.0,0.0,0.0,0.0,0.0,1.0,0.0,0.0,1.0,0.0
9460,0.08641975308641975,0.0,0.0,0.0,0.44444444444444436,1.0,0.6190773470668909,0.07894736842105263,0.026026026026026026,0.14285714285714285,0.3541666666666667,0.7848791893998452,0.4393305439330544,0.05690319655406939,0.10586011342154933,1.0,0.0,0.0,0.0,0.0,0.0,0.0,0.0,0.0,1.0,0.0,0.0,1.0,0.0,0.0,0.0,0.0,0.0,0.0,1.0,0.0,0.0,0.0,0.0,1.0
9461,0.30864197530864196,1.0,0.0,0.0,0.44444444444444436,1.0,0.7343048669527241,0.0,1.0,0.2857142857142857,0.3541666666666667,0.7848791893998452,0.4393305439330544,0.05690319655406939,0.10586011342154933,1.0,0.0,0.0,0.0,0.0,0.0,0.0,0.0,0.0,0.0,0.0,1.0,0.0,1.0,0.0,0.0,0.0,0.0,0.0,0.0,1.0,0.0,0.0,0.0,0.0
9462,0.1111111111111111,1.0,0.0,0.0,0.44444444444444436,1.0,0.6504552172780276,0.0,1.0,0.14285714285714285,0.3541666666666667,0.7848791893998452,0.4393305439330544,0.05690319655406939,0.10586011342154933,1.0,0.0,0.0,0.0,0.0,0.0,0.0,0.0,0.0,0.0,0.0,0.0,0.0,1.0,0.0,0.0,0.0,1.0,0.0,0.0,0.0,0.0,0.0,0.0,0.0
9463,0.1111111111111111,0.0,0.0,0.0,0.44444444444444436,1.0,0.6214904603916316,0.0,0.009009009009009009,0.42857142857142855,0.3541666666666667,0.7848791893998452,0.4393305439330544,0.05690319655406939,0.10586011342154933,1.0,0.0,0.0,0.0,0.0,0.0,0.0,0.0,0.0,0.0,0.0,0.0,0.0,1.0,0.0,0.0,0.0,0.0,0.0,0.0,1.0,0.0,0.0,0.0,0.0
9464,0.5679012345679011,1.0,0.0,0.0,0.44444444444444436,1.0,0.703921238889424,0.02631578947368421,1.0,0.0,0.3541666666666667,0.7848791893998452,0.4393305439330544,0.05690319655406939,0.10586011342154933,1.0,0.0,0.0,0.0,0.0,0.0,0.0,0.0,0.0,0.0,0.0,0.0,1.0,0.0,0.0,0.0,0.0,0.0,0.0,0.0,1.0,0.0,0.0,1.0,0.0
9465,0.2222222222222222,1.0,0.0,0.0,0.44444444444444436,0.0,0.661156696006206,0.0,0.006006006006006006,0.2857142857142857,0.3541666666666667,0.7848791893998452,0.4393305439330544,0.05781002040353661,0.10586011342154933,1.0,1.0,0.0,0.0,0.0,0.0,0.0,0.0,0.0,0.0,0.0,0.0,1.0,0.0,0.0,0.0,1.0,0.0,0.0,0.0,0.0,0.0,0.0,0.0,1.0
9466,0.419753086419753,0.0,0.0,0.0,0.44444444444444436,0.0,0.6649314096852046,0.0,0.006006006006006006,0.42857142857142855,0.3541666666666667,0.7848791893998452,0.4393305439330544,0.05781002040353661,0.10586011342154933,1.0,0.0,0.0,0.0,0.0,0.0,0.0,0.0,0.0,1.0,0.0,0.0,1.0,0.0,0.0,0.0,0.0,1.0,0.0,0.0,0.0,0.0,0.0,0.0,1.0
9467,0.5925925925925926,1.0,0.0,0.0,0.44444444444444436,0.0,0.6134597474028101,0.0,1.0,0.2857142857142857,0.3541666666666667,0.7848791893998452,0.4393305439330544,0.05781002040353661,0.10586011342154933,1.0,0.0,0.0,0.0,1.0,0.0,0.0,0.0,0.0,0.0,0.0,0.0,1.0,0.0,0.0,0.0,0.0,0.0,0.0,0.0,1.0,0.0,0.0,0.0,0.0
9468,0.6296296296296295,1.0,0.0,0.0,0.44444444444444436,0.0,0.7416247772956214,0.02631578947368421,1.0,0.14285714285714285,0.3541666666666667,0.7848791893998452,0.4393305439330544,0.05781002040353661,0.10586011342154933,1.0,0.0,0.0,0.0,0.0,1.0,0.0,0.0,0.0,0.0,0.0,0.0,1.0,0.0,0.0,0.0,0.0,0.0,0.0,0.0,1.0,0.0,0.0,0.0,0.0
9469,0.6296296296296295,0.0,0.0,0.0,0.44444444444444436,0.0,0.7091374448666395,0.02631578947368421,0.012012012012012012,0.14285714285714285,0.3541666666666667,0.7848791893998452,0.4393305439330544,0.05781002040353661,0.10586011342154933,1.0,0.0,0.0,0.0,0.0,1.0,0.0,0.0,0.0,0.0,0.0,0.0,1.0,0.0,0.0,0.0,0.0,0.0,0.0,0.0,1.0,0.0,0.0,0.0,1.0
9470,0.08641975308641975,1.0,0.0,0.0,0.44444444444444436,0.0,0.7540618804673014,0.05263157894736842,0.013013013013013013,0.14285714285714285,0.3541666666666667,0.7848791893998452,0.4393305439330544,0.05781002040353661,0.10586011342154933,1.0,0.0,0.0,0.0,0.0,0.0,0.0,0.0,0.0,1.0,0.0,0.0,0.0,1.0,0.0,0.0,0.0,0.0,0.0,1.0,0.0,0.0,0.0,0.0,1.0
9471,0.8271604938271604,1.0,1.0,0.0,0.44444444444444436,0.25,0.7649566791231055,0.0,0.003003003003003003,0.2857142857142857,0.3541666666666667,0.7848791893998452,0.4393305439330544,0.05871684425300386,0.10586011342154933,1.0,0.0,0.0,0.0,0.0,1.0,0.0,0.0,0.0,0.0,0.0,0.0,0.0,0.0,0.0,0.0,0.0,0.0,0.0,0.0,0.0,0.0,0.0,0.0,1.0
9472,0.18518518518518517,0.0,0.0,0.0,0.44444444444444436,0.25,0.7374660784718142,0.0,1.0,0.0,0.3541666666666667,0.7848791893998452,0.4393305439330544,0.05871684425300386,0.10586011342154933,1.0,0.0,0.0,0.0,0.0,0.0,0.0,0.0,0.0,0.0,0.0,0.0,0.0,1.0,0.0,0.0,0.0,0.0,0.0,0.0,1.0,0.0,0.0,1.0,0.0
9473,0.18518518518518517,1.0,0.0,0.0,0.44444444444444436,0.25,0.6273151724090865,0.0,1.0,0.14285714285714285,0.3541666666666667,0.7848791893998452,0.4393305439330544,0.05871684425300386,0.10586011342154933,0.0,0.0,0.0,0.0,0.0,0.0,0.0,0.0,0.0,0.0,0.0,0.0,0.0,1.0,0.0,0.0,0.0,0.0,0.0,0.0,1.0,0.0,0.0,0.0,0.0
9474,0.07407407407407407,0.0,0.0,0.0,0.44444444444444436,0.25,0.6576965892230189,0.0,1.0,0.2857142857142857,0.3541666666666667,0.7848791893998452,0.4393305439330544,0.05871684425300386,0.10586011342154933,1.0,0.0,0.0,0.0,0.0,0.0,0.0,0.0,1.0,0.0,0.0,0.0,0.0,1.0,0.0,0.0,0.0,0.0,0.0,0.0,0.0,1.0,0.0,0.0,0.0
9475,0.43209876543209874,0.0,0.0,0.0,0.44444444444444436,0.25,0.7538682423174289,0.0,1.0,0.0,0.3541666666666667,0.7848791893998452,0.4393305439330544,0.05871684425300386,0.10586011342154933,1.0,0.0,0.0,0.0,0.0,0.0,0.0,0.0,0.0,0.0,0.0,0.0,1.0,0.0,0.0,0.0,0.0,0.0,0.0,1.0,0.0,0.0,0.0,1.0,0.0
9476,0.43209876543209874,1.0,1.0,0.0,0.44444444444444436,0.25,0.6661632026103997,0.02631578947368421,0.006006006006006006,0.14285714285714285,0.3541666666666667,0.7848791893998452,0.4393305439330544,0.05871684425300386,0.10586011342154933,1.0,0.0,0.0,0.0,0.0,0.0,0.0,0.0,0.0,0.0,0.0,0.0,1.0,0.0,0.0,0.0,0.0,0.0,0.0,1.0,0.0,0.0,0.0,0.0,1.0
9477,0.7407407407407407,0.5,0.5,0.0,0.44444444444444436,0.25,0.6339442585242172,0.02631578947368421,0.003003003003003003,0.14285714285714285,0.3541666666666667,0.7848791893998452,0.4393305439330544,0.05871684425300386,0.10586011342154933,1.0,0.0,0.0,0.0,0.0,1.0,0.0,0.0,0.0,0.0,0.0,0.0,1.0,0.0,0.0,0.0,0.0,0.0,0.0,0.0,0.0,0.0,0.0,0.0,1.0
9478,0.1111111111111111,0.0,0.0,0.0,0.44444444444444436,0.25,0.6427386711469765,0.0,1.0,0.14285714285714285,0.3541666666666667,0.7848791893998452,0.4393305439330544,0.05871684425300386,0.10586011342154933,0.0,0.0,0.0,0.0,0.0,0.0,0.0,0.0,1.0,0.0,0.0,0.0,0.0,1.0,0.0,0.0,0.0,1.0,0.0,0.0,0.0,0.0,0.0,0.0,0.0
9479,0.38271604938271603,1.0,0.0,0.0,0.44444444444444436,0.5,0.7303484158131063,0.02631578947368421,0.006006006006006006,0.2857142857142857,0.3541666666666667,0.7848791893998452,0.4393305439330544,0.05939696214010429,0.10586011342154933,1.0,0.0,0.0,1.0,0.0,0.0,0.0,0.0,0.0,0.0,0.0,0.0,1.0,0.0,0.0,0.0,0.0,0.0,0.0,1.0,0.0,0.0,0.0,0.0,1.0
9480,0.6296296296296295,1.0,1.0,0.0,0.44444444444444436,0.5,0.6860343669962174,0.0,0.003003003003003003,0.14285714285714285,0.3541666666666667,0.7848791893998452,0.4393305439330544,0.05939696214010429,0.10586011342154933,1.0,0.0,0.0,0.0,0.0,1.0,0.0,0.0,0.0,0.0,0.0,0.0,0.0,0.0,0.0,0.0,0.0,1.0,0.0,0.0,0.0,0.0,0.0,0.0,1.0
9481,0.08641975308641975,0.0,0.0,0.0,0.44444444444444436,0.5,0.7133142794709978,0.02631578947368421,0.006006006006006006,0.42857142857142855,0.3541666666666667,0.7848791893998452,0.4393305439330544,0.05939696214010429,0.10586011342154933,1.0,0.0,0.0,0.0,0.0,0.0,0.0,0.0,1.0,0.0,0.0,0.0,0.0,1.0,0.0,0.0,0.0,0.0,0.0,1.0,0.0,0.0,0.0,0.0,1.0
9482,0.09876543209876543,0.5,0.5,0.0,0.44444444444444436,0.5,0.7927828715912298,0.10526315789473684,1.0,0.2857142857142857,0.3541666666666667,0.7848791893998452,0.4393305439330544,0.05939696214010429,0.10586011342154933,1.0,0.0,0.0,0.0,0.0,0.0,1.0,0.0,0.0,0.0,0.0,0.0,0.0,1.0,0.0,0.0,0.0,0.0,0.0,0.0,0.0,1.0,0.0,0.0,0.0
9483,0.4938271604938272,0.0,1.0,0.0,0.44444444444444436,0.5,0.7242771433474918,0.02631578947368421,1.0,0.0,0.3541666666666667,0.7848791893998452,0.4393305439330544,0.05939696214010429,0.10586011342154933,1.0,1.0,0.0,0.0,0.0,0.0,0.0,0.0,0.0,0.0,0.0,0.0,1.0,0.0,0.0,0.0,0.0,0.0,0.0,0.0,0.0,0.0,0.0,1.0,0.0
9484,0.08641975308641975,1.0,0.0,0.0,0.44444444444444436,0.5,0.7889627535439022,0.02631578947368421,1.0,0.0,0.3541666666666667,0.7848791893998452,0.4393305439330544,0.05939696214010429,0.10586011342154933,1.0,0.0,0.0,0.0,0.0,0.0,0.0,0.0,1.0,0.0,0.0,0.0,0.0,1.0,0.0,0.0,0.0,0.0,0.0,1.0,0.0,0.0,0.0,1.0,0.0
9485,0.419753086419753,0.0,0.0,0.0,0.44444444444444436,0.5,0.5591892927228724,0.05263157894736842,1.0,0.0,0.3541666666666667,0.7848791893998452,0.4393305439330544,0.05939696214010429,0.10586011342154933,1.0,0.0,0.0,0.0,0.0,1.0,0.0,0.0,0.0,0.0,0.0,0.0,0.0,0.0,0.0,0.0,0.0,1.0,0.0,0.0,0.0,0.0,0.0,1.0,0.0
9486,0.4074074074074074,0.0,1.0,0.0,0.44444444444444436,0.5,0.7220124395076876,0.0,0.004004004004004004,0.14285714285714285,0.3541666666666667,0.7848791893998452,0.4393305439330544,0.05939696214010429,0.10586011342154933,1.0,0.0,0.0,1.0,0.0,0.0,0.0,0.0,0.0,0.0,0.0,0.0,1.0,0.0,0.0,0.0,0.0,0.0,0.0,0.0,0.0,0.0,0.0,0.0,1.0
9487,0.38271604938271603,0.0,0.0,0.0,0.44444444444444436,0.5,0.7015265475542785,0.05263157894736842,0.006006006006006006,0.14285714285714285,0.3541666666666667,0.7848791893998452,0.4393305439330544,0.05939696214010429,0.10586011342154933,1.0,0.0,0.0,1.0,0.0,0.0,0.0,0.0,0.0,0.0,0.0,0.0,1.0,0.0,0.0,0.0,0.0,0.0,0.0,1.0,0.0,0.0,0.0,0.0,1.0
9488,0.1111111111111111,0.0,0.0,0.0,0.44444444444444436,0.75,0.7503271175951005,0.05263157894736842,1.0,0.2857142857142857,0.3541666666666667,0.7848791893998452,0.4393305439330544,0.060077080027204716,0.10586011342154933,1.0,0.0,0.0,0.0,0.0,0.0,0.0,0.0,0.0,1.0,0.0,0.0,0.0,1.0,0.0,0.0,0.0,0.0,0.0,1.0,0.0,0.0,0.0,0.0,0.0
9489,0.5308641975308641,1.0,1.0,0.0,0.44444444444444436,0.75,0.5369277818064884,0.07894736842105263,0.006006006006006006,0.2857142857142857,0.3541666666666667,0.7848791893998452,0.4393305439330544,0.060077080027204716,0.10586011342154933,0.0,0.0,0.0,0.0,0.0,1.0,0.0,0.0,0.0,0.0,0.0,0.0,1.0,0.0,0.0,0.0,0.0,0.0,0.0,1.0,0.0,0.0,0.0,0.0,1.0
9490,0.728395061728395,0.0,0.0,1.0,0.44444444444444436,0.75,0.6717469358140523,0.05263157894736842,1.0,0.0,0.3541666666666667,0.7848791893998452,0.4393305439330544,0.060077080027204716,0.10586011342154933,1.0,0.0,0.0,0.0,0.0,0.0,0.0,0.0,0.0,0.0,0.0,1.0,1.0,0.0,0.0,0.0,0.0,0.0,0.0,0.0,0.0,1.0,0.0,1.0,0.0
9491,0.7777777777777777,0.0,1.0,0.0,0.44444444444444436,0.75,0.6041504168690148,0.02631578947368421,0.006006006006006006,0.2857142857142857,0.3541666666666667,0.7848791893998452,0.4393305439330544,0.060077080027204716,0.10586011342154933,1.0,0.0,0.0,0.0,0.0,1.0,0.0,0.0,0.0,0.0,0.0,0.0,0.0,0.0,0.0,0.0,0.0,0.0,0.0,0.0,0.0,0.0,0.0,0.0,1.0
9492,0.20987654320987653,1.0,0.0,1.0,0.44444444444444436,0.75,0.6832417100410403,0.05263157894736842,1.0,0.14285714285714285,0.3541666666666667,0.7848791893998452,0.4393305439330544,0.060077080027204716,0.10586011342154933,1.0,0.0,0.0,0.0,0.0,0.0,0.0,0.0,0.0,0.0,0.0,0.0,0.0,0.0,0.0,0.0,0.0,0.0,0.0,0.0,1.0,0.0,0.0,0.0,0.0
9493,0.4074074074074074,0.0,0.0,0.0,0.44444444444444436,0.75,0.6890988423028271,0.05263157894736842,0.006006006006006006,0.2857142857142857,0.3541666666666667,0.7848791893998452,0.4393305439330544,0.060077080027204716,0.10586011342154933,1.0,0.0,0.0,1.0,0.0,0.0,0.0,0.0,0.0,0.0,0.0,0.0,1.0,0.0,0.0,1.0,0.0,0.0,0.0,0.0,0.0,0.0,0.0,0.0,1.0
9494,0.4074074074074074,1.0,0.0,0.0,0.44444444444444436,0.75,0.7009201794617362,0.0,0.006006006006006006,0.42857142857142855,0.3541666666666667,0.7848791893998452,0.4393305439330544,0.060077080027204716,0.10586011342154933,1.0,0.0,1.0,0.0,0.0,0.0,0.0,0.0,0.0,0.0,0.0,0.0,0.0,0.0,0.0,0.0,0.0,0.0,0.0,0.0,1.0,0.0,0.0,0.0,1.0
9495,0.1728395061728395,0.0,0.0,0.0,0.44444444444444436,0.75,0.6238550656258994,0.07894736842105263,1.0,0.14285714285714285,0.3541666666666667,0.7848791893998452,0.4393305439330544,0.060077080027204716,0.10586011342154933,1.0,0.0,0.0,0.0,0.0,0.0,0.0,0.0,0.0,1.0,0.0,0.0,0.0,1.0,0.0,0.0,0.0,0.0,0.0,0.0,1.0,0.0,0.0,0.0,0.0
9496,0.419753086419753,0.0,0.0,0.0,0.44444444444444436,0.75,0.703921238889424,0.07894736842105263,1.0,0.14285714285714285,0.3541666666666667,0.7848791893998452,0.4393305439330544,0.060077080027204716,0.10586011342154933,1.0,0.0,0.0,0.0,0.0,0.0,0.0,0.0,0.0,0.0,0.0,0.0,1.0,0.0,0.0,0.0,0.0,0.0,0.0,0.0,1.0,0.0,0.0,0.0,0.0
9497,0.1728395061728395,1.0,0.0,1.0,0.44444444444444436,0.75,0.7124906927966042,0.0,0.006006006006006006,0.2857142857142857,0.3541666666666667,0.7848791893998452,0.4393305439330544,0.060077080027204716,0.10586011342154933,1.0,0.0,0.0,0.0,0.0,0.0,0.0,0.0,0.0,1.0,0.0,0.0,0.0,1.0,0.0,0.0,0.0,0.0,0.0,0.0,1.0,0.0,0.0,0.0,1.0
9498,0.38271604938271603,0.0,0.0,1.0,0.44444444444444436,0.75,0.6581347094668296,0.0,1.0,0.0,0.3541666666666667,0.7848791893998452,0.4393305439330544,0.060077080027204716,0.10586011342154933,1.0,1.0,0.0,0.0,0.0,0.0,0.0,0.0,0.0,0.0,0.0,0.0,1.0,0.0,0.0,0.0,0.0,0.0,0.0,1.0,0.0,0.0,0.0,1.0,0.0
9499,0.6666666666666665,1.0,0.0,0.0,0.44444444444444436,0.75,0.7356700871054456,0.02631578947368421,0.009009009009009009,0.42857142857142855,0.3541666666666667,0.7848791893998452,0.4393305439330544,0.060077080027204716,0.10586011342154933,1.0,0.0,0.0,0.0,0.0,1.0,0.0,0.0,0.0,0.0,0.0,0.0,1.0,0.0,0.0,0.0,0.0,0.0,0.0,0.0,0.0,0.0,0.0,0.0,0.0
9500,0.1728395061728395,0.0,0.0,1.0,0.44444444444444436,0.75,0.6590060849288549,0.0,0.005005005005005005,0.14285714285714285,0.3541666666666667,0.7848791893998452,0.4393305439330544,0.060077080027204716,0.10586011342154933,1.0,0.0,0.0,0.0,0.0,0.0,0.0,0.0,0.0,1.0,0.0,0.0,0.0,1.0,0.0,0.0,0.0,0.0,0.0,0.0,1.0,0.0,0.0,0.0,1.0
9501,0.20987654320987653,1.0,0.0,0.0,0.44444444444444436,0.75,0.709984760531081,0.0,0.006006006006006006,0.42857142857142855,0.3541666666666667,0.7848791893998452,0.4393305439330544,0.060077080027204716,0.10586011342154933,1.0,0.0,0.0,0.0,0.0,0.0,0.0,0.0,0.0,0.0,0.0,0.0,1.0,0.0,0.0,0.0,0.0,0.0,0.0,0.0,1.0,0.0,0.0,0.0,1.0
9502,0.12345679012345678,0.0,0.0,0.0,0.44444444444444436,1.0,0.7708052447952238,0.10526315789473684,0.006006006006006006,0.2857142857142857,0.3541666666666667,0.7848791893998452,0.4393305439330544,0.05939696214010429,0.10586011342154933,1.0,0.0,0.0,0.0,0.0,0.0,0.0,1.0,0.0,0.0,0.0,0.0,0.0,1.0,0.0,0.0,0.0,1.0,0.0,0.0,0.0,0.0,0.0,0.0,1.0
9503,0.29629629629629634,1.0,0.0,0.0,0.44444444444444436,1.0,0.6585712040288184,0.15789473684210525,0.006006006006006006,0.42857142857142855,0.3541666666666667,0.7848791893998452,0.4393305439330544,0.05939696214010429,0.10586011342154933,0.0,0.0,0.0,0.0,0.0,0.0,0.0,0.0,0.0,0.0,0.0,0.0,1.0,0.0,0.0,0.0,0.0,0.0,0.0,0.0,1.0,0.0,0.0,0.0,1.0
9504,0.24691358024691357,1.0,0.0,0.0,0.44444444444444436,1.0,0.6681879539642915,0.0,0.006006006006006006,0.14285714285714285,0.3541666666666667,0.7848791893998452,0.4393305439330544,0.05939696214010429,0.10586011342154933,1.0,0.0,0.0,0.0,1.0,0.0,0.0,0.0,0.0,0.0,0.0,0.0,1.0,0.0,0.0,0.0,0.0,0.0,0.0,0.0,1.0,0.0,0.0,0.0,1.0
9505,0.2222222222222222,1.0,0.0,1.0,0.44444444444444436,1.0,0.6729097309439991,0.0,1.0,0.2857142857142857,0.3541666666666667,0.7848791893998452,0.4393305439330544,0.05939696214010429,0.10586011342154933,1.0,0.0,0.0,0.0,0.0,0.0,0.0,0.0,0.0,0.0,0.0,0.0,1.0,0.0,0.0,0.0,0.0,0.0,0.0,0.0,1.0,0.0,0.0,0.0,0.0
9506,0.6666666666666665,1.0,1.0,0.0,0.44444444444444436,1.0,0.6402196209389266,0.13157894736842105,1.0,0.0,0.3541666666666667,0.7848791893998452,0.4393305439330544,0.05939696214010429,0.10586011342154933,1.0,0.0,0.0,0.0,0.0,1.0,0.0,0.0,0.0,0.0,0.0,0.0,1.0,0.0,0.0,0.0,1.0,0.0,0.0,0.0,0.0,0.0,0.0,1.0,0.0
9507,0.2839506172839506,0.0,0.0,1.0,0.44444444444444436,1.0,0.6949982196033254,0.02631578947368421,0.003003003003003003,0.2857142857142857,0.3541666666666667,0.7848791893998452,0.4393305439330544,0.05939696214010429,0.10586011342154933,1.0,0.0,0.0,0.0,1.0,0.0,0.0,0.0,0.0,0.0,0.0,0.0,1.0,0.0,0.0,0.0,0.0,0.0,0.0,0.0,1.0,0.0,0.0,0.0,1.0
9508,0.24691358024691357,1.0,0.0,0.0,0.44444444444444436,1.0,0.8132985267472732,0.10526315789473684,0.004004004004004004,0.2857142857142857,0.3541666666666667,0.7848791893998452,0.4393305439330544,0.05939696214010429,0.10586011342154933,1.0,0.0,0.0,0.0,0.0,0.0,0.0,0.0,0.0,0.0,0.0,0.0,1.0,0.0,0.0,0.0,0.0,0.0,0.0,0.0,1.0,0.0,0.0,0.0,1.0
9509,0.2839506172839506,1.0,0.0,0.0,0.44444444444444436,1.0,0.8073015529835439,0.0,0.009009009009009009,0.14285714285714285,0.3541666666666667,0.7848791893998452,0.4393305439330544,0.05939696214010429,0.10586011342154933,1.0,0.0,0.0,0.0,1.0,0.0,0.0,0.0,0.0,0.0,0.0,0.0,1.0,0.0,0.0,0.0,0.0,0.0,0.0,0.0,1.0,0.0,0.0,0.0,1.0
9510,0.09876543209876543,0.0,0.0,0.0,0.5555555555555556,0.0,0.5970188304191458,0.02631578947368421,0.01001001001001001,0.5714285714285714,0.3541666666666667,0.7116134060795005,0.5230125523012552,0.059850374064837925,0.10586011342154933,0.0,0.0,0.0,0.0,0.0,0.0,0.0,0.0,1.0,0.0,0.0,0.0,0.0,1.0,0.0,0.0,0.0,1.0,0.0,0.0,0.0,0.0,0.0,0.0,0.0
9511,0.6172839506172838,0.0,0.0,0.0,0.5555555555555556,0.0,0.6713567691230875,0.05263157894736842,1.0,0.0,0.3541666666666667,0.7116134060795005,0.5230125523012552,0.059850374064837925,0.10586011342154933,0.0,0.0,0.0,0.0,0.0,1.0,0.0,0.0,0.0,0.0,0.0,0.0,1.0,0.0,0.0,0.0,0.0,0.0,0.0,0.0,0.0,0.0,0.0,1.0,0.0
9512,0.4444444444444445,1.0,0.0,0.0,0.5555555555555556,0.0,0.6214904603916316,0.02631578947368421,1.0,0.0,0.3541666666666667,0.7116134060795005,0.5230125523012552,0.059850374064837925,0.10586011342154933,1.0,0.0,0.0,0.0,0.0,0.0,0.0,1.0,0.0,0.0,0.0,0.0,1.0,0.0,0.0,0.0,1.0,0.0,0.0,0.0,0.0,0.0,0.0,1.0,0.0
9513,0.1728395061728395,1.0,0.0,0.0,0.5555555555555556,0.0,0.7960774201592241,0.05263157894736842,0.018018018018018018,0.42857142857142855,0.3541666666666667,0.7116134060795005,0.5230125523012552,0.059850374064837925,0.10586011342154933,1.0,0.0,0.0,0.0,0.0,0.0,0.0,0.0,1.0,0.0,0.0,0.0,0.0,1.0,0.0,0.0,0.0,0.0,0.0,0.0,0.0,1.0,0.0,0.0,0.0
9514,0.2345679012345679,1.0,0.0,1.0,0.5555555555555556,0.0,0.3832666732878459,0.0,1.0,0.0,0.3541666666666667,0.7116134060795005,0.5230125523012552,0.059850374064837925,0.10586011342154933,0.0,0.0,0.0,0.0,0.0,0.0,0.0,0.0,0.0,0.0,0.0,0.0,0.0,1.0,0.0,0.0,0.0,0.0,0.0,1.0,0.0,0.0,0.0,1.0,0.0
9515,0.7901234567901234,1.0,0.0,0.0,0.5555555555555556,0.0,0.5306356323565045,0.07894736842105263,1.0,0.0,0.3541666666666667,0.7116134060795005,0.5230125523012552,0.059850374064837925,0.10586011342154933,0.0,0.0,0.0,0.0,0.0,1.0,0.0,0.0,0.0,0.0,0.0,0.0,1.0,0.0,0.0,0.0,0.0,0.0,0.0,0.0,0.0,0.0,0.0,1.0,0.0
9516,0.5555555555555556,0.0,0.0,0.0,0.5555555555555556,0.0,0.6778197757555917,0.0,0.009009009009009009,0.2857142857142857,0.3541666666666667,0.7116134060795005,0.5230125523012552,0.059850374064837925,0.10586011342154933,1.0,0.0,0.0,0.0,0.0,1.0,0.0,0.0,0.0,0.0,0.0,0.0,1.0,0.0,0.0,0.0,0.0,0.0,0.0,0.0,0.0,0.0,0.0,0.0,0.0
9517,0.6172839506172838,0.0,0.0,0.0,0.5555555555555556,0.0,0.6863788332730624,0.02631578947368421,0.013013013013013013,0.14285714285714285,0.3541666666666667,0.7116134060795005,0.5230125523012552,0.059850374064837925,0.10586011342154933,1.0,0.0,0.0,0.0,0.0,1.0,0.0,0.0,0.0,0.0,0.0,0.0,1.0,0.0,0.0,0.0,0.0,0.0,0.0,0.0,0.0,0.0,0.0,0.0,1.0
9518,0.25925925925925924,0.0,0.0,0.0,0.5555555555555556,0.0,0.5779008918534767,0.15789473684210525,1.0,0.0,0.3541666666666667,0.7116134060795005,0.5230125523012552,0.059850374064837925,0.10586011342154933,0.0,0.0,0.0,0.0,0.0,0.0,0.0,0.0,0.0,1.0,0.0,0.0,0.0,1.0,0.0,0.0,0.0,0.0,0.0,0.0,1.0,0.0,0.0,1.0,0.0
9519,0.1728395061728395,0.0,0.0,0.0,0.5555555555555556,0.0,0.6744424581583719,0.0,1.0,0.2857142857142857,0.3541666666666667,0.7116134060795005,0.5230125523012552,0.059850374064837925,0.10586011342154933,0.0,0.0,0.0,0.0,0.0,0.0,0.0,0.0,0.0,1.0,0.0,0.0,0.0,1.0,0.0,0.0,0.0,0.0,0.0,0.0,0.0,1.0,0.0,0.0,0.0
9520,0.1728395061728395,1.0,0.0,0.0,0.5555555555555556,0.0,0.7130403907570831,0.02631578947368421,0.009009009009009009,0.42857142857142855,0.3541666666666667,0.7116134060795005,0.5230125523012552,0.059850374064837925,0.10586011342154933,1.0,0.0,0.0,0.0,0.0,0.0,0.0,0.0,0.0,1.0,0.0,0.0,0.0,1.0,0.0,0.0,0.0,0.0,0.0,0.0,0.0,1.0,0.0,0.0,1.0
9521,0.12345679012345678,0.0,0.0,0.0,0.5555555555555556,0.25,0.649517880450222,0.0,1.0,0.0,0.3541666666666667,0.7116134060795005,0.5230125523012552,0.060077080027204716,0.10586011342154933,1.0,0.0,0.0,0.0,0.0,0.0,0.0,0.0,0.0,0.0,0.0,0.0,0.0,1.0,0.0,0.0,0.0,0.0,0.0,0.0,1.0,0.0,0.0,1.0,0.0
9522,0.1728395061728395,0.0,0.0,0.0,0.5555555555555556,0.25,0.6371237804409605,0.0,0.009009009009009009,0.2857142857142857,0.3541666666666667,0.7116134060795005,0.5230125523012552,0.060077080027204716,0.10586011342154933,0.0,0.0,0.0,0.0,0.0,0.0,0.0,0.0,1.0,0.0,0.0,0.0,0.0,1.0,0.0,0.0,0.0,0.0,0.0,0.0,1.0,0.0,0.0,0.0,0.0
9523,0.5802469135802468,0.0,0.0,0.0,0.5555555555555556,0.25,0.7269871828743492,0.0,1.0,0.0,0.3541666666666667,0.7116134060795005,0.5230125523012552,0.060077080027204716,0.10586011342154933,1.0,0.0,0.0,0.0,0.0,1.0,0.0,0.0,0.0,0.0,0.0,0.0,1.0,0.0,0.0,0.0,0.0,0.0,0.0,1.0,0.0,0.0,0.0,1.0,0.0
9524,0.24691358024691357,1.0,0.0,0.0,0.5555555555555556,0.25,0.7267433793684569,0.02631578947368421,1.0,0.5714285714285714,0.3541666666666667,0.7116134060795005,0.5230125523012552,0.060077080027204716,0.10586011342154933,1.0,0.0,0.0,0.0,0.0,0.0,0.0,0.0,0.0,1.0,0.0,0.0,0.0,1.0,0.0,0.0,0.0,0.0,0.0,0.0,1.0,0.0,0.0,0.0,0.0
9525,0.13580246913580246,1.0,1.0,0.0,0.5555555555555556,0.25,0.6159896330688406,0.02631578947368421,0.006006006006006006,0.2857142857142857,0.3541666666666667,0.7116134060795005,0.5230125523012552,0.060077080027204716,0.10586011342154933,1.0,0.0,0.0,0.0,0.0,0.0,0.0,0.0,0.0,0.0,0.0,0.0,0.0,1.0,0.0,0.0,0.0,0.0,0.0,0.0,1.0,0.0,0.0,0.0,1.0
9526,0.13580246913580246,0.0,1.0,0.0,0.5555555555555556,0.25,0.6550330380858423,0.0,1.0,0.14285714285714285,0.3541666666666667,0.7116134060795005,0.5230125523012552,0.060077080027204716,0.10586011342154933,1.0,0.0,0.0,0.0,0.0,0.0,0.0,0.0,0.0,0.0,1.0,0.0,0.0,1.0,0.0,0.0,1.0,0.0,0.0,0.0,0.0,0.0,0.0,0.0,0.0
9527,0.1728395061728395,0.0,0.0,0.0,0.5555555555555556,0.25,0.6628493172872891,0.07894736842105263,0.006006006006006006,0.2857142857142857,0.3541666666666667,0.7116134060795005,0.5230125523012552,0.060077080027204716,0.10586011342154933,1.0,0.0,0.0,0.0,0.0,0.0,0.0,0.0,1.0,0.0,0.0,0.0,0.0,1.0,0.0,0.0,0.0,0.0,0.0,0.0,1.0,0.0,0.0,0.0,1.0
9528,0.3703703703703703,1.0,0.0,0.0,0.5555555555555556,0.25,0.5571434124691511,0.02631578947368421,1.0,0.14285714285714285,0.3541666666666667,0.7116134060795005,0.5230125523012552,0.060077080027204716,0.10586011342154933,1.0,0.0,0.0,0.0,0.0,0.0,0.0,1.0,0.0,0.0,0.0,0.0,0.0,0.0,0.0,0.0,0.0,0.0,0.0,0.0,0.0,1.0,0.0,0.0,0.0
9529,0.2839506172839506,0.0,1.0,0.0,0.5555555555555556,0.25,0.7628210353018958,0.02631578947368421,1.0,0.0,0.3541666666666667,0.7116134060795005,0.5230125523012552,0.060077080027204716,0.10586011342154933,1.0,0.0,0.0,0.0,0.0,0.0,0.0,0.0,0.0,0.0,0.0,0.0,1.0,0.0,0.0,0.0,0.0,1.0,0.0,0.0,0.0,0.0,0.0,1.0,0.0
9530,0.7160493827160492,0.0,0.0,1.0,0.5555555555555556,0.25,0.7667072344853819,0.02631578947368421,1.0,0.5714285714285714,0.3541666666666667,0.7116134060795005,0.5230125523012552,0.060077080027204716,0.10586011342154933,1.0,0.0,0.0,0.0,0.0,1.0,0.0,0.0,0.0,0.0,0.0,0.0,1.0,0.0,0.0,0.0,0.0,0.0,0.0,0.0,0.0,1.0,0.0,0.0,0.0
9531,0.16049382716049382,0.0,0.0,0.0,0.5555555555555556,0.25,0.7511232976190926,0.05263157894736842,1.0,0.14285714285714285,0.3541666666666667,0.7116134060795005,0.5230125523012552,0.060077080027204716,0.10586011342154933,1.0,0.0,0.0,0.0,0.0,0.0,0.0,0.0,1.0,0.0,0.0,0.0,0.0,1.0,0.0,0.0,0.0,1.0,0.0,0.0,0.0,0.0,0.0,0.0,0.0
9532,0.04938271604938271,1.0,0.0,0.0,0.5555555555555556,0.25,0.6559276062712989,0.05263157894736842,0.009009009009009009,0.2857142857142857,0.3541666666666667,0.7116134060795005,0.5230125523012552,0.060077080027204716,0.10586011342154933,1.0,0.0,0.0,0.0,0.0,0.0,0.0,0.0,1.0,0.0,0.0,0.0,0.0,1.0,0.0,0.0,0.0,1.0,0.0,0.0,0.0,0.0,0.0,0.0,1.0
9533,0.5061728395061729,1.0,0.0,0.0,0.5555555555555556,0.5,0.7821542914679217,0.0,0.003003003003003003,0.14285714285714285,0.3541666666666667,0.7116134060795005,0.5230125523012552,0.060303785989571534,0.10586011342154933,1.0,1.0,0.0,0.0,0.0,0.0,0.0,0.0,0.0,0.0,0.0,0.0,1.0,0.0,0.0,0.0,0.0,0.0,0.0,0.0,0.0,0.0,0.0,0.0,1.0
9534,0.38271604938271603,1.0,1.0,0.0,0.5555555555555556,0.5,0.6665709505038611,0.0,0.0,0.42857142857142855,0.3541666666666667,0.7116134060795005,0.5230125523012552,0.060303785989571534,0.10586011342154933,1.0,0.0,0.0,0.0,0.0,0.0,0.0,0.0,0.0,0.0,0.0,0.0,1.0,0.0,0.0,0.0,0.0,0.0,0.0,0.0,1.0,0.0,0.0,0.0,1.0
9535,0.2222222222222222,1.0,0.0,0.0,0.5555555555555556,0.5,0.6128186823313415,0.0,0.006006006006006006,0.42857142857142855,0.3541666666666667,0.7116134060795005,0.5230125523012552,0.060303785989571534,0.10586011342154933,1.0,0.0,0.0,0.0,0.0,0.0,0.0,0.0,0.0,1.0,0.0,0.0,1.0,0.0,0.0,0.0,0.0,0.0,0.0,0.0,1.0,0.0,0.0,0.0,0.0
9536,0.2222222222222222,1.0,0.0,0.0,0.5555555555555556,0.5,0.7445976649216831,0.0,1.0,0.0,0.3541666666666667,0.7116134060795005,0.5230125523012552,0.060303785989571534,0.10586011342154933,1.0,0.0,0.0,0.0,0.0,0.0,0.0,0.0,0.0,1.0,0.0,0.0,1.0,0.0,0.0,0.0,0.0,0.0,0.0,0.0,1.0,0.0,0.0,1.0,0.0
9537,0.12345679012345678,1.0,0.0,0.0,0.5555555555555556,0.5,0.7622810107139464,0.0,0.0,0.42857142857142855,0.3541666666666667,0.7116134060795005,0.5230125523012552,0.060303785989571534,0.10586011342154933,1.0,0.0,0.0,0.0,0.0,0.0,0.0,0.0,1.0,0.0,0.0,0.0,0.0,1.0,0.0,0.0,0.0,0.0,0.0,0.0,1.0,0.0,0.0,0.0,1.0
9538,0.13580246913580246,1.0,0.0,0.0,0.5555555555555556,0.5,0.6102189047082401,0.0,0.0,0.14285714285714285,0.3541666666666667,0.7116134060795005,0.5230125523012552,0.060303785989571534,0.10586011342154933,1.0,0.0,0.0,0.0,0.0,0.0,0.0,0.0,1.0,0.0,0.0,0.0,0.0,1.0,0.0,0.0,1.0,0.0,0.0,0.0,0.0,0.0,0.0,0.0,1.0
9539,0.5432098765432098,0.0,0.0,1.0,0.5555555555555556,0.5,0.6499874824690127,0.02631578947368421,0.007007007007007007,0.14285714285714285,0.3541666666666667,0.7116134060795005,0.5230125523012552,0.060303785989571534,0.10586011342154933,1.0,0.0,0.0,0.0,0.0,1.0,0.0,0.0,0.0,0.0,0.0,0.0,1.0,0.0,0.0,0.0,0.0,0.0,0.0,0.0,1.0,0.0,0.0,0.0,1.0
9540,0.3703703703703703,0.5,0.5,0.0,0.5555555555555556,0.5,0.6665709505038611,0.0,0.01001001001001001,0.2857142857142857,0.3541666666666667,0.7116134060795005,0.5230125523012552,0.060303785989571534,0.10586011342154933,1.0,0.0,0.0,0.0,0.0,0.0,0.0,0.0,0.0,0.0,0.0,0.0,1.0,0.0,0.0,0.0,0.0,0.0,0.0,0.0,1.0,0.0,0.0,0.0,0.0
9541,0.12345679012345678,0.0,0.0,0.0,0.5555555555555556,0.5,0.6115259753720838,0.0,0.003003003003003003,0.42857142857142855,0.3541666666666667,0.7116134060795005,0.5230125523012552,0.060303785989571534,0.10586011342154933,1.0,0.0,0.0,0.0,0.0,0.0,0.0,0.0,1.0,0.0,0.0,0.0,0.0,1.0,0.0,0.0,0.0,0.0,0.0,0.0,1.0,0.0,0.0,0.0,1.0
9542,0.5185185185185184,0.0,0.0,0.0,0.5555555555555556,0.5,0.6226787043279698,0.0,0.006006006006006006,0.14285714285714285,0.3541666666666667,0.7116134060795005,0.5230125523012552,0.060303785989571534,0.10586011342154933,1.0,0.0,0.0,0.0,0.0,0.0,0.0,0.0,0.0,0.0,0.0,1.0,1.0,0.0,0.0,0.0,0.0,0.0,0.0,0.0,0.0,1.0,0.0,0.0,1.0
9543,0.13580246913580246,0.0,1.0,0.0,0.5555555555555556,0.5,0.5813108450867737,0.0,0.006006006006006006,0.42857142857142855,0.3541666666666667,0.7116134060795005,0.5230125523012552,0.060303785989571534,0.10586011342154933,1.0,0.0,0.0,0.0,0.0,0.0,0.0,0.0,1.0,0.0,0.0,0.0,0.0,1.0,0.0,0.0,1.0,0.0,0.0,0.0,0.0,0.0,0.0,0.0,0.0
9544,0.012345679012345678,1.0,0.0,0.0,0.5555555555555556,0.5,0.6513851442510553,0.02631578947368421,0.006006006006006006,0.14285714285714285,0.3541666666666667,0.7116134060795005,0.5230125523012552,0.060303785989571534,0.10586011342154933,1.0,0.0,0.0,0.0,0.0,0.0,0.0,0.0,1.0,0.0,0.0,0.0,0.0,1.0,0.0,0.0,0.0,0.0,0.0,0.0,0.0,1.0,0.0,0.0,1.0
9545,0.38271604938271603,0.0,0.0,0.0,0.5555555555555556,0.5,0.6697830312775754,0.0,0.016016016016016016,0.42857142857142855,0.3541666666666667,0.7116134060795005,0.5230125523012552,0.060303785989571534,0.10586011342154933,1.0,1.0,0.0,0.0,0.0,0.0,0.0,0.0,0.0,0.0,0.0,0.0,1.0,0.0,0.0,0.0,1.0,0.0,0.0,0.0,0.0,0.0,0.0,0.0,0.0
9546,0.20987654320987653,1.0,0.0,0.0,0.5555555555555556,0.5,0.6499874824690127,0.0,0.01001001001001001,0.2857142857142857,0.3541666666666667,0.7116134060795005,0.5230125523012552,0.060303785989571534,0.10586011342154933,1.0,0.0,0.0,0.0,0.0,0.0,0.0,0.0,0.0,0.0,0.0,0.0,1.0,0.0,0.0,0.0,0.0,0.0,0.0,0.0,1.0,0.0,0.0,0.0,0.0
9547,0.012345679012345678,1.0,0.0,0.0,0.5555555555555556,0.5,0.7448071665789902,0.0,0.017017017017017015,0.2857142857142857,0.3541666666666667,0.7116134060795005,0.5230125523012552,0.060303785989571534,0.10586011342154933,1.0,0.0,0.0,0.0,0.0,0.0,0.0,0.0,1.0,0.0,0.0,0.0,0.0,1.0,0.0,0.0,0.0,0.0,0.0,0.0,0.0,1.0,0.0,0.0,0.0
9548,0.38271604938271603,1.0,0.0,0.0,0.5555555555555556,0.5,0.5621929065211045,0.0,0.0,0.2857142857142857,0.3541666666666667,0.7116134060795005,0.5230125523012552,0.060303785989571534,0.10586011342154933,1.0,0.0,0.0,0.0,0.0,0.0,0.0,0.0,0.0,0.0,0.0,0.0,0.0,1.0,0.0,0.0,0.0,0.0,0.0,0.0,1.0,0.0,0.0,0.0,1.0
9549,0.3703703703703703,0.0,0.0,0.0,0.5555555555555556,0.5,0.7240276519507142,0.0,0.004004004004004004,0.2857142857142857,0.3541666666666667,0.7116134060795005,0.5230125523012552,0.060303785989571534,0.10586011342154933,1.0,0.0,0.0,0.0,0.0,0.0,0.0,0.0,0.0,0.0,0.0,0.0,1.0,0.0,0.0,0.0,0.0,0.0,0.0,0.0,1.0,0.0,0.0,0.0,1.0
9550,0.16049382716049382,1.0,0.0,0.0,0.5555555555555556,0.5,0.6184662540070037,0.0,0.0,0.2857142857142857,0.3541666666666667,0.7116134060795005,0.5230125523012552,0.060303785989571534,0.10586011342154933,1.0,0.0,0.0,0.0,0.0,0.0,0.0,0.0,0.0,0.0,0.0,0.0,0.0,1.0,0.0,0.0,0.0,0.0,0.0,0.0,1.0,0.0,0.0,0.0,1.0
9551,0.3333333333333333,1.0,0.0,0.0,0.5555555555555556,0.5,0.5925226723355308,0.05263157894736842,0.0,0.14285714285714285,0.3541666666666667,0.7116134060795005,0.5230125523012552,0.060303785989571534,0.10586011342154933,1.0,0.0,0.0,0.0,0.0,0.0,0.0,1.0,0.0,0.0,0.0,0.0,0.0,0.0,0.0,1.0,0.0,0.0,0.0,0.0,0.0,0.0,0.0,0.0,1.0
9552,0.16049382716049382,0.0,0.0,0.0,0.5555555555555556,0.5,0.6685887555427749,0.0,0.009009009009009009,0.14285714285714285,0.3541666666666667,0.7116134060795005,0.5230125523012552,0.060303785989571534,0.10586011342154933,1.0,1.0,0.0,0.0,0.0,0.0,0.0,0.0,0.0,0.0,0.0,0.0,0.0,1.0,0.0,0.0,0.0,0.0,0.0,1.0,0.0,0.0,0.0,0.0,1.0
9553,0.29629629629629634,1.0,1.0,0.0,0.5555555555555556,0.75,0.6407277649233879,0.02631578947368421,0.0,0.2857142857142857,0.3541666666666667,0.7116134060795005,0.5230125523012552,0.06121060983903878,0.10586011342154933,1.0,0.0,0.0,0.0,0.0,0.0,0.0,0.0,0.0,0.0,0.0,0.0,0.0,0.0,0.0,0.0,0.0,1.0,0.0,0.0,0.0,0.0,0.0,0.0,1.0
9554,0.35802469135802467,0.0,0.0,0.0,0.5555555555555556,0.75,0.6821771312868369,0.02631578947368421,0.009009009009009009,0.5714285714285714,0.3541666666666667,0.7116134060795005,0.5230125523012552,0.06121060983903878,0.10586011342154933,0.0,0.0,0.0,0.0,0.0,0.0,0.0,0.0,0.0,0.0,0.0,0.0,0.0,1.0,0.0,0.0,0.0,1.0,0.0,0.0,0.0,0.0,0.0,0.0,0.0
9555,0.1111111111111111,1.0,0.0,0.0,0.5555555555555556,0.75,0.7331549540865699,0.05263157894736842,0.006006006006006006,0.2857142857142857,0.3541666666666667,0.7116134060795005,0.5230125523012552,0.06121060983903878,0.10586011342154933,1.0,0.0,0.0,0.0,0.0,0.0,0.0,0.0,0.0,0.0,1.0,0.0,0.0,1.0,0.0,0.0,0.0,0.0,0.0,0.0,1.0,0.0,0.0,0.0,1.0
9556,0.35802469135802467,0.0,0.0,0.0,0.5555555555555556,0.75,0.6996979850963346,0.0,1.0,0.14285714285714285,0.3541666666666667,0.7116134060795005,0.5230125523012552,0.06121060983903878,0.10586011342154933,0.0,0.0,0.0,0.0,0.0,0.0,0.0,0.0,0.0,1.0,0.0,0.0,1.0,0.0,0.0,0.0,0.0,0.0,0.0,1.0,0.0,0.0,0.0,0.0,0.0
9557,0.1111111111111111,1.0,0.0,0.0,0.5555555555555556,0.75,0.6255978404568726,0.0,0.003003003003003003,0.42857142857142855,0.3541666666666667,0.7116134060795005,0.5230125523012552,0.06121060983903878,0.10586011342154933,1.0,0.0,0.0,0.0,0.0,0.0,0.0,0.0,0.0,0.0,1.0,0.0,0.0,1.0,0.0,0.0,0.0,0.0,0.0,0.0,1.0,0.0,0.0,0.0,1.0
9558,0.38271604938271603,0.0,0.0,0.0,0.5555555555555556,0.75,0.7411938788303564,0.0,1.0,0.0,0.3541666666666667,0.7116134060795005,0.5230125523012552,0.06121060983903878,0.10586011342154933,1.0,0.0,0.0,0.0,0.0,0.0,0.0,0.0,0.0,0.0,0.0,0.0,0.0,0.0,0.0,0.0,0.0,0.0,0.0,0.0,1.0,0.0,0.0,1.0,0.0
9559,0.29629629629629634,0.5,0.5,0.0,0.5555555555555556,0.75,0.6598710531604159,0.0,1.0,0.0,0.3541666666666667,0.7116134060795005,0.5230125523012552,0.06121060983903878,0.10586011342154933,1.0,0.0,0.0,0.0,0.0,0.0,0.0,0.0,0.0,0.0,0.0,0.0,0.0,0.0,0.0,0.0,0.0,1.0,0.0,0.0,0.0,0.0,0.0,1.0,0.0
9560,0.38271604938271603,0.0,0.0,0.0,0.5555555555555556,0.75,0.6062082270603242,0.05263157894736842,0.003003003003003003,0.8571428571428571,0.3541666666666667,0.7116134060795005,0.5230125523012552,0.06121060983903878,0.10586011342154933,1.0,0.0,0.0,0.0,0.0,0.0,0.0,0.0,0.0,0.0,0.0,0.0,0.0,0.0,0.0,0.0,0.0,0.0,0.0,0.0,1.0,0.0,0.0,0.0,1.0
9561,0.3703703703703703,0.0,0.0,0.0,0.5555555555555556,0.75,0.697214829053618,0.02631578947368421,0.016016016016016016,0.14285714285714285,0.3541666666666667,0.7116134060795005,0.5230125523012552,0.06121060983903878,0.10586011342154933,1.0,0.0,0.0,0.0,0.0,0.0,0.0,0.0,0.0,0.0,0.0,0.0,1.0,0.0,0.0,0.0,0.0,1.0,0.0,0.0,0.0,0.0,0.0,0.0,1.0
9562,0.1728395061728395,1.0,0.0,0.0,0.5555555555555556,0.75,0.6736785908672379,0.02631578947368421,1.0,0.0,0.3541666666666667,0.7116134060795005,0.5230125523012552,0.06121060983903878,0.10586011342154933,1.0,0.0,0.0,0.0,0.0,0.0,0.0,0.0,1.0,0.0,0.0,0.0,0.0,1.0,0.0,0.0,0.0,0.0,0.0,0.0,0.0,1.0,0.0,1.0,0.0
9563,0.7407407407407407,0.0,0.0,0.0,0.5555555555555556,0.75,0.6781891171876829,0.0,0.009009009009009009,0.5714285714285714,0.3541666666666667,0.7116134060795005,0.5230125523012552,0.06121060983903878,0.10586011342154933,1.0,0.0,0.0,0.0,0.0,1.0,0.0,0.0,0.0,0.0,0.0,0.0,1.0,0.0,0.0,0.0,0.0,0.0,0.0,0.0,0.0,0.0,0.0,0.0,0.0
9564,0.1728395061728395,1.0,0.0,0.0,0.5555555555555556,0.75,0.697528105269356,0.02631578947368421,1.0,0.0,0.3541666666666667,0.7116134060795005,0.5230125523012552,0.06121060983903878,0.10586011342154933,1.0,0.0,0.0,0.0,0.0,0.0,0.0,0.0,1.0,0.0,0.0,0.0,0.0,1.0,0.0,0.0,0.0,0.0,0.0,0.0,0.0,1.0,0.0,1.0,0.0
9565,0.29629629629629634,1.0,0.0,0.0,0.5555555555555556,0.75,0.6803811399204682,0.0,1.0,0.0,0.3541666666666667,0.7116134060795005,0.5230125523012552,0.06121060983903878,0.10586011342154933,1.0,0.0,1.0,0.0,0.0,0.0,0.0,0.0,0.0,0.0,0.0,0.0,1.0,0.0,0.0,0.0,0.0,0.0,0.0,0.0,1.0,0.0,0.0,1.0,0.0
9566,0.29629629629629634,1.0,0.0,0.0,0.5555555555555556,0.75,0.7766964136878293,0.0,1.0,0.0,0.3541666666666667,0.7116134060795005,0.5230125523012552,0.06121060983903878,0.10586011342154933,1.0,0.0,1.0,0.0,0.0,0.0,0.0,0.0,0.0,0.0,0.0,0.0,1.0,0.0,0.0,0.0,0.0,0.0,0.0,0.0,1.0,0.0,0.0,1.0,0.0
9567,0.24691358024691357,1.0,0.0,0.0,0.5555555555555556,0.75,0.7589877432419946,0.0,1.0,0.0,0.3541666666666667,0.7116134060795005,0.5230125523012552,0.06121060983903878,0.10586011342154933,1.0,0.0,0.0,0.0,1.0,0.0,0.0,0.0,0.0,0.0,0.0,0.0,1.0,0.0,0.0,0.0,0.0,1.0,0.0,0.0,0.0,0.0,0.0,1.0,0.0
9568,0.35802469135802467,1.0,0.0,0.0,0.5555555555555556,0.75,0.6476204981957939,0.02631578947368421,1.0,0.5714285714285714,0.3541666666666667,0.7116134060795005,0.5230125523012552,0.06121060983903878,0.10586011342154933,1.0,0.0,0.0,0.0,0.0,0.0,0.0,0.0,0.0,1.0,0.0,0.0,1.0,0.0,0.0,0.0,0.0,0.0,0.0,1.0,0.0,0.0,0.0,0.0,0.0
9569,0.09876543209876543,0.0,0.0,0.0,0.5555555555555556,0.75,0.6323216790132803,0.0,1.0,0.0,0.3541666666666667,0.7116134060795005,0.5230125523012552,0.06121060983903878,0.10586011342154933,1.0,0.0,0.0,0.0,0.0,0.0,0.0,0.0,0.0,0.0,0.0,0.0,0.0,1.0,0.0,0.0,0.0,0.0,0.0,0.0,1.0,0.0,0.0,1.0,0.0
9570,0.34567901234567905,0.0,0.0,0.0,0.5555555555555556,0.75,0.6800186276166762,0.0,1.0,0.0,0.3541666666666667,0.7116134060795005,0.5230125523012552,0.06121060983903878,0.10586011342154933,1.0,0.0,0.0,0.0,0.0,0.0,0.0,0.0,0.0,0.0,0.0,0.0,1.0,0.0,0.0,0.0,0.0,0.0,0.0,0.0,1.0,0.0,0.0,1.0,0.0
9571,0.5185185185185184,1.0,0.0,0.0,0.5555555555555556,1.0,0.6725234082667859,0.02631578947368421,0.003003003003003003,0.2857142857142857,0.3541666666666667,0.7116134060795005,0.5230125523012552,0.0614373158014056,0.10586011342154933,1.0,0.0,0.0,0.0,0.0,1.0,0.0,0.0,0.0,0.0,0.0,0.0,1.0,0.0,0.0,0.0,0.0,0.0,0.0,1.0,0.0,0.0,0.0,0.0,1.0
9572,0.29629629629629634,1.0,0.0,0.0,0.5555555555555556,1.0,0.6536782997023916,0.02631578947368421,0.006006006006006006,0.42857142857142855,0.3541666666666667,0.7116134060795005,0.5230125523012552,0.0614373158014056,0.10586011342154933,1.0,0.0,0.0,0.0,0.0,0.0,0.0,0.0,0.0,0.0,0.0,0.0,0.0,0.0,0.0,0.0,0.0,1.0,0.0,0.0,0.0,0.0,0.0,0.0,1.0
9573,0.12345679012345678,0.0,0.0,0.0,0.5555555555555556,1.0,0.7450162957887101,0.02631578947368421,0.003003003003003003,0.42857142857142855,0.3541666666666667,0.7116134060795005,0.5230125523012552,0.0614373158014056,0.10586011342154933,1.0,0.0,0.0,0.0,0.0,0.0,0.0,0.0,0.0,0.0,0.0,0.0,0.0,1.0,0.0,0.0,0.0,0.0,0.0,0.0,1.0,0.0,0.0,0.0,1.0
9574,0.5185185185185184,0.0,0.0,0.0,0.5555555555555556,1.0,0.6339442585242172,0.05263157894736842,0.003003003003003003,0.14285714285714285,0.3541666666666667,0.7116134060795005,0.5230125523012552,0.0614373158014056,0.10586011342154933,1.0,0.0,0.0,0.0,0.0,1.0,0.0,0.0,0.0,0.0,0.0,0.0,1.0,0.0,0.0,0.0,0.0,0.0,0.0,1.0,0.0,0.0,0.0,0.0,1.0
9575,0.29629629629629634,1.0,0.0,0.0,0.5555555555555556,1.0,0.6102189047082401,0.0,0.006006006006006006,0.2857142857142857,0.3541666666666667,0.7116134060795005,0.5230125523012552,0.0614373158014056,0.10586011342154933,1.0,0.0,0.0,0.0,0.0,0.0,0.0,0.0,0.0,0.0,0.0,0.0,0.0,0.0,0.0,0.0,0.0,1.0,0.0,0.0,0.0,0.0,0.0,0.0,1.0
9576,0.29629629629629634,1.0,0.0,0.0,0.5555555555555556,1.0,0.6075603701023119,0.0,0.004004004004004004,0.42857142857142855,0.3541666666666667,0.7116134060795005,0.5230125523012552,0.0614373158014056,0.10586011342154933,1.0,0.0,0.0,0.0,0.0,0.0,0.0,0.0,0.0,0.0,0.0,0.0,0.0,0.0,0.0,0.0,0.0,1.0,0.0,0.0,0.0,0.0,0.0,0.0,0.0
9577,0.7407407407407407,1.0,0.0,0.0,0.5555555555555556,1.0,0.5977517620704379,0.0,0.003003003003003003,0.8571428571428571,0.3541666666666667,0.7116134060795005,0.5230125523012552,0.0614373158014056,0.10586011342154933,1.0,0.0,0.0,0.0,1.0,0.0,0.0,0.0,0.0,0.0,0.0,0.0,1.0,0.0,0.0,0.0,0.0,0.0,0.0,0.0,0.0,1.0,0.0,0.0,1.0
9578,0.29629629629629634,1.0,0.0,0.0,0.5555555555555556,1.0,0.6946781237609596,0.02631578947368421,0.006006006006006006,0.42857142857142855,0.3541666666666667,0.7116134060795005,0.5230125523012552,0.0614373158014056,0.10586011342154933,1.0,0.0,0.0,0.0,0.0,0.0,0.0,0.0,0.0,1.0,0.0,0.0,0.0,0.0,0.0,0.0,0.0,0.0,0.0,0.0,1.0,0.0,0.0,0.0,1.0
9579,0.12345679012345678,1.0,0.0,0.0,0.5555555555555556,1.0,0.6095598825393173,0.02631578947368421,1.0,0.0,0.3541666666666667,0.7116134060795005,0.5230125523012552,0.0614373158014056,0.10586011342154933,1.0,0.0,0.0,0.0,0.0,0.0,0.0,0.0,0.0,0.0,0.0,0.0,0.0,1.0,0.0,0.0,0.0,0.0,0.0,0.0,1.0,0.0,0.0,1.0,0.0
9580,0.08641975308641975,0.0,0.0,0.0,0.5555555555555556,1.0,0.7779664411331088,0.0,1.0,0.2857142857142857,0.3541666666666667,0.7116134060795005,0.5230125523012552,0.0614373158014056,0.10586011342154933,1.0,0.0,0.0,0.0,0.0,0.0,0.0,0.0,0.0,0.0,0.0,0.0,0.0,1.0,0.0,0.0,0.0,0.0,0.0,0.0,1.0,0.0,0.0,0.0,0.0
9581,0.5802469135802468,0.5,0.5,1.0,0.5555555555555556,1.0,0.6476204981957939,0.05263157894736842,1.0,0.0,0.3541666666666667,0.7116134060795005,0.5230125523012552,0.0614373158014056,0.10586011342154933,1.0,0.0,0.0,0.0,0.0,1.0,0.0,0.0,0.0,0.0,0.0,0.0,1.0,0.0,0.0,0.0,0.0,0.0,0.0,0.0,0.0,0.0,0.0,1.0,0.0
9582,0.5802469135802468,1.0,0.0,1.0,0.5555555555555556,1.0,0.6447157790225418,0.07894736842105263,1.0,0.0,0.3541666666666667,0.7116134060795005,0.5230125523012552,0.0614373158014056,0.10586011342154933,1.0,0.0,0.0,0.0,0.0,0.0,0.0,0.0,0.0,0.0,0.0,1.0,1.0,0.0,0.0,0.0,0.0,0.0,0.0,0.0,0.0,1.0,0.0,1.0,0.0
9583,0.16049382716049382,0.0,0.0,1.0,0.5555555555555556,0.0,0.22890743126917404,0.0,1.0,0.0,0.3541666666666667,0.7116134060795005,0.5230125523012552,0.06121060983903878,0.10586011342154933,0.0,0.0,0.0,0.0,0.0,0.0,0.0,0.0,0.0,1.0,0.0,0.0,0.0,1.0,0.0,0.0,0.0,0.0,0.0,1.0,0.0,0.0,0.0,1.0,0.0
9584,0.2222222222222222,1.0,0.0,0.0,0.5555555555555556,0.0,0.6933889585355939,0.0,0.006006006006006006,0.14285714285714285,0.3541666666666667,0.7116134060795005,0.5230125523012552,0.06121060983903878,0.10586011342154933,1.0,0.0,0.0,0.0,0.0,0.0,0.0,0.0,0.0,0.0,1.0,0.0,1.0,0.0,0.0,0.0,0.0,1.0,0.0,0.0,0.0,0.0,0.0,0.0,1.0
9585,0.14814814814814814,0.0,0.0,0.0,0.5555555555555556,0.0,0.6568154229344138,0.0,0.006006006006006006,0.14285714285714285,0.3541666666666667,0.7116134060795005,0.5230125523012552,0.06121060983903878,0.10586011342154933,1.0,0.0,0.0,0.0,0.0,0.0,0.0,1.0,0.0,0.0,0.0,0.0,0.0,1.0,0.0,0.0,0.0,0.0,0.0,0.0,1.0,0.0,0.0,0.0,1.0
9586,0.5061728395061729,1.0,0.0,0.0,0.5555555555555556,0.0,0.6803811399204682,0.0,1.0,0.0,0.3541666666666667,0.7116134060795005,0.5230125523012552,0.06121060983903878,0.10586011342154933,1.0,0.0,0.0,0.0,0.0,0.0,0.0,0.0,0.0,1.0,0.0,0.0,1.0,0.0,0.0,0.0,1.0,0.0,0.0,0.0,0.0,0.0,0.0,1.0,0.0
9587,0.1111111111111111,0.0,0.0,1.0,0.5555555555555556,0.0,0.8225163084550229,0.0,0.003003003003003003,0.14285714285714285,0.3541666666666667,0.7116134060795005,0.5230125523012552,0.06121060983903878,0.10586011342154933,1.0,0.0,0.0,0.0,0.0,0.0,0.0,0.0,0.0,0.0,0.0,0.0,0.0,1.0,0.0,0.0,0.0,0.0,0.0,0.0,1.0,0.0,0.0,0.0,1.0
9588,0.1111111111111111,0.0,0.0,0.0,0.5555555555555556,0.0,0.6461771040195569,0.0,0.006006006006006006,0.7142857142857142,0.3541666666666667,0.7116134060795005,0.5230125523012552,0.06121060983903878,0.10586011342154933,1.0,0.0,0.0,0.0,0.0,0.0,0.0,0.0,0.0,0.0,0.0,0.0,0.0,1.0,0.0,0.0,0.0,0.0,0.0,0.0,1.0,0.0,0.0,0.0,1.0
9589,0.4444444444444445,1.0,0.0,1.0,0.5555555555555556,0.25,0.5393533347388635,0.0,1.0,0.0,0.3541666666666667,0.7116134060795005,0.5230125523012552,0.06121060983903878,0.10586011342154933,1.0,0.0,0.0,0.0,1.0,0.0,0.0,0.0,0.0,0.0,0.0,0.0,1.0,0.0,0.0,0.0,0.0,0.0,0.0,0.0,1.0,0.0,0.0,1.0,0.0
9590,0.4691358024691357,0.0,0.0,0.0,0.5555555555555556,0.25,0.6476204981957939,0.0,1.0,0.0,0.3541666666666667,0.7116134060795005,0.5230125523012552,0.06121060983903878,0.10586011342154933,1.0,0.0,0.0,0.0,0.0,0.0,0.0,0.0,0.0,0.0,0.0,0.0,0.0,0.0,0.0,0.0,0.0,1.0,0.0,0.0,0.0,0.0,0.0,1.0,0.0
9591,0.5061728395061729,0.0,0.0,0.0,0.5555555555555556,0.25,0.7085691580151198,0.0,1.0,0.0,0.3541666666666667,0.7116134060795005,0.5230125523012552,0.06121060983903878,0.10586011342154933,1.0,0.0,0.0,0.0,1.0,0.0,0.0,0.0,0.0,0.0,0.0,0.0,1.0,0.0,0.0,0.0,0.0,0.0,0.0,0.0,1.0,0.0,0.0,1.0,0.0
9592,0.20987654320987653,0.0,1.0,0.0,0.5555555555555556,0.25,0.7181382644722665,0.0,1.0,0.14285714285714285,0.3541666666666667,0.7116134060795005,0.5230125523012552,0.06121060983903878,0.10586011342154933,1.0,1.0,0.0,0.0,0.0,0.0,0.0,0.0,0.0,0.0,0.0,0.0,1.0,0.0,0.0,0.0,1.0,0.0,0.0,0.0,0.0,0.0,0.0,0.0,0.0
9593,0.9259259259259258,0.0,1.0,0.0,0.5555555555555556,0.25,0.8200028747644124,0.0,0.003003003003003003,0.14285714285714285,0.3541666666666667,0.7116134060795005,0.5230125523012552,0.06121060983903878,0.10586011342154933,1.0,0.0,0.0,0.0,0.0,1.0,0.0,0.0,0.0,0.0,0.0,0.0,1.0,0.0,0.0,0.0,0.0,0.0,0.0,0.0,0.0,1.0,0.0,0.0,1.0
9594,0.4074074074074074,0.0,0.0,0.0,0.5555555555555556,0.25,0.6965857625840003,0.0,0.006006006006006006,0.2857142857142857,0.3541666666666667,0.7116134060795005,0.5230125523012552,0.06121060983903878,0.10586011342154933,1.0,0.0,0.0,0.0,0.0,0.0,0.0,0.0,0.0,0.0,0.0,0.0,0.0,1.0,0.0,0.0,0.0,0.0,0.0,0.0,1.0,0.0,0.0,0.0,1.0
9595,0.5925925925925926,1.0,0.0,0.0,0.5555555555555556,0.25,0.6550330380858423,0.0,0.006006006006006006,0.42857142857142855,0.3541666666666667,0.7116134060795005,0.5230125523012552,0.06121060983903878,0.10586011342154933,1.0,0.0,0.0,0.0,0.0,1.0,0.0,0.0,0.0,0.0,0.0,0.0,1.0,0.0,0.0,0.0,0.0,0.0,0.0,1.0,0.0,0.0,0.0,0.0,1.0
9596,0.20987654320987653,1.0,0.0,0.0,0.5555555555555556,0.25,0.603456402174661,0.02631578947368421,1.0,0.0,0.3541666666666667,0.7116134060795005,0.5230125523012552,0.06121060983903878,0.10586011342154933,0.0,0.0,0.0,0.0,0.0,0.0,0.0,0.0,0.0,0.0,0.0,0.0,0.0,1.0,0.0,0.0,0.0,1.0,0.0,0.0,0.0,0.0,0.0,1.0,0.0
9597,0.1728395061728395,0.0,0.0,0.0,0.5555555555555556,0.25,0.6006386590863215,0.0,1.0,0.0,0.3541666666666667,0.7116134060795005,0.5230125523012552,0.06121060983903878,0.10586011342154933,1.0,0.0,0.0,0.0,0.0,0.0,0.0,0.0,0.0,0.0,0.0,0.0,1.0,0.0,0.0,0.0,0.0,0.0,0.0,0.0,1.0,0.0,0.0,1.0,0.0
9598,0.654320987654321,1.0,0.0,0.0,0.5555555555555556,0.25,0.6914283273250159,0.05263157894736842,0.006006006006006006,0.14285714285714285,0.3541666666666667,0.7116134060795005,0.5230125523012552,0.06121060983903878,0.10586011342154933,1.0,0.0,0.0,0.0,0.0,1.0,0.0,0.0,0.0,0.0,0.0,0.0,1.0,0.0,0.0,0.0,0.0,0.0,0.0,0.0,0.0,0.0,0.0,0.0,1.0
9599,0.1728395061728395,0.0,0.0,0.0,0.5555555555555556,0.25,0.6778197757555917,0.02631578947368421,1.0,0.14285714285714285,0.3541666666666667,0.7116134060795005,0.5230125523012552,0.06121060983903878,0.10586011342154933,1.0,0.0,0.0,0.0,0.0,0.0,0.0,0.0,0.0,0.0,0.0,0.0,1.0,0.0,0.0,0.0,0.0,0.0,0.0,0.0,1.0,0.0,0.0,0.0,0.0
9600,0.4691358024691357,1.0,0.0,0.0,0.5555555555555556,0.25,0.647141331954917,0.02631578947368421,0.006006006006006006,0.42857142857142855,0.3541666666666667,0.7116134060795005,0.5230125523012552,0.06121060983903878,0.10586011342154933,1.0,0.0,0.0,0.0,0.0,0.0,0.0,0.0,0.0,0.0,0.0,0.0,0.0,0.0,0.0,0.0,0.0,1.0,0.0,0.0,0.0,0.0,0.0,0.0,1.0
9601,0.3209876543209876,1.0,0.0,0.0,0.5555555555555556,0.5,0.8491113113972483,0.0,1.0,0.0,0.3541666666666667,0.7116134060795005,0.5230125523012552,0.06098390387667196,0.10586011342154933,1.0,0.0,0.0,0.0,0.0,0.0,0.0,0.0,0.0,1.0,0.0,0.0,1.0,0.0,0.0,0.0,0.0,1.0,0.0,0.0,0.0,0.0,0.0,1.0,0.0
9602,0.5432098765432098,1.0,1.0,1.0,0.5555555555555556,0.5,0.712214877548359,0.0,0.006006006006006006,0.2857142857142857,0.3541666666666667,0.7116134060795005,0.5230125523012552,0.06098390387667196,0.10586011342154933,1.0,0.0,0.0,0.0,0.0,0.0,0.0,0.0,0.0,0.0,0.0,0.0,1.0,0.0,0.0,0.0,0.0,0.0,0.0,0.0,1.0,0.0,0.0,0.0,1.0
9603,0.1111111111111111,1.0,0.0,0.0,0.5555555555555556,0.5,0.6417375148956687,0.0,0.014014014014014014,0.14285714285714285,0.3541666666666667,0.7116134060795005,0.5230125523012552,0.06098390387667196,0.10586011342154933,1.0,0.0,0.0,0.0,0.0,0.0,0.0,0.0,1.0,0.0,0.0,0.0,0.0,1.0,0.0,0.0,0.0,1.0,0.0,0.0,0.0,0.0,0.0,0.0,1.0
9604,0.419753086419753,1.0,0.0,0.0,0.5555555555555556,0.5,0.64373137872162,0.0,0.006006006006006006,0.5714285714285714,0.3541666666666667,0.7116134060795005,0.5230125523012552,0.06098390387667196,0.10586011342154933,1.0,1.0,0.0,0.0,0.0,0.0,0.0,0.0,0.0,0.0,0.0,0.0,1.0,0.0,0.0,0.0,1.0,0.0,0.0,0.0,0.0,0.0,0.0,0.0,1.0
9605,0.7407407407407407,0.0,0.0,0.0,0.5555555555555556,0.5,0.5854388177384106,0.18421052631578946,1.0,0.2857142857142857,0.3541666666666667,0.7116134060795005,0.5230125523012552,0.06098390387667196,0.10586011342154933,0.0,0.0,0.0,0.0,0.0,1.0,0.0,0.0,0.0,0.0,0.0,0.0,1.0,0.0,0.0,0.0,0.0,0.0,0.0,0.0,0.0,1.0,0.0,0.0,0.0
9606,0.9259259259259258,0.0,1.0,0.0,0.5555555555555556,0.5,0.695953314020339,0.0,0.003003003003003003,0.5714285714285714,0.3541666666666667,0.7116134060795005,0.5230125523012552,0.06098390387667196,0.10586011342154933,1.0,0.0,0.0,0.0,0.0,1.0,0.0,0.0,0.0,0.0,0.0,0.0,1.0,0.0,0.0,0.0,0.0,0.0,0.0,0.0,0.0,1.0,0.0,0.0,1.0
9607,0.7160493827160492,0.0,0.0,0.0,0.5555555555555556,0.5,0.6490463962539821,0.02631578947368421,0.006006006006006006,0.42857142857142855,0.3541666666666667,0.7116134060795005,0.5230125523012552,0.06098390387667196,0.10586011342154933,1.0,0.0,0.0,0.0,0.0,1.0,0.0,0.0,0.0,0.0,0.0,0.0,1.0,0.0,0.0,0.0,0.0,0.0,0.0,0.0,0.0,0.0,0.0,0.0,1.0
9608,0.2222222222222222,1.0,0.0,0.0,0.5555555555555556,0.5,0.7812364572968501,0.02631578947368421,0.006006006006006006,0.42857142857142855,0.3541666666666667,0.7116134060795005,0.5230125523012552,0.06098390387667196,0.10586011342154933,1.0,0.0,0.0,0.0,0.0,0.0,0.0,0.0,0.0,0.0,0.0,0.0,1.0,0.0,0.0,0.0,0.0,0.0,0.0,0.0,1.0,0.0,0.0,0.0,1.0
9609,0.6049382716049383,1.0,0.0,0.0,0.5555555555555556,0.5,0.6360734596286551,0.05263157894736842,0.006006006006006006,0.2857142857142857,0.3541666666666667,0.7116134060795005,0.5230125523012552,0.06098390387667196,0.10586011342154933,1.0,0.0,0.0,0.0,0.0,0.0,0.0,0.0,0.0,0.0,0.0,0.0,0.0,0.0,0.0,0.0,0.0,0.0,0.0,0.0,1.0,0.0,0.0,0.0,1.0
9610,0.29629629629629634,1.0,0.0,1.0,0.5555555555555556,0.75,0.6877466992608396,0.0,0.009009009009009009,0.42857142857142855,0.3541666666666667,0.7116134060795005,0.5230125523012552,0.060077080027204716,0.10586011342154933,1.0,0.0,0.0,0.0,0.0,0.0,0.0,0.0,0.0,0.0,0.0,0.0,1.0,0.0,0.0,0.0,0.0,0.0,0.0,0.0,1.0,0.0,0.0,0.0,0.0
9611,0.30864197530864196,0.0,0.0,0.0,0.5555555555555556,0.75,0.6693862850347637,0.0,0.006006006006006006,0.2857142857142857,0.3541666666666667,0.7116134060795005,0.5230125523012552,0.060077080027204716,0.10586011342154933,1.0,0.0,0.0,0.0,0.0,0.0,0.0,0.0,0.0,1.0,0.0,0.0,1.0,0.0,0.0,0.0,0.0,0.0,0.0,1.0,0.0,0.0,0.0,0.0,1.0
9612,0.6172839506172838,0.0,0.0,0.0,0.5555555555555556,0.75,0.6894344634990646,0.0,0.006006006006006006,0.2857142857142857,0.3541666666666667,0.7116134060795005,0.5230125523012552,0.060077080027204716,0.10586011342154933,1.0,0.0,0.0,1.0,0.0,0.0,0.0,0.0,0.0,0.0,0.0,0.0,0.0,0.0,0.0,0.0,0.0,0.0,0.0,1.0,0.0,0.0,0.0,0.0,1.0
9613,0.43209876543209874,1.0,0.0,0.0,0.5555555555555556,0.75,0.6082306576679029,0.05263157894736842,0.001001001001001001,0.42857142857142855,0.3541666666666667,0.7116134060795005,0.5230125523012552,0.060077080027204716,0.10586011342154933,1.0,0.0,0.0,0.0,1.0,0.0,0.0,0.0,0.0,0.0,0.0,0.0,1.0,0.0,0.0,0.0,0.0,0.0,0.0,0.0,1.0,0.0,0.0,0.0,1.0
9614,0.654320987654321,0.0,0.0,0.0,0.5555555555555556,0.75,0.7082839817554912,0.0,1.0,0.0,0.3541666666666667,0.7116134060795005,0.5230125523012552,0.060077080027204716,0.10586011342154933,1.0,0.0,0.0,0.0,0.0,0.0,0.0,0.0,0.0,1.0,0.0,0.0,1.0,0.0,0.0,0.0,0.0,0.0,0.0,0.0,0.0,1.0,0.0,1.0,0.0
9615,0.19753086419753085,0.0,0.0,0.0,0.5555555555555556,0.75,0.6930644475725992,0.0,1.0,0.0,0.3541666666666667,0.7116134060795005,0.5230125523012552,0.060077080027204716,0.10586011342154933,1.0,0.0,0.0,0.0,0.0,0.0,0.0,0.0,0.0,0.0,0.0,0.0,1.0,0.0,0.0,0.0,0.0,0.0,0.0,0.0,1.0,0.0,0.0,1.0,0.0
9616,0.419753086419753,1.0,0.0,0.0,0.5555555555555556,0.75,0.8366597021472982,0.05263157894736842,1.0,0.0,0.3541666666666667,0.7116134060795005,0.5230125523012552,0.060077080027204716,0.10586011342154933,1.0,0.0,0.0,0.0,0.0,0.0,0.0,0.0,0.0,1.0,0.0,0.0,1.0,0.0,0.0,0.0,0.0,0.0,0.0,1.0,0.0,0.0,0.0,1.0,0.0
9617,0.728395061728395,1.0,0.0,0.0,0.5555555555555556,0.75,0.7322268613080786,0.02631578947368421,0.006006006006006006,0.42857142857142855,0.3541666666666667,0.7116134060795005,0.5230125523012552,0.060077080027204716,0.10586011342154933,1.0,0.0,0.0,0.0,0.0,1.0,0.0,0.0,0.0,0.0,0.0,0.0,1.0,0.0,0.0,0.0,0.0,0.0,0.0,0.0,1.0,0.0,0.0,0.0,1.0
9618,0.12345679012345678,0.0,0.0,0.0,0.5555555555555556,0.75,0.675955471292364,0.05263157894736842,0.006006006006006006,0.14285714285714285,0.3541666666666667,0.7116134060795005,0.5230125523012552,0.060077080027204716,0.10586011342154933,1.0,0.0,0.0,0.0,0.0,0.0,0.0,0.0,0.0,0.0,0.0,0.0,1.0,0.0,0.0,0.0,0.0,0.0,0.0,0.0,1.0,0.0,0.0,0.0,1.0
9619,0.19753086419753085,1.0,0.0,0.0,0.5555555555555556,0.75,0.6568154229344138,0.0,0.003003003003003003,0.42857142857142855,0.3541666666666667,0.7116134060795005,0.5230125523012552,0.060077080027204716,0.10586011342154933,1.0,0.0,0.0,0.0,0.0,0.0,0.0,0.0,0.0,0.0,0.0,0.0,1.0,0.0,0.0,0.0,0.0,0.0,0.0,0.0,1.0,0.0,0.0,0.0,1.0
9620,0.19753086419753085,0.0,0.0,1.0,0.5555555555555556,0.75,0.6244388640920251,0.0,0.006006006006006006,0.2857142857142857,0.3541666666666667,0.7116134060795005,0.5230125523012552,0.060077080027204716,0.10586011342154933,1.0,0.0,0.0,0.0,1.0,0.0,0.0,0.0,0.0,0.0,0.0,0.0,1.0,0.0,0.0,0.0,0.0,0.0,0.0,0.0,1.0,0.0,0.0,0.0,1.0
9621,0.43209876543209874,0.5,0.5,0.0,0.5555555555555556,0.75,0.5955391234938983,0.02631578947368421,1.0,0.0,0.3541666666666667,0.7116134060795005,0.5230125523012552,0.060077080027204716,0.10586011342154933,0.0,0.0,0.0,0.0,1.0,0.0,0.0,0.0,0.0,0.0,0.0,0.0,1.0,0.0,0.0,0.0,0.0,0.0,0.0,0.0,1.0,0.0,0.0,1.0,0.0
9622,0.30864197530864196,1.0,0.0,0.0,0.5555555555555556,1.0,0.6550330380858423,0.0,0.006006006006006006,0.14285714285714285,0.3541666666666667,0.7116134060795005,0.5230125523012552,0.059850374064837925,0.10586011342154933,1.0,1.0,0.0,0.0,0.0,0.0,0.0,0.0,0.0,0.0,0.0,0.0,1.0,0.0,0.0,0.0,1.0,0.0,0.0,0.0,0.0,0.0,0.0,0.0,1.0
9623,0.09876543209876543,1.0,1.0,1.0,0.5555555555555556,1.0,0.7217580931394421,0.0,1.0,0.0,0.3541666666666667,0.7116134060795005,0.5230125523012552,0.059850374064837925,0.10586011342154933,1.0,0.0,0.0,0.0,0.0,0.0,0.0,0.0,1.0,0.0,0.0,0.0,0.0,1.0,0.0,0.0,0.0,1.0,0.0,0.0,0.0,0.0,0.0,1.0,0.0
9624,0.38271604938271603,0.0,0.0,0.0,0.5555555555555556,1.0,0.6360734596286551,0.07894736842105263,1.0,0.0,0.3541666666666667,0.7116134060795005,0.5230125523012552,0.059850374064837925,0.10586011342154933,1.0,0.0,0.0,0.0,0.0,0.0,1.0,0.0,0.0,0.0,0.0,0.0,0.0,0.0,0.0,0.0,0.0,0.0,0.0,0.0,1.0,0.0,0.0,1.0,0.0
9625,0.25925925925925924,1.0,0.0,0.0,0.5555555555555556,1.0,0.7589877432419946,0.0,0.016016016016016016,0.14285714285714285,0.3541666666666667,0.7116134060795005,0.5230125523012552,0.059850374064837925,0.10586011342154933,1.0,0.0,1.0,0.0,0.0,0.0,0.0,0.0,0.0,0.0,0.0,0.0,1.0,0.0,0.0,0.0,0.0,0.0,0.0,0.0,1.0,0.0,0.0,0.0,1.0
9626,0.2716049382716049,1.0,0.0,0.0,0.5555555555555556,1.0,0.6744424581583719,0.13157894736842105,1.0,0.0,0.3541666666666667,0.7116134060795005,0.5230125523012552,0.059850374064837925,0.10586011342154933,1.0,0.0,0.0,0.0,0.0,0.0,0.0,1.0,0.0,0.0,0.0,0.0,0.0,1.0,0.0,0.0,0.0,1.0,0.0,0.0,0.0,0.0,0.0,1.0,0.0
9627,0.2839506172839506,0.0,0.0,0.0,0.5555555555555556,1.0,0.6134597474028101,0.0,1.0,0.0,0.3541666666666667,0.7116134060795005,0.5230125523012552,0.059850374064837925,0.10586011342154933,0.0,0.0,0.0,0.0,1.0,0.0,0.0,0.0,0.0,0.0,0.0,0.0,0.0,0.0,0.0,0.0,0.0,0.0,0.0,0.0,1.0,0.0,0.0,1.0,0.0
9628,0.2345679012345679,0.0,0.0,0.0,0.5555555555555556,1.0,0.7033271207099517,0.13157894736842105,1.0,0.0,0.3541666666666667,0.7116134060795005,0.5230125523012552,0.059850374064837925,0.10586011342154933,1.0,0.0,0.0,0.0,0.0,0.0,0.0,1.0,0.0,0.0,0.0,0.0,0.0,1.0,0.0,0.0,0.0,0.0,0.0,0.0,1.0,0.0,0.0,1.0,0.0
9629,0.16049382716049382,0.0,0.0,0.0,0.5555555555555556,1.0,0.6095598825393173,0.13157894736842105,0.006006006006006006,0.42857142857142855,0.3541666666666667,0.7116134060795005,0.5230125523012552,0.059850374064837925,0.10586011342154933,1.0,0.0,0.0,0.0,0.0,0.0,0.0,0.0,0.0,0.0,0.0,0.0,0.0,1.0,0.0,0.0,0.0,0.0,0.0,0.0,1.0,0.0,0.0,0.0,1.0
9630,0.2716049382716049,1.0,1.0,1.0,0.5555555555555556,1.0,0.2708649416170843,0.0,1.0,0.0,0.3541666666666667,0.7116134060795005,0.5230125523012552,0.059850374064837925,0.10586011342154933,0.0,1.0,0.0,0.0,0.0,0.0,0.0,0.0,0.0,0.0,0.0,0.0,0.0,1.0,0.0,0.0,0.0,0.0,0.0,0.0,0.0,0.0,0.0,1.0,0.0
9631,0.30864197530864196,0.0,0.0,0.0,0.5555555555555556,1.0,0.6301228271521957,0.05263157894736842,0.006006006006006006,0.2857142857142857,0.3541666666666667,0.7116134060795005,0.5230125523012552,0.059850374064837925,0.10586011342154933,1.0,0.0,0.0,0.0,0.0,0.0,0.0,0.0,0.0,1.0,0.0,0.0,1.0,0.0,0.0,0.0,0.0,0.0,0.0,0.0,1.0,0.0,0.0,0.0,1.0
9632,0.1728395061728395,0.0,0.0,0.0,0.5555555555555556,0.0,0.6781891171876829,0.02631578947368421,1.0,0.0,0.3541666666666667,0.7116134060795005,0.5230125523012552,0.05939696214010429,0.10586011342154933,1.0,0.0,0.0,0.0,0.0,0.0,0.0,0.0,0.0,0.0,0.0,0.0,1.0,0.0,0.0,0.0,0.0,0.0,0.0,1.0,0.0,0.0,0.0,1.0,0.0
9633,0.1728395061728395,1.0,0.0,0.0,0.5555555555555556,0.0,0.6447157790225418,0.05263157894736842,1.0,0.0,0.3541666666666667,0.7116134060795005,0.5230125523012552,0.05939696214010429,0.10586011342154933,1.0,0.0,0.0,0.0,0.0,0.0,0.0,0.0,0.0,0.0,0.0,0.0,0.0,1.0,0.0,0.0,0.0,0.0,0.0,0.0,1.0,0.0,0.0,1.0,0.0
9634,0.20987654320987653,0.0,0.0,0.0,0.5555555555555556,0.0,0.6267455095549759,0.05263157894736842,0.006006006006006006,0.42857142857142855,0.3541666666666667,0.7116134060795005,0.5230125523012552,0.05939696214010429,0.10586011342154933,1.0,0.0,0.0,0.0,0.0,0.0,0.0,0.0,0.0,1.0,0.0,0.0,0.0,1.0,0.0,0.0,1.0,0.0,0.0,0.0,0.0,0.0,0.0,0.0,1.0
9635,0.34567901234567905,0.0,0.0,0.0,0.5555555555555556,0.0,0.5550613200712357,0.02631578947368421,1.0,0.14285714285714285,0.3541666666666667,0.7116134060795005,0.5230125523012552,0.05939696214010429,0.10586011342154933,0.0,0.0,0.0,0.0,0.0,0.0,0.0,0.0,0.0,1.0,0.0,0.0,1.0,0.0,0.0,0.0,0.0,0.0,0.0,0.0,1.0,0.0,0.0,0.0,0.0
9636,0.3333333333333333,0.0,0.0,0.0,0.5555555555555556,0.0,0.8962318984876008,0.07894736842105263,1.0,0.0,0.3541666666666667,0.7116134060795005,0.5230125523012552,0.05939696214010429,0.10586011342154933,1.0,0.0,0.0,0.0,0.0,1.0,0.0,0.0,0.0,0.0,0.0,0.0,0.0,1.0,0.0,0.0,0.0,1.0,0.0,0.0,0.0,0.0,0.0,1.0,0.0
9637,0.19753086419753085,1.0,0.0,0.0,0.5555555555555556,0.0,0.6568154229344138,0.05263157894736842,0.003003003003003003,0.5714285714285714,0.3541666666666667,0.7116134060795005,0.5230125523012552,0.05939696214010429,0.10586011342154933,1.0,0.0,0.0,0.0,0.0,0.0,0.0,0.0,1.0,0.0,0.0,0.0,1.0,0.0,0.0,0.0,0.0,0.0,0.0,1.0,0.0,0.0,0.0,0.0,1.0
9638,0.34567901234567905,1.0,1.0,1.0,0.5555555555555556,0.25,0.25847084160782274,0.0,1.0,0.0,0.3541666666666667,0.7116134060795005,0.5230125523012552,0.059170256177737496,0.10586011342154933,0.0,0.0,0.0,0.0,0.0,0.0,0.0,0.0,0.0,0.0,0.0,0.0,0.0,0.0,0.0,0.0,1.0,0.0,0.0,0.0,0.0,0.0,0.0,1.0,0.0
9639,0.5061728395061729,0.0,0.0,0.0,0.5555555555555556,0.25,0.6811028302176989,0.07894736842105263,0.006006006006006006,0.42857142857142855,0.3541666666666667,0.7116134060795005,0.5230125523012552,0.059170256177737496,0.10586011342154933,1.0,0.0,0.0,0.0,0.0,0.0,1.0,0.0,0.0,0.0,0.0,0.0,1.0,0.0,0.0,0.0,0.0,0.0,0.0,0.0,1.0,0.0,0.0,0.0,1.0
9640,0.2839506172839506,1.0,0.0,1.0,0.5555555555555556,0.75,0.6068862413262684,0.13157894736842105,1.0,0.14285714285714285,0.3541666666666667,0.7116134060795005,0.5230125523012552,0.05826343232827025,0.10586011342154933,0.0,0.0,0.0,0.0,0.0,0.0,0.0,0.0,0.0,0.0,0.0,0.0,1.0,0.0,0.0,0.0,0.0,1.0,0.0,0.0,0.0,0.0,0.0,0.0,0.0
9641,0.2716049382716049,1.0,1.0,1.0,0.5555555555555556,1.0,0.45038280300177924,0.0,1.0,0.0,0.3541666666666667,0.7116134060795005,0.5230125523012552,0.05803672636590343,0.10586011342154933,0.0,0.0,0.0,0.0,0.0,0.0,0.0,0.0,0.0,0.0,0.0,0.0,0.0,1.0,0.0,0.0,0.0,0.0,0.0,0.0,1.0,0.0,0.0,1.0,0.0
9642,0.2222222222222222,1.0,0.0,1.0,0.5555555555555556,0.5,0.3400093138083381,0.0,1.0,0.0,0.3541666666666667,0.7116134060795005,0.5230125523012552,0.05803672636590343,0.10586011342154933,0.0,0.0,1.0,0.0,0.0,0.0,0.0,0.0,0.0,0.0,0.0,0.0,1.0,0.0,0.0,0.0,1.0,0.0,0.0,0.0,0.0,0.0,0.0,1.0,0.0
9643,0.16049382716049382,0.0,0.0,0.0,0.5555555555555556,0.25,0.6870647544554597,0.0,1.0,0.0,0.3541666666666667,0.7116134060795005,0.5230125523012552,0.05712990251643618,0.10586011342154933,1.0,0.0,0.0,0.0,0.0,0.0,0.0,0.0,0.0,0.0,0.0,0.0,0.0,1.0,0.0,0.0,0.0,0.0,0.0,0.0,1.0,0.0,0.0,1.0,0.0
9644,0.024691358024691357,0.5,0.5,0.0,0.5555555555555556,0.25,0.8260312462106699,0.0,1.0,0.0,0.3541666666666667,0.7116134060795005,0.5230125523012552,0.05712990251643618,0.10586011342154933,1.0,0.0,0.0,0.0,0.0,0.0,0.0,0.0,1.0,0.0,0.0,0.0,0.0,1.0,0.0,0.0,0.0,1.0,0.0,0.0,0.0,0.0,0.0,1.0,0.0
9645,0.19753086419753085,1.0,0.0,0.0,0.5555555555555556,0.25,0.6513851442510553,0.07894736842105263,1.0,0.0,0.3541666666666667,0.7116134060795005,0.5230125523012552,0.05712990251643618,0.10586011342154933,1.0,1.0,0.0,0.0,0.0,0.0,0.0,0.0,0.0,0.0,0.0,0.0,1.0,0.0,0.0,0.0,0.0,0.0,0.0,1.0,0.0,0.0,0.0,1.0,0.0
9646,0.728395061728395,0.0,0.0,0.0,0.5555555555555556,0.25,0.614731491134803,0.0,1.0,0.14285714285714285,0.3541666666666667,0.7116134060795005,0.5230125523012552,0.05712990251643618,0.10586011342154933,1.0,0.0,0.0,0.0,0.0,1.0,0.0,0.0,0.0,0.0,0.0,0.0,0.0,0.0,0.0,0.0,0.0,0.0,0.0,0.0,0.0,0.0,0.0,0.0,0.0
9647,0.5308641975308641,1.0,0.0,0.0,0.5555555555555556,0.25,0.7170832336381597,0.02631578947368421,1.0,0.2857142857142857,0.3541666666666667,0.7116134060795005,0.5230125523012552,0.05712990251643618,0.10586011342154933,1.0,0.0,0.0,0.0,0.0,1.0,0.0,0.0,0.0,0.0,0.0,0.0,1.0,0.0,0.0,0.0,0.0,1.0,0.0,0.0,0.0,0.0,0.0,0.0,0.0
9648,0.48148148148148145,0.0,0.0,0.0,0.5555555555555556,0.25,0.7591731414671088,0.05263157894736842,1.0,0.14285714285714285,0.3541666666666667,0.7116134060795005,0.5230125523012552,0.05712990251643618,0.10586011342154933,1.0,0.0,0.0,0.0,0.0,1.0,0.0,0.0,0.0,0.0,0.0,0.0,1.0,0.0,0.0,0.0,0.0,0.0,0.0,0.0,1.0,0.0,0.0,0.0,0.0
9649,0.12345679012345678,1.0,0.0,0.0,0.5555555555555556,0.25,0.7094205620899076,0.10526315789473684,0.012012012012012012,0.14285714285714285,0.3541666666666667,0.7116134060795005,0.5230125523012552,0.05712990251643618,0.10586011342154933,1.0,0.0,0.0,0.0,0.0,0.0,0.0,0.0,0.0,0.0,0.0,0.0,1.0,0.0,0.0,0.0,0.0,0.0,0.0,0.0,1.0,0.0,0.0,0.0,1.0
9650,0.5802469135802468,1.0,0.0,0.0,0.6666666666666667,0.5,0.6360734596286551,0.02631578947368421,1.0,0.0,0.4791666666666667,0.7786438035853465,0.5564853556485354,0.05712990251643618,0.0,1.0,0.0,0.0,0.0,0.0,1.0,0.0,0.0,0.0,0.0,0.0,0.0,1.0,0.0,0.0,0.0,0.0,0.0,0.0,1.0,0.0,0.0,0.0,1.0,0.0
9651,0.6419753086419753,1.0,1.0,0.0,0.6666666666666667,0.5,0.7922246966436834,0.0,0.006006006006006006,0.2857142857142857,0.4791666666666667,0.7786438035853465,0.5564853556485354,0.05712990251643618,0.0,1.0,0.0,0.0,0.0,0.0,1.0,0.0,0.0,0.0,0.0,0.0,0.0,1.0,0.0,0.0,0.0,0.0,1.0,0.0,0.0,0.0,0.0,0.0,0.0,1.0
9652,0.19753086419753085,1.0,0.0,0.0,0.6666666666666667,0.5,0.6585712040288184,0.0,1.0,0.0,0.4791666666666667,0.7786438035853465,0.5564853556485354,0.05712990251643618,0.0,1.0,0.0,0.0,0.0,0.0,0.0,0.0,0.0,0.0,1.0,0.0,0.0,1.0,0.0,0.0,0.0,0.0,0.0,0.0,1.0,0.0,0.0,0.0,1.0,0.0
9653,0.24691358024691357,1.0,0.0,0.0,0.6666666666666667,0.5,0.7755737793373901,0.0,1.0,0.14285714285714285,0.4791666666666667,0.7786438035853465,0.5564853556485354,0.05712990251643618,0.0,1.0,0.0,0.0,0.0,0.0,0.0,0.0,0.0,0.0,0.0,0.0,0.0,1.0,0.0,0.0,0.0,0.0,0.0,0.0,0.0,1.0,0.0,0.0,0.0,0.0
9654,0.08641975308641975,1.0,0.0,0.0,0.6666666666666667,0.5,0.6713567691230875,0.0,0.005005005005005005,0.14285714285714285,0.4791666666666667,0.7786438035853465,0.5564853556485354,0.05712990251643618,0.0,1.0,0.0,0.0,0.0,0.0,0.0,0.0,0.0,1.0,0.0,0.0,0.0,0.0,1.0,0.0,0.0,0.0,0.0,0.0,0.0,0.0,1.0,0.0,0.0,1.0
9655,0.5308641975308641,1.0,0.0,0.0,0.6666666666666667,0.5,0.7267433793684569,0.0,1.0,0.14285714285714285,0.4791666666666667,0.7786438035853465,0.5564853556485354,0.05712990251643618,0.0,1.0,0.0,0.0,0.0,0.0,0.0,0.0,0.0,0.0,0.0,0.0,0.0,0.0,0.0,0.0,0.0,0.0,0.0,0.0,1.0,0.0,0.0,0.0,0.0,0.0
9656,0.5185185185185184,0.0,1.0,0.0,0.6666666666666667,0.5,0.6196852820090151,0.0,0.003003003003003003,0.14285714285714285,0.4791666666666667,0.7786438035853465,0.5564853556485354,0.05712990251643618,0.0,1.0,0.0,0.0,0.0,0.0,0.0,0.0,0.0,0.0,0.0,0.0,0.0,1.0,0.0,0.0,0.0,0.0,0.0,0.0,0.0,1.0,0.0,0.0,0.0,1.0
9657,0.34567901234567905,1.0,1.0,0.0,0.6666666666666667,0.5,0.6814620217929135,0.0,1.0,0.0,0.4791666666666667,0.7786438035853465,0.5564853556485354,0.05712990251643618,0.0,1.0,1.0,0.0,0.0,0.0,0.0,0.0,0.0,0.0,0.0,0.0,0.0,0.0,1.0,0.0,0.0,0.0,1.0,0.0,0.0,0.0,0.0,0.0,1.0,0.0
9658,0.24691358024691357,0.0,0.0,0.0,0.6666666666666667,0.5,0.6568154229344138,0.02631578947368421,0.006006006006006006,0.2857142857142857,0.4791666666666667,0.7786438035853465,0.5564853556485354,0.05712990251643618,0.0,1.0,0.0,0.0,0.0,0.0,0.0,0.0,0.0,0.0,0.0,0.0,0.0,1.0,0.0,0.0,0.0,0.0,0.0,0.0,0.0,1.0,0.0,0.0,0.0,1.0
9659,0.654320987654321,1.0,0.0,1.0,0.6666666666666667,0.5,0.6990820928544513,0.07894736842105263,1.0,0.0,0.4791666666666667,0.7786438035853465,0.5564853556485354,0.05712990251643618,0.0,0.0,0.0,0.0,0.0,0.0,1.0,0.0,0.0,0.0,0.0,0.0,0.0,0.0,0.0,0.0,0.0,0.0,0.0,0.0,1.0,0.0,0.0,0.0,1.0,0.0
9660,0.06172839506172839,0.0,0.0,0.0,0.6666666666666667,0.5,0.6956358100503017,0.05263157894736842,0.005005005005005005,0.14285714285714285,0.4791666666666667,0.7786438035853465,0.5564853556485354,0.05712990251643618,0.0,1.0,0.0,0.0,0.0,0.0,0.0,0.0,0.0,1.0,0.0,0.0,0.0,0.0,1.0,0.0,0.0,0.0,1.0,0.0,0.0,0.0,0.0,0.0,0.0,1.0
9661,0.34567901234567905,0.0,0.0,0.0,0.6666666666666667,0.5,0.6685887555427749,0.02631578947368421,0.003003003003003003,0.2857142857142857,0.4791666666666667,0.7786438035853465,0.5564853556485354,0.05712990251643618,0.0,1.0,0.0,0.0,0.0,1.0,0.0,0.0,0.0,0.0,0.0,0.0,0.0,1.0,0.0,0.0,0.0,0.0,0.0,0.0,0.0,1.0,0.0,0.0,0.0,1.0
9662,0.7901234567901234,0.0,0.0,0.0,0.6666666666666667,0.5,0.7385748062786976,0.02631578947368421,0.007007007007007007,0.14285714285714285,0.4791666666666667,0.7786438035853465,0.5564853556485354,0.05712990251643618,0.0,1.0,0.0,0.0,0.0,0.0,1.0,0.0,0.0,0.0,0.0,0.0,0.0,0.0,0.0,0.0,0.0,0.0,0.0,0.0,0.0,0.0,0.0,0.0,0.0,1.0
9663,0.4691358024691357,1.0,0.0,0.0,0.6666666666666667,0.75,0.8555713347511682,0.0,1.0,0.14285714285714285,0.4791666666666667,0.7786438035853465,0.5564853556485354,0.05667649059170257,0.0,1.0,0.0,0.0,0.0,1.0,0.0,0.0,0.0,0.0,0.0,0.0,0.0,0.0,0.0,0.0,0.0,0.0,0.0,0.0,0.0,1.0,0.0,0.0,0.0,0.0
9664,0.2716049382716049,1.0,0.0,0.0,0.6666666666666667,0.75,0.6677857821213365,0.05263157894736842,1.0,0.0,0.4791666666666667,0.7786438035853465,0.5564853556485354,0.05667649059170257,0.0,1.0,0.0,0.0,0.0,1.0,0.0,0.0,0.0,0.0,0.0,0.0,0.0,1.0,0.0,0.0,0.0,0.0,0.0,0.0,0.0,1.0,0.0,0.0,1.0,0.0
9665,0.5308641975308641,0.0,0.0,0.0,0.6666666666666667,0.75,0.7379108243682493,0.02631578947368421,0.006006006006006006,0.14285714285714285,0.4791666666666667,0.7786438035853465,0.5564853556485354,0.05667649059170257,0.0,1.0,0.0,0.0,0.0,0.0,1.0,0.0,0.0,0.0,0.0,0.0,0.0,1.0,0.0,0.0,0.0,0.0,0.0,0.0,0.0,1.0,0.0,0.0,0.0,1.0
9666,0.3703703703703703,0.0,0.0,0.0,0.6666666666666667,0.75,0.6933889585355939,0.0,0.017017017017017015,0.2857142857142857,0.4791666666666667,0.7786438035853465,0.5564853556485354,0.05667649059170257,0.0,1.0,0.0,0.0,0.0,1.0,0.0,0.0,0.0,0.0,0.0,0.0,0.0,1.0,0.0,0.0,0.0,0.0,0.0,0.0,0.0,1.0,0.0,0.0,0.0,1.0
9667,0.5308641975308641,0.0,0.0,0.0,0.6666666666666667,0.75,0.7863452998357148,0.02631578947368421,1.0,0.0,0.4791666666666667,0.7786438035853465,0.5564853556485354,0.05667649059170257,0.0,1.0,0.0,0.0,0.0,0.0,1.0,0.0,0.0,0.0,0.0,0.0,0.0,1.0,0.0,0.0,0.0,0.0,0.0,0.0,0.0,1.0,0.0,0.0,1.0,0.0
9668,0.18518518518518517,1.0,0.0,0.0,0.6666666666666667,0.75,0.7062681526322143,0.0,0.006006006006006006,0.42857142857142855,0.4791666666666667,0.7786438035853465,0.5564853556485354,0.05667649059170257,0.0,1.0,0.0,0.0,0.0,0.0,0.0,0.0,1.0,0.0,0.0,0.0,0.0,0.0,1.0,0.0,0.0,0.0,0.0,0.0,0.0,1.0,0.0,0.0,0.0,1.0
9669,0.18518518518518517,1.0,0.0,0.0,0.6666666666666667,0.75,0.5902084636135368,0.02631578947368421,0.01001001001001001,0.42857142857142855,0.4791666666666667,0.7786438035853465,0.5564853556485354,0.05667649059170257,0.0,1.0,0.0,0.0,0.0,0.0,0.0,0.0,0.0,0.0,0.0,0.0,0.0,0.0,1.0,0.0,0.0,0.0,0.0,0.0,0.0,1.0,0.0,0.0,0.0,1.0
9670,0.3209876543209876,0.0,0.0,0.0,0.6666666666666667,1.0,0.6590060849288549,0.02631578947368421,0.009009009009009009,0.14285714285714285,0.4791666666666667,0.7786438035853465,0.5564853556485354,0.05644978462933575,0.0,1.0,0.0,0.0,0.0,0.0,0.0,0.0,0.0,0.0,0.0,1.0,0.0,1.0,0.0,0.0,0.0,1.0,0.0,0.0,0.0,0.0,0.0,0.0,0.0,1.0
9671,0.4938271604938272,0.0,0.0,0.0,0.6666666666666667,1.0,0.6620060509558884,0.02631578947368421,0.006006006006006006,0.2857142857142857,0.4791666666666667,0.7786438035853465,0.5564853556485354,0.05644978462933575,0.0,1.0,0.0,0.0,0.0,1.0,0.0,0.0,0.0,0.0,0.0,0.0,0.0,1.0,0.0,0.0,0.0,0.0,0.0,0.0,0.0,1.0,0.0,0.0,0.0,1.0
9672,0.1728395061728395,0.0,0.0,0.0,0.6666666666666667,1.0,0.6509210996671051,0.02631578947368421,0.003003003003003003,0.2857142857142857,0.4791666666666667,0.7786438035853465,0.5564853556485354,0.05644978462933575,0.0,1.0,0.0,0.0,0.0,0.0,0.0,0.0,0.0,0.0,0.0,0.0,0.0,0.0,1.0,0.0,0.0,0.0,1.0,0.0,0.0,0.0,0.0,0.0,0.0,1.0
9673,0.20987654320987653,0.5,0.5,0.0,0.6666666666666667,1.0,0.56984667205054,0.0,0.006006006006006006,0.5714285714285714,0.4791666666666667,0.7786438035853465,0.5564853556485354,0.05644978462933575,0.0,0.0,0.0,0.0,0.0,0.0,0.0,0.0,0.0,0.0,1.0,0.0,0.0,1.0,0.0,0.0,0.0,0.0,0.0,0.0,1.0,0.0,0.0,0.0,0.0,1.0
9674,0.16049382716049382,0.0,0.0,0.0,0.6666666666666667,1.0,0.634480182683441,0.05263157894736842,0.006006006006006006,0.14285714285714285,0.4791666666666667,0.7786438035853465,0.5564853556485354,0.05644978462933575,0.0,1.0,0.0,0.0,0.0,0.0,0.0,0.0,0.0,0.0,0.0,0.0,0.0,0.0,1.0,0.0,0.0,0.0,1.0,0.0,0.0,0.0,0.0,0.0,0.0,1.0
9675,0.7160493827160492,0.0,0.0,1.0,0.6666666666666667,1.0,0.7409778362545074,0.21052631578947367,1.0,0.14285714285714285,0.4791666666666667,0.7786438035853465,0.5564853556485354,0.05644978462933575,0.0,0.0,0.0,0.0,0.0,0.0,1.0,0.0,0.0,0.0,0.0,0.0,0.0,1.0,0.0,0.0,0.0,1.0,0.0,0.0,0.0,0.0,0.0,0.0,0.0,0.0
9676,0.419753086419753,1.0,0.0,0.0,0.6666666666666667,0.0,0.7923644888758032,0.02631578947368421,1.0,0.2857142857142857,0.4791666666666667,0.7786438035853465,0.5564853556485354,0.05622307866696896,0.0,1.0,0.0,0.0,0.0,0.0,0.0,0.0,0.0,0.0,1.0,0.0,0.0,1.0,0.0,0.0,0.0,0.0,0.0,0.0,1.0,0.0,0.0,0.0,0.0,0.0
9677,0.09876543209876543,1.0,1.0,1.0,0.6666666666666667,0.0,0.5743891340707834,0.0,1.0,0.0,0.4791666666666667,0.7786438035853465,0.5564853556485354,0.05622307866696896,0.0,0.0,0.0,0.0,0.0,0.0,0.0,0.0,0.0,1.0,0.0,0.0,0.0,0.0,1.0,0.0,0.0,0.0,0.0,0.0,0.0,1.0,0.0,0.0,1.0,0.0
9678,0.06172839506172839,1.0,0.0,0.0,0.6666666666666667,0.0,0.6202900913078108,0.02631578947368421,1.0,0.42857142857142855,0.4791666666666667,0.7786438035853465,0.5564853556485354,0.05622307866696896,0.0,1.0,0.0,0.0,0.0,0.0,0.0,0.0,0.0,0.0,0.0,0.0,0.0,0.0,1.0,0.0,0.0,0.0,0.0,0.0,0.0,1.0,0.0,0.0,0.0,0.0
9679,0.19753086419753085,0.0,0.0,0.0,0.6666666666666667,0.0,0.6956358100503017,0.05263157894736842,1.0,0.0,0.4791666666666667,0.7786438035853465,0.5564853556485354,0.05622307866696896,0.0,1.0,0.0,0.0,0.0,0.0,0.0,0.0,0.0,0.0,0.0,0.0,0.0,1.0,0.0,0.0,0.0,0.0,0.0,0.0,0.0,1.0,0.0,0.0,1.0,0.0
9680,0.3209876543209876,0.0,0.0,0.0,0.6666666666666667,0.0,0.6523077776041232,0.0,0.003003003003003003,0.14285714285714285,0.4791666666666667,0.7786438035853465,0.5564853556485354,0.05622307866696896,0.0,1.0,0.0,1.0,0.0,0.0,0.0,0.0,0.0,0.0,0.0,0.0,0.0,1.0,0.0,0.0,0.0,0.0,0.0,0.0,0.0,1.0,0.0,0.0,0.0,1.0
9681,0.20987654320987653,1.0,0.0,1.0,0.6666666666666667,0.0,0.2923123652049422,0.0,1.0,0.14285714285714285,0.4791666666666667,0.7786438035853465,0.5564853556485354,0.05622307866696896,0.0,0.0,0.0,0.0,0.0,0.0,0.0,0.0,1.0,0.0,0.0,0.0,0.0,0.0,0.0,0.0,0.0,0.0,1.0,0.0,0.0,0.0,0.0,0.0,0.0,0.0
9682,0.728395061728395,1.0,0.0,0.0,0.6666666666666667,0.0,0.5787626916748434,0.0,1.0,0.2857142857142857,0.4791666666666667,0.7786438035853465,0.5564853556485354,0.05622307866696896,0.0,0.0,0.0,0.0,0.0,0.0,1.0,0.0,0.0,0.0,0.0,0.0,0.0,1.0,0.0,0.0,0.0,0.0,0.0,0.0,0.0,0.0,0.0,0.0,0.0,0.0
9683,0.2222222222222222,0.0,0.0,0.0,0.6666666666666667,0.0,0.7094205620899076,0.0,1.0,0.2857142857142857,0.4791666666666667,0.7786438035853465,0.5564853556485354,0.05622307866696896,0.0,1.0,0.0,0.0,0.0,0.0,0.0,0.0,0.0,0.0,0.0,0.0,0.0,1.0,0.0,0.0,0.0,0.0,1.0,0.0,0.0,0.0,0.0,0.0,0.0,0.0
9684,0.18518518518518517,0.5,0.5,0.0,0.6666666666666667,0.0,0.8013712334993324,0.0,0.006006006006006006,0.5714285714285714,0.4791666666666667,0.7786438035853465,0.5564853556485354,0.05622307866696896,0.0,1.0,0.0,0.0,0.0,0.0,0.0,0.0,0.0,0.0,0.0,0.0,0.0,1.0,0.0,0.0,0.0,0.0,1.0,0.0,0.0,0.0,0.0,0.0,0.0,1.0
9685,0.20987654320987653,0.0,1.0,0.0,0.6666666666666667,0.0,0.6499874824690127,0.05263157894736842,1.0,0.0,0.4791666666666667,0.7786438035853465,0.5564853556485354,0.05622307866696896,0.0,1.0,0.0,0.0,0.0,0.0,0.0,0.0,0.0,0.0,0.0,0.0,0.0,1.0,0.0,0.0,0.0,0.0,0.0,0.0,0.0,1.0,0.0,0.0,1.0,0.0
9686,0.6049382716049383,0.0,0.0,0.0,0.6666666666666667,0.25,0.7651329115897525,0.0,1.0,0.14285714285714285,0.4791666666666667,0.7786438035853465,0.5564853556485354,0.05599637270460214,0.0,0.0,0.0,0.0,0.0,0.0,1.0,0.0,0.0,0.0,0.0,0.0,0.0,1.0,0.0,0.0,0.0,0.0,0.0,0.0,0.0,0.0,1.0,0.0,0.0,0.0
9687,0.8395061728395061,0.0,0.0,0.0,0.6666666666666667,0.25,0.7754125248234682,0.0,0.003003003003003003,0.2857142857142857,0.4791666666666667,0.7786438035853465,0.5564853556485354,0.05599637270460214,0.0,1.0,0.0,0.0,0.0,0.0,1.0,0.0,0.0,0.0,0.0,0.0,0.0,1.0,0.0,0.0,0.0,0.0,0.0,0.0,0.0,0.0,0.0,0.0,0.0,1.0
9688,0.8888888888888888,1.0,0.0,0.0,0.6666666666666667,0.25,0.6767047422935657,0.0,1.0,0.0,0.4791666666666667,0.7786438035853465,0.5564853556485354,0.05599637270460214,0.0,1.0,0.0,0.0,0.0,0.0,1.0,0.0,0.0,0.0,0.0,0.0,0.0,0.0,0.0,0.0,0.0,0.0,0.0,0.0,0.0,0.0,0.0,0.0,1.0,0.0
9689,0.6049382716049383,1.0,0.0,0.0,0.6666666666666667,0.25,0.8517549091547678,0.02631578947368421,0.006006006006006006,0.14285714285714285,0.4791666666666667,0.7786438035853465,0.5564853556485354,0.05599637270460214,0.0,1.0,0.0,0.0,0.0,0.0,1.0,0.0,0.0,0.0,0.0,0.0,0.0,1.0,0.0,0.0,0.0,0.0,0.0,0.0,0.0,0.0,1.0,0.0,0.0,1.0
9690,0.1111111111111111,1.0,0.0,0.0,0.6666666666666667,0.25,0.7009201794617362,0.05263157894736842,0.006006006006006006,0.42857142857142855,0.4791666666666667,0.7786438035853465,0.5564853556485354,0.05599637270460214,0.0,1.0,0.0,0.0,0.0,0.0,0.0,0.0,0.0,0.0,0.0,0.0,0.0,0.0,1.0,0.0,0.0,0.0,0.0,0.0,0.0,1.0,0.0,0.0,0.0,1.0
9691,0.2345679012345679,0.0,0.0,0.0,0.6666666666666667,0.25,0.6178519698461769,0.05263157894736842,0.006006006006006006,0.14285714285714285,0.4791666666666667,0.7786438035853465,0.5564853556485354,0.05599637270460214,0.0,1.0,0.0,0.0,0.0,1.0,0.0,0.0,0.0,0.0,0.0,0.0,0.0,0.0,0.0,0.0,0.0,0.0,0.0,0.0,0.0,1.0,0.0,0.0,0.0,1.0
9692,0.2345679012345679,1.0,0.0,0.0,0.6666666666666667,0.25,0.6849948743751764,0.0,0.006006006006006006,0.14285714285714285,0.4791666666666667,0.7786438035853465,0.5564853556485354,0.05599637270460214,0.0,1.0,0.0,0.0,0.0,1.0,0.0,0.0,0.0,0.0,0.0,0.0,0.0,0.0,0.0,0.0,0.0,0.0,0.0,0.0,0.0,1.0,0.0,0.0,0.0,1.0
9693,0.1111111111111111,1.0,0.0,0.0,0.6666666666666667,0.25,0.6244388640920251,0.0,1.0,0.0,0.4791666666666667,0.7786438035853465,0.5564853556485354,0.05599637270460214,0.0,1.0,0.0,0.0,0.0,0.0,0.0,0.0,0.0,0.0,0.0,0.0,0.0,0.0,1.0,0.0,0.0,0.0,0.0,0.0,0.0,1.0,0.0,0.0,1.0,0.0
9694,0.8518518518518516,1.0,0.0,0.0,0.6666666666666667,0.25,0.6665709505038611,0.05263157894736842,1.0,0.0,0.4791666666666667,0.7786438035853465,0.5564853556485354,0.05599637270460214,0.0,1.0,0.0,0.0,0.0,0.0,1.0,0.0,0.0,0.0,0.0,0.0,0.0,1.0,0.0,0.0,0.0,0.0,0.0,0.0,0.0,0.0,0.0,0.0,1.0,0.0
9695,0.30864197530864196,0.0,0.0,0.0,0.6666666666666667,0.5,0.7599118261517549,0.0,0.014014014014014014,0.14285714285714285,0.4791666666666667,0.7786438035853465,0.5564853556485354,0.055769666742235324,0.0,1.0,0.0,0.0,0.0,0.0,0.0,0.0,0.0,0.0,0.0,0.0,0.0,0.0,1.0,0.0,0.0,0.0,1.0,0.0,0.0,0.0,0.0,0.0,0.0,1.0
9696,0.3333333333333333,0.0,0.0,0.0,0.6666666666666667,0.5,0.6295666315558228,0.0,0.003003003003003003,0.42857142857142855,0.4791666666666667,0.7786438035853465,0.5564853556485354,0.055769666742235324,0.0,1.0,0.0,0.0,0.0,1.0,0.0,0.0,0.0,0.0,0.0,0.0,0.0,1.0,0.0,0.0,0.0,0.0,0.0,0.0,0.0,1.0,0.0,0.0,0.0,1.0
9697,0.6172839506172838,1.0,0.0,0.0,0.6666666666666667,0.5,0.635013676339261,0.02631578947368421,0.006006006006006006,0.2857142857142857,0.4791666666666667,0.7786438035853465,0.5564853556485354,0.055769666742235324,0.0,1.0,0.0,0.0,0.0,0.0,0.0,0.0,0.0,0.0,0.0,0.0,1.0,0.0,0.0,0.0,0.0,0.0,0.0,0.0,0.0,0.0,1.0,1.0,0.0,1.0
9698,0.35802469135802467,1.0,0.0,0.0,0.6666666666666667,0.5,0.7584297889177843,0.0,1.0,0.0,0.4791666666666667,0.7786438035853465,0.5564853556485354,0.055769666742235324,0.0,1.0,0.0,0.0,0.0,0.0,0.0,0.0,1.0,0.0,0.0,0.0,0.0,1.0,0.0,0.0,0.0,0.0,0.0,0.0,0.0,1.0,0.0,0.0,1.0,0.0
9699,0.18518518518518517,0.0,0.0,0.0,0.6666666666666667,0.5,0.7908175608524628,0.02631578947368421,1.0,0.0,0.4791666666666667,0.7786438035853465,0.5564853556485354,0.055769666742235324,0.0,1.0,1.0,0.0,0.0,0.0,0.0,0.0,0.0,0.0,0.0,0.0,0.0,1.0,0.0,0.0,0.0,0.0,0.0,0.0,0.0,0.0,0.0,0.0,1.0,0.0
9700,0.1728395061728395,0.5,0.5,0.0,0.6666666666666667,0.5,0.7721401260638224,0.02631578947368421,0.006006006006006006,0.2857142857142857,0.4791666666666667,0.7786438035853465,0.5564853556485354,0.055769666742235324,0.0,1.0,0.0,0.0,0.0,0.0,0.0,0.0,0.0,1.0,0.0,0.0,0.0,0.0,1.0,0.0,0.0,0.0,0.0,0.0,0.0,0.0,1.0,0.0,0.0,1.0
9701,0.13580246913580246,1.0,0.0,0.0,0.6666666666666667,0.5,0.6920855086403026,0.05263157894736842,0.006006006006006006,0.14285714285714285,0.4791666666666667,0.7786438035853465,0.5564853556485354,0.055769666742235324,0.0,1.0,0.0,0.0,0.0,1.0,0.0,0.0,0.0,0.0,0.0,0.0,0.0,0.0,1.0,0.0,0.0,0.0,0.0,0.0,0.0,1.0,0.0,0.0,0.0,1.0
9702,0.18518518518518517,0.0,0.0,1.0,0.6666666666666667,0.5,0.7538682423174289,0.05263157894736842,0.003003003003003003,0.5714285714285714,0.4791666666666667,0.7786438035853465,0.5564853556485354,0.055769666742235324,0.0,1.0,1.0,0.0,0.0,0.0,0.0,0.0,0.0,0.0,0.0,0.0,0.0,1.0,0.0,0.0,0.0,0.0,0.0,0.0,0.0,0.0,0.0,0.0,0.0,1.0
9703,0.34567901234567905,0.0,0.0,0.0,0.6666666666666667,0.5,0.8218657898415808,0.02631578947368421,1.0,0.0,0.4791666666666667,0.7786438035853465,0.5564853556485354,0.055769666742235324,0.0,1.0,0.0,0.0,0.0,0.0,0.0,0.0,0.0,0.0,0.0,1.0,0.0,1.0,0.0,0.0,0.0,0.0,1.0,0.0,0.0,0.0,0.0,0.0,1.0,0.0
9704,0.25925925925925924,1.0,0.0,0.0,0.6666666666666667,0.75,0.6649314096852046,0.05263157894736842,0.022022022022022022,0.14285714285714285,0.4791666666666667,0.7786438035853465,0.5564853556485354,0.055542960779868505,0.0,1.0,0.0,0.0,0.0,0.0,0.0,0.0,0.0,0.0,1.0,0.0,0.0,0.0,1.0,0.0,0.0,0.0,0.0,0.0,1.0,0.0,0.0,0.0,0.0,1.0
9705,0.14814814814814814,1.0,0.0,0.0,0.6666666666666667,0.75,0.6328650293995502,0.0,0.006006006006006006,0.2857142857142857,0.4791666666666667,0.7786438035853465,0.5564853556485354,0.055542960779868505,0.0,1.0,0.0,0.0,0.0,0.0,0.0,0.0,0.0,0.0,0.0,0.0,0.0,0.0,1.0,0.0,0.0,0.0,1.0,0.0,0.0,0.0,0.0,0.0,0.0,1.0
9706,0.5308641975308641,1.0,1.0,0.0,0.6666666666666667,0.75,0.6550330380858423,0.0,0.006006006006006006,0.14285714285714285,0.4791666666666667,0.7786438035853465,0.5564853556485354,0.055542960779868505,0.0,1.0,0.0,0.0,0.0,0.0,0.0,0.0,0.0,0.0,0.0,0.0,0.0,1.0,0.0,0.0,0.0,0.0,0.0,0.0,1.0,0.0,0.0,0.0,0.0,1.0
9707,0.34567901234567905,0.0,0.0,1.0,0.6666666666666667,0.75,0.8526788600984573,0.0,0.006006006006006006,0.2857142857142857,0.4791666666666667,0.7786438035853465,0.5564853556485354,0.055542960779868505,0.0,1.0,0.0,0.0,0.0,0.0,0.0,0.0,0.0,0.0,0.0,1.0,0.0,1.0,0.0,0.0,0.0,0.0,0.0,0.0,1.0,0.0,0.0,1.0,0.0,0.0
9708,0.34567901234567905,0.0,0.0,0.0,0.6666666666666667,0.75,0.7672273612700455,0.0,1.0,0.0,0.4791666666666667,0.7786438035853465,0.5564853556485354,0.055542960779868505,0.0,1.0,0.0,0.0,0.0,0.0,0.0,0.0,0.0,0.0,0.0,1.0,0.0,1.0,0.0,0.0,0.0,0.0,0.0,0.0,1.0,0.0,0.0,1.0,1.0,0.0
9709,0.12345679012345678,1.0,0.0,0.0,0.6666666666666667,0.75,0.7062681526322143,0.0,0.006006006006006006,0.14285714285714285,0.4791666666666667,0.7786438035853465,0.5564853556485354,0.055542960779868505,0.0,1.0,0.0,0.0,0.0,0.0,0.0,0.0,0.0,0.0,1.0,0.0,0.0,0.0,1.0,0.0,0.0,0.0,0.0,0.0,0.0,1.0,0.0,0.0,0.0,1.0
9710,0.12345679012345678,1.0,0.0,0.0,0.6666666666666667,0.75,0.7381325683537684,0.0,0.003003003003003003,0.14285714285714285,0.4791666666666667,0.7786438035853465,0.5564853556485354,0.055542960779868505,0.0,1.0,0.0,0.0,0.0,0.0,0.0,0.0,0.0,0.0,1.0,0.0,0.0,0.0,1.0,0.0,0.0,0.0,0.0,0.0,0.0,1.0,0.0,0.0,0.0,1.0
9711,0.25925925925925924,0.0,0.0,0.0,0.6666666666666667,0.75,0.7135875319736221,0.07894736842105263,1.0,0.0,0.4791666666666667,0.7786438035853465,0.5564853556485354,0.055542960779868505,0.0,1.0,0.0,0.0,0.0,0.0,0.0,0.0,0.0,0.0,1.0,0.0,0.0,0.0,1.0,0.0,0.0,0.0,0.0,0.0,1.0,0.0,0.0,0.0,1.0,0.0
9712,0.19753086419753085,1.0,0.0,0.0,0.6666666666666667,0.75,0.6250197795910157,0.0,1.0,0.0,0.4791666666666667,0.7786438035853465,0.5564853556485354,0.055542960779868505,0.0,1.0,0.0,0.0,0.0,0.0,0.0,0.0,0.0,0.0,0.0,0.0,0.0,1.0,0.0,0.0,0.0,0.0,1.0,0.0,0.0,0.0,0.0,0.0,1.0,0.0
9713,0.24691358024691357,0.0,0.0,0.0,0.6666666666666667,0.75,0.6290077936901697,0.0,0.003003003003003003,0.5714285714285714,0.4791666666666667,0.7786438035853465,0.5564853556485354,0.055542960779868505,0.0,1.0,0.0,0.0,0.0,0.0,0.0,0.0,0.0,0.0,0.0,0.0,0.0,0.0,1.0,0.0,0.0,0.0,0.0,0.0,0.0,1.0,0.0,0.0,0.0,1.0
9714,0.1111111111111111,1.0,0.0,0.0,0.6666666666666667,0.75,0.6732947890602686,0.0,1.0,0.14285714285714285,0.4791666666666667,0.7786438035853465,0.5564853556485354,0.055542960779868505,0.0,1.0,0.0,0.0,0.0,0.0,0.0,0.0,0.0,0.0,1.0,0.0,0.0,0.0,1.0,0.0,0.0,1.0,0.0,0.0,0.0,0.0,0.0,0.0,0.0,0.0
9715,0.20987654320987653,0.0,0.0,0.0,0.6666666666666667,0.75,0.6261730746079361,0.0,0.012012012012012012,0.14285714285714285,0.4791666666666667,0.7786438035853465,0.5564853556485354,0.055542960779868505,0.0,1.0,0.0,0.0,0.0,0.0,0.0,0.0,0.0,0.0,0.0,0.0,0.0,0.0,1.0,0.0,0.0,0.0,1.0,0.0,0.0,0.0,0.0,0.0,0.0,1.0
9716,0.12345679012345678,0.0,0.0,0.0,0.6666666666666667,0.75,0.6027582686746316,0.05263157894736842,0.003003003003003003,0.14285714285714285,0.4791666666666667,0.7786438035853465,0.5564853556485354,0.055542960779868505,0.0,1.0,0.0,0.0,0.0,0.0,0.0,0.0,0.0,0.0,0.0,0.0,0.0,0.0,1.0,0.0,0.0,0.0,0.0,0.0,0.0,1.0,0.0,0.0,0.0,1.0
9717,0.25925925925925924,1.0,0.0,0.0,0.6666666666666667,0.75,0.7009201794617362,0.02631578947368421,0.006006006006006006,0.14285714285714285,0.4791666666666667,0.7786438035853465,0.5564853556485354,0.055542960779868505,0.0,1.0,0.0,0.0,0.0,0.0,0.0,0.0,0.0,0.0,1.0,0.0,0.0,0.0,1.0,0.0,0.0,0.0,0.0,0.0,1.0,0.0,0.0,0.0,0.0,1.0
9718,0.8148148148148147,0.0,0.0,0.0,0.6666666666666667,0.75,0.6581347094668296,0.0,0.009009009009009009,0.42857142857142855,0.4791666666666667,0.7786438035853465,0.5564853556485354,0.055542960779868505,0.0,1.0,0.0,0.0,0.0,0.0,1.0,0.0,0.0,0.0,0.0,0.0,0.0,0.0,0.0,0.0,0.0,0.0,0.0,0.0,0.0,0.0,0.0,0.0,0.0,1.0
9719,0.08641975308641975,1.0,0.0,0.0,0.6666666666666667,1.0,0.8175474029857139,0.10526315789473684,1.0,0.42857142857142855,0.4791666666666667,0.7786438035853465,0.5564853556485354,0.055316254817501714,0.0,1.0,0.0,0.0,0.0,0.0,0.0,0.0,0.0,0.0,1.0,0.0,0.0,0.0,1.0,0.0,0.0,0.0,0.0,0.0,1.0,0.0,0.0,0.0,0.0,0.0
9720,0.5802469135802468,1.0,1.0,1.0,0.6666666666666667,1.0,0.6301228271521957,0.02631578947368421,0.006006006006006006,0.2857142857142857,0.4791666666666667,0.7786438035853465,0.5564853556485354,0.055316254817501714,0.0,1.0,0.0,0.0,0.0,0.0,1.0,0.0,0.0,0.0,0.0,0.0,0.0,0.0,0.0,0.0,0.0,0.0,0.0,0.0,0.0,0.0,0.0,0.0,0.0,1.0
9721,0.14814814814814814,0.5,0.5,0.0,0.6666666666666667,1.0,0.6523077776041232,0.0,0.003003003003003003,0.2857142857142857,0.4791666666666667,0.7786438035853465,0.5564853556485354,0.055316254817501714,0.0,1.0,0.0,0.0,0.0,0.0,0.0,0.0,0.0,0.0,1.0,0.0,0.0,0.0,1.0,0.0,0.0,0.0,0.0,0.0,1.0,0.0,0.0,0.0,0.0,1.0
9722,0.25925925925925924,0.0,0.0,0.0,0.6666666666666667,1.0,0.6527663947522088,0.02631578947368421,1.0,0.0,0.4791666666666667,0.7786438035853465,0.5564853556485354,0.055316254817501714,0.0,1.0,0.0,0.0,0.0,0.0,0.0,0.0,1.0,0.0,0.0,0.0,0.0,0.0,1.0,0.0,0.0,0.0,1.0,0.0,0.0,0.0,0.0,0.0,1.0,0.0
9723,0.07407407407407407,1.0,1.0,0.0,0.6666666666666667,0.0,0.6339442585242172,0.05263157894736842,0.006006006006006006,0.2857142857142857,0.4791666666666667,0.7786438035853465,0.5564853556485354,0.055542960779868505,0.0,1.0,0.0,0.0,0.0,0.0,0.0,0.0,0.0,1.0,0.0,0.0,0.0,0.0,1.0,0.0,0.0,1.0,0.0,0.0,0.0,0.0,0.0,0.0,0.0,1.0
9724,0.14814814814814814,0.0,0.0,0.0,0.6666666666666667,0.0,0.6603011638753588,0.05263157894736842,1.0,0.2857142857142857,0.4791666666666667,0.7786438035853465,0.5564853556485354,0.055542960779868505,0.0,1.0,0.0,0.0,0.0,0.0,0.0,0.0,0.0,0.0,1.0,0.0,0.0,0.0,1.0,0.0,0.0,0.0,0.0,0.0,1.0,0.0,0.0,0.0,0.0,0.0
9725,0.6666666666666665,0.0,0.0,0.0,0.6666666666666667,0.0,0.6937125767575353,0.0,1.0,0.0,0.4791666666666667,0.7786438035853465,0.5564853556485354,0.055542960779868505,0.0,1.0,0.0,0.0,0.0,0.0,1.0,0.0,0.0,0.0,0.0,0.0,0.0,1.0,0.0,0.0,0.0,0.0,1.0,0.0,0.0,0.0,0.0,0.0,1.0,0.0
9726,0.1728395061728395,0.0,0.0,1.0,0.6666666666666667,0.0,0.28207676886584127,0.0,1.0,0.0,0.4791666666666667,0.7786438035853465,0.5564853556485354,0.055542960779868505,0.0,0.0,0.0,0.0,0.0,0.0,0.0,0.0,1.0,0.0,0.0,0.0,0.0,0.0,1.0,0.0,0.0,0.0,1.0,0.0,0.0,0.0,0.0,0.0,1.0,0.0
9727,0.4938271604938272,0.0,0.0,0.0,0.6666666666666667,0.25,0.7247745442978097,0.0,0.003003003003003003,0.7142857142857142,0.4791666666666667,0.7786438035853465,0.5564853556485354,0.055089548855134896,0.0,1.0,0.0,0.0,0.0,0.0,0.0,0.0,0.0,0.0,0.0,0.0,0.0,0.0,0.0,0.0,0.0,0.0,1.0,0.0,0.0,0.0,0.0,0.0,0.0,1.0
9728,0.8271604938271604,0.0,0.0,0.0,0.6666666666666667,0.25,0.6835944393892373,0.0,0.003003003003003003,0.2857142857142857,0.4791666666666667,0.7786438035853465,0.5564853556485354,0.055089548855134896,0.0,1.0,0.0,0.0,0.0,0.0,1.0,0.0,0.0,0.0,0.0,0.0,0.0,0.0,0.0,0.0,0.0,0.0,0.0,0.0,0.0,0.0,1.0,1.0,0.0,1.0
9729,0.2716049382716049,1.0,1.0,0.0,0.6666666666666667,0.25,0.6920855086403026,0.02631578947368421,1.0,0.0,0.4791666666666667,0.7786438035853465,0.5564853556485354,0.055089548855134896,0.0,1.0,0.0,0.0,0.0,1.0,0.0,0.0,0.0,0.0,0.0,0.0,0.0,1.0,0.0,0.0,0.0,0.0,0.0,0.0,0.0,1.0,0.0,0.0,1.0,0.0
9730,0.8024691358024691,0.0,0.0,1.0,0.6666666666666667,0.25,0.6628493172872891,0.05263157894736842,0.003003003003003003,0.2857142857142857,0.4791666666666667,0.7786438035853465,0.5564853556485354,0.055089548855134896,0.0,1.0,0.0,0.0,1.0,0.0,0.0,0.0,0.0,0.0,0.0,0.0,0.0,1.0,0.0,0.0,0.0,0.0,0.0,0.0,0.0,0.0,0.0,0.0,0.0,1.0
9731,0.16049382716049382,0.0,0.0,0.0,0.6666666666666667,0.25,0.6355447614376443,0.02631578947368421,1.0,0.14285714285714285,0.4791666666666667,0.7786438035853465,0.5564853556485354,0.055089548855134896,0.0,1.0,0.0,0.0,0.0,0.0,0.0,0.0,0.0,0.0,1.0,0.0,0.0,0.0,1.0,0.0,0.0,0.0,0.0,0.0,1.0,0.0,0.0,0.0,0.0,0.0
9732,0.8518518518518516,1.0,1.0,0.0,0.6666666666666667,0.25,0.6301228271521957,0.0,0.007007007007007007,0.5714285714285714,0.4791666666666667,0.7786438035853465,0.5564853556485354,0.055089548855134896,0.0,1.0,0.0,0.0,0.0,0.0,1.0,0.0,0.0,0.0,0.0,0.0,0.0,1.0,0.0,0.0,0.0,0.0,0.0,0.0,0.0,0.0,1.0,1.0,0.0,1.0
9733,0.20987654320987653,1.0,1.0,0.0,0.6666666666666667,0.25,0.7077115468084515,0.0,1.0,0.14285714285714285,0.4791666666666667,0.7786438035853465,0.5564853556485354,0.055089548855134896,0.0,1.0,0.0,0.0,0.0,0.0,0.0,0.0,0.0,0.0,0.0,0.0,0.0,1.0,0.0,0.0,0.0,0.0,0.0,0.0,1.0,0.0,0.0,0.0,0.0,0.0
9734,0.20987654320987653,0.0,0.0,0.0,0.6666666666666667,0.25,0.6402196209389266,0.0,0.003003003003003003,0.42857142857142855,0.4791666666666667,0.7786438035853465,0.5564853556485354,0.055089548855134896,0.0,1.0,0.0,0.0,0.0,0.0,0.0,0.0,0.0,0.0,0.0,0.0,0.0,1.0,0.0,0.0,0.0,0.0,0.0,0.0,1.0,0.0,0.0,0.0,0.0,1.0
9735,0.1728395061728395,1.0,1.0,0.0,0.6666666666666667,0.25,0.6202900913078108,0.0,1.0,0.0,0.4791666666666667,0.7786438035853465,0.5564853556485354,0.055089548855134896,0.0,1.0,0.0,0.0,0.0,0.0,0.0,0.0,0.0,0.0,0.0,0.0,0.0,0.0,1.0,0.0,0.0,0.0,0.0,0.0,0.0,1.0,0.0,0.0,1.0,0.0
9736,0.4444444444444445,0.0,0.0,0.0,0.6666666666666667,0.25,0.7062681526322143,0.02631578947368421,0.003003003003003003,0.2857142857142857,0.4791666666666667,0.7786438035853465,0.5564853556485354,0.055089548855134896,0.0,1.0,0.0,0.0,0.0,1.0,0.0,0.0,0.0,0.0,0.0,0.0,0.0,0.0,0.0,0.0,0.0,0.0,0.0,0.0,0.0,1.0,0.0,0.0,0.0,1.0
9737,0.16049382716049382,0.5,0.5,1.0,0.6666666666666667,0.25,0.7876613065319946,0.0,0.012012012012012012,0.2857142857142857,0.4791666666666667,0.7786438035853465,0.5564853556485354,0.055089548855134896,0.0,1.0,0.0,0.0,0.0,0.0,0.0,0.0,0.0,0.0,1.0,0.0,0.0,0.0,1.0,0.0,0.0,0.0,0.0,0.0,1.0,0.0,0.0,0.0,0.0,0.0
9738,0.8518518518518516,1.0,0.0,0.0,0.6666666666666667,0.25,0.6860343669962174,0.0,1.0,0.0,0.4791666666666667,0.7786438035853465,0.5564853556485354,0.055089548855134896,0.0,1.0,0.0,0.0,0.0,0.0,1.0,0.0,0.0,0.0,0.0,0.0,0.0,1.0,0.0,0.0,0.0,0.0,0.0,0.0,0.0,0.0,1.0,1.0,1.0,0.0
9739,0.08641975308641975,1.0,1.0,0.0,0.6666666666666667,0.5,0.6504552172780276,0.02631578947368421,0.006006006006006006,0.2857142857142857,0.4791666666666667,0.7786438035853465,0.5564853556485354,0.05486284289276808,0.0,1.0,0.0,0.0,0.0,0.0,0.0,0.0,0.0,1.0,0.0,0.0,0.0,0.0,1.0,0.0,0.0,0.0,1.0,0.0,0.0,0.0,0.0,0.0,0.0,1.0
9740,0.43209876543209874,0.0,1.0,0.0,0.6666666666666667,0.5,0.7326918229785724,0.05263157894736842,1.0,0.0,0.4791666666666667,0.7786438035853465,0.5564853556485354,0.05486284289276808,0.0,1.0,0.0,0.0,0.0,0.0,0.0,0.0,0.0,0.0,0.0,0.0,0.0,1.0,0.0,0.0,0.0,0.0,0.0,0.0,1.0,0.0,0.0,0.0,1.0,0.0
9741,0.5308641975308641,0.0,0.0,0.0,0.6666666666666667,0.5,0.8708601980995329,0.0,1.0,0.0,0.4791666666666667,0.7786438035853465,0.5564853556485354,0.05486284289276808,0.0,1.0,0.0,0.0,0.0,0.0,1.0,0.0,0.0,0.0,0.0,0.0,0.0,1.0,0.0,0.0,0.0,0.0,1.0,0.0,0.0,0.0,0.0,0.0,1.0,0.0
9742,0.024691358024691357,1.0,0.0,0.0,0.6666666666666667,0.5,0.703921238889424,0.02631578947368421,0.006006006006006006,0.42857142857142855,0.4791666666666667,0.7786438035853465,0.5564853556485354,0.05486284289276808,0.0,1.0,0.0,0.0,0.0,0.0,0.0,0.0,0.0,1.0,0.0,0.0,0.0,0.0,1.0,0.0,0.0,0.0,0.0,0.0,0.0,0.0,0.0,0.0,0.0,1.0
9743,0.2345679012345679,0.5,0.5,0.0,0.6666666666666667,0.5,0.6828879198511015,0.0,0.006006006006006006,0.5714285714285714,0.4791666666666667,0.7786438035853465,0.5564853556485354,0.05486284289276808,0.0,1.0,0.0,0.0,0.0,1.0,0.0,0.0,0.0,0.0,0.0,0.0,0.0,1.0,0.0,0.0,0.0,0.0,0.0,0.0,0.0,1.0,0.0,0.0,0.0,0.0
9744,0.07407407407407407,1.0,0.0,0.0,0.6666666666666667,0.5,0.6774492710414791,0.0,0.008008008008008008,0.2857142857142857,0.4791666666666667,0.7786438035853465,0.5564853556485354,0.05486284289276808,0.0,1.0,0.0,0.0,0.0,0.0,0.0,0.0,0.0,1.0,0.0,0.0,0.0,0.0,1.0,0.0,0.0,0.0,0.0,0.0,1.0,0.0,0.0,0.0,0.0,1.0
9745,0.5308641975308641,0.0,0.0,0.0,0.6666666666666667,0.5,0.6238550656258994,0.0,0.006006006006006006,0.14285714285714285,0.4791666666666667,0.7786438035853465,0.5564853556485354,0.05486284289276808,0.0,1.0,0.0,0.0,0.0,0.0,1.0,0.0,0.0,0.0,0.0,0.0,0.0,1.0,0.0,0.0,0.0,0.0,1.0,0.0,0.0,0.0,0.0,0.0,0.0,1.0
9746,0.43209876543209874,0.0,0.0,0.0,0.6666666666666667,0.5,0.8070551965595032,0.02631578947368421,1.0,0.0,0.4791666666666667,0.7786438035853465,0.5564853556485354,0.05486284289276808,0.0,1.0,0.0,0.0,0.0,0.0,0.0,0.0,0.0,0.0,0.0,0.0,0.0,1.0,0.0,0.0,0.0,0.0,0.0,0.0,1.0,0.0,0.0,0.0,1.0,0.0
9747,0.34567901234567905,0.0,1.0,1.0,0.6666666666666667,0.5,0.6068862413262684,0.0,1.0,0.0,0.4791666666666667,0.7786438035853465,0.5564853556485354,0.05486284289276808,0.0,0.0,0.0,0.0,0.0,0.0,0.0,0.0,0.0,0.0,0.0,0.0,0.0,0.0,0.0,0.0,0.0,0.0,0.0,0.0,0.0,1.0,0.0,0.0,1.0,0.0
9748,0.2716049382716049,0.0,0.0,1.0,0.6666666666666667,0.5,0.7338462498046386,0.05263157894736842,0.006006006006006006,0.14285714285714285,0.4791666666666667,0.7786438035853465,0.5564853556485354,0.05486284289276808,0.0,1.0,0.0,1.0,0.0,0.0,0.0,0.0,0.0,0.0,0.0,0.0,0.0,1.0,0.0,0.0,0.0,0.0,0.0,0.0,1.0,0.0,0.0,0.0,0.0,1.0
9749,0.19753086419753085,0.0,0.0,0.0,0.6666666666666667,0.5,0.6328650293995502,0.0,1.0,0.0,0.4791666666666667,0.7786438035853465,0.5564853556485354,0.05486284289276808,0.0,1.0,0.0,0.0,0.0,0.0,0.0,0.0,0.0,0.0,1.0,0.0,0.0,1.0,0.0,0.0,0.0,0.0,0.0,0.0,0.0,1.0,0.0,0.0,1.0,0.0
9750,0.07407407407407407,0.0,0.0,0.0,0.6666666666666667,0.5,0.6312273906618776,0.02631578947368421,0.015015015015015015,0.14285714285714285,0.4791666666666667,0.7786438035853465,0.5564853556485354,0.05486284289276808,0.0,1.0,0.0,0.0,0.0,0.0,0.0,0.0,0.0,1.0,0.0,0.0,0.0,0.0,1.0,0.0,0.0,0.0,0.0,0.0,1.0,0.0,0.0,0.0,0.0,1.0
9751,0.2222222222222222,1.0,0.0,1.0,0.6666666666666667,0.5,0.24461541660154618,0.0,1.0,0.0,0.4791666666666667,0.7786438035853465,0.5564853556485354,0.05486284289276808,0.0,0.0,0.0,0.0,0.0,0.0,0.0,0.0,0.0,0.0,0.0,0.0,0.0,1.0,0.0,0.0,0.0,0.0,0.0,0.0,0.0,1.0,0.0,0.0,1.0,0.0
9752,0.024691358024691357,1.0,0.0,0.0,0.6666666666666667,0.75,0.5984801554161608,0.02631578947368421,0.006006006006006006,0.5714285714285714,0.4791666666666667,0.7786438035853465,0.5564853556485354,0.055542960779868505,0.0,1.0,0.0,0.0,0.0,0.0,0.0,0.0,0.0,1.0,0.0,0.0,0.0,0.0,1.0,0.0,1.0,0.0,0.0,0.0,0.0,0.0,0.0,0.0,0.0,1.0
9753,0.24691358024691357,0.0,1.0,0.0,0.6666666666666667,0.75,0.6068862413262684,0.0,1.0,0.0,0.4791666666666667,0.7786438035853465,0.5564853556485354,0.055542960779868505,0.0,1.0,0.0,0.0,0.0,0.0,0.0,0.0,0.0,0.0,0.0,0.0,0.0,1.0,0.0,0.0,0.0,0.0,0.0,0.0,0.0,1.0,0.0,0.0,1.0,0.0
9754,0.2345679012345679,1.0,0.0,0.0,0.6666666666666667,0.75,0.6376454449299462,0.0,0.003003003003003003,0.14285714285714285,0.4791666666666667,0.7786438035853465,0.5564853556485354,0.055542960779868505,0.0,1.0,0.0,0.0,0.0,0.0,0.0,0.0,0.0,0.0,0.0,1.0,0.0,0.0,1.0,0.0,0.0,0.0,1.0,0.0,0.0,0.0,0.0,0.0,0.0,1.0
9755,0.8024691358024691,1.0,0.0,0.0,0.6666666666666667,0.75,0.5846247304098844,0.02631578947368421,1.0,0.14285714285714285,0.4791666666666667,0.7786438035853465,0.5564853556485354,0.055542960779868505,0.0,1.0,0.0,0.0,0.0,0.0,1.0,0.0,0.0,0.0,0.0,0.0,0.0,0.0,0.0,0.0,0.0,0.0,0.0,0.0,0.0,0.0,0.0,0.0,0.0,0.0
9756,0.09876543209876543,1.0,0.0,0.0,0.6666666666666667,0.75,0.7474972696344017,0.05263157894736842,1.0,0.0,0.4791666666666667,0.7786438035853465,0.5564853556485354,0.055542960779868505,0.0,1.0,0.0,0.0,0.0,0.0,0.0,0.0,0.0,1.0,0.0,0.0,0.0,0.0,1.0,0.0,0.0,0.0,1.0,0.0,0.0,0.0,0.0,0.0,1.0,0.0
9757,0.1728395061728395,1.0,0.0,0.0,0.6666666666666667,0.75,0.6196852820090151,0.0,1.0,0.0,0.4791666666666667,0.7786438035853465,0.5564853556485354,0.055542960779868505,0.0,1.0,0.0,0.0,0.0,0.0,0.0,0.0,0.0,0.0,0.0,0.0,0.0,1.0,0.0,0.0,0.0,0.0,0.0,0.0,0.0,1.0,0.0,0.0,1.0,0.0
9758,0.19753086419753085,1.0,0.0,0.0,0.6666666666666667,0.75,0.7222662371239033,0.0,1.0,0.0,0.4791666666666667,0.7786438035853465,0.5564853556485354,0.055542960779868505,0.0,1.0,0.0,0.0,0.0,0.0,0.0,0.0,0.0,0.0,1.0,0.0,0.0,0.0,1.0,0.0,0.0,0.0,0.0,0.0,0.0,1.0,0.0,0.0,1.0,0.0
9759,0.07407407407407407,0.0,0.0,0.0,0.6666666666666667,0.75,0.6590060849288549,0.05263157894736842,1.0,0.14285714285714285,0.4791666666666667,0.7786438035853465,0.5564853556485354,0.055542960779868505,0.0,1.0,0.0,0.0,0.0,0.0,0.0,0.0,0.0,0.0,0.0,0.0,0.0,0.0,1.0,0.0,0.0,0.0,0.0,0.0,0.0,1.0,0.0,0.0,0.0,0.0
9760,0.08641975308641975,0.0,0.0,0.0,0.6666666666666667,0.75,0.6725234082667859,0.0,1.0,0.14285714285714285,0.4791666666666667,0.7786438035853465,0.5564853556485354,0.055542960779868505,0.0,1.0,0.0,0.0,0.0,0.0,0.0,0.0,0.0,0.0,0.0,0.0,0.0,0.0,1.0,0.0,0.0,0.0,0.0,0.0,0.0,1.0,0.0,0.0,0.0,0.0
9761,0.48148148148148145,1.0,1.0,0.0,0.6666666666666667,0.75,0.6785573026196613,0.0,1.0,0.0,0.4791666666666667,0.7786438035853465,0.5564853556485354,0.055542960779868505,0.0,1.0,0.0,0.0,0.0,0.0,0.0,0.0,0.0,0.0,0.0,0.0,0.0,1.0,0.0,0.0,0.0,1.0,0.0,0.0,0.0,0.0,0.0,0.0,1.0,0.0
9762,0.7407407407407407,1.0,0.0,0.0,0.6666666666666667,0.75,0.6178519698461769,0.0,1.0,0.0,0.4791666666666667,0.7786438035853465,0.5564853556485354,0.055542960779868505,0.0,1.0,0.0,0.0,0.0,0.0,1.0,0.0,0.0,0.0,0.0,0.0,0.0,1.0,0.0,0.0,0.0,0.0,0.0,0.0,0.0,0.0,0.0,0.0,1.0,0.0
9763,0.19753086419753085,1.0,1.0,0.0,0.6666666666666667,0.75,0.7091374448666395,0.0,0.009009009009009009,0.42857142857142855,0.4791666666666667,0.7786438035853465,0.5564853556485354,0.055542960779868505,0.0,1.0,0.0,0.0,0.0,0.0,0.0,0.0,0.0,0.0,1.0,0.0,0.0,1.0,0.0,0.0,0.0,0.0,0.0,0.0,0.0,0.0,1.0,0.0,0.0,0.0
9764,0.024691358024691357,1.0,1.0,0.0,0.6666666666666667,0.75,0.7194438844174483,0.10526315789473684,0.013013013013013013,0.14285714285714285,0.4791666666666667,0.7786438035853465,0.5564853556485354,0.055542960779868505,0.0,1.0,0.0,0.0,0.0,0.0,0.0,0.0,0.0,1.0,0.0,0.0,0.0,0.0,1.0,0.0,1.0,0.0,0.0,0.0,0.0,0.0,0.0,0.0,0.0,1.0
9765,0.07407407407407407,1.0,0.0,0.0,0.6666666666666667,0.75,0.8071784392627458,0.0,1.0,0.0,0.4791666666666667,0.7786438035853465,0.5564853556485354,0.055542960779868505,0.0,1.0,0.0,0.0,0.0,0.0,0.0,0.0,0.0,1.0,0.0,0.0,0.0,0.0,1.0,0.0,0.0,1.0,0.0,0.0,0.0,0.0,0.0,0.0,1.0,0.0
9766,0.16049382716049382,0.0,0.0,0.0,0.6666666666666667,0.75,0.6814620217929135,0.02631578947368421,1.0,0.0,0.4791666666666667,0.7786438035853465,0.5564853556485354,0.055542960779868505,0.0,1.0,0.0,0.0,0.0,0.0,0.0,0.0,0.0,0.0,1.0,0.0,0.0,0.0,1.0,0.0,0.0,0.0,0.0,0.0,0.0,1.0,0.0,0.0,1.0,0.0
9767,0.2345679012345679,0.5,0.5,0.0,0.6666666666666667,0.75,0.8465833005592821,0.02631578947368421,1.0,0.0,0.4791666666666667,0.7786438035853465,0.5564853556485354,0.055542960779868505,0.0,1.0,0.0,0.0,0.0,0.0,0.0,0.0,0.0,0.0,1.0,0.0,0.0,1.0,0.0,0.0,0.0,0.0,0.0,0.0,0.0,1.0,0.0,0.0,1.0,0.0
9768,0.20987654320987653,0.0,0.0,0.0,0.6666666666666667,1.0,0.5917563168597532,0.02631578947368421,1.0,0.0,0.4791666666666667,0.7786438035853465,0.5564853556485354,0.055542960779868505,0.0,0.0,0.0,0.0,0.0,0.0,0.0,0.0,0.0,0.0,1.0,0.0,0.0,0.0,1.0,0.0,0.0,0.0,0.0,0.0,0.0,1.0,0.0,0.0,1.0,0.0
9769,0.20987654320987653,1.0,0.0,0.0,0.6666666666666667,1.0,0.6689881961625146,0.07894736842105263,0.01001001001001001,0.42857142857142855,0.4791666666666667,0.7786438035853465,0.5564853556485354,0.055542960779868505,0.0,1.0,0.0,0.0,0.0,0.0,0.0,0.0,0.0,0.0,1.0,0.0,0.0,0.0,1.0,0.0,0.0,0.0,0.0,0.0,0.0,1.0,0.0,0.0,0.0,1.0
9770,0.20987654320987653,0.0,0.0,0.0,0.6666666666666667,1.0,0.6653434421536871,0.05263157894736842,1.0,0.14285714285714285,0.4791666666666667,0.7786438035853465,0.5564853556485354,0.055542960779868505,0.0,1.0,0.0,0.0,0.0,0.0,0.0,0.0,0.0,0.0,1.0,0.0,0.0,0.0,1.0,0.0,0.0,0.0,0.0,0.0,0.0,1.0,0.0,0.0,0.0,0.0
9771,0.1111111111111111,0.0,0.0,0.0,0.6666666666666667,1.0,0.697214829053618,0.0,1.0,0.0,0.4791666666666667,0.7786438035853465,0.5564853556485354,0.055542960779868505,0.0,1.0,0.0,0.0,0.0,0.0,0.0,0.0,0.0,0.0,1.0,0.0,0.0,0.0,1.0,0.0,0.0,0.0,0.0,0.0,0.0,1.0,0.0,0.0,1.0,0.0
9772,0.29629629629629634,0.0,0.0,0.0,0.6666666666666667,1.0,0.6006386590863215,0.10526315789473684,0.003003003003003003,0.42857142857142855,0.4791666666666667,0.7786438035853465,0.5564853556485354,0.055542960779868505,0.0,1.0,0.0,0.0,0.0,1.0,0.0,0.0,0.0,0.0,0.0,0.0,0.0,0.0,0.0,0.0,0.0,0.0,0.0,0.0,0.0,1.0,0.0,0.0,0.0,1.0
9773,0.2345679012345679,1.0,0.0,0.0,0.6666666666666667,1.0,0.6818201199369839,0.0,1.0,0.14285714285714285,0.4791666666666667,0.7786438035853465,0.5564853556485354,0.055542960779868505,0.0,1.0,0.0,0.0,0.0,0.0,0.0,0.0,0.0,0.0,1.0,0.0,0.0,1.0,0.0,0.0,0.0,0.0,0.0,0.0,0.0,1.0,0.0,0.0,0.0,0.0
9774,0.1111111111111111,1.0,0.0,0.0,0.6666666666666667,1.0,0.6649314096852046,0.05263157894736842,1.0,0.14285714285714285,0.4791666666666667,0.7786438035853465,0.5564853556485354,0.055542960779868505,0.0,1.0,0.0,0.0,0.0,0.0,0.0,0.0,0.0,0.0,1.0,0.0,0.0,0.0,1.0,0.0,0.0,0.0,0.0,0.0,0.0,1.0,0.0,0.0,0.0,0.0
9775,0.20987654320987653,0.0,1.0,1.0,0.6666666666666667,1.0,0.6407277649233879,0.0,1.0,0.0,0.4791666666666667,0.7786438035853465,0.5564853556485354,0.055542960779868505,0.0,1.0,0.0,0.0,0.0,0.0,0.0,0.0,0.0,0.0,1.0,0.0,0.0,0.0,1.0,0.0,0.0,0.0,0.0,0.0,0.0,1.0,0.0,0.0,1.0,0.0
9776,0.1728395061728395,1.0,0.0,0.0,0.6666666666666667,1.0,0.6846463255291116,0.02631578947368421,0.006006006006006006,0.14285714285714285,0.4791666666666667,0.7786438035853465,0.5564853556485354,0.055542960779868505,0.0,1.0,0.0,0.0,0.0,0.0,0.0,0.0,1.0,0.0,0.0,0.0,0.0,0.0,1.0,0.0,0.0,0.0,1.0,0.0,0.0,0.0,0.0,0.0,0.0,1.0
9777,0.09876543209876543,0.0,0.0,1.0,0.6666666666666667,0.0,0.614731491134803,0.0,1.0,0.0,0.4791666666666667,0.7786438035853465,0.5564853556485354,0.05486284289276808,0.0,1.0,0.0,0.0,0.0,0.0,0.0,0.0,0.0,1.0,0.0,0.0,0.0,0.0,1.0,0.0,0.0,0.0,1.0,0.0,0.0,0.0,0.0,0.0,1.0,0.0
9778,0.4074074074074074,0.0,0.0,1.0,0.6666666666666667,0.25,0.5226119446684994,0.0,1.0,0.0,0.4791666666666667,0.7786438035853465,0.5564853556485354,0.055542960779868505,0.0,0.0,0.0,0.0,0.0,1.0,0.0,0.0,0.0,0.0,0.0,0.0,0.0,1.0,0.0,0.0,0.0,0.0,0.0,0.0,0.0,1.0,0.0,0.0,1.0,0.0
9779,0.25925925925925924,1.0,0.0,0.0,0.6666666666666667,0.5,0.6559276062712989,0.0,0.006006006006006006,0.42857142857142855,0.4791666666666667,0.7786438035853465,0.5564853556485354,0.055542960779868505,0.0,1.0,1.0,0.0,0.0,0.0,0.0,0.0,0.0,0.0,0.0,0.0,0.0,0.0,1.0,0.0,0.0,0.0,1.0,0.0,0.0,0.0,0.0,0.0,0.0,1.0
9780,0.29629629629629634,1.0,1.0,0.0,0.6666666666666667,0.5,0.6082306576679029,0.0,0.006006006006006006,0.14285714285714285,0.4791666666666667,0.7786438035853465,0.5564853556485354,0.055542960779868505,0.0,1.0,0.0,0.0,0.0,0.0,0.0,0.0,0.0,0.0,0.0,1.0,0.0,1.0,0.0,0.0,0.0,0.0,1.0,0.0,0.0,0.0,0.0,0.0,0.0,1.0
9781,0.19753086419753085,0.0,0.0,0.0,0.6666666666666667,0.5,0.6284462883305656,0.02631578947368421,1.0,0.0,0.4791666666666667,0.7786438035853465,0.5564853556485354,0.055542960779868505,0.0,1.0,0.0,0.0,0.0,0.0,0.0,0.0,0.0,0.0,0.0,0.0,0.0,1.0,0.0,0.0,0.0,0.0,0.0,0.0,0.0,1.0,0.0,0.0,1.0,0.0
9782,0.19753086419753085,0.0,1.0,0.0,0.6666666666666667,0.5,0.7042171765284851,0.0,1.0,0.2857142857142857,0.4791666666666667,0.7786438035853465,0.5564853556485354,0.055542960779868505,0.0,1.0,0.0,0.0,0.0,0.0,0.0,0.0,0.0,0.0,0.0,0.0,0.0,1.0,0.0,0.0,0.0,0.0,0.0,0.0,0.0,1.0,0.0,0.0,0.0,0.0
9783,0.19753086419753085,0.0,0.0,0.0,0.6666666666666667,0.5,0.74646988188572,0.0,1.0,0.0,0.4791666666666667,0.7786438035853465,0.5564853556485354,0.055542960779868505,0.0,1.0,0.0,0.0,0.0,0.0,0.0,0.0,0.0,0.0,1.0,0.0,0.0,1.0,0.0,0.0,0.0,0.0,0.0,0.0,1.0,0.0,0.0,0.0,1.0,0.0
9784,0.18518518518518517,1.0,0.0,0.0,0.6666666666666667,0.5,0.5940405662922726,0.0,0.006006006006006006,0.14285714285714285,0.4791666666666667,0.7786438035853465,0.5564853556485354,0.055542960779868505,0.0,1.0,0.0,0.0,0.0,0.0,0.0,0.0,0.0,0.0,1.0,0.0,0.0,1.0,0.0,0.0,0.0,1.0,0.0,0.0,0.0,0.0,0.0,0.0,0.0,1.0
9785,0.18518518518518517,0.0,0.0,0.0,0.6666666666666667,0.5,0.6134597474028101,0.0,0.006006006006006006,0.7142857142857142,0.4791666666666667,0.7786438035853465,0.5564853556485354,0.055542960779868505,0.0,1.0,0.0,0.0,0.0,0.0,0.0,0.0,0.0,0.0,1.0,0.0,0.0,1.0,0.0,0.0,0.0,1.0,0.0,0.0,0.0,0.0,0.0,0.0,0.0,1.0
9786,0.29629629629629634,0.0,0.0,0.0,0.6666666666666667,0.5,0.6128186823313415,0.0,0.006006006006006006,0.42857142857142855,0.4791666666666667,0.7786438035853465,0.5564853556485354,0.055542960779868505,0.0,1.0,0.0,0.0,0.0,0.0,0.0,0.0,0.0,0.0,0.0,1.0,0.0,1.0,0.0,0.0,0.0,0.0,1.0,0.0,0.0,0.0,0.0,0.0,0.0,1.0
9787,0.19753086419753085,1.0,1.0,1.0,0.6666666666666667,0.5,0.703921238889424,0.02631578947368421,1.0,0.0,0.4791666666666667,0.7786438035853465,0.5564853556485354,0.055542960779868505,0.0,1.0,0.0,0.0,0.0,0.0,0.0,0.0,0.0,0.0,0.0,0.0,0.0,1.0,0.0,0.0,0.0,0.0,0.0,0.0,0.0,1.0,0.0,0.0,1.0,0.0
9788,0.13580246913580246,0.5,0.5,0.0,0.6666666666666667,0.75,0.7779664411331088,0.0,1.0,0.0,0.4791666666666667,0.7786438035853465,0.5564853556485354,0.055316254817501714,0.0,1.0,1.0,0.0,0.0,0.0,0.0,0.0,0.0,0.0,0.0,0.0,0.0,0.0,1.0,0.0,0.0,0.0,0.0,0.0,0.0,1.0,0.0,0.0,1.0,0.0
9789,0.5061728395061729,0.0,0.0,0.0,0.6666666666666667,0.75,0.6849948743751764,0.0,0.006006006006006006,0.14285714285714285,0.4791666666666667,0.7786438035853465,0.5564853556485354,0.055316254817501714,0.0,1.0,0.0,0.0,0.0,0.0,0.0,0.0,0.0,0.0,0.0,0.0,0.0,1.0,0.0,0.0,0.0,0.0,1.0,0.0,0.0,0.0,0.0,0.0,0.0,1.0
9790,0.30864197530864196,0.0,0.0,0.0,0.6666666666666667,0.75,0.6290077936901697,0.0,1.0,0.0,0.4791666666666667,0.7786438035853465,0.5564853556485354,0.055316254817501714,0.0,1.0,0.0,0.0,0.0,0.0,0.0,0.0,0.0,0.0,0.0,0.0,0.0,0.0,1.0,0.0,0.0,0.0,1.0,0.0,0.0,0.0,0.0,0.0,1.0,0.0
9791,0.07407407407407407,0.0,1.0,0.0,0.6666666666666667,0.75,0.7077115468084515,0.02631578947368421,0.003003003003003003,0.2857142857142857,0.4791666666666667,0.7786438035853465,0.5564853556485354,0.055316254817501714,0.0,1.0,0.0,0.0,0.0,0.0,0.0,0.0,0.0,1.0,0.0,0.0,0.0,0.0,1.0,0.0,0.0,0.0,1.0,0.0,0.0,0.0,0.0,0.0,0.0,1.0
9792,0.04938271604938271,0.0,0.0,0.0,0.6666666666666667,0.75,0.5862473099208212,0.0,1.0,0.14285714285714285,0.4791666666666667,0.7786438035853465,0.5564853556485354,0.055316254817501714,0.0,0.0,0.0,0.0,0.0,0.0,0.0,0.0,0.0,1.0,0.0,0.0,0.0,0.0,1.0,0.0,0.0,0.0,0.0,0.0,0.0,0.0,1.0,0.0,0.0,0.0
9793,0.4444444444444445,0.0,0.0,0.0,0.6666666666666667,0.75,0.5947922311468027,0.02631578947368421,1.0,0.0,0.4791666666666667,0.7786438035853465,0.5564853556485354,0.055316254817501714,0.0,1.0,0.0,0.0,0.0,0.0,0.0,0.0,0.0,0.0,1.0,0.0,0.0,1.0,0.0,0.0,0.0,0.0,0.0,0.0,0.0,1.0,0.0,0.0,1.0,0.0
9794,0.1728395061728395,0.0,0.0,0.0,0.6666666666666667,0.75,0.647141331954917,0.0,0.003003003003003003,0.14285714285714285,0.4791666666666667,0.7786438035853465,0.5564853556485354,0.055316254817501714,0.0,1.0,0.0,0.0,0.0,0.0,0.0,0.0,0.0,0.0,1.0,0.0,0.0,1.0,0.0,0.0,0.0,0.0,0.0,0.0,0.0,1.0,0.0,0.0,0.0,1.0
9795,0.19753086419753085,1.0,0.0,0.0,0.6666666666666667,0.75,0.6598710531604159,0.02631578947368421,1.0,0.0,0.4791666666666667,0.7786438035853465,0.5564853556485354,0.055316254817501714,0.0,1.0,0.0,0.0,0.0,0.0,0.0,0.0,0.0,0.0,0.0,0.0,0.0,1.0,0.0,0.0,0.0,0.0,0.0,0.0,0.0,1.0,0.0,0.0,1.0,0.0
9796,0.4567901234567901,1.0,0.0,0.0,0.6666666666666667,0.75,0.5561069727294308,0.0,1.0,0.2857142857142857,0.4791666666666667,0.7786438035853465,0.5564853556485354,0.055316254817501714,0.0,0.0,0.0,0.0,0.0,0.0,0.0,0.0,0.0,0.0,0.0,0.0,0.0,0.0,0.0,0.0,0.0,0.0,0.0,0.0,0.0,1.0,0.0,0.0,0.0,0.0
9797,0.2222222222222222,1.0,0.0,0.0,0.6666666666666667,0.75,0.7021298060531943,0.02631578947368421,1.0,0.0,0.4791666666666667,0.7786438035853465,0.5564853556485354,0.055316254817501714,0.0,0.0,0.0,0.0,0.0,0.0,0.0,0.0,0.0,0.0,1.0,0.0,0.0,1.0,0.0,0.0,0.0,0.0,0.0,0.0,1.0,0.0,0.0,0.0,1.0,0.0
9798,0.5061728395061729,0.0,0.0,0.0,0.6666666666666667,0.75,0.6598710531604159,0.07894736842105263,0.006006006006006006,0.14285714285714285,0.4791666666666667,0.7786438035853465,0.5564853556485354,0.055316254817501714,0.0,1.0,0.0,0.0,0.0,0.0,0.0,0.0,0.0,0.0,0.0,0.0,0.0,1.0,0.0,0.0,0.0,0.0,0.0,0.0,0.0,1.0,0.0,0.0,0.0,1.0
9799,0.13580246913580246,0.0,0.0,0.0,0.6666666666666667,1.0,0.5761581170225034,0.07894736842105263,1.0,0.14285714285714285,0.4791666666666667,0.7786438035853465,0.5564853556485354,0.055542960779868505,0.0,0.0,0.0,0.0,0.0,1.0,0.0,0.0,0.0,0.0,0.0,0.0,0.0,0.0,1.0,0.0,0.0,0.0,0.0,0.0,0.0,1.0,0.0,0.0,0.0,0.0
9800,0.16049382716049382,1.0,0.0,0.0,0.6666666666666667,1.0,0.6068862413262684,0.02631578947368421,0.015015015015015015,0.5714285714285714,0.4791666666666667,0.7786438035853465,0.5564853556485354,0.055542960779868505,0.0,1.0,0.0,0.0,0.0,0.0,0.0,0.0,0.0,0.0,1.0,0.0,0.0,0.0,1.0,0.0,0.0,0.0,0.0,0.0,0.0,1.0,0.0,0.0,0.0,0.0
9801,0.1728395061728395,1.0,0.0,0.0,0.6666666666666667,1.0,0.6412337233355714,0.02631578947368421,0.013013013013013013,0.14285714285714285,0.4791666666666667,0.7786438035853465,0.5564853556485354,0.055542960779868505,0.0,1.0,0.0,0.0,0.0,0.0,0.0,0.0,0.0,0.0,0.0,0.0,0.0,1.0,0.0,0.0,0.0,0.0,0.0,0.0,0.0,1.0,0.0,0.0,0.0,1.0
9802,0.19753086419753085,1.0,0.0,0.0,0.6666666666666667,1.0,0.6371237804409605,0.02631578947368421,1.0,0.14285714285714285,0.4791666666666667,0.7786438035853465,0.5564853556485354,0.055542960779868505,0.0,1.0,0.0,0.0,0.0,0.0,0.0,0.0,0.0,0.0,0.0,1.0,0.0,0.0,1.0,0.0,0.0,0.0,0.0,0.0,0.0,0.0,1.0,0.0,0.0,0.0
9803,0.1111111111111111,1.0,0.0,0.0,0.6666666666666667,1.0,0.649517880450222,0.0,0.003003003003003003,0.42857142857142855,0.4791666666666667,0.7786438035853465,0.5564853556485354,0.055542960779868505,0.0,1.0,0.0,0.0,0.0,0.0,0.0,0.0,0.0,0.0,1.0,0.0,0.0,0.0,1.0,0.0,0.0,0.0,0.0,0.0,1.0,0.0,0.0,0.0,0.0,1.0
9804,0.19753086419753085,1.0,0.0,0.0,0.6666666666666667,1.0,0.7036245548746948,0.0,1.0,0.0,0.4791666666666667,0.7786438035853465,0.5564853556485354,0.055542960779868505,0.0,1.0,0.0,0.0,0.0,0.0,0.0,0.0,0.0,0.0,1.0,0.0,0.0,0.0,1.0,0.0,0.0,0.0,0.0,0.0,1.0,0.0,0.0,0.0,1.0,0.0
9805,0.09876543209876543,0.0,0.0,0.0,0.6666666666666667,1.0,0.7760562208180453,0.0,1.0,0.0,0.4791666666666667,0.7786438035853465,0.5564853556485354,0.055542960779868505,0.0,1.0,0.0,0.0,0.0,0.0,0.0,0.0,0.0,1.0,0.0,0.0,0.0,0.0,1.0,0.0,0.0,0.0,0.0,0.0,0.0,0.0,1.0,0.0,1.0,0.0
9806,0.1728395061728395,0.0,0.0,0.0,0.6666666666666667,0.0,0.6554811725306058,0.10526315789473684,0.006006006006006006,0.42857142857142855,0.4791666666666667,0.7786438035853465,0.5564853556485354,0.055542960779868505,0.0,1.0,0.0,0.0,0.0,0.0,0.0,0.0,0.0,0.0,0.0,0.0,0.0,0.0,1.0,0.0,0.0,0.0,1.0,0.0,0.0,0.0,0.0,0.0,0.0,1.0
9807,0.38271604938271603,0.0,0.0,0.0,0.6666666666666667,0.0,0.6166136936809081,0.02631578947368421,1.0,0.0,0.4791666666666667,0.7786438035853465,0.5564853556485354,0.055542960779868505,0.0,1.0,0.0,0.0,0.0,0.0,0.0,0.0,1.0,0.0,0.0,0.0,0.0,1.0,0.0,0.0,1.0,0.0,0.0,0.0,0.0,0.0,0.0,0.0,1.0,0.0
9808,0.18518518518518517,0.0,0.0,0.0,0.6666666666666667,0.0,0.6041504168690148,0.02631578947368421,1.0,0.0,0.4791666666666667,0.7786438035853465,0.5564853556485354,0.055542960779868505,0.0,0.0,0.0,0.0,0.0,0.0,0.0,0.0,0.0,0.0,0.0,0.0,0.0,1.0,0.0,0.0,0.0,0.0,1.0,0.0,0.0,0.0,0.0,0.0,1.0,0.0
9809,0.18518518518518517,1.0,0.0,0.0,0.6666666666666667,0.0,0.843367560923815,0.0,1.0,0.0,0.4791666666666667,0.7786438035853465,0.5564853556485354,0.055542960779868505,0.0,1.0,0.0,0.0,0.0,0.0,0.0,0.0,0.0,0.0,0.0,0.0,0.0,1.0,0.0,0.0,0.0,0.0,1.0,0.0,0.0,0.0,0.0,0.0,1.0,0.0
9810,0.38271604938271603,1.0,0.0,0.0,0.6666666666666667,0.0,0.6770775956944137,0.02631578947368421,1.0,0.0,0.4791666666666667,0.7786438035853465,0.5564853556485354,0.055542960779868505,0.0,1.0,0.0,0.0,0.0,0.0,0.0,0.0,0.0,0.0,0.0,1.0,0.0,1.0,0.0,0.0,0.0,0.0,0.0,0.0,1.0,0.0,0.0,0.0,1.0,0.0
9811,0.16049382716049382,1.0,0.0,0.0,0.6666666666666667,0.25,0.664102989715846,0.02631578947368421,0.006006006006006006,0.14285714285714285,0.4791666666666667,0.7786438035853465,0.5564853556485354,0.055769666742235324,0.0,1.0,0.0,0.0,0.0,0.0,0.0,0.0,0.0,1.0,0.0,0.0,0.0,0.0,1.0,0.0,0.0,0.0,0.0,0.0,1.0,0.0,0.0,0.0,0.0,1.0
9812,0.14814814814814814,0.0,0.0,0.0,0.6666666666666667,0.25,0.752699671620228,0.02631578947368421,0.003003003003003003,0.42857142857142855,0.4791666666666667,0.7786438035853465,0.5564853556485354,0.055769666742235324,0.0,1.0,0.0,0.0,0.0,0.0,0.0,0.0,0.0,0.0,0.0,0.0,0.0,0.0,1.0,0.0,0.0,0.0,0.0,0.0,0.0,1.0,0.0,0.0,0.0,1.0
9813,0.30864197530864196,1.0,0.0,0.0,0.6666666666666667,0.5,0.6412337233355714,0.0,0.003003003003003003,0.2857142857142857,0.4791666666666667,0.7786438035853465,0.5564853556485354,0.05712990251643618,0.0,1.0,0.0,0.0,0.0,1.0,0.0,0.0,0.0,0.0,0.0,0.0,0.0,1.0,0.0,0.0,0.0,0.0,0.0,0.0,0.0,1.0,0.0,0.0,0.0,1.0
9814,0.20987654320987653,0.0,1.0,0.0,0.6666666666666667,0.5,0.6476204981957939,0.05263157894736842,1.0,0.0,0.4791666666666667,0.7786438035853465,0.5564853556485354,0.05712990251643618,0.0,1.0,0.0,0.0,0.0,0.0,0.0,0.0,0.0,0.0,0.0,0.0,0.0,1.0,0.0,0.0,0.0,0.0,0.0,0.0,0.0,1.0,0.0,0.0,1.0,0.0
9815,0.30864197530864196,0.0,0.0,0.0,0.6666666666666667,0.5,0.7670542410776737,0.0,0.016016016016016016,0.14285714285714285,0.4791666666666667,0.7786438035853465,0.5564853556485354,0.05712990251643618,0.0,1.0,0.0,0.0,0.0,0.0,0.0,0.0,0.0,0.0,0.0,0.0,0.0,0.0,0.0,0.0,0.0,0.0,0.0,0.0,0.0,1.0,0.0,0.0,0.0,1.0
9816,0.29629629629629634,0.0,0.0,0.0,0.6666666666666667,0.5,0.7929220024761479,0.0,0.007007007007007007,0.42857142857142855,0.4791666666666667,0.7786438035853465,0.5564853556485354,0.05712990251643618,0.0,1.0,0.0,0.0,0.0,0.0,0.0,0.0,0.0,0.0,0.0,0.0,0.0,1.0,0.0,0.0,0.0,0.0,0.0,0.0,0.0,0.0,1.0,0.0,0.0,1.0
9817,0.18518518518518517,1.0,0.0,0.0,0.7777777777777779,1.0,0.6006386590863215,0.0,1.0,0.42857142857142855,0.4791666666666667,0.9353078721745902,0.05439330543933041,0.06982543640897756,0.0,0.0,0.0,0.0,0.0,0.0,0.0,0.0,0.0,0.0,0.0,0.0,0.0,0.0,1.0,0.0,0.0,0.0,0.0,0.0,0.0,1.0,0.0,0.0,0.0,0.0
9818,0.12345679012345678,1.0,0.0,0.0,0.7777777777777779,1.0,0.5984801554161608,0.0,1.0,0.42857142857142855,0.4791666666666667,0.9353078721745902,0.05439330543933041,0.06982543640897756,0.0,0.0,0.0,0.0,0.0,0.0,0.0,0.0,0.0,1.0,0.0,0.0,0.0,0.0,1.0,0.0,0.0,0.0,0.0,0.0,0.0,1.0,0.0,0.0,0.0,0.0
9819,0.18518518518518517,0.0,0.0,0.0,0.7777777777777779,0.5,0.6755790384927881,0.0,0.003003003003003003,0.14285714285714285,0.4791666666666667,0.9353078721745902,0.05439330543933041,0.07367943776921332,0.0,1.0,0.0,0.0,0.0,0.0,0.0,0.0,0.0,0.0,1.0,0.0,0.0,1.0,0.0,0.0,0.0,0.0,0.0,0.0,1.0,0.0,0.0,0.0,0.0,1.0
9820,0.18518518518518517,0.0,0.0,0.0,0.7777777777777779,0.5,0.7279573751736251,0.0,1.0,0.0,0.4791666666666667,0.9353078721745902,0.05439330543933041,0.07367943776921332,0.0,1.0,0.0,0.0,0.0,0.0,0.0,0.0,0.0,0.0,1.0,0.0,0.0,1.0,0.0,0.0,0.0,0.0,0.0,0.0,1.0,0.0,0.0,0.0,1.0,0.0
9821,0.1111111111111111,0.0,0.0,0.0,0.7777777777777779,0.5,0.7619196121209837,0.0,1.0,0.0,0.4791666666666667,0.9353078721745902,0.05439330543933041,0.07367943776921332,0.0,1.0,0.0,0.0,0.0,0.0,0.0,0.0,0.0,0.0,1.0,0.0,0.0,0.0,1.0,0.0,0.0,0.0,0.0,0.0,0.0,1.0,0.0,0.0,1.0,0.0
9822,0.1111111111111111,0.0,0.0,0.0,0.7777777777777779,0.5,0.7876613065319946,0.0,1.0,0.0,0.4791666666666667,0.9353078721745902,0.05439330543933041,0.07367943776921332,0.0,1.0,1.0,0.0,0.0,0.0,0.0,0.0,0.0,0.0,0.0,0.0,0.0,0.0,1.0,0.0,1.0,0.0,0.0,0.0,0.0,0.0,0.0,0.0,1.0,0.0
9823,0.2222222222222222,1.0,1.0,0.0,0.7777777777777779,0.5,0.7542552003949271,0.0,0.009009009009009009,0.2857142857142857,0.4791666666666667,0.9353078721745902,0.05439330543933041,0.07367943776921332,0.0,1.0,0.0,0.0,0.0,0.0,0.0,0.0,0.0,0.0,1.0,0.0,0.0,1.0,0.0,0.0,0.0,0.0,0.0,0.0,1.0,0.0,0.0,0.0,0.0,0.0
9824,0.18518518518518517,1.0,0.0,0.0,0.7777777777777779,0.5,0.661156696006206,0.02631578947368421,1.0,0.0,0.4791666666666667,0.9353078721745902,0.05439330543933041,0.07367943776921332,0.0,1.0,0.0,0.0,0.0,0.0,0.0,0.0,0.0,0.0,1.0,0.0,0.0,1.0,0.0,0.0,0.0,0.0,0.0,0.0,1.0,0.0,0.0,0.0,1.0,0.0
9825,0.29629629629629634,0.0,0.0,0.0,0.7777777777777779,0.5,0.7024302791398942,0.02631578947368421,0.02702702702702703,0.14285714285714285,0.4791666666666667,0.9353078721745902,0.05439330543933041,0.07367943776921332,0.0,1.0,0.0,0.0,0.0,0.0,0.0,0.0,0.0,0.0,1.0,0.0,0.0,1.0,0.0,0.0,0.0,0.0,0.0,0.0,1.0,0.0,0.0,0.0,0.0,1.0
9826,0.4938271604938272,0.5,0.5,0.0,0.7777777777777779,0.5,0.6397092724183482,0.02631578947368421,0.003003003003003003,0.2857142857142857,0.4791666666666667,0.9353078721745902,0.05439330543933041,0.07367943776921332,0.0,1.0,0.0,0.0,0.0,0.0,0.0,0.0,0.0,0.0,0.0,0.0,0.0,1.0,0.0,0.0,0.0,0.0,0.0,0.0,0.0,1.0,0.0,0.0,0.0,1.0
9827,0.06172839506172839,1.0,0.0,0.0,0.7777777777777779,0.5,0.6339442585242172,0.0,1.0,0.0,0.4791666666666667,0.9353078721745902,0.05439330543933041,0.07367943776921332,0.0,1.0,0.0,0.0,0.0,0.0,0.0,1.0,0.0,0.0,0.0,0.0,0.0,0.0,1.0,0.0,0.0,0.0,0.0,0.0,1.0,0.0,0.0,0.0,1.0,0.0
9828,0.13580246913580246,0.0,0.0,0.0,0.7777777777777779,0.5,0.8385616861757552,0.02631578947368421,1.0,0.0,0.4791666666666667,0.9353078721745902,0.05439330543933041,0.07367943776921332,0.0,1.0,0.0,0.0,0.0,0.0,0.0,0.0,0.0,0.0,0.0,0.0,0.0,0.0,1.0,0.0,0.0,0.0,1.0,0.0,0.0,0.0,0.0,0.0,1.0,0.0
9829,0.419753086419753,1.0,1.0,0.0,0.7777777777777779,0.75,0.6432360720972943,0.05263157894736842,0.003003003003003003,0.14285714285714285,0.4791666666666667,0.9353078721745902,0.05439330543933041,0.0750396735434142,0.0,1.0,0.0,0.0,0.0,0.0,0.0,0.0,0.0,0.0,0.0,0.0,0.0,1.0,0.0,0.0,0.0,0.0,0.0,0.0,0.0,1.0,0.0,0.0,0.0,1.0
9830,0.13580246913580246,0.0,0.0,0.0,0.7777777777777779,0.75,0.5601990426951532,0.0,0.017017017017017015,0.14285714285714285,0.4791666666666667,0.9353078721745902,0.05439330543933041,0.0750396735434142,0.0,0.0,0.0,0.0,0.0,0.0,0.0,0.0,0.0,0.0,0.0,0.0,0.0,0.0,1.0,0.0,0.0,0.0,0.0,0.0,0.0,1.0,0.0,0.0,0.0,1.0
9831,0.5555555555555556,0.0,0.0,0.0,0.7777777777777779,1.0,0.506309340633733,0.05263157894736842,1.0,0.0,0.4791666666666667,0.9353078721745902,0.05439330543933041,0.07662661527998185,0.0,0.0,1.0,0.0,0.0,0.0,0.0,0.0,0.0,0.0,0.0,0.0,0.0,1.0,0.0,0.0,0.0,0.0,0.0,0.0,0.0,0.0,1.0,0.0,1.0,0.0
9832,0.5432098765432098,0.0,0.0,1.0,0.7777777777777779,1.0,0.6202900913078108,0.0,1.0,0.0,0.4791666666666667,0.9353078721745902,0.05439330543933041,0.07662661527998185,0.0,1.0,0.0,0.0,0.0,0.0,1.0,0.0,0.0,0.0,0.0,0.0,0.0,1.0,0.0,0.0,0.0,0.0,0.0,0.0,0.0,0.0,0.0,0.0,1.0,0.0
9833,0.14814814814814814,1.0,0.0,0.0,0.7777777777777779,1.0,0.6785573026196613,0.0,0.005005005005005005,0.2857142857142857,0.4791666666666667,0.9353078721745902,0.05439330543933041,0.07662661527998185,0.0,1.0,0.0,0.0,0.0,0.0,0.0,0.0,0.0,0.0,1.0,0.0,0.0,1.0,0.0,0.0,0.0,0.0,0.0,0.0,1.0,0.0,0.0,0.0,0.0,1.0
9834,0.3703703703703703,1.0,0.0,0.0,0.7777777777777779,1.0,0.7154827307247326,0.0,1.0,0.14285714285714285,0.4791666666666667,0.9353078721745902,0.05439330543933041,0.07662661527998185,0.0,1.0,0.0,0.0,0.0,0.0,0.0,0.0,0.0,0.0,0.0,0.0,0.0,1.0,0.0,0.0,0.0,0.0,1.0,0.0,0.0,0.0,0.0,0.0,0.0,0.0
9835,0.12345679012345678,1.0,0.0,0.0,0.7777777777777779,1.0,0.6748225397474605,0.02631578947368421,1.0,0.14285714285714285,0.4791666666666667,0.9353078721745902,0.05439330543933041,0.07662661527998185,0.0,0.0,0.0,0.0,0.0,0.0,0.0,0.0,0.0,1.0,0.0,0.0,0.0,0.0,1.0,0.0,0.0,0.0,0.0,0.0,0.0,0.0,1.0,0.0,0.0,0.0
9836,0.39506172839506176,1.0,0.0,0.0,0.7777777777777779,1.0,0.6504552172780276,0.02631578947368421,0.003003003003003003,0.14285714285714285,0.4791666666666667,0.9353078721745902,0.05439330543933041,0.07662661527998185,0.0,1.0,0.0,0.0,0.0,0.0,0.0,0.0,0.0,0.0,1.0,0.0,0.0,0.0,0.0,0.0,0.0,0.0,0.0,0.0,1.0,0.0,0.0,0.0,0.0,1.0
9837,0.6049382716049383,1.0,0.0,1.0,0.7777777777777779,1.0,0.6956358100503017,0.02631578947368421,1.0,0.14285714285714285,0.4791666666666667,0.9353078721745902,0.05439330543933041,0.07662661527998185,0.0,1.0,0.0,0.0,0.0,0.0,1.0,0.0,0.0,0.0,0.0,0.0,0.0,1.0,0.0,0.0,0.0,0.0,0.0,0.0,0.0,0.0,0.0,0.0,0.0,0.0
9838,0.48148148148148145,0.0,1.0,0.0,0.7777777777777779,1.0,0.6937125767575353,0.02631578947368421,0.005005005005005005,0.42857142857142855,0.4791666666666667,0.9353078721745902,0.05439330543933041,0.07662661527998185,0.0,1.0,0.0,0.0,0.0,0.0,0.0,0.0,0.0,0.0,0.0,1.0,0.0,0.0,0.0,0.0,0.0,0.0,0.0,0.0,0.0,0.0,0.0,0.0,0.0,1.0
9839,0.1728395061728395,1.0,0.0,0.0,0.7777777777777779,1.0,0.7053935378264148,0.02631578947368421,1.0,0.0,0.4791666666666667,0.9353078721745902,0.05439330543933041,0.07662661527998185,0.0,1.0,0.0,0.0,0.0,0.0,0.0,0.0,0.0,0.0,1.0,0.0,0.0,0.0,1.0,0.0,0.0,0.0,0.0,0.0,1.0,0.0,0.0,0.0,1.0,0.0
9840,0.38271604938271603,1.0,1.0,0.0,0.7777777777777779,0.0,0.7189233740572085,0.0,0.008008008008008008,0.14285714285714285,0.4791666666666667,0.9353078721745902,0.05439330543933041,0.07776014509181592,0.0,1.0,0.0,0.0,0.0,0.0,0.0,0.0,0.0,0.0,1.0,0.0,0.0,1.0,0.0,0.0,0.0,0.0,0.0,0.0,1.0,0.0,0.0,0.0,0.0,1.0
9841,0.12345679012345678,0.0,0.0,0.0,0.7777777777777779,0.0,0.6624284397381989,0.0,1.0,0.0,0.4791666666666667,0.9353078721745902,0.05439330543933041,0.07776014509181592,0.0,1.0,0.0,0.0,0.0,0.0,0.0,0.0,0.0,0.0,0.0,0.0,0.0,0.0,1.0,0.0,0.0,0.0,0.0,0.0,0.0,1.0,0.0,0.0,1.0,0.0
9842,0.19753086419753085,0.0,0.0,0.0,0.7777777777777779,0.0,0.5540062892371289,0.02631578947368421,1.0,0.0,0.4791666666666667,0.9353078721745902,0.05439330543933041,0.07776014509181592,0.0,0.0,0.0,0.0,0.0,0.0,0.0,0.0,1.0,0.0,0.0,0.0,0.0,0.0,1.0,0.0,0.0,0.0,0.0,0.0,0.0,1.0,0.0,0.0,1.0,0.0
9843,0.19753086419753085,1.0,0.0,0.0,0.7777777777777779,0.0,0.6509210996671051,0.02631578947368421,0.003003003003003003,0.2857142857142857,0.4791666666666667,0.9353078721745902,0.05439330543933041,0.07776014509181592,0.0,1.0,0.0,0.0,0.0,0.0,0.0,0.0,1.0,0.0,0.0,0.0,0.0,0.0,1.0,0.0,0.0,0.0,0.0,0.0,0.0,1.0,0.0,0.0,0.0,1.0
9844,0.5925925925925926,1.0,1.0,0.0,0.7777777777777779,0.0,0.6013494476505862,0.0,0.003003003003003003,0.14285714285714285,0.4791666666666667,0.9353078721745902,0.05439330543933041,0.07776014509181592,0.0,1.0,0.0,0.0,0.0,0.0,1.0,0.0,0.0,0.0,0.0,0.0,0.0,1.0,0.0,0.0,0.0,0.0,0.0,0.0,0.0,0.0,0.0,0.0,0.0,1.0
9845,0.09876543209876543,0.0,0.0,0.0,0.7777777777777779,0.0,0.6504552172780276,0.0,1.0,0.14285714285714285,0.4791666666666667,0.9353078721745902,0.05439330543933041,0.07776014509181592,0.0,0.0,0.0,0.0,0.0,0.0,0.0,0.0,1.0,0.0,0.0,0.0,0.0,0.0,1.0,0.0,0.0,0.0,1.0,0.0,0.0,0.0,0.0,0.0,0.0,0.0
9846,0.06172839506172839,0.0,1.0,1.0,0.7777777777777779,0.0,0.4182339006857429,0.02631578947368421,1.0,0.0,0.4791666666666667,0.9353078721745902,0.05439330543933041,0.07776014509181592,0.0,0.0,0.0,0.0,0.0,0.0,0.0,0.0,0.0,0.0,0.0,1.0,0.0,0.0,1.0,0.0,0.0,0.0,0.0,0.0,0.0,1.0,0.0,0.0,1.0,0.0
9847,0.5185185185185184,1.0,0.0,0.0,0.7777777777777779,0.0,0.7000047262075192,0.02631578947368421,1.0,0.2857142857142857,0.4791666666666667,0.9353078721745902,0.05439330543933041,0.07776014509181592,0.0,1.0,0.0,0.0,0.0,0.0,0.0,0.0,1.0,0.0,0.0,0.0,0.0,1.0,0.0,0.0,0.0,0.0,0.0,0.0,0.0,1.0,0.0,0.0,0.0,0.0
9848,0.6666666666666665,1.0,0.0,0.0,0.7777777777777779,0.0,0.614731491134803,0.02631578947368421,1.0,0.0,0.4791666666666667,0.9353078721745902,0.05439330543933041,0.07776014509181592,0.0,0.0,0.0,0.0,0.0,0.0,1.0,0.0,0.0,0.0,0.0,0.0,0.0,1.0,0.0,0.0,0.0,0.0,0.0,0.0,1.0,0.0,0.0,0.0,1.0,0.0
9849,0.5432098765432098,1.0,0.0,0.0,0.7777777777777779,0.0,0.5870502833422594,0.07894736842105263,1.0,0.0,0.4791666666666667,0.9353078721745902,0.05439330543933041,0.07776014509181592,0.0,0.0,0.0,0.0,0.0,0.0,0.0,0.0,0.0,0.0,0.0,0.0,0.0,1.0,0.0,0.0,0.0,0.0,1.0,0.0,0.0,0.0,0.0,0.0,1.0,0.0
9850,0.1728395061728395,1.0,0.0,1.0,0.7777777777777779,0.25,0.47140323828241015,0.0,1.0,0.14285714285714285,0.4791666666666667,0.9353078721745902,0.05439330543933041,0.07889367490364996,0.0,0.0,0.0,0.0,0.0,0.0,0.0,0.0,0.0,0.0,1.0,0.0,0.0,0.0,1.0,0.0,0.0,0.0,0.0,0.0,1.0,0.0,0.0,0.0,0.0,0.0
9851,0.1728395061728395,1.0,1.0,0.0,0.7777777777777779,0.25,0.6255978404568726,0.07894736842105263,0.006006006006006006,0.2857142857142857,0.4791666666666667,0.9353078721745902,0.05439330543933041,0.07889367490364996,0.0,1.0,0.0,0.0,0.0,0.0,0.0,0.0,0.0,0.0,1.0,0.0,0.0,1.0,0.0,0.0,0.0,0.0,0.0,0.0,0.0,1.0,0.0,0.0,0.0,1.0
9852,0.04938271604938271,0.0,0.0,0.0,0.7777777777777779,0.25,0.6933889585355939,0.0,1.0,0.0,0.4791666666666667,0.9353078721745902,0.05439330543933041,0.07889367490364996,0.0,1.0,0.0,0.0,0.0,0.0,0.0,0.0,0.0,1.0,0.0,0.0,0.0,0.0,1.0,0.0,0.0,0.0,1.0,0.0,0.0,0.0,0.0,0.0,1.0,0.0
9853,0.037037037037037035,1.0,1.0,0.0,0.7777777777777779,0.25,0.6159896330688406,0.0,0.003003003003003003,0.5714285714285714,0.4791666666666667,0.9353078721745902,0.05439330543933041,0.07889367490364996,0.0,1.0,0.0,0.0,0.0,0.0,0.0,0.0,0.0,1.0,0.0,0.0,0.0,0.0,1.0,0.0,0.0,0.0,0.0,0.0,0.0,0.0,1.0,0.0,0.0,1.0
9854,0.12345679012345678,0.0,0.0,0.0,0.7777777777777779,0.25,0.6513851442510553,0.0,1.0,0.2857142857142857,0.4791666666666667,0.9353078721745902,0.05439330543933041,0.07889367490364996,0.0,1.0,1.0,0.0,0.0,0.0,0.0,0.0,0.0,0.0,0.0,0.0,0.0,0.0,1.0,0.0,0.0,0.0,1.0,0.0,0.0,0.0,0.0,0.0,0.0,0.0
9855,0.6666666666666665,0.0,0.0,0.0,0.7777777777777779,0.25,0.6800186276166762,0.0,1.0,0.0,0.4791666666666667,0.9353078721745902,0.05439330543933041,0.07889367490364996,0.0,1.0,0.0,0.0,0.0,0.0,1.0,0.0,0.0,0.0,0.0,0.0,0.0,1.0,0.0,0.0,0.0,0.0,0.0,0.0,1.0,0.0,0.0,0.0,1.0,0.0
9856,0.12345679012345678,1.0,0.0,0.0,0.7777777777777779,0.25,0.6290077936901697,0.05263157894736842,1.0,0.14285714285714285,0.4791666666666667,0.9353078721745902,0.05439330543933041,0.07889367490364996,0.0,1.0,1.0,0.0,0.0,0.0,0.0,0.0,0.0,0.0,0.0,0.0,0.0,0.0,1.0,0.0,0.0,0.0,1.0,0.0,0.0,0.0,0.0,0.0,0.0,0.0
9857,0.39506172839506176,0.0,0.0,0.0,0.7777777777777779,0.5,0.6041504168690148,0.0,0.006006006006006006,0.42857142857142855,0.4791666666666667,0.9353078721745902,0.05439330543933041,0.07957379279075041,0.0,1.0,0.0,0.0,0.0,0.0,0.0,0.0,0.0,0.0,0.0,0.0,0.0,1.0,0.0,0.0,0.0,0.0,1.0,0.0,0.0,0.0,0.0,1.0,0.0,1.0
9858,0.6049382716049383,0.5,0.5,0.0,0.7777777777777779,0.5,0.6328650293995502,0.0,0.006006006006006006,0.42857142857142855,0.4791666666666667,0.9353078721745902,0.05439330543933041,0.07957379279075041,0.0,1.0,0.0,0.0,0.0,0.0,1.0,0.0,0.0,0.0,0.0,0.0,0.0,1.0,0.0,0.0,0.0,0.0,0.0,0.0,0.0,0.0,0.0,1.0,0.0,1.0
9859,0.5925925925925926,1.0,1.0,0.0,0.7777777777777779,0.5,0.6178519698461769,0.0,0.003003003003003003,0.42857142857142855,0.4791666666666667,0.9353078721745902,0.05439330543933041,0.07957379279075041,0.0,1.0,0.0,0.0,0.0,0.0,1.0,0.0,0.0,0.0,0.0,0.0,0.0,1.0,0.0,0.0,0.0,0.0,0.0,0.0,0.0,0.0,0.0,0.0,0.0,1.0
9860,0.2222222222222222,0.0,0.0,0.0,0.7777777777777779,0.5,0.6202900913078108,0.0,0.003003003003003003,0.2857142857142857,0.4791666666666667,0.9353078721745902,0.05439330543933041,0.07957379279075041,0.0,1.0,0.0,0.0,0.0,0.0,0.0,0.0,0.0,0.0,0.0,0.0,0.0,1.0,0.0,0.0,0.0,0.0,0.0,0.0,0.0,1.0,0.0,0.0,0.0,1.0
9861,0.4567901234567901,0.0,0.0,0.0,0.7777777777777779,0.5,0.6509210996671051,0.02631578947368421,0.006006006006006006,0.2857142857142857,0.4791666666666667,0.9353078721745902,0.05439330543933041,0.07957379279075041,0.0,1.0,0.0,0.0,0.0,0.0,0.0,0.0,0.0,0.0,0.0,0.0,0.0,1.0,0.0,0.0,0.0,0.0,1.0,0.0,0.0,0.0,0.0,0.0,0.0,1.0
9862,0.4567901234567901,0.0,0.0,0.0,0.7777777777777779,0.75,0.5417298832341686,0.05263157894736842,1.0,0.0,0.4791666666666667,0.9353078721745902,0.05439330543933041,0.08002720471548402,0.0,0.0,0.0,0.0,0.0,0.0,0.0,1.0,0.0,0.0,0.0,0.0,0.0,1.0,0.0,0.0,0.0,0.0,0.0,0.0,0.0,1.0,0.0,0.0,1.0,0.0
9863,0.654320987654321,0.0,0.0,0.0,0.7777777777777779,0.75,0.7497264261648069,0.0,0.006006006006006006,0.42857142857142855,0.4791666666666667,0.9353078721745902,0.05439330543933041,0.08002720471548402,0.0,1.0,0.0,0.0,0.0,0.0,1.0,0.0,0.0,0.0,0.0,0.0,0.0,1.0,0.0,0.0,0.0,0.0,0.0,0.0,1.0,0.0,0.0,0.0,0.0,1.0
9864,0.4074074074074074,1.0,0.0,0.0,0.7777777777777779,0.75,0.6811028302176989,0.0,1.0,0.0,0.4791666666666667,0.9353078721745902,0.05439330543933041,0.08002720471548402,0.0,1.0,0.0,0.0,0.0,0.0,0.0,0.0,0.0,0.0,0.0,0.0,0.0,1.0,0.0,0.0,0.0,0.0,1.0,0.0,0.0,0.0,0.0,0.0,1.0,0.0
9865,0.38271604938271603,0.0,0.0,0.0,0.7777777777777779,0.75,0.7291589703963093,0.0,0.006006006006006006,0.42857142857142855,0.4791666666666667,0.9353078721745902,0.05439330543933041,0.08002720471548402,0.0,1.0,0.0,0.0,0.0,0.0,0.0,0.0,0.0,0.0,1.0,0.0,0.0,1.0,0.0,0.0,0.0,0.0,0.0,0.0,1.0,0.0,0.0,0.0,0.0,1.0
9866,0.5432098765432098,1.0,0.0,0.0,0.7777777777777779,0.75,0.6480977205520548,0.02631578947368421,1.0,0.0,0.4791666666666667,0.9353078721745902,0.05439330543933041,0.08002720471548402,0.0,1.0,1.0,0.0,0.0,0.0,0.0,0.0,0.0,0.0,0.0,0.0,0.0,1.0,0.0,0.0,0.0,0.0,0.0,0.0,1.0,0.0,0.0,0.0,1.0,0.0
9867,0.24691358024691357,0.0,0.0,1.0,0.7777777777777779,0.75,0.6717469358140523,0.0,0.003003003003003003,0.14285714285714285,0.4791666666666667,0.9353078721745902,0.05439330543933041,0.08002720471548402,0.0,1.0,0.0,0.0,0.0,0.0,0.0,0.0,0.0,0.0,0.0,0.0,0.0,0.0,1.0,0.0,0.0,0.0,1.0,0.0,0.0,0.0,0.0,0.0,0.0,1.0
9868,0.24691358024691357,0.0,0.0,0.0,0.7777777777777779,0.75,0.6796549947166548,0.0,1.0,0.0,0.4791666666666667,0.9353078721745902,0.05439330543933041,0.08002720471548402,0.0,0.0,0.0,0.0,0.0,0.0,0.0,0.0,0.0,0.0,0.0,0.0,0.0,0.0,1.0,0.0,0.0,0.0,1.0,0.0,0.0,0.0,0.0,0.0,1.0,0.0
9869,0.24691358024691357,0.0,0.0,0.0,0.7777777777777779,0.75,0.7333858376729261,0.0,1.0,0.0,0.4791666666666667,0.9353078721745902,0.05439330543933041,0.08002720471548402,0.0,1.0,0.0,0.0,0.0,0.0,0.0,0.0,0.0,0.0,0.0,0.0,0.0,0.0,1.0,0.0,0.0,0.0,1.0,0.0,0.0,0.0,0.0,0.0,1.0,0.0
9870,0.4567901234567901,0.0,0.0,0.0,0.7777777777777779,0.75,0.634480182683441,0.05263157894736842,1.0,0.14285714285714285,0.4791666666666667,0.9353078721745902,0.05439330543933041,0.08002720471548402,0.0,0.0,0.0,0.0,0.0,0.0,0.0,1.0,0.0,0.0,0.0,0.0,0.0,1.0,0.0,0.0,0.0,0.0,0.0,0.0,0.0,1.0,0.0,0.0,0.0,0.0
9871,0.5925925925925926,0.0,0.0,0.0,0.7777777777777779,1.0,0.6159896330688406,0.02631578947368421,0.007007007007007007,0.42857142857142855,0.4791666666666667,0.9353078721745902,0.05439330543933041,0.08138744048968488,0.0,1.0,0.0,0.0,0.0,0.0,1.0,0.0,0.0,0.0,0.0,0.0,0.0,1.0,0.0,0.0,0.0,0.0,0.0,0.0,0.0,0.0,0.0,0.0,0.0,1.0
9872,0.8271604938271604,1.0,0.0,0.0,0.7777777777777779,1.0,0.5496889184613623,0.07894736842105263,1.0,0.0,0.4791666666666667,0.9353078721745902,0.05439330543933041,0.08138744048968488,0.0,0.0,0.0,0.0,0.0,0.0,1.0,0.0,0.0,0.0,0.0,0.0,0.0,0.0,0.0,0.0,0.0,0.0,0.0,0.0,0.0,0.0,0.0,1.0,1.0,0.0
9873,0.08641975308641975,1.0,0.0,0.0,0.7777777777777779,1.0,0.8317656873272035,0.05263157894736842,0.003003003003003003,0.2857142857142857,0.4791666666666667,0.9353078721745902,0.05439330543933041,0.08138744048968488,0.0,1.0,0.0,0.0,0.0,0.0,0.0,0.0,0.0,0.0,0.0,0.0,0.0,0.0,1.0,0.0,0.0,0.0,0.0,0.0,0.0,1.0,0.0,0.0,0.0,1.0
9874,0.6296296296296295,1.0,1.0,0.0,0.7777777777777779,0.0,0.7460564011454784,0.0,0.003003003003003003,0.14285714285714285,0.4791666666666667,0.9353078721745902,0.05439330543933041,0.08297438222625256,0.0,1.0,0.0,0.0,0.0,0.0,1.0,0.0,0.0,0.0,0.0,0.0,0.0,0.0,0.0,0.0,0.0,0.0,1.0,0.0,0.0,0.0,0.0,0.0,0.0,1.0
9875,0.3333333333333333,1.0,1.0,0.0,0.7777777777777779,0.0,0.6752013972391346,0.0,1.0,0.14285714285714285,0.4791666666666667,0.9353078721745902,0.05439330543933041,0.08297438222625256,0.0,1.0,0.0,0.0,0.0,0.0,0.0,0.0,0.0,0.0,1.0,0.0,0.0,1.0,0.0,0.0,0.0,0.0,1.0,0.0,0.0,0.0,0.0,0.0,0.0,0.0
9876,0.48148148148148145,0.0,0.0,0.0,0.7777777777777779,0.0,0.7225194883508564,0.0,0.003003003003003003,0.2857142857142857,0.4791666666666667,0.9353078721745902,0.05439330543933041,0.08297438222625256,0.0,1.0,0.0,0.0,0.0,0.0,0.0,0.0,0.0,0.0,1.0,0.0,0.0,0.0,0.0,0.0,0.0,0.0,0.0,0.0,1.0,0.0,0.0,0.0,0.0,1.0
9877,0.30864197530864196,1.0,1.0,0.0,0.7777777777777779,0.0,0.7333858376729261,0.0,0.006006006006006006,0.14285714285714285,0.4791666666666667,0.9353078721745902,0.05439330543933041,0.08297438222625256,0.0,1.0,0.0,0.0,0.0,0.0,0.0,0.0,0.0,0.0,1.0,0.0,0.0,1.0,0.0,0.0,0.0,0.0,0.0,0.0,1.0,0.0,0.0,0.0,0.0,1.0
9878,0.3333333333333333,1.0,0.0,0.0,0.7777777777777779,0.0,0.6509210996671051,0.0,1.0,0.0,0.4791666666666667,0.9353078721745902,0.05439330543933041,0.08297438222625256,0.0,1.0,0.0,0.0,0.0,0.0,0.0,0.0,0.0,0.0,0.0,0.0,0.0,1.0,0.0,0.0,0.0,0.0,0.0,0.0,0.0,1.0,0.0,0.0,1.0,0.0
9879,0.14814814814814814,1.0,0.0,0.0,0.7777777777777779,0.0,0.7372430733823068,0.0,1.0,0.0,0.4791666666666667,0.9353078721745902,0.05439330543933041,0.08297438222625256,0.0,1.0,0.0,0.0,0.0,0.0,0.0,0.0,0.0,0.0,0.0,0.0,0.0,0.0,1.0,0.0,0.0,0.0,0.0,0.0,0.0,1.0,0.0,0.0,1.0,0.0
9880,0.6296296296296295,1.0,0.0,0.0,0.7777777777777779,0.0,0.6360734596286551,0.0,1.0,0.0,0.4791666666666667,0.9353078721745902,0.05439330543933041,0.08297438222625256,0.0,1.0,0.0,0.0,0.0,0.0,1.0,0.0,0.0,0.0,0.0,0.0,0.0,0.0,0.0,0.0,0.0,0.0,1.0,0.0,0.0,0.0,0.0,0.0,1.0,0.0
9881,0.3703703703703703,0.0,0.0,0.0,0.7777777777777779,0.0,0.7815431984080345,0.05263157894736842,1.0,0.0,0.4791666666666667,0.9353078721745902,0.05439330543933041,0.08297438222625256,0.0,1.0,0.0,0.0,0.0,0.0,0.0,0.0,0.0,0.0,0.0,0.0,0.0,0.0,1.0,0.0,0.0,0.0,0.0,0.0,0.0,1.0,0.0,0.0,1.0,0.0
9882,0.1728395061728395,0.5,0.5,0.0,0.7777777777777779,0.25,0.6190773470668909,0.0,0.003003003003003003,0.14285714285714285,0.4791666666666667,0.9353078721745902,0.05439330543933041,0.08478802992518705,0.0,1.0,0.0,0.0,0.0,0.0,0.0,0.0,0.0,0.0,0.0,0.0,0.0,0.0,1.0,0.0,0.0,0.0,0.0,0.0,0.0,1.0,0.0,0.0,0.0,1.0
9883,0.38271604938271603,1.0,1.0,0.0,0.7777777777777779,0.25,0.6849948743751764,0.02631578947368421,1.0,0.0,0.4791666666666667,0.9353078721745902,0.05439330543933041,0.08478802992518705,0.0,1.0,0.0,0.0,0.0,0.0,0.0,0.0,0.0,0.0,1.0,0.0,0.0,1.0,0.0,0.0,0.0,0.0,0.0,0.0,0.0,1.0,0.0,0.0,1.0,0.0
9884,0.4074074074074074,1.0,0.0,1.0,0.7777777777777779,0.25,0.8000699464522179,0.15789473684210525,0.011011011011011011,0.2857142857142857,0.4791666666666667,0.9353078721745902,0.05439330543933041,0.08478802992518705,0.0,1.0,0.0,1.0,0.0,0.0,0.0,0.0,0.0,0.0,0.0,0.0,0.0,0.0,0.0,0.0,0.0,0.0,0.0,0.0,0.0,1.0,0.0,0.0,0.0,1.0
9885,0.4567901234567901,1.0,1.0,0.0,0.7777777777777779,0.5,0.6102189047082401,0.07894736842105263,0.003003003003003003,0.14285714285714285,0.4791666666666667,0.9353078721745902,0.05439330543933041,0.08660167762412152,0.0,1.0,0.0,0.0,0.0,0.0,0.0,0.0,1.0,0.0,0.0,0.0,0.0,0.0,0.0,0.0,0.0,0.0,1.0,0.0,0.0,0.0,0.0,0.0,0.0,1.0
9886,0.7901234567901234,1.0,0.0,0.0,0.7777777777777779,0.5,0.75673986943965,0.0,1.0,0.2857142857142857,0.4791666666666667,0.9353078721745902,0.05439330543933041,0.08660167762412152,0.0,1.0,0.0,0.0,0.0,0.0,1.0,0.0,0.0,0.0,0.0,0.0,0.0,1.0,0.0,0.0,0.0,0.0,0.0,0.0,0.0,0.0,0.0,0.0,0.0,0.0
9887,0.09876543209876543,1.0,0.0,1.0,0.7777777777777779,0.5,0.24461541660154618,0.0,1.0,0.0,0.4791666666666667,0.9353078721745902,0.05439330543933041,0.08660167762412152,0.0,0.0,0.0,0.0,0.0,0.0,0.0,0.0,0.0,1.0,0.0,0.0,0.0,1.0,0.0,0.0,0.0,0.0,1.0,0.0,0.0,0.0,0.0,0.0,1.0,0.0
9888,0.4567901234567901,1.0,0.0,0.0,0.7777777777777779,0.5,0.7281986781289764,0.05263157894736842,1.0,0.2857142857142857,0.4791666666666667,0.9353078721745902,0.05439330543933041,0.08660167762412152,0.0,1.0,0.0,0.0,0.0,0.0,0.0,0.0,1.0,0.0,0.0,0.0,0.0,0.0,0.0,0.0,0.0,0.0,1.0,0.0,0.0,0.0,0.0,0.0,0.0,0.0
9889,0.24691358024691357,1.0,0.0,0.0,0.7777777777777779,0.75,0.5902084636135368,0.05263157894736842,0.005005005005005005,0.7142857142857142,0.4791666666666667,0.9353078721745902,0.05439330543933041,0.0886420312854228,0.0,1.0,0.0,0.0,0.0,1.0,0.0,0.0,0.0,0.0,0.0,0.0,0.0,1.0,0.0,0.0,0.0,0.0,0.0,0.0,0.0,1.0,0.0,0.0,0.0,1.0
9890,0.7777777777777777,1.0,0.0,0.0,0.7777777777777779,0.75,0.7082839817554912,0.0,1.0,0.14285714285714285,0.4791666666666667,0.9353078721745902,0.05439330543933041,0.0886420312854228,0.0,1.0,0.0,0.0,0.0,0.0,1.0,0.0,0.0,0.0,0.0,0.0,0.0,1.0,0.0,0.0,0.0,0.0,0.0,0.0,1.0,0.0,0.0,0.0,0.0,0.0
9891,0.24691358024691357,0.0,0.0,0.0,0.7777777777777779,0.75,0.7197032784574716,0.0,0.006006006006006006,0.2857142857142857,0.4791666666666667,0.9353078721745902,0.05439330543933041,0.0886420312854228,0.0,1.0,0.0,0.0,1.0,0.0,0.0,0.0,0.0,0.0,0.0,0.0,0.0,1.0,0.0,0.0,0.0,0.0,0.0,0.0,0.0,1.0,0.0,0.0,0.0,1.0
9892,0.24691358024691357,0.0,0.0,0.0,0.7777777777777779,0.75,0.6102189047082401,0.02631578947368421,0.013013013013013013,0.2857142857142857,0.4791666666666667,0.9353078721745902,0.05439330543933041,0.0886420312854228,0.0,1.0,0.0,0.0,1.0,0.0,0.0,0.0,0.0,0.0,0.0,0.0,0.0,1.0,0.0,0.0,0.0,0.0,0.0,0.0,0.0,1.0,0.0,0.0,0.0,1.0
9893,0.08641975308641975,0.0,0.0,0.0,0.7777777777777779,0.75,0.8164141076164471,0.0,0.003003003003003003,0.14285714285714285,0.4791666666666667,0.9353078721745902,0.05439330543933041,0.0886420312854228,0.0,1.0,1.0,0.0,0.0,0.0,0.0,0.0,0.0,0.0,0.0,0.0,0.0,0.0,1.0,0.0,0.0,0.0,1.0,0.0,0.0,0.0,0.0,0.0,0.0,1.0
9894,0.19753086419753085,1.0,0.0,0.0,0.7777777777777779,0.75,0.7803114054828394,0.0,0.003003003003003003,0.42857142857142855,0.4791666666666667,0.9353078721745902,0.05439330543933041,0.0886420312854228,0.0,1.0,0.0,0.0,0.0,0.0,0.0,0.0,0.0,0.0,0.0,0.0,0.0,0.0,1.0,0.0,0.0,0.0,0.0,0.0,0.0,1.0,0.0,0.0,0.0,1.0
9895,0.24691358024691357,0.0,0.0,0.0,0.7777777777777779,0.75,0.7422681798994943,0.02631578947368421,0.011011011011011011,0.5714285714285714,0.4791666666666667,0.9353078721745902,0.05439330543933041,0.0886420312854228,0.0,1.0,0.0,0.0,1.0,0.0,0.0,0.0,0.0,0.0,0.0,0.0,0.0,1.0,0.0,0.0,0.0,0.0,0.0,0.0,0.0,1.0,0.0,0.0,0.0,1.0
9896,0.14814814814814814,0.0,0.0,1.0,0.7777777777777779,0.75,0.6825330624191547,0.02631578947368421,0.006006006006006006,0.14285714285714285,0.4791666666666667,0.9353078721745902,0.05439330543933041,0.0886420312854228,0.0,1.0,0.0,0.0,0.0,0.0,0.0,0.0,0.0,0.0,0.0,0.0,0.0,0.0,1.0,0.0,0.0,0.0,1.0,0.0,0.0,0.0,0.0,0.0,0.0,1.0
9897,0.1728395061728395,0.5,0.5,0.0,0.7777777777777779,0.75,0.6306764053478436,0.02631578947368421,1.0,0.0,0.4791666666666667,0.9353078721745902,0.05439330543933041,0.0886420312854228,0.0,1.0,0.0,0.0,0.0,0.0,0.0,0.0,0.0,0.0,1.0,0.0,0.0,0.0,1.0,0.0,0.0,0.0,0.0,0.0,1.0,0.0,0.0,0.0,1.0,0.0
9898,0.20987654320987653,0.5,0.5,0.0,0.7777777777777779,0.75,0.6527663947522088,0.02631578947368421,1.0,0.14285714285714285,0.4791666666666667,0.9353078721745902,0.05439330543933041,0.0886420312854228,0.0,0.0,0.0,0.0,0.0,0.0,0.0,0.0,0.0,0.0,0.0,0.0,0.0,0.0,0.0,0.0,0.0,0.0,0.0,0.0,0.0,1.0,0.0,0.0,0.0,0.0
9899,0.24691358024691357,1.0,0.0,0.0,0.7777777777777779,0.75,0.6856888890695302,0.05263157894736842,0.003003003003003003,0.42857142857142855,0.4791666666666667,0.9353078721745902,0.05439330543933041,0.0886420312854228,0.0,1.0,0.0,0.0,0.0,1.0,0.0,0.0,0.0,0.0,0.0,0.0,0.0,1.0,0.0,0.0,0.0,0.0,0.0,0.0,0.0,1.0,0.0,0.0,0.0,1.0
9900,0.34567901234567905,1.0,0.0,0.0,0.7777777777777779,1.0,0.777015208325988,0.05263157894736842,0.006006006006006006,0.14285714285714285,0.4791666666666667,0.9353078721745902,0.05439330543933041,0.08954885513489003,0.0,1.0,0.0,0.0,0.0,0.0,0.0,0.0,0.0,0.0,0.0,0.0,0.0,1.0,0.0,0.0,0.0,0.0,1.0,0.0,0.0,0.0,0.0,0.0,0.0,1.0
9901,0.1111111111111111,1.0,0.0,0.0,0.7777777777777779,1.0,0.7033271207099517,0.05263157894736842,0.014014014014014014,0.14285714285714285,0.4791666666666667,0.9353078721745902,0.05439330543933041,0.08954885513489003,0.0,1.0,0.0,0.0,0.0,0.0,0.0,0.0,0.0,0.0,0.0,1.0,0.0,0.0,1.0,0.0,0.0,0.0,1.0,0.0,0.0,0.0,0.0,0.0,0.0,1.0
9902,0.1728395061728395,1.0,0.0,0.0,0.7777777777777779,1.0,0.7734600293864244,0.05263157894736842,1.0,0.0,0.4791666666666667,0.9353078721745902,0.05439330543933041,0.08954885513489003,0.0,1.0,0.0,0.0,0.0,0.0,0.0,0.0,0.0,1.0,0.0,0.0,0.0,0.0,1.0,0.0,0.0,0.0,1.0,0.0,0.0,0.0,0.0,0.0,1.0,0.0
9903,0.09876543209876543,1.0,0.0,0.0,0.7777777777777779,1.0,0.6422391580843787,0.0,0.003003003003003003,0.14285714285714285,0.4791666666666667,0.9353078721745902,0.05439330543933041,0.08954885513489003,0.0,1.0,0.0,0.0,0.0,0.0,0.0,0.0,0.0,1.0,0.0,0.0,0.0,0.0,1.0,0.0,0.0,0.0,1.0,0.0,0.0,0.0,0.0,0.0,0.0,1.0
9904,0.07407407407407407,0.0,1.0,0.0,0.7777777777777779,1.0,0.6990820928544513,0.0,0.003003003003003003,0.14285714285714285,0.4791666666666667,0.9353078721745902,0.05439330543933041,0.08954885513489003,0.0,1.0,0.0,0.0,0.0,0.0,0.0,0.0,0.0,1.0,0.0,0.0,0.0,0.0,1.0,0.0,0.0,0.0,1.0,0.0,0.0,0.0,0.0,0.0,0.0,1.0
9905,0.09876543209876543,0.0,0.0,0.0,0.7777777777777779,1.0,0.7433327586536977,0.05263157894736842,1.0,0.0,0.4791666666666667,0.9353078721745902,0.05439330543933041,0.08954885513489003,0.0,1.0,0.0,0.0,0.0,0.0,0.0,0.0,0.0,1.0,0.0,0.0,0.0,0.0,1.0,0.0,0.0,0.0,1.0,0.0,0.0,0.0,0.0,0.0,1.0,0.0
9906,0.5925925925925926,1.0,1.0,0.0,0.7777777777777779,1.0,0.6874062210217441,0.02631578947368421,0.012012012012012012,0.14285714285714285,0.4791666666666667,0.9353078721745902,0.05439330543933041,0.08954885513489003,0.0,1.0,0.0,0.0,0.0,0.0,1.0,0.0,0.0,0.0,0.0,0.0,0.0,1.0,0.0,0.0,0.0,0.0,1.0,0.0,0.0,0.0,0.0,0.0,0.0,1.0
9907,0.24691358024691357,1.0,1.0,0.0,0.7777777777777779,1.0,0.7542552003949271,0.02631578947368421,0.012012012012012012,0.2857142857142857,0.4791666666666667,0.9353078721745902,0.05439330543933041,0.08954885513489003,0.0,1.0,0.0,0.0,0.0,0.0,0.0,0.0,1.0,0.0,0.0,0.0,0.0,1.0,0.0,0.0,0.0,0.0,1.0,0.0,0.0,0.0,0.0,0.0,0.0,0.0
9908,0.13580246913580246,0.0,0.0,0.0,0.7777777777777779,0.0,0.6376454449299462,0.0,0.003003003003003003,0.42857142857142855,0.4791666666666667,0.9353078721745902,0.05439330543933041,0.09022897302199048,0.0,1.0,0.0,0.0,0.0,0.0,0.0,0.0,0.0,0.0,0.0,0.0,0.0,0.0,1.0,0.0,0.0,0.0,0.0,0.0,0.0,1.0,0.0,0.0,0.0,1.0
9909,0.2345679012345679,1.0,0.0,0.0,0.7777777777777779,0.0,0.6729097309439991,0.0,0.003003003003003003,0.14285714285714285,0.4791666666666667,0.9353078721745902,0.05439330543933041,0.09022897302199048,0.0,1.0,0.0,0.0,0.0,0.0,0.0,0.0,0.0,0.0,0.0,1.0,0.0,1.0,0.0,0.0,0.0,0.0,1.0,0.0,0.0,0.0,0.0,0.0,0.0,1.0
9910,0.19753086419753085,1.0,0.0,0.0,0.7777777777777779,0.0,0.7051005485106072,0.0,0.005005005005005005,0.2857142857142857,0.4791666666666667,0.9353078721745902,0.05439330543933041,0.09022897302199048,0.0,1.0,0.0,0.0,0.0,0.0,0.0,0.0,0.0,0.0,0.0,0.0,0.0,0.0,1.0,0.0,0.0,0.0,0.0,0.0,0.0,1.0,0.0,0.0,0.0,1.0
9911,0.19753086419753085,1.0,0.0,0.0,0.7777777777777779,0.0,0.6128186823313415,0.0,0.006006006006006006,0.14285714285714285,0.4791666666666667,0.9353078721745902,0.05439330543933041,0.09022897302199048,0.0,1.0,0.0,0.0,0.0,0.0,0.0,0.0,1.0,0.0,0.0,0.0,0.0,0.0,1.0,0.0,0.0,0.0,1.0,0.0,0.0,0.0,0.0,0.0,0.0,1.0
9912,0.16049382716049382,1.0,0.0,0.0,0.7777777777777779,0.0,0.6513851442510553,0.0,0.009009009009009009,0.2857142857142857,0.4791666666666667,0.9353078721745902,0.05439330543933041,0.09022897302199048,0.0,1.0,0.0,0.0,0.0,0.0,0.0,0.0,0.0,0.0,1.0,0.0,0.0,1.0,0.0,0.0,0.0,0.0,0.0,0.0,1.0,0.0,0.0,0.0,0.0,1.0
9913,0.07407407407407407,1.0,0.0,0.0,0.7777777777777779,0.0,0.6381648062569562,0.02631578947368421,1.0,0.14285714285714285,0.4791666666666667,0.9353078721745902,0.05439330543933041,0.09022897302199048,0.0,1.0,0.0,0.0,0.0,0.0,0.0,0.0,0.0,1.0,0.0,0.0,0.0,0.0,1.0,0.0,0.0,0.0,1.0,0.0,0.0,0.0,0.0,0.0,0.0,0.0
9914,0.19753086419753085,1.0,0.0,0.0,0.7777777777777779,0.0,0.6701784439170553,0.10526315789473684,1.0,0.0,0.4791666666666667,0.9353078721745902,0.05439330543933041,0.09022897302199048,0.0,1.0,0.0,0.0,0.0,0.0,0.0,0.0,0.0,0.0,0.0,0.0,0.0,0.0,1.0,0.0,0.0,0.0,0.0,0.0,0.0,1.0,0.0,0.0,1.0,0.0
9915,0.16049382716049382,1.0,0.0,0.0,0.7777777777777779,0.0,0.6323216790132803,0.0,0.006006006006006006,0.14285714285714285,0.4791666666666667,0.9353078721745902,0.05439330543933041,0.09022897302199048,0.0,1.0,0.0,0.0,0.0,0.0,0.0,0.0,0.0,0.0,1.0,0.0,0.0,1.0,0.0,0.0,0.0,0.0,0.0,0.0,1.0,0.0,0.0,0.0,0.0,1.0
9916,0.09876543209876543,1.0,0.0,0.0,0.7777777777777779,0.0,0.6301228271521957,0.02631578947368421,0.006006006006006006,0.42857142857142855,0.4791666666666667,0.9353078721745902,0.05439330543933041,0.09022897302199048,0.0,1.0,0.0,0.0,0.0,0.0,0.0,0.0,0.0,1.0,0.0,0.0,0.0,0.0,1.0,0.0,0.0,0.0,1.0,0.0,0.0,0.0,0.0,0.0,0.0,1.0
9917,0.5555555555555556,0.0,0.0,0.0,0.7777777777777779,0.25,0.6781891171876829,0.0,0.004004004004004004,0.42857142857142855,0.4791666666666667,0.9353078721745902,0.05439330543933041,0.09136250283382452,0.0,1.0,0.0,0.0,0.0,0.0,0.0,0.0,0.0,0.0,0.0,0.0,0.0,1.0,0.0,0.0,0.0,0.0,1.0,0.0,0.0,0.0,0.0,0.0,0.0,1.0
9918,0.16049382716049382,1.0,0.0,0.0,0.7777777777777779,0.25,0.6214904603916316,0.0,0.017017017017017015,0.2857142857142857,0.4791666666666667,0.9353078721745902,0.05439330543933041,0.09136250283382452,0.0,0.0,0.0,0.0,0.0,0.0,0.0,0.0,0.0,1.0,0.0,0.0,0.0,0.0,1.0,0.0,0.0,0.0,1.0,0.0,0.0,0.0,0.0,0.0,0.0,0.0
9919,0.5308641975308641,0.0,0.0,0.0,0.7777777777777779,0.25,0.7534800071482515,0.0,1.0,0.14285714285714285,0.4791666666666667,0.9353078721745902,0.05439330543933041,0.09136250283382452,0.0,1.0,0.0,0.0,0.0,0.0,0.0,0.0,0.0,0.0,0.0,0.0,0.0,1.0,0.0,0.0,0.0,0.0,1.0,0.0,0.0,0.0,0.0,0.0,0.0,0.0
9920,0.5555555555555556,0.0,0.0,0.0,0.7777777777777779,0.25,0.6442246085825132,0.07894736842105263,0.018018018018018018,0.2857142857142857,0.4791666666666667,0.9353078721745902,0.05439330543933041,0.09136250283382452,0.0,1.0,0.0,0.0,0.0,0.0,0.0,0.0,0.0,0.0,0.0,0.0,0.0,1.0,0.0,0.0,0.0,0.0,1.0,0.0,0.0,0.0,0.0,0.0,0.0,0.0
9921,0.04938271604938271,0.0,0.0,0.0,0.7777777777777779,0.25,0.7709729356995799,0.02631578947368421,1.0,0.0,0.4791666666666667,0.9353078721745902,0.05439330543933041,0.09136250283382452,0.0,1.0,0.0,0.0,0.0,0.0,0.0,0.0,0.0,1.0,0.0,0.0,0.0,0.0,1.0,0.0,0.0,0.0,1.0,0.0,0.0,0.0,0.0,0.0,1.0,0.0
9922,0.16049382716049382,0.0,0.0,0.0,0.7777777777777779,0.5,0.7726368269403481,0.0,1.0,0.0,0.4791666666666667,0.9353078721745902,0.05439330543933041,0.09272273860802538,0.0,1.0,0.0,0.0,0.0,1.0,0.0,0.0,0.0,0.0,0.0,0.0,0.0,1.0,0.0,0.0,0.0,0.0,0.0,0.0,0.0,1.0,0.0,0.0,1.0,0.0
9923,0.5925925925925926,0.0,0.0,0.0,0.7777777777777779,0.5,0.7979574739807627,0.0,1.0,0.0,0.4791666666666667,0.9353078721745902,0.05439330543933041,0.09272273860802538,0.0,1.0,0.0,0.0,0.0,0.0,1.0,0.0,0.0,0.0,0.0,0.0,0.0,1.0,0.0,0.0,0.0,0.0,0.0,0.0,0.0,0.0,0.0,0.0,1.0,0.0
9924,0.07407407407407407,0.0,0.0,0.0,0.7777777777777779,0.5,0.7077115468084515,0.0,0.003003003003003003,0.14285714285714285,0.4791666666666667,0.9353078721745902,0.05439330543933041,0.09272273860802538,0.0,0.0,0.0,0.0,0.0,0.0,0.0,0.0,0.0,1.0,0.0,0.0,0.0,0.0,1.0,0.0,0.0,0.0,1.0,0.0,0.0,0.0,0.0,0.0,0.0,1.0
9925,0.1728395061728395,0.0,0.0,0.0,0.7777777777777779,0.5,0.7331549540865699,0.0,1.0,0.0,0.4791666666666667,0.9353078721745902,0.05439330543933041,0.09272273860802538,0.0,1.0,0.0,0.0,0.0,0.0,0.0,0.0,0.0,1.0,0.0,0.0,0.0,0.0,1.0,0.0,0.0,0.0,0.0,0.0,0.0,1.0,0.0,0.0,1.0,0.0
9926,0.12345679012345678,1.0,0.0,0.0,0.7777777777777779,0.5,0.6140973378497864,0.0,1.0,0.14285714285714285,0.4791666666666667,0.9353078721745902,0.05439330543933041,0.09272273860802538,0.0,1.0,0.0,0.0,0.0,0.0,0.0,0.0,0.0,0.0,1.0,0.0,0.0,0.0,1.0,0.0,0.0,0.0,0.0,0.0,0.0,1.0,0.0,0.0,0.0,0.0
9927,0.16049382716049382,0.0,1.0,0.0,0.7777777777777779,0.5,0.6523077776041232,0.0,0.006006006006006006,0.14285714285714285,0.4791666666666667,0.9353078721745902,0.05439330543933041,0.09272273860802538,0.0,1.0,0.0,0.0,0.0,1.0,0.0,0.0,0.0,0.0,0.0,0.0,0.0,1.0,0.0,0.0,0.0,0.0,0.0,0.0,0.0,1.0,0.0,0.0,0.0,1.0
9928,0.5925925925925926,1.0,0.0,0.0,0.7777777777777779,0.5,0.6536782997023916,0.0,0.003003003003003003,0.42857142857142855,0.4791666666666667,0.9353078721745902,0.05439330543933041,0.09272273860802538,0.0,1.0,0.0,0.0,0.0,0.0,1.0,0.0,0.0,0.0,0.0,0.0,0.0,1.0,0.0,0.0,0.0,0.0,0.0,0.0,0.0,0.0,0.0,0.0,0.0,1.0
9929,0.1728395061728395,1.0,0.0,0.0,0.8888888888888888,0.0,0.6166136936809081,0.0,1.0,0.0,0.4791666666666667,1.0,0.0,0.09430968034459308,0.0,1.0,0.0,0.0,0.0,1.0,0.0,0.0,0.0,0.0,0.0,0.0,0.0,1.0,0.0,0.0,0.0,0.0,0.0,0.0,0.0,1.0,0.0,0.0,1.0,0.0
9930,0.38271604938271603,1.0,0.0,0.0,0.8888888888888888,0.0,0.5970188304191458,0.0,0.006006006006006006,0.42857142857142855,0.4791666666666667,1.0,0.0,0.09430968034459308,0.0,1.0,0.0,0.0,0.0,0.0,0.0,0.0,0.0,0.0,0.0,0.0,0.0,1.0,0.0,0.0,0.0,0.0,0.0,0.0,0.0,1.0,0.0,0.0,0.0,1.0
9931,0.14814814814814814,0.0,0.0,1.0,0.8888888888888888,0.0,0.6927390389294485,0.0,0.003003003003003003,0.2857142857142857,0.4791666666666667,1.0,0.0,0.09430968034459308,0.0,1.0,0.0,0.0,0.0,0.0,0.0,0.0,0.0,0.0,1.0,0.0,0.0,0.0,1.0,0.0,0.0,0.0,0.0,0.0,0.0,1.0,0.0,0.0,0.0,1.0
9932,0.24691358024691357,0.0,0.0,0.0,0.8888888888888888,0.0,0.5631773068220264,0.0,1.0,0.42857142857142855,0.4791666666666667,1.0,0.0,0.09430968034459308,0.0,0.0,0.0,0.0,0.0,0.0,0.0,0.0,0.0,0.0,1.0,0.0,0.0,1.0,0.0,0.0,0.0,0.0,0.0,0.0,0.0,1.0,0.0,0.0,0.0,0.0
9933,0.14814814814814814,1.0,0.0,1.0,0.8888888888888888,0.0,0.6278820898893921,0.0,0.006006006006006006,0.14285714285714285,0.4791666666666667,1.0,0.0,0.09430968034459308,0.0,0.0,0.0,0.0,0.0,0.0,0.0,0.0,0.0,0.0,0.0,0.0,0.0,0.0,1.0,0.0,0.0,0.0,1.0,0.0,0.0,0.0,0.0,0.0,0.0,1.0
9934,0.2222222222222222,1.0,0.0,0.0,0.8888888888888888,0.0,0.6306764053478436,0.0,1.0,0.2857142857142857,0.4791666666666667,1.0,0.0,0.09430968034459308,0.0,0.0,1.0,0.0,0.0,0.0,0.0,0.0,0.0,0.0,0.0,0.0,0.0,1.0,0.0,0.0,0.0,1.0,0.0,0.0,0.0,0.0,0.0,0.0,0.0,0.0
9935,0.4074074074074074,1.0,0.0,0.0,0.8888888888888888,0.0,0.7776502174225604,0.0,1.0,0.0,0.4791666666666667,1.0,0.0,0.09430968034459308,0.0,1.0,1.0,0.0,0.0,0.0,0.0,0.0,0.0,0.0,0.0,0.0,0.0,0.0,0.0,0.0,0.0,0.0,0.0,0.0,1.0,0.0,0.0,0.0,1.0,0.0
9936,0.34567901234567905,1.0,1.0,0.0,0.8888888888888888,0.0,0.7186622526414759,0.02631578947368421,0.005005005005005005,0.42857142857142855,0.4791666666666667,1.0,0.0,0.09430968034459308,0.0,1.0,1.0,0.0,0.0,0.0,0.0,0.0,0.0,0.0,0.0,0.0,0.0,1.0,0.0,0.0,0.0,0.0,1.0,0.0,0.0,0.0,0.0,0.0,0.0,1.0
9937,0.24691358024691357,0.0,0.0,0.0,0.8888888888888888,0.0,0.664102989715846,0.02631578947368421,0.006006006006006006,0.14285714285714285,0.4791666666666667,1.0,0.0,0.09430968034459308,0.0,1.0,0.0,0.0,0.0,0.0,0.0,0.0,0.0,0.0,0.0,0.0,0.0,1.0,0.0,0.0,0.0,0.0,0.0,0.0,0.0,1.0,0.0,0.0,0.0,1.0
9938,0.419753086419753,1.0,0.0,0.0,0.8888888888888888,0.25,0.664517928944963,0.0,0.003003003003003003,1.0,0.4791666666666667,1.0,0.0,0.09408297438222624,0.0,0.0,0.0,0.0,0.0,0.0,0.0,0.0,0.0,0.0,0.0,0.0,0.0,0.0,0.0,0.0,0.0,0.0,1.0,0.0,0.0,0.0,0.0,0.0,0.0,1.0
9939,0.08641975308641975,1.0,1.0,0.0,0.8888888888888888,0.25,0.7232759870961841,0.05263157894736842,0.006006006006006006,0.42857142857142855,0.4791666666666667,1.0,0.0,0.09408297438222624,0.0,1.0,0.0,0.0,0.0,0.0,0.0,0.0,0.0,0.0,1.0,0.0,0.0,0.0,1.0,0.0,0.0,0.0,0.0,0.0,0.0,1.0,0.0,0.0,0.0,0.0
9940,0.419753086419753,1.0,1.0,0.0,0.8888888888888888,0.25,0.6839461142385569,0.02631578947368421,0.006006006006006006,0.5714285714285714,0.4791666666666667,1.0,0.0,0.09408297438222624,0.0,1.0,0.0,0.0,0.0,0.0,0.0,0.0,0.0,0.0,0.0,0.0,0.0,0.0,0.0,0.0,0.0,0.0,1.0,0.0,0.0,0.0,0.0,0.0,0.0,0.0
9941,0.16049382716049382,1.0,0.0,0.0,0.8888888888888888,0.25,0.5550613200712357,0.02631578947368421,1.0,0.0,0.4791666666666667,1.0,0.0,0.09408297438222624,0.0,0.0,1.0,0.0,0.0,0.0,0.0,0.0,0.0,0.0,0.0,0.0,0.0,0.0,1.0,0.0,0.0,0.0,0.0,0.0,1.0,0.0,0.0,0.0,1.0,0.0
9942,0.012345679012345678,1.0,0.0,1.0,0.8888888888888888,0.25,0.7033271207099517,0.0,0.013013013013013013,0.2857142857142857,0.4791666666666667,1.0,0.0,0.09408297438222624,0.0,1.0,0.0,0.0,0.0,0.0,0.0,0.0,0.0,1.0,0.0,0.0,0.0,0.0,1.0,0.0,0.0,0.0,0.0,0.0,0.0,0.0,0.0,0.0,0.0,1.0
9943,0.4074074074074074,1.0,0.0,1.0,0.8888888888888888,0.25,0.6717469358140523,0.02631578947368421,0.007007007007007007,0.2857142857142857,0.4791666666666667,1.0,0.0,0.09408297438222624,0.0,1.0,1.0,0.0,0.0,0.0,0.0,0.0,0.0,0.0,0.0,0.0,0.0,0.0,0.0,0.0,0.0,0.0,0.0,0.0,1.0,0.0,0.0,0.0,0.0,1.0
9944,0.1728395061728395,0.0,1.0,0.0,0.8888888888888888,0.5,0.6306764053478436,0.02631578947368421,0.003003003003003003,0.8571428571428571,0.4791666666666667,1.0,0.0,0.09385626841985947,0.0,0.0,0.0,0.0,0.0,0.0,0.0,0.0,0.0,0.0,0.0,0.0,0.0,0.0,1.0,0.0,0.0,0.0,0.0,0.0,0.0,1.0,0.0,0.0,0.0,1.0
9945,0.1728395061728395,1.0,0.0,0.0,0.8888888888888888,0.5,0.7062681526322143,0.0,0.002002002002002002,0.7142857142857142,0.4791666666666667,1.0,0.0,0.09385626841985947,0.0,1.0,0.0,0.0,0.0,0.0,0.0,0.0,0.0,0.0,0.0,0.0,0.0,0.0,1.0,0.0,0.0,0.0,0.0,0.0,0.0,1.0,0.0,0.0,0.0,1.0
9946,0.14814814814814814,1.0,1.0,0.0,0.8888888888888888,0.75,0.6669772899389259,0.0,0.003003003003003003,0.42857142857142855,0.4791666666666667,1.0,0.0,0.09430968034459308,0.0,1.0,0.0,0.0,0.0,0.0,0.0,0.0,0.0,1.0,0.0,0.0,0.0,0.0,1.0,0.0,0.0,0.0,1.0,0.0,0.0,0.0,0.0,0.0,0.0,1.0
9947,0.5185185185185184,0.0,0.0,0.0,0.8888888888888888,0.75,0.6917573769087555,0.05263157894736842,0.003003003003003003,0.2857142857142857,0.4791666666666667,1.0,0.0,0.09430968034459308,0.0,1.0,0.0,0.0,0.0,0.0,0.0,0.0,0.0,0.0,0.0,0.0,0.0,0.0,0.0,0.0,0.0,0.0,1.0,0.0,0.0,0.0,0.0,0.0,0.0,1.0
9948,0.19753086419753085,1.0,0.0,0.0,0.8888888888888888,1.0,0.7269871828743492,0.0,0.012012012012012012,0.14285714285714285,0.4791666666666667,1.0,0.0,0.09408297438222624,0.0,1.0,0.0,0.0,0.0,0.0,0.0,0.0,0.0,0.0,0.0,0.0,0.0,1.0,0.0,0.0,0.0,0.0,0.0,0.0,0.0,1.0,0.0,0.0,0.0,1.0
9949,0.5679012345679011,1.0,0.0,0.0,0.8888888888888888,1.0,0.708853644609602,0.0,0.003003003003003003,0.2857142857142857,0.4791666666666667,1.0,0.0,0.09408297438222624,0.0,1.0,0.0,0.0,0.0,0.0,1.0,0.0,0.0,0.0,0.0,0.0,0.0,1.0,0.0,0.0,0.0,0.0,0.0,0.0,0.0,0.0,0.0,0.0,0.0,1.0
9950,0.18518518518518517,1.0,0.0,0.0,0.8888888888888888,0.0,0.5716847586578249,0.02631578947368421,1.0,0.14285714285714285,0.4791666666666667,1.0,0.0,0.09385626841985947,0.0,0.0,0.0,0.0,0.0,0.0,0.0,0.0,0.0,0.0,0.0,0.0,0.0,0.0,1.0,0.0,0.0,0.0,1.0,0.0,0.0,0.0,0.0,0.0,0.0,0.0
9951,0.20987654320987653,1.0,0.0,0.0,0.8888888888888888,0.25,0.6238550656258994,0.0,0.003003003003003003,0.14285714285714285,0.4791666666666667,1.0,0.0,0.09340285649512584,0.0,1.0,0.0,0.0,0.0,0.0,0.0,0.0,0.0,0.0,1.0,0.0,0.0,1.0,0.0,0.0,0.0,0.0,0.0,0.0,0.0,0.0,1.0,0.0,0.0,1.0
9952,0.35802469135802467,0.0,1.0,0.0,0.8888888888888888,0.25,0.6068862413262684,0.0,1.0,0.14285714285714285,0.4791666666666667,1.0,0.0,0.09340285649512584,0.0,0.0,0.0,0.0,0.0,0.0,0.0,0.0,0.0,0.0,0.0,0.0,0.0,0.0,1.0,0.0,0.0,0.0,0.0,0.0,0.0,1.0,0.0,0.0,0.0,0.0
9953,0.20987654320987653,0.0,0.0,0.0,0.8888888888888888,0.25,0.6273151724090865,0.0,0.006006006006006006,0.2857142857142857,0.4791666666666667,1.0,0.0,0.09340285649512584,0.0,1.0,0.0,0.0,0.0,0.0,0.0,0.0,0.0,0.0,1.0,0.0,0.0,1.0,0.0,0.0,0.0,0.0,0.0,0.0,0.0,0.0,1.0,0.0,0.0,1.0
9954,0.5308641975308641,0.0,0.0,0.0,0.8888888888888888,0.25,0.7845674047926624,0.0,0.007007007007007007,0.2857142857142857,0.4791666666666667,1.0,0.0,0.09340285649512584,0.0,1.0,0.0,0.0,0.0,0.0,0.0,0.0,0.0,0.0,0.0,0.0,0.0,1.0,0.0,0.0,0.0,0.0,0.0,0.0,0.0,0.0,1.0,0.0,0.0,1.0
9955,0.30864197530864196,0.5,0.5,0.0,0.8888888888888888,0.25,0.6554811725306058,0.0,1.0,0.14285714285714285,0.4791666666666667,1.0,0.0,0.09340285649512584,0.0,1.0,0.0,0.0,0.0,0.0,0.0,0.0,1.0,0.0,0.0,0.0,0.0,0.0,0.0,0.0,0.0,0.0,0.0,0.0,0.0,1.0,0.0,0.0,0.0,0.0
9956,0.2345679012345679,0.0,0.0,0.0,0.8888888888888888,0.25,0.6442246085825132,0.0,1.0,0.0,0.4791666666666667,1.0,0.0,0.09340285649512584,0.0,1.0,1.0,0.0,0.0,0.0,0.0,0.0,0.0,0.0,0.0,0.0,0.0,0.0,1.0,0.0,1.0,0.0,0.0,0.0,0.0,0.0,0.0,0.0,1.0,0.0
9957,0.14814814814814814,0.0,0.0,0.0,0.8888888888888888,0.25,0.7186622526414759,0.02631578947368421,0.001001001001001001,0.14285714285714285,0.4791666666666667,1.0,0.0,0.09340285649512584,0.0,1.0,0.0,0.0,0.0,0.0,0.0,0.0,0.0,0.0,1.0,0.0,0.0,0.0,1.0,0.0,0.0,0.0,0.0,0.0,1.0,0.0,0.0,0.0,0.0,1.0
9958,0.2345679012345679,1.0,0.0,0.0,0.8888888888888888,0.25,0.6825330624191547,0.0,1.0,0.0,0.4791666666666667,1.0,0.0,0.09340285649512584,0.0,1.0,1.0,0.0,0.0,0.0,0.0,0.0,0.0,0.0,0.0,0.0,0.0,0.0,1.0,0.0,1.0,0.0,0.0,0.0,0.0,0.0,0.0,0.0,1.0,0.0
9959,0.20987654320987653,0.0,0.0,0.0,0.8888888888888888,0.25,0.8109362957742876,0.05263157894736842,1.0,0.0,0.4791666666666667,1.0,0.0,0.09340285649512584,0.0,1.0,0.0,0.0,0.0,0.0,0.0,0.0,0.0,0.0,1.0,0.0,0.0,1.0,0.0,0.0,0.0,0.0,0.0,0.0,0.0,0.0,1.0,0.0,1.0,0.0
9960,0.2345679012345679,0.0,0.0,0.0,0.8888888888888888,0.25,0.8646790686681469,0.07894736842105263,1.0,0.0,0.4791666666666667,1.0,0.0,0.09340285649512584,0.0,1.0,1.0,0.0,0.0,0.0,0.0,0.0,0.0,0.0,0.0,0.0,0.0,0.0,1.0,0.0,1.0,0.0,0.0,0.0,0.0,0.0,0.0,0.0,1.0,0.0
9961,0.24691358024691357,1.0,0.0,0.0,0.8888888888888888,0.5,0.6381648062569562,0.0,0.006006006006006006,0.5714285714285714,0.4791666666666667,1.0,0.0,0.09294944457039223,0.0,1.0,0.0,0.0,0.0,0.0,0.0,0.0,0.0,0.0,1.0,0.0,0.0,0.0,1.0,0.0,0.0,0.0,0.0,0.0,1.0,0.0,0.0,0.0,0.0,1.0
9962,0.24691358024691357,1.0,0.0,0.0,0.8888888888888888,0.5,0.6371237804409605,0.0,1.0,0.0,0.4791666666666667,1.0,0.0,0.09294944457039223,0.0,1.0,0.0,0.0,0.0,0.0,0.0,0.0,0.0,0.0,1.0,0.0,0.0,0.0,1.0,0.0,0.0,0.0,0.0,0.0,1.0,0.0,0.0,0.0,1.0,0.0
9963,0.5432098765432098,1.0,0.0,0.0,0.8888888888888888,0.5,0.6713567691230875,0.0,0.02102102102102102,0.7142857142857142,0.4791666666666667,1.0,0.0,0.09294944457039223,0.0,1.0,0.0,0.0,0.0,0.0,0.0,0.0,0.0,0.0,0.0,0.0,0.0,1.0,0.0,0.0,0.0,0.0,1.0,0.0,0.0,0.0,0.0,0.0,0.0,0.0
9964,0.5432098765432098,1.0,1.0,0.0,0.8888888888888888,0.5,0.7009201794617362,0.02631578947368421,1.0,0.0,0.4791666666666667,1.0,0.0,0.09294944457039223,0.0,1.0,0.0,0.0,0.0,0.0,0.0,0.0,0.0,0.0,0.0,0.0,0.0,1.0,0.0,0.0,0.0,0.0,1.0,0.0,0.0,0.0,0.0,0.0,1.0,0.0
9965,0.1728395061728395,1.0,0.0,0.0,0.8888888888888888,0.5,0.7204780462382567,0.02631578947368421,1.0,0.0,0.4791666666666667,1.0,0.0,0.09294944457039223,0.0,1.0,0.0,0.0,0.0,0.0,0.0,0.0,0.0,0.0,0.0,0.0,0.0,0.0,1.0,0.0,0.0,0.0,1.0,0.0,0.0,0.0,0.0,0.0,1.0,0.0
9966,0.1728395061728395,1.0,0.0,0.0,0.8888888888888888,0.75,0.6545831899296645,0.0,1.0,0.0,0.4791666666666667,1.0,0.0,0.09226932668329177,0.0,1.0,0.0,0.0,0.0,0.0,0.0,0.0,0.0,0.0,0.0,0.0,0.0,0.0,1.0,0.0,0.0,0.0,0.0,0.0,0.0,1.0,0.0,0.0,1.0,0.0
9967,0.29629629629629634,0.0,0.0,0.0,0.8888888888888888,0.75,0.7521110040891097,0.02631578947368421,0.003003003003003003,0.2857142857142857,0.4791666666666667,1.0,0.0,0.09226932668329177,0.0,1.0,0.0,0.0,0.0,0.0,0.0,0.0,0.0,0.0,0.0,1.0,0.0,1.0,0.0,0.0,0.0,1.0,0.0,0.0,0.0,0.0,0.0,0.0,0.0,1.0
9968,0.09876543209876543,0.0,0.0,0.0,0.8888888888888888,0.75,0.647141331954917,0.0,1.0,0.0,0.4791666666666667,1.0,0.0,0.09226932668329177,0.0,1.0,0.0,0.0,0.0,0.0,0.0,0.0,0.0,1.0,0.0,0.0,0.0,0.0,1.0,0.0,0.0,0.0,1.0,0.0,0.0,0.0,0.0,0.0,1.0,0.0
9969,0.5061728395061729,1.0,0.0,0.0,0.8888888888888888,0.75,0.6874062210217441,0.02631578947368421,1.0,0.0,0.4791666666666667,1.0,0.0,0.09226932668329177,0.0,1.0,0.0,0.0,0.0,0.0,0.0,0.0,0.0,0.0,0.0,1.0,0.0,1.0,0.0,0.0,0.0,0.0,0.0,0.0,0.0,1.0,0.0,0.0,1.0,0.0
9970,0.19753086419753085,1.0,0.0,0.0,0.8888888888888888,1.0,0.64373137872162,0.02631578947368421,1.0,0.0,0.4791666666666667,1.0,0.0,0.09204262072092498,0.0,1.0,0.0,0.0,0.0,1.0,0.0,0.0,0.0,0.0,0.0,0.0,0.0,1.0,0.0,0.0,0.0,0.0,0.0,0.0,0.0,1.0,0.0,0.0,1.0,0.0
9971,0.24691358024691357,1.0,0.0,0.0,0.8888888888888888,1.0,0.6770775956944137,0.0,1.0,0.0,0.4791666666666667,1.0,0.0,0.09204262072092498,0.0,1.0,0.0,0.0,0.0,0.0,0.0,0.0,0.0,0.0,0.0,0.0,0.0,1.0,0.0,0.0,0.0,0.0,0.0,0.0,0.0,1.0,0.0,0.0,1.0,0.0
9972,0.3209876543209876,1.0,0.0,0.0,0.8888888888888888,1.0,0.7774917862208544,0.07894736842105263,1.0,0.2857142857142857,0.4791666666666667,1.0,0.0,0.09204262072092498,0.0,1.0,0.0,0.0,0.0,0.0,0.0,0.0,0.0,0.0,0.0,0.0,0.0,0.0,0.0,0.0,0.0,0.0,0.0,0.0,0.0,1.0,0.0,0.0,0.0,0.0
9973,0.14814814814814814,0.0,1.0,0.0,0.8888888888888888,1.0,0.5707693054036078,0.0,0.006006006006006006,0.2857142857142857,0.4791666666666667,1.0,0.0,0.09204262072092498,0.0,0.0,0.0,0.0,0.0,0.0,0.0,0.0,0.0,0.0,1.0,0.0,0.0,0.0,1.0,0.0,0.0,0.0,0.0,0.0,1.0,0.0,0.0,0.0,0.0,1.0
9974,0.1111111111111111,0.0,0.0,0.0,0.8888888888888888,1.0,0.7376886616025277,0.05263157894736842,1.0,0.0,0.4791666666666667,1.0,0.0,0.09204262072092498,0.0,1.0,0.0,0.0,0.0,0.0,0.0,0.0,0.0,0.0,0.0,0.0,0.0,0.0,1.0,0.0,0.0,0.0,0.0,0.0,0.0,1.0,0.0,0.0,1.0,0.0
9975,0.29629629629629634,1.0,0.0,0.0,0.8888888888888888,1.0,0.6509210996671051,0.07894736842105263,1.0,0.0,0.4791666666666667,1.0,0.0,0.09204262072092498,0.0,1.0,0.0,0.0,0.0,0.0,0.0,0.0,0.0,0.0,0.0,0.0,0.0,1.0,0.0,0.0,0.0,0.0,0.0,0.0,0.0,1.0,0.0,0.0,1.0,0.0
9976,0.09876543209876543,1.0,0.0,0.0,0.8888888888888888,1.0,0.77280192893164,0.02631578947368421,0.01901901901901902,0.14285714285714285,0.4791666666666667,1.0,0.0,0.09204262072092498,0.0,1.0,0.0,0.0,0.0,0.0,0.0,0.0,0.0,0.0,1.0,0.0,0.0,0.0,1.0,0.0,0.0,0.0,0.0,0.0,1.0,0.0,0.0,0.0,0.0,1.0
9977,0.2222222222222222,1.0,0.0,0.0,0.8888888888888888,1.0,0.7042171765284851,0.05263157894736842,1.0,0.0,0.4791666666666667,1.0,0.0,0.09204262072092498,0.0,1.0,0.0,0.0,0.0,0.0,0.0,0.0,0.0,0.0,0.0,0.0,0.0,0.0,1.0,0.0,0.0,0.0,0.0,0.0,1.0,0.0,0.0,0.0,1.0,0.0
9978,0.29629629629629634,0.0,0.0,0.0,0.8888888888888888,0.0,0.7372430733823068,0.02631578947368421,0.006006006006006006,0.14285714285714285,0.4791666666666667,1.0,0.0,0.09181591475855813,0.0,1.0,0.0,0.0,0.0,0.0,0.0,0.0,0.0,0.0,1.0,0.0,0.0,1.0,0.0,0.0,0.0,0.0,0.0,0.0,1.0,0.0,0.0,0.0,0.0,1.0
9979,0.6172839506172838,1.0,0.0,0.0,0.8888888888888888,0.0,0.7630004939934287,0.02631578947368421,0.005005005005005005,0.7142857142857142,0.4791666666666667,1.0,0.0,0.09181591475855813,0.0,1.0,0.0,0.0,1.0,0.0,0.0,0.0,0.0,0.0,0.0,0.0,0.0,0.0,0.0,0.0,0.0,0.0,0.0,0.0,1.0,0.0,0.0,0.0,0.0,1.0
9980,0.29629629629629634,1.0,0.0,0.0,0.8888888888888888,0.0,0.7414095253609313,0.02631578947368421,1.0,0.0,0.4791666666666667,1.0,0.0,0.09181591475855813,0.0,1.0,0.0,0.0,0.0,0.0,0.0,0.0,0.0,0.0,1.0,0.0,0.0,1.0,0.0,0.0,0.0,0.0,0.0,0.0,1.0,0.0,0.0,0.0,1.0,0.0
9981,0.2222222222222222,0.0,0.0,0.0,0.8888888888888888,0.25,0.6937125767575353,0.0,1.0,0.0,0.4791666666666667,1.0,0.0,0.09090909090909091,0.0,1.0,0.0,0.0,0.0,0.0,0.0,0.0,0.0,0.0,1.0,0.0,0.0,0.0,0.0,0.0,0.0,0.0,0.0,0.0,0.0,0.0,0.0,0.0,1.0,0.0
9982,0.2222222222222222,1.0,0.0,0.0,0.8888888888888888,0.25,0.7345335067710294,0.0,0.009009009009009009,0.5714285714285714,0.4791666666666667,1.0,0.0,0.09090909090909091,0.0,1.0,0.0,0.0,0.0,0.0,0.0,0.0,0.0,0.0,1.0,0.0,0.0,0.0,0.0,0.0,0.0,0.0,0.0,0.0,0.0,0.0,0.0,0.0,0.0,1.0
9983,0.19753086419753085,0.0,0.0,0.0,0.8888888888888888,0.25,0.7926435759568536,0.0,1.0,0.0,0.4791666666666667,1.0,0.0,0.09090909090909091,0.0,1.0,0.0,0.0,0.0,0.0,0.0,0.0,0.0,0.0,0.0,0.0,0.0,1.0,0.0,0.0,0.0,0.0,0.0,0.0,0.0,1.0,0.0,0.0,1.0,0.0
9984,0.2222222222222222,1.0,0.0,0.0,0.8888888888888888,0.25,0.7006158192674063,0.05263157894736842,0.004004004004004004,0.2857142857142857,0.4791666666666667,1.0,0.0,0.09090909090909091,0.0,1.0,0.0,0.0,0.0,0.0,0.0,0.0,0.0,0.0,1.0,0.0,0.0,0.0,0.0,0.0,0.0,0.0,0.0,0.0,0.0,0.0,0.0,0.0,0.0,1.0
9985,0.4567901234567901,0.0,0.0,0.0,0.8888888888888888,0.25,0.8861642624118873,0.02631578947368421,0.01001001001001001,0.14285714285714285,0.4791666666666667,1.0,0.0,0.09090909090909091,0.0,1.0,0.0,0.0,0.0,0.0,0.0,0.0,0.0,0.0,0.0,0.0,0.0,1.0,0.0,0.0,0.0,0.0,0.0,0.0,1.0,0.0,0.0,0.0,0.0,1.0
9986,0.25925925925925924,0.0,0.0,0.0,0.8888888888888888,0.5,0.7059773362925406,0.02631578947368421,1.0,0.0,0.4791666666666667,1.0,0.0,0.08977556109725687,0.0,1.0,0.0,0.0,1.0,0.0,0.0,0.0,0.0,0.0,0.0,0.0,0.0,0.0,0.0,0.0,0.0,0.0,0.0,0.0,0.0,1.0,0.0,0.0,1.0,0.0
9987,0.18518518518518517,0.0,0.0,1.0,0.8888888888888888,0.5,0.7622810107139464,0.0,1.0,0.14285714285714285,0.4791666666666667,1.0,0.0,0.08977556109725687,0.0,1.0,0.0,0.0,0.0,0.0,0.0,0.0,0.0,0.0,0.0,0.0,0.0,1.0,0.0,0.0,0.0,0.0,0.0,0.0,0.0,1.0,0.0,0.0,0.0,0.0
9988,0.18518518518518517,1.0,0.0,0.0,0.8888888888888888,0.5,0.6432360720972943,0.05263157894736842,1.0,0.0,0.4791666666666667,1.0,0.0,0.08977556109725687,0.0,0.0,0.0,0.0,0.0,0.0,0.0,0.0,0.0,0.0,0.0,0.0,0.0,1.0,0.0,0.0,0.0,0.0,0.0,0.0,0.0,1.0,0.0,0.0,1.0,0.0
9989,0.19753086419753085,1.0,0.0,1.0,0.8888888888888888,0.75,0.5561069727294308,0.0,1.0,0.0,0.4791666666666667,1.0,0.0,0.09000226705962366,0.0,1.0,0.0,0.0,0.0,0.0,0.0,0.0,0.0,1.0,0.0,0.0,0.0,1.0,0.0,0.0,0.0,0.0,0.0,0.0,1.0,0.0,0.0,0.0,1.0,0.0
9990,0.1728395061728395,1.0,0.0,0.0,0.8888888888888888,0.75,0.6904356197503724,0.0,1.0,0.0,0.4791666666666667,1.0,0.0,0.09000226705962366,0.0,1.0,0.0,0.0,0.0,0.0,0.0,0.0,0.0,0.0,0.0,0.0,0.0,0.0,1.0,0.0,0.0,0.0,0.0,0.0,0.0,1.0,0.0,0.0,1.0,0.0
9991,0.5555555555555556,1.0,0.0,0.0,0.8888888888888888,0.75,0.6821771312868369,0.0,1.0,0.2857142857142857,0.4791666666666667,1.0,0.0,0.09000226705962366,0.0,1.0,0.0,0.0,0.0,0.0,1.0,0.0,0.0,0.0,0.0,0.0,0.0,1.0,0.0,0.0,0.0,0.0,0.0,0.0,0.0,1.0,0.0,0.0,0.0,0.0
9992,0.5555555555555556,1.0,0.0,0.0,0.8888888888888888,0.75,0.6284462883305656,0.0,0.001001001001001001,0.8571428571428571,0.4791666666666667,1.0,0.0,0.09000226705962366,0.0,1.0,0.0,0.0,0.0,0.0,1.0,0.0,0.0,0.0,0.0,0.0,0.0,1.0,0.0,0.0,0.0,0.0,0.0,0.0,0.0,1.0,0.0,0.0,0.0,1.0
9993,0.5555555555555556,0.0,0.0,0.0,0.8888888888888888,0.75,0.7272304821327134,0.02631578947368421,0.006006006006006006,0.42857142857142855,0.4791666666666667,1.0,0.0,0.09000226705962366,0.0,1.0,0.0,0.0,0.0,0.0,1.0,0.0,0.0,0.0,0.0,0.0,0.0,1.0,0.0,0.0,0.0,0.0,0.0,0.0,0.0,1.0,0.0,0.0,0.0,1.0
9994,0.5802469135802468,1.0,0.0,0.0,0.8888888888888888,1.0,0.5909849360662706,0.05263157894736842,1.0,0.0,0.4791666666666667,1.0,0.0,0.08932214917252326,0.0,0.0,0.0,0.0,0.0,0.0,1.0,0.0,0.0,0.0,0.0,0.0,0.0,0.0,0.0,0.0,0.0,0.0,0.0,0.0,1.0,0.0,0.0,0.0,1.0,0.0
9995,0.24691358024691357,1.0,0.0,0.0,0.8888888888888888,1.0,0.6636865816722366,0.0,1.0,0.0,0.4791666666666667,1.0,0.0,0.08932214917252326,0.0,1.0,0.0,0.0,0.0,0.0,0.0,0.0,0.0,0.0,0.0,0.0,0.0,1.0,0.0,0.0,0.0,0.0,0.0,0.0,0.0,1.0,0.0,0.0,1.0,0.0
9996,0.14814814814814814,1.0,0.0,0.0,0.8888888888888888,1.0,0.5561069727294308,0.0,0.009009009009009009,0.14285714285714285,0.4791666666666667,1.0,0.0,0.08932214917252326,0.0,0.0,0.0,0.0,0.0,0.0,0.0,0.0,0.0,0.0,0.0,1.0,0.0,0.0,1.0,0.0,0.0,0.0,0.0,0.0,0.0,0.0,0.0,0.0,0.0,1.0
9997,0.691358024691358,1.0,0.0,0.0,0.8888888888888888,1.0,0.6839461142385569,0.0,1.0,0.0,0.4791666666666667,1.0,0.0,0.08932214917252326,0.0,1.0,0.0,0.0,0.0,0.0,1.0,0.0,0.0,0.0,0.0,0.0,0.0,1.0,0.0,0.0,0.0,0.0,0.0,0.0,1.0,0.0,0.0,0.0,1.0,0.0
9998,0.48148148148148145,1.0,0.0,0.0,0.8888888888888888,1.0,0.6172344610818086,0.02631578947368421,1.0,0.0,0.4791666666666667,1.0,0.0,0.08932214917252326,0.0,0.0,0.0,0.0,0.0,0.0,1.0,0.0,0.0,0.0,0.0,0.0,0.0,1.0,0.0,0.0,0.0,0.0,0.0,0.0,0.0,1.0,0.0,0.0,1.0,0.0
9999,0.3333333333333333,0.0,0.0,0.0,0.8888888888888888,1.0,0.716817990798646,0.0,1.0,0.0,0.4791666666666667,1.0,0.0,0.08932214917252326,0.0,1.0,0.0,0.0,0.0,0.0,0.0,0.0,0.0,0.0,1.0,0.0,0.0,1.0,0.0,0.0,0.0,0.0,0.0,0.0,1.0,0.0,0.0,0.0,1.0,0.0
